6424475  8292752
6588597  6652568
5987692  6003439
6157132  6169734
2712418  4715762
6575754  6576258
6585263  6594224
5455956  5456566
2728923  7638502
6293211  13802703
6296319  6528438
6350206  6362657
6200588  6214468
6577629  6577914
6540850  6541063
6608586  14186573
6712669  7723657
6296900  6297176
6226749  6236991
6423045  11106584
6173215  6179174
6642023  6642415
6324780  6325178
6733165  6737087
6699293  6726389
6453954  7053466
6746171  8345644
6774715  6775431
6725006  11674312
6731760  6732145
6301732  6307028
5988533  5988558
6797728  6801310
6576295  6576360
6868812  6871845
2980854  2980860
2987020  9952611
