18283591  135657
18197995  607435
18284652  3899991
18279302  443708
18280466  11142153
18284577  12234248
18266998  788550
18280514  8028957
13350395  12873759
18280278  11126396
18286640  13840429
18287611  8794369
18287151  10747810
18287765  4327108
18287763  21593
18285585  5037470
18279580  290548
18280012  3134683
18287650  3508450
18287464  4101031
18287360  14220321
18288426  16305472
18288426  8028957
18288646  2757107
18289438  11385471
18274646  17381163
18289875  388242
18281903  4795385
18284841  10543382
18283639  11543621
18191293  18239016
6591931  2104080
1446549  898669
18288071  3063968
18283988  3497088
18285648  5127838
18290829  16271779
18291150  2954932
18291222  5138735
18291473  2801601
18286638  4935632
18269888  2775864
18286404  12773074
18277739  5922762
18286172  12132370
18291658  529085
18288218  2973202
18287952  3837115
18279014  409496
18292048  1301512
18278950  11026916
18286581  3339530
18285644  13570737
18290298  13912282
18292385  10984732
18292669  131241
18291753  8084260
18293104  3723748
18292017  8645365
18294030  50532
18290653  8054273
18164715  4886327
18293304  7073484
18140437  18140137
18271089  18261018
18288120  18288380
18294662  4040001
18294662  4410225
18163958  944863
18290296  6791911
18276260  12075042
17951333  18293085
18289771  5813311
18284508  1386743
18292726  10235509
18267602  15224002
18295428  2973202
18292972  6648518
18283361  14935722
18282335  18277983
18295892  18294907
18277631  12573816
18288023  17811111
6924236  2629357
18293249  17554068
18294452  5788891
18293884  2609259
18294734  8934772
18284395  18284714
13724646  10123804
4133630  198679
18296352  12953127
18296485  949433
18294736  13207292
18292536  16950861
18296863  261638
18258065  17654379
5309017  6667856
18295882  1863784
18290819  8028957
18297060  381542
17956845  4881233
18297563  47402
18297621  12117796
18297621  7378814
18288909  6399676
18294493  13100451
18292712  18178237
18298034  6055154
731120  198679
731120  4133630
18212768  1197781
18298070  3577641
2786881  219476
18294488  2317012
18296375  2920044
18296767  12573816
18287481  8493195
7034875  4451645
18298884  16503560
18297048  43116
18296615  10024866
18296615  16994212
17831843  12196756
18298940  6195635
18300001  12769982
18300001  2973202
18300231  13473654
11237807  3354979
17032211  17038305
18300167  7600910
15425740  3183669
18297919  10443492
18298421  3684909
18300499  2074012
18294973  13324119
18301268  7942519
18301562  3737139
18299034  2801116
18297485  6343166
18298741  17413502
18296179  59309
18301555  9751207
18298867  4179000
18299059  18246941
18302643  268301
18302643  272660
18302325  2834652
18285182  18284718
18303660  12394833
18303660  751141
18300358  7681821
18298398  16156856
18302145  5187530
18301871  8062601
18302745  513832
18304471  257288
18304485  4560212
18302855  12769982
18294672  16129503
18303541  18300122
18303016  18244334
18304344  559839
18301303  10028025
18179423  3088059
18275740  3546654
18294834  18284454
18297686  3354979
18297686  11237807
17898982  13905741
18297828  3513242
18303742  22358
18303643  513832
18301962  5856379
18285485  4856255
18306874  17432502
18305330  6048913
18304609  5093398
18307397  166221
18307470  54686
18186033  372159
18307221  6797296
15610433  3514784
18307591  111341
18309361  12801370
18307451  16223315
10227201  8559092
18310523  10828294
18310404  7015512
18310738  18302440
18306551  1949066
18307312  10121693
18309745  5292506
18309745  10665912
18309949  878833
18310095  5646390
18308159  2280787
18309524  18252120
18309524  16883997
18302362  822487
18309837  6343166
13563896  4602126
18312336  6441218
552718  4602126
11665926  4602126
12299601  4602126
4518585  4602126
18301644  18287325
18287451  13733911
2367449  5042309
13450986  11910624
18305909  4792673
18302128  4677515
18302128  14834506
18305891  1939556
18302657  7302983
18306753  4400628
18312937  116292
18312754  5059596
18312565  6966299
18312995  18312619
18287798  18287610
18311498  16978359
18301538  18212429
18278557  5472172
18305740  18284779
18311001  8447
18311723  9704083
18304832  13464433
18311749  3118582
18301737  491199
18312444  18309138
18312277  10609728
4180873  3280979
18310158  18026236
18286380  7905192
18309176  16429419
18309176  7770391
18313551  2038418
11187862  10193713
18310315  6273676
18313354  5869650
18308158  16557032
18315175  11818408
18312935  10079740
18309038  12573816
18300188  18298378
18315296  18314450
18315689  1200188
18311612  4261133
7925962  189391
18270924  14853620
18309941  5034076
18297369  18177398
18171092  12616623
18307737  5609503
18311286  15944760
18312330  17854407
18312771  18311188
18313136  4797956
18314003  15239719
18315426  2365152
18312389  9521260
18316105  14060264
18316872  18316534
18317724  2306172
18309345  7317273
18315933  3442394
18317109  5534128
18308862  5963158
18318199  1568091
18318470  1493125
18318470  4313867
18255583  3890621
15127710  4677237
18316460  18285435
18318791  495021
18317269  6197339
18317269  15534438
18317840  5943726
18318674  10138115
18312960  10990821
18318458  18309362
18316269  14220321
18308863  17558866
18315901  18300786
18315339  203198
18320020  8763357
18311423  75677
18320183  750486
18315790  4705814
18314021  8028957
18320396  846766
5057872  1625671
18028686  16142764
18320714  3940128
18320833  14505932
18317933  4829254
18318504  585945
18320702  5973669
18315507  5078239
18320440  17364127
18316230  8182349
18321695  1402227
18317696  5206888
12049367  189391
18312541  17900262
18313070  2755835
16208365  2459916
18317755  654752
18321181  12609646
16765926  2439619
3529325  464116
10854370  14142609
18323438  3092006
18323563  4281834
17786624  6800379
18321526  8607455
18314756  16666472
18316889  60174
18323967  1704407
18323764  12001953
18316760  11086111
407016  534648
18298534  18312707
18298794  18297569
10796109  18317860
18316667  13767725
18320400  16378628
18315786  3830228
18316925  18314618
18325434  490091
18325434  6607550
18326117  6356123
3474505  2900057
18311300  18222849
18326353  1056728
10412206  448125
18317433  4350788
18327067  109023
18317113  4503210
18316790  5078239
18325268  649614
18323325  4106809
18322024  3829687
6921962  1117916
18327439  7863499
18326042  18325598
18298790  13735231
18217184  6053301
18172589  17741161
17789807  946813
17888211  8611712
18326612  18320234
18322846  6069217
18308031  18311193
18313115  12948710
7540139  3038768
18322395  9365624
18322395  12141592
18323634  18322846
18309755  15078231
11251376  17390605
18323311  2672351
18327953  877064
18322977  7261619
18328236  6654675
18321922  7873834
18325637  203198
18328914  9340627
18329311  17459553
18329311  383947
18320930  8466744
18328072  14220217
18328503  8189416
18329359  6448874
18329555  4700613
18326285  4138200
18328599  9016417
18329283  6655914
18329283  18175994
18326631  16174721
18326174  4765482
18331559  15454274
18331559  419240
18331273  610245
18330200  1210295
18326090  6343166
18326090  9745859
18331956  4261133
18331956  12769982
18326838  1525378
18332148  10306690
18330959  1456566
18305797  9350851
18328916  182287
18328916  15182910
18333207  201323
16118404  132270
18332843  665554
18333099  5270272
18333099  5574673
18333648  5199359
18333808  18332833
18333788  8028957
1799284  1784780
18333807  3577641
18334162  1820551
18325115  18282988
18334630  761194
18334726  11502015
18335170  18333356
18332919  129077
18332919  5231712
18323608  16944016
18325709  16583118
18329743  5558525
18330033  13365474
18330497  2730832
18333552  2787458
18335322  2498942
18330466  2128040
18335488  1910194
18335488  407855
4077313  3577641
5846071  245345
18336651  2314514
18335484  453161
6951874  4625167
18334589  9683278
15908559  8184090
18333561  3679870
18335587  3492302
18329776  12478640
18337645  17595694
18332305  15884175
18314500  18297569
18333227  279170
18339103  12769982
18334965  3781851
18338228  14232293
18338228  18251447
18307566  12769982
18339556  6973941
17939793  16248448
18340408  8028957
18340408  18336364
18339962  57483
18323292  4737841
18332630  803265
18339998  4372660
18340569  1062716
18328969  3132844
18341193  1912434
15182910  182287
18328027  12769982
7865285  1183744
18335413  16110480
18342490  8720645
18342677  60174
18337911  10767346
18333356  18308649
18343758  9610226
17945497  6319203
15727237  6319203
18343939  6319203
18342760  1584370
18344138  2559527
18332619  18305386
18334748  368636
18344188  12059509
18344823  332079
18344823  9655181
18342431  10767346
18346443  190560
18344602  9567521
18327766  18327134
18346225  10969342
18345827  4015417
18344511  8554292
18328509  3220120
18306038  11674312
18341319  8316703
18335729  1376442
18342822  5948707
18344537  1384434
18344537  4437852
18338269  139926
18344970  249192
18344970  360431
18348008  14035506
18332515  2341657
18305462  277224
18305462  7116995
18339779  927358
18339779  12275542
18335920  18326876
18337258  6847263
18300486  2108467
18299708  11709079
18063175  492809
18334557  12006991
18347707  14191566
18348029  12445369
18342980  7336861
18339508  3076414
18325236  8922269
18339452  1956170
18328024  276179
18342703  13538151
7019857  3765837
18336873  8686448
18336873  15456699
18349806  584960
18349806  13667137
18348669  3214153
18208381  18213911
18343912  9769868
18339712  953071
18342497  7575589
18327646  12681702
18335309  7196450
18344726  3506208
18328554  18228210
18348671  553682
18348671  951234
18350968  8397852
18349460  8777724
18350629  7380587
18350640  3317433
18350694  3670475
18350251  610406
18349760  463240
18350150  288612
18351636  6918509
18352851  513832
18347285  7509295
18353654  6420526
18353722  2802055
18354227  949433
18354227  6457130
18351069  18327825
18336491  5928257
18339741  5531455
18340225  1293330
18342157  2348077
18343378  4730777
18347050  3224834
18348115  151969
18350098  246697
18350329  18349341
18354360  18235954
18355582  11556607
18356316  13860898
18354727  4600034
18354727  8171968
18355664  5482066
18351617  8253653
18355163  8545035
18356934  588004
18354943  6457406
18357374  1546113
18357374  14964737
18354513  18353952
18351909  6353279
18354022  4444783
18356518  1615559
18358020  2220400
10959424  7415733
18358230  2303885
18351677  7933623
18345583  14640175
18352627  922476
18358531  564650
18356440  8111310
18354248  483813
18354029  2597322
18354478  667183
18356462  742623
18359093  122102
18353865  18349930
18297869  18350946
18343705  6343166
18349489  5359224
18354530  124269
18354957  9244745
18356103  18356609
18356979  359434
18360436  6876751
18357734  1164213
18360803  2237803
18357998  17145640
18355788  4783865
18361219  1179983
18361219  8323082
18354087  4619542
18356282  7626585
18356282  2023481
18360879  2020088
18354685  12498015
18362742  2717480
18362315  3430315
18356437  3541730
18363303  18348372
18363382  3861132
18363511  7074
18354462  152975
18313238  18333936
18355420  2585502
18362653  2046037
18363224  15152577
18364052  649428
18354749  3328824
18360871  9532368
18348372  13168968
18361261  12096852
18364199  18050071
18361161  18360621
18360575  7410304
18356028  12889419
18353910  12948637
18355155  18345921
18336650  3808834
18365552  2010427
18350374  401240
18362690  18363729
18366318  3000410
18229888  13088231
18366383  13854425
18349944  873454
18366648  949433
18356725  18353532
18358700  15665607
18366649  1217088
18366649  2259775
18366088  9546602
18365864  4660142
18359248  4204786
18367207  779379
18367390  7295957
18366952  5310328
17829583  7219319
18362285  13571632
18364366  318288
18366845  11571105
18366845  9787509
18365892  513832
18361301  275711
18368581  18350017
18367360  71625
18366547  18344533
18368193  4587425
18362816  1675037
18363015  13102045
18369047  9350070
18366483  60174
18367460  10548429
18361052  303970
17739397  839899
18358048  3438889
6282457  3367714
18369821  5898656
18369459  11596257
18360969  306252
18370109  1132941
18353183  7007427
18368141  2508215
18365010  2896566
18353589  7870265
18362016  9453754
18364679  18108980
18359934  4885737
18370197  3482262
18367464  9082123
18372343  6963894
18352681  451415
18352681  18335157
18352777  18331491
18353052  12612585
18349633  5406366
18371719  2968983
18364359  4660142
18372959  4181951
18372959  1001307
18166531  1282073
18049250  245878
18066604  2973202
18358473  11086083
18190001  5015844
17965775  13089932
17868024  8202605
18050616  18016353
18372441  18368831
18370479  17785765
18371211  1471571
18372540  307674
18374359  10288674
18369242  15541674
18372109  4436999
18374953  851762
18323662  18347180
18372421  13372923
18374940  588004
18374940  12105787
18371309  5063156
18360444  4158847
18359825  11836167
18369919  18369210
18368811  465488
18373446  7942597
18369207  2533120
18375263  4199040
18374978  5307224
18377127  2973202
18376375  18288774
18377493  5589807
18311091  18314465
3129028  877873
18378596  2973202
18378596  12769982
18372546  9086880
18234596  6578495
18376520  142003
18376310  637921
18376020  5541102
18379225  18376483
14383352  1317055
18379152  890820
18342274  17923931
18342274  4894345
18374710  634508
18378451  6052992
18379550  17364127
18370063  5249709
18376804  4164316
18100979  15668160
18379997  129178
18380225  949433
18380511  4907534
18354244  1805761
18377208  4261133
18363051  16391335
18378851  18328969
18368099  6239482
18379923  1120879
18377918  60174
18380140  676824
18374345  1574367
18377057  4797686
18377057  543580
18378113  7725652
18382393  18359306
430424  6649936
18377944  845021
452859  2624713
18358122  52550
18358122  17902992
18363077  4180810
18377268  901712
18379173  21593
18379191  477572
18382205  7272813
18372311  16959576
18373980  12692727
18379275  9702258
18377854  920353
18355692  18337711
18376980  5255984
18377045  18376019
18377645  18374921
18378741  2459916
18380363  10763780
18373710  279170
18382822  29482
18378990  3495890
18366140  11264395
18385418  610245
18384949  3593420
2077860  126279
18386475  616779
18386433  3720005
18385387  5030389
18385307  1078118
18386168  14495536
18376908  7582205
18364374  2220916
18385246  3366529
18385246  11376256
16286223  14220321
18384554  1609741
18372865  7064998
18380811  11490031
18388160  4043647
18386623  7347464
18386848  1049722
18380063  6343166
18388773  2973202
18388833  164194
18389088  2767068
18386579  10143093
18389861  2331751
18389861  9689049
18375225  756567
18384552  1044688
18389956  12715325
18388280  285422
18385703  533881
18389528  1298122
18388452  2781357
18389620  2736784
4186547  2393345
18390075  18389428
18389372  18388833
18390827  17461609
18377507  4192203
18390936  7558022
18390936  591094
18383156  14220321
18391636  1108
18364026  7869609
18364026  11513484
18391864  4894530
18391910  10460250
18379864  18378371
18392208  18317974
18374867  15730913
18382934  6470556
18393076  381542
18392663  1270221
18393268  2177112
18394609  10971895
18394609  1826159
18384759  15236146
18384063  15251370
292935  188414
18389793  5323505
18377342  4142190
18384198  495021
18396682  18396312
18395341  5131568
18392135  2658738
18397903  369758
18398444  18397860
18398412  18395555
18398970  2523467
18396092  1940338
18373997  18373587
18393214  2681659
18389455  588004
18389455  18031221
18377117  15778453
18384808  1419623
18387594  11261325
18390205  2973202
18393053  1639180
18393701  1436703
18395254  9413625
18395254  6343166
18395452  1595611
18395652  16686360
18396709  388483
18396013  2314402
5528168  12965560
18397498  10280278
18400675  8914257
18382664  17546231
18395669  18374921
18386331  9985912
18384847  6639027
18389033  12213663
18397245  18396525
18394733  137783
18398221  12206314
18388472  495021
18402117  4831748
5112248  4890373
18401224  285147
18402501  5590381
18399609  312443
18399609  8991506
18401841  3577641
18399845  5952006
18393819  9008370
11873633  3061387
18392589  18391713
18399704  8858008
18383666  1946426
18401572  185254
18403864  3820666
18403864  1597746
18403800  18398053
18395308  17016175
18379656  9979057
18405014  852450
18392715  2354644
18403028  8005447
13607898  2752394
18388523  6109805
18388523  2973202
18392417  6410636
18393213  5926103
18398440  5113016
18404754  17299581
18402314  18401692
18404656  18404148
18392007  1371176
18395526  3958615
18405845  18401407
18394940  4839981
18382343  16861427
18404432  6222616
18395542  246849
18405484  7917824
18407568  949433
18407568  13492043
18399425  18397670
18397573  6210895
18404512  5619827
18403655  17489780
18403857  18395998
18402600  13239972
18405070  4791823
18404894  54142
18397583  17790333
18264433  18264265
18384492  1019076
18406185  18405645
18405967  11661720
18393200  274892
3155471  1368014
18264520  18238409
18395976  18393860
18395976  1051061
18405546  1782759
18403220  3683881
18403220  18297790
18409220  4184468
18388333  12943819
18408511  18206021
18408682  18408247
18409736  579734
18333963  6041811
18393532  8264732
18405842  4954814
18134407  18125719
18410127  3453915
18404278  3045097
18402853  204476
18404128  367706
18407900  12121090
18406059  4608278
18409311  628301
18406799  11321491
7867457  4289331
18406626  4461444
18406626  4964059
18399078  612097
18409259  1808108
18410602  137975
18411928  18411575
18411938  18411748
10365225  4289331
18411744  3388958
18410211  5927284
18411049  6103952
18412345  18095575
18412565  3454258
1940338  676824
18411019  9337220
18412416  513832
18412524  4914573
18412003  16677345
18412003  7901111
17881964  2877828
17326401  3645609
18413198  4158286
18407316  14981833
18241154  1886185
18409900  10870642
18407080  18212697
18409363  9520911
18410799  5047171
18408415  1549685
18410020  6626397
18404718  3831845
18412367  2061897
18008840  17755563
16899878  488081
18407496  18403848
18410076  13515141
18409104  677530
18408991  18406783
18409041  3115982
18411897  901115
18414783  9986761
18415065  3681242
18414097  10543960
18413176  1683519
18408974  12939928
18411286  2973202
