18408829  16855386
18412384  1470488
18414958  7709041
18415388  7173019
18412525  18326362
18406147  18389158
18414423  9923781
18413723  2031537
18415682  18404726
18405642  5482066
18414873  3974398
18412231  9163818
18415547  17133389
18414921  605630
4806637  138374
18413351  1813853
18416880  2973202
18417381  1335851
16713098  1936719
18413756  2375587
18412130  7671350
18327647  6322084
18412127  272900
18414754  6551214
18418589  12769982
18415302  14268667
18417889  4797032
18418542  3577641
18414110  17499417
18419891  6883306
18415856  18396558
18417997  7540569
18410573  4161359
18416009  8845949
18420309  18419998
18413865  2993045
18409954  364253
18416470  18415623
18420604  12769982
18413352  9539203
18413769  4660142
18415642  14087598
18417495  4544406
18421502  75401
18413122  18412696
18415797  7591169
18409507  8951509
18278367  13147044
18421983  4906073
18419023  18387258
18412328  675857
18422565  3577641
18422667  10252177
18422667  15177420
18420766  11752443
18421296  18394018
18422287  492384
18423181  3737139
18423217  15967722
18423281  1711990
18420116  1118183
18422962  9732709
18422270  1061678
18420399  5134398
18424032  336859
18422105  6946863
18419667  2620444
5669290  7033639
18419312  4151128
18423445  10488229
18416917  11813969
18423875  2294551
18420563  62929
18424991  5997018
18418777  18418198
18427050  2973202
18426688  10782863
18421568  451491
5554148  885819
18427616  1042110
18427600  7575761
18422719  12713563
18420487  18418451
18428534  1200295
18428885  513832
18428471  6567870
2392795  1993638
4438104  232736
18428987  17923840
18430104  2800250
18430289  3497088
18430289  18283988
18427420  10231770
18430099  10397940
18428829  209779
18428251  18424117
18426037  3255
18431002  400706
18421593  2696004
18430830  5931900
18429637  4261133
3730211  2613376
18427012  18400956
18422755  838227
6216890  10664196
18431271  15445285
18428221  18138397
18428031  4600048
18431001  7660545
18431001  8159628
18430880  589985
18426467  1675333
18432874  740730
18431355  2555182
18431197  9129744
18427120  4990602
18427120  3913182
18428519  17400296
18433530  12592234
18432223  10561177
18431983  18057421
18428821  8028957
18428821  7373853
18432834  13408372
18430468  18403655
18431806  1632080
18415978  4237817
18424944  815041
18431638  16959576
18419919  18330001
18428889  1273715
18433873  5131526
18427602  5745243
17367451  17366916
18434957  13353904
18424156  12936014
4004857  11795994
18418487  13141434
18434389  387736
18424421  8028957
18431558  8184412
18429595  483212
18425903  6419678
18435243  513832
18435769  1494713
18430152  378574
17301973  5127375
17301973  267838
18432621  18428861
18420907  7083871
18433909  8130990
18427597  858883
5411694  857705
18424943  348170
18435700  1132941
18436907  510269
18435246  4261133
18435317  14491430
18353756  9683279
18438040  6801637
18437841  146576
18436207  4724938
18433361  10372404
18433935  7100884
18436173  18417738
18418718  1139762
18438474  13670991
4579305  13670991
17310774  17311451
18433752  12573816
18434305  7420815
18438850  16909742
18432040  733737
18432040  2130226
18436854  3516333
18430921  14399689
18435634  4808109
18438724  1686724
18437616  750486
18439499  851236
18439825  130794
18435168  6259269
18436584  8034132
18436013  18436311
18438572  2679250
18438111  10033215
18436017  5827290
18273433  4200224
18440626  8028957
18440626  8812754
3378886  3378193
18436508  166221
18441706  14702478
18438695  15154457
18438090  11425030
18441140  18426709
18438557  5297544
18436138  3002605
18442839  5598703
18436985  18436968
18441510  5542762
18405193  15933076
18443579  8165498
18444195  16698142
18444271  6441218
18444911  577465
18438950  12242111
18439935  1056728
18439970  8021436
18439970  15308704
18425016  17606315
18440934  1926264
18441846  2784514
18439307  2438937
18445298  750486
18439898  396145
18445158  4428774
18445054  12331328
18447128  3384504
18444136  9662423
18446572  3636115
18447555  1108076
18447654  919244
18447730  5771878
13518523  5454806
18448295  119123
18448295  3638317
18443813  6960520
12045925  131062
18446802  11790214
18442538  3040374
18445555  2068146
18446637  17441065
18441912  4127725
18443646  451287
3953192  3952900
18433399  7241993
18426709  18420655
18434725  17778129
18449173  1120478
18447864  1711990
18450488  901115
18450511  1991380
18285695  12722490
18285695  12839772
18450796  513832
18444733  1888779
18431614  13980968
18210356  14036837
18452188  24886
8133569  6888867
18452909  588004
18448531  767999
18448531  15949417
18453538  7058339
18453869  12591806
18453297  14220321
18445070  142003
18450060  190253
18450060  15957868
16063617  8799768
18454685  495021
18454841  890966
18321997  18321675
18450375  1311242
18442454  5822026
18313295  18264514
18321675  18264514
18450585  628526
18450585  7580945
18448054  1903063
18447424  8751479
18451924  31415
18451340  1373010
18448932  14220321
18455406  4417470
18440083  1086396
18436572  4616202
14050364  12605257
14457076  13670991
5827479  18411250
18450778  14821859
18448511  2602013
18455211  1716296
18125336  18081080
18450419  3076414
18450419  11210269
18454464  3392993
18286164  15789997
18286164  18180136
18456290  18454803
18444220  8502089
18453930  2914531
18457367  9508518
18446575  14028959
8997956  9115028
18440844  7278094
18445360  5226285
18445360  750486
18454947  614671
18453771  1019740
18439418  12648244
18457909  1868511
18436019  11985228
18436019  13850819
18458123  866211
18439996  52550
18444671  7200331
18444671  3200551
18459096  840781
18454085  14245396
18459121  437816
18459121  18389195
18459220  4176328
18459220  5204805
18457985  18324775
18455555  1639180
18438085  18374093
18448767  17114210
18458682  147181
18458682  516399
18460202  18459288
18460157  1618316
18449038  2429217
18460285  9091289
18356188  9524494
12591806  2667908
18460531  5133703
15301547  5133703
5133703  2332740
18460925  495021
18460912  4518598
18460912  11547777
18441786  3648942
18461063  7972210
18460131  326379
18448850  6698229
18461510  3054643
18439879  10201661
18461527  6841405
18461317  18438740
18452118  16723146
18459868  18332506
18464652  750486
18464652  6425062
18458095  4029550
18460243  10303166
18462588  4470477
4642038  4165414
18441763  11919065
18461740  14238207
9425910  591685
18466046  3211259
18465608  882826
18465201  18403320
18467210  4907843
18455853  11566886
18466866  299304
18467203  6559274
18467417  17552105
18467417  853740
18466928  977543
18467276  5207115
18467789  1481612
17219069  7027288
18464167  42197
2308895  348792
18467989  1532461
18467989  4645020
18459465  285619
18458393  5223760
18462763  8783667
18455651  4660142
18458553  2531827
4096770  10935127
18457134  2137755
18463084  6238092
18463053  4431292
18467074  4148499
18467777  5080612
18464402  5664057
18468530  2237308
18461152  3462143
18465230  4493205
18455543  6270004
18448413  1549553
18448413  11010626
18465131  14373340
18438843  8205501
18469063  2846050
18469063  8443035
18460158  9757919
8426196  10935127
18465580  6081339
18471083  14220321
18471083  1225667
18472502  13319416
18463083  15226255
18463870  8298285
18470087  93744
18472209  12419756
18470953  2068084
18467639  5293280
18465318  4604558
18473242  9129758
18473242  6941474
18449783  12071585
18473886  949433
18473666  13324465
18473666  10963804
18465592  14717826
18452792  15529337
18474101  5210535
18461107  2009530
18471020  17971554
1225667  14220321
18474848  1917261
18474848  442710
18470738  3076414
18463892  7207861
18477240  1458633
18477240  588004
18475509  11670998
18462800  10500673
18477665  113829
18459706  18331751
18475232  11321784
18464036  2146331
18467637  12578741
18474318  5208679
18465583  5681480
18475508  7862437
18467611  12402092
18475308  18405683
18475444  2425870
18465502  6112075
18477503  5075423
18477502  94274
18477346  5559301
18480048  2973202
18456968  3905038
18479295  2290733
18475415  7933518
18470644  14594245
11889925  1043339
18472905  17773675
18472905  3558119
18477591  18477128
18479959  6761415
18468544  10805745
18468619  17724382
18476805  1056728
18481048  8657894
18478876  8228980
18478887  14220321
18481313  3203694
18480659  5712259
18477851  967262
11875843  8652526
18459325  14622700
18478786  16638639
18476751  5572251
18480867  3401444
18483010  4261133
18483056  4895294
18482741  2932782
18480348  14520793
18480658  308122
17914171  16589515
18481231  2330620
18484421  113829
18484421  3348396
5749319  113829
18479679  8004004
18484767  4955732
15603629  4955732
2017755  1357118
18484889  3930335
18484739  676824
18484736  2122233
9861725  6828256
18482765  18471350
18476343  15670374
18472437  6134457
18484078  1051379
18484078  7091784
18480849  1085801
18480849  9892700
18485787  18485340
18468942  3875184
18468942  18467470
18485916  289727
17644904  17643180
18483125  1006934
1665120  1268397
18480557  2250917
18488256  8028957
18484270  12715325
18488858  1132941
18487913  1367070
18440972  18436311
18489498  12463550
18443063  3222856
18480398  9161910
18482213  8707183
18490637  3814190
18490637  1426857
18489140  5580394
18484747  4564621
18488829  12426944
18489262  1129216
18491020  1989077
18480960  18050071
18490381  12059744
18485657  5637893
4700323  1412863
18491055  18275596
18477374  5802281
18487312  8118079
18473224  182287
18489902  1687296
18486563  2584273
18489329  646628
18485059  448981
18492675  16542968
18492675  13405785
18486993  846020
18480279  753312
18494262  936744
18494262  7926394
18493849  409259
18494654  2079828
18490599  6620165
18495228  12769982
9668963  9167713
18491533  812571
18496198  495021
18188382  3962710
18356262  3976222
18301964  18299614
18497109  4117555
18497130  4902565
18497130  578193
18497361  2154249
18497361  2361945
18494552  3732608
18485267  10092580
18496656  985505
18494114  9333325
18490123  6931305
18496400  14220321
18492068  628526
18492068  18450585
18495989  750486
18495989  6157645
18496282  8384388
18496591  17731510
18497388  439301
18498669  14220321
18496605  6434971
18498459  10331305
18426674  5133703
11694949  4250580
11694949  4690832
18492441  2279030
18493938  13988197
18498582  13294823
18491883  347949
18489062  1223305
18496898  1063007
18493591  2979297
18500236  513832
18478124  11915895
18495735  7539282
8098113  7835119
18496474  15399024
18499257  10530873
18488083  18458663
18491887  6623161
18497006  12573816
18490796  6185612
18332768  18331927
18491390  7166197
18480702  2974285
18491211  16959576
17202193  4054837
17742744  2764017
18497530  2656730
18499593  16248221
18501383  497685
18503015  1422652
18498786  6209277
18501834  147181
18500382  2976630
18494096  5434459
18500763  13551091
18503842  5117127
18503842  592862
18504299  127188
18504299  1293402
18503090  7990774
18497851  18497305
18504816  2202995
18500554  18499389
18501171  18499865
17590568  1180336
18504800  60174
18500747  5808788
18498916  13814128
18505284  18503606
18501174  4604239
18495779  13661169
18505532  13209364
17717757  17688200
18505143  3559088
18489778  2910979
18506274  419163
18506822  18490323
18500342  8712703
18505956  18505015
18493839  8907917
18503431  3319791
18509901  14220321
18509708  11464088
18509708  8034132
18510006  1686699
18510006  3598707
18508463  15691067
18131687  18093861
18511479  949433
18473158  817853
18505816  14065714
18510582  28832
18510582  2506488
18507902  5515659
18512563  9239558
18512969  750486
18513629  953146
13246069  5903157
18512000  18389195
18505261  1666717
18508195  3387622
18511620  7055393
18509654  2052416
1692230  511013
511013  37335
18513036  4770046
18513243  14351971
18513243  5354594
18506772  18497035
18515351  949433
18510903  60174
18452777  18424354
18505783  14220321
18505895  18109051
18509858  6270004
18509858  3768648
18509096  5335273
18401524  18312580
18430067  12495346
18510736  2706222
18495037  18450464
18507715  10360370
18516859  7207391
6900124  826782
18517117  46155
18517117  201323
18500620  9899920
18517396  860339
18516002  610245
18507167  18504726
18515693  370114
18496952  9090658
18515131  6058781
18517882  5748492
18506283  586363
18517678  7730948
18496982  12769982
18516551  2059740
18500264  12769982
18517566  4164279
18518671  2979354
18518632  245742
18510706  4772425
18518650  18108643
5695145  15976038
18519082  18494054
18516583  3175774
18519250  1584370
18519556  4542676
18520250  5117132
18520250  10596704
18520250  8427416
18510889  5948167
18154782  111102
18154782  1140089
18508363  14868406
16604380  10471338
16604380  12829995
18520756  1477232
18520756  10492839
18246894  16924142
18504530  18489217
18519792  2238272
18519754  14028959
18519744  1773550
18520750  18521172
18521572  18521172
18519215  659677
18520116  11495830
18521213  2892749
18521213  482377
18521433  1757065
18521199  1948332
18522029  2237291
18518012  16640309
18518595  8737469
18518179  11033615
18519946  2434196
18521931  18521623
18522947  8028957
18524037  610245
18524168  13286323
18524168  1067464
18523675  1961030
18523675  1217088
18518558  10112587
18524074  18522808
18517266  17748059
18521672  3781406
3229860  14388706
18518764  1828010
18523457  2508732
18511778  2166591
18525313  11966078
18508251  13687500
16295395  11966078
18525788  6327679
18521124  18520608
18522864  2343573
6489859  1552984
18526547  8347565
18526555  5683612
18526555  12769982
18526222  822487
18517773  6441218
18525334  11843451
18516986  92396
18522943  3443606
18503879  15495756
18528178  949433
18524122  14706300
18508450  49137
18525394  15443901
18528395  242841
18525245  18503606
18524372  8856117
6166756  343584
17468497  506282
18519057  14162819
18523924  18523176
3049295  2914025
18530679  451415
18519637  1668447
11495565  343584
18508858  16905158
18531251  3120398
18531197  7402713
18527650  3836008
18528276  18505002
18532035  18530233
18511314  115983
18512473  2829404
18531537  2666792
18531989  7594508
18531384  8381329
13559502  9563340
18529673  4756447
18532337  15646973
18533610  367730
18533610  2424613
18533789  11086759
18473740  2290733
18534108  12681989
18534350  9362029
811951  186237
18534872  9490058
15055297  15041401
18535019  14220321
18535019  1225667
18535056  5041494
18486911  6913230
18527654  1661273
18534435  9014047
18534435  193182
18532509  1326928
18536563  14789478
18536693  7248031
18534036  4442658
18533273  5227331
18537239  1711990
18525941  17994164
18530325  3610858
18536413  18523028
18537845  18496980
18533967  11548632
18533675  1395707
13665983  10009867
18531844  3004647
18531919  14060161
18538787  1432245
17621699  12988081
18537186  18495880
18520512  2759067
18539021  4969171
10811622  10732101
7756138  3817175
18538679  7248627
18521760  18521055
18541237  11021085
18541237  10334688
18541237  249467
18530717  14616261
18541070  4604239
18541650  949433
18542089  18476138
18542252  4971286
18536879  18536491
7890044  4721449
18528875  6757868
18537830  885009
18528148  2394003
12008902  10009867
18539052  6402484
18542512  6359327
18532652  9200521
18542802  16805648
18543005  60174
18540419  7378443
18529915  4459143
18537676  4303311
18543589  2973202
18530348  18530790
18537143  13335544
18543885  2643260
18538264  18538822
18543859  261638
18537946  9572029
18527998  541953
18537870  18487109
11019316  7059944
18514372  18518518
18541427  10937350
18535304  7261619
18532892  8042893
18544606  12376339
18543323  5459437
10917005  10914835
18547358  18464458
18547584  223918
18547584  3184883
18540958  2434602
18546687  1049210
18546038  351409
3223356  3227211
18545389  2434458
18546559  1881961
18548033  11294180
18548033  949433
18540082  18383381
18545215  2074882
18544182  10078085
18546489  1026069
18547954  401656
18548043  2167916
18547958  194397
18548571  3425966
18547537  12978745
18544832  18073680
18546310  845021
18521386  2222872
5297465  4754823
18545886  16226360
18548987  484462
18548987  24886
18549887  4495570
18535605  3119961
18541587  12528049
18549862  750486
18549862  1451009
18548762  5701948
18529692  4332117
18542340  6147618
18550242  2599559
18550281  14915470
18550464  12073222
18304699  17955110
18550574  9840616
18490930  9840616
18550765  401656
18546770  9594753
18544265  18531749
18547981  13252101
18548436  4460355
18545825  1763479
18547946  9338496
18551545  7354786
18549980  18547705
13387838  2679193
18530745  17585649
18551354  44917
18551354  2241991
18168678  18167137
18166512  17365464
16732333  10565598
18552702  18552309
18227479  14077835
17613362  18237108
17567358  1141979
17567358  10092152
18552972  3820666
18552926  3820666
18553029  127704
18553029  10366526
18553258  5621907
18553258  4912092
18553258  6527742
18552577  4364971
18534812  5484535
18550566  16834937
18542457  6077141
18543203  1796619
18548083  8289111
18539561  7271456
18552080  18550660
18554499  273262
18554499  2013428
18549698  2448583
18554798  1564410
18553201  18552654
16590804  12603397
13172675  4945695
6081670  1154008
18550470  18541566
18554815  18554719
6848121  12728188
18551508  14174366
18546112  18545081
18552139  3768895
18552072  172925
18554554  18298713
18547993  2718822
18552420  9344305
18553494  4969171
18546828  279170
18556764  1535596
18557057  12769982
18466184  610245
18462139  10976130
18460949  1164023
18445443  691719
18539515  1221902
18556497  7447855
18557625  2475652
18557625  17214105
18554032  7220681
18545802  6343166
18545802  8612406
18556357  492387
18552391  10185756
18557321  17286566
18557321  15337185
18543096  203198
18540806  6343166
18558259  406230
18558259  15321425
18550930  6163108
18541215  312443
18534794  18520208
18557395  18556128
18232146  18202666
18550932  6734265
18559527  661561
18556805  8459351
18548912  15059162
18536352  6365623
18559646  513832
18550594  9176215
18560030  2172352
18560080  242813
18551633  5656798
4219534  590602
18550194  13248786
18556451  1842223
18560885  4283141
18559820  740299
18539828  1139762
18557494  8892238
18558393  8723026
18558127  324358
