19216781  1652396
19217587  3188048
19221161  3465377
19208853  18271496
19222445  4171140
19219714  6343166
19220455  10078912
19219802  6343166
19223808  2973202
19223808  3129374
19222353  1525784
13147063  669764
19219775  8800919
19217254  4686543
19224888  4586405
19220253  9554787
16280573  4312680
15844003  15842728
19209378  19197495
19210889  7352493
19225043  8862967
19225686  17364127
19221223  5814155
19218475  18558156
19218475  8939813
19226103  8065305
19226103  11847021
19222671  15188894
19224595  600079
19223617  1393486
19219524  2179403
19222501  6242976
19198855  1433204
19223711  6084572
19222588  19222064
19225294  27474
19223264  7584794
19225414  3224834
19225211  14237070
19158830  19142140
19221083  19206589
19224090  4537452
3666237  835092
19216250  2973202
802107  251694
19224469  16687389
19228093  3184235
19220407  559363
19222533  3394899
19219782  452902
19225662  5716664
19226980  4128323
19229116  19227279
19229148  3737139
19220915  5517255
19213826  41107
19222396  8088014
19229450  5268521
19229450  1143262
19229233  13720581
19220985  1439364
19221841  1659749
19221841  13349649
19224850  5920600
19228090  505167
19228090  6054457
19225524  2690504
19225524  1416697
18194269  10865957
19232202  25749
19232584  19232225
4658453  279507
19231714  3012488
19222307  1011344
19231490  150161
19224843  2385669
19220947  10382929
19234040  1568091
19223414  1216762
19207718  2337470
19146787  6836409
19234734  415953
19225979  17870999
19233805  493174
19228081  19171297
19234674  3957705
19236258  15350856
19236258  2882706
19232554  5465170
19218671  3624280
19232299  13592326
19237196  12846517
19227827  6353484
19238022  1451009
19233184  1675688
19237948  10291949
19228921  767999
19234550  4746249
19238330  19237540
19233005  17273792
19230497  3279888
19236789  1424510
19234413  14123999
19228521  18704016
19234648  13044035
18629525  8924529
19233562  6723389
19220977  19210348
19232476  18525986
19219417  27998
19233234  10873590
19224407  1256887
19129174  19221506
2533767  409286
19223304  2935554
19241552  19239307
19237181  5290089
19233478  320929
19231343  495021
19237295  50605
19233364  895827
19232832  899422
19240297  3577641
19242943  8004765
19242760  8774425
19242878  7664779
19242775  7828867
19242775  9623114
19230954  7124903
19239531  15055458
19242417  19239307
19230144  8906722
19228737  10297099
19243130  7412548
19245748  8311058
19245409  12314451
19232915  310451
19230276  2407077
19242663  9791875
19246714  5874652
19245813  17972768
19187752  10805745
19248532  2973202
4444707  522280
19247482  19246845
19249772  2647
19249611  8955897
19250097  1594985
19242621  1231147
19242621  11438794
19251751  7627098
19250189  840501
1624817  433798
19239180  453627
19246951  9683547
5255991  5042901
19247134  19249301
19235599  19234915
19249351  4471582
19246153  513832
19247778  19245897
19177466  19177002
19171115  7175113
19253686  19253058
19249325  16416375
19233707  14693382
19223147  719417
19243132  767486
19240627  1560788
19232011  4547274
19195450  19180927
19255069  3982348
19254107  19233933
19158665  3345397
19255505  336859
19253300  10622730
19250619  19249062
19256023  308695
19235207  19235154
19201787  3371879
19185951  19166583
19256754  1380463
19239872  19221026
19257309  2279030
19257493  11179484
5068304  4699687
19257968  16959576
19255289  15670193
19255289  2679193
19256673  8028957
19256975  6085531
19259719  2973202
19259719  7766418
19258799  2973202
19258799  19257869
13208755  1299837
19256335  13988761
19260501  6343166
19258667  513832
19176784  18980925
19254725  9147129
19257703  4969757
19253052  6870499
19259061  19223108
19259061  2321939
19258622  19244314
19093134  19107543
19247871  5443805
19251786  5330957
19256931  6493517
19256931  9861182
19252862  12192151
19253500  11366732
19259508  18360891
7527442  7798748
19260915  19257895
19260054  8060852
16765287  7798748
19254118  14280336
19244040  5658565
19135102  7665673
19253246  63150
19253246  1751844
19261254  19254551
19244147  9961210
19261009  920353
19261009  6053239
19255846  18138136
19261716  1433345
19262819  12573816
19261130  2827585
19259335  7884388
19254941  12793390
19249448  1072890
19260764  10920432
19266138  19097888
19252149  11224394
16848483  9617348
19262661  9617348
19245390  3652090
19267238  38549
19267371  4268522
19265194  4659879
19239120  10426055
19263392  584210
19270472  19269985
19255255  18729220
19256173  6626397
19241419  19021065
19267515  2584501
19267626  185844
19268577  502250
19270233  60174
19272085  7844359
15588965  5395266
19255805  1532640
19272601  2922811
19272540  18098684
19264146  18671
19273427  509211
19273684  4783404
19266553  6343166
19273791  3960954
19273791  7459939
19270993  19270259
9696944  4302566
19264597  355089
19257869  2973202
14674461  8424283
19264834  17611677
19266733  15090942
19266733  12829963
19257977  2973202
19259629  19259282
19271877  1966077
19274754  45286
19275873  4898733
19269832  19260072
19271930  1904809
19227194  5750773
19276920  3911966
19276920  13219091
19277772  4810664
18826893  11525703
19278625  19226816
19278625  10782403
14508199  9617348
19278877  480214
19279548  5117132
19279548  15024933
19278765  16657512
19274239  2351308
19276061  19251020
19271223  2793581
19271380  4249369
19280031  8953185
19280405  5057267
19275176  4023830
19280623  4670782
19270507  3049467
19269362  2785
19254466  11855363
19281904  513832
19281904  6178585
19280766  6343166
19282168  266115
969297  197461
19282622  44046
19263071  8060170
19269030  19267468
19268444  2474289
19276207  19274936
19271009  248603
19275975  322715
19283768  11786113
19283909  3068397
19283698  19282665
19280796  4732544
19262336  119123
19280134  9543733
19273976  10269456
19283993  455713
19280553  7411438
19285093  2973202
19281413  4324114
19278866  1957732
19283131  2120255
19278497  3422673
19276238  5368862
12471664  9560600
19275844  6309465
19277886  2973202
19280759  920353
19285055  19284703
15887821  9560600
19285959  1625234
19279150  1382536
19285967  414408
19265779  8892973
19209392  10021565
19260310  19259283
19282917  394751
19288176  6491463
19288176  16564027
19281896  16012212
19278747  2030434
19282545  529085
19282545  18581002
19281781  16335305
19289175  513832
19264908  3378496
19287290  19286851
10392163  1529068
19289076  492384
19280986  9854917
19288355  19287703
19267713  256832
19278046  9242026
854591  123088
19286279  161738
19290768  359494
19290053  2835716
19284299  409784
19292655  4845198
19288542  19285219
19289220  17074365
19295229  1641219
19287654  588004
1650681  315146
2483023  315146
16953971  787739
19295391  660554
19296043  4481632
1126625  3718687
19287657  6129825
19298047  2246498
19291603  1766630
19278933  6343166
19296327  5100376
19296327  5306843
19288225  2487747
19298946  761194
19296689  1572322
19295793  2194992
6279441  1529068
9288597  1529068
19293468  7046798
19292173  146134
19298471  3158730
19294919  15471532
19293053  17632340
19295664  1604696
17859145  2502518
19301347  3258187
19295903  2941900
19298137  1906673
19301223  7258538
19288745  686061
19293955  885009
19294049  8920654
19277284  5663351
19287564  10939591
19299246  4554510
19286773  19283654
19297476  7214263
19297476  9860538
19291082  8969009
19295528  18577060
19298721  3781520
19298721  4287905
19300077  5963535
19302735  8288664
19302525  6844005
19303668  2600191
11073274  8525496
19302257  12746269
19296917  1140089
19304590  6343166
19304705  19303800
19304589  5210535
19072806  19072643
19086465  19086610
19124527  19123671
3817930  2080647
3817930  854591
19305599  555505
19299974  13026257
19294954  6343166
19305660  1746833
19304295  3306518
19304235  15975253
19302429  13195946
19305532  173400
19307471  3911690
19305074  5646285
19289485  19181800
19289485  19289035
19303898  927358
19303923  336859
19303923  15336347
19289229  17606045
19305255  10546826
19305255  18222286
17380454  10196258
19286142  19281373
6262584  4817029
19308849  3737139
19226771  19225102
19307256  19147655
19288887  19288166
19293923  4261133
19303089  1026723
19289380  4097949
19307369  3189003
19295066  12621511
19288555  44917
19309494  5681166
19309210  1367454
19309548  4720587
19308025  4371757
19307290  800123
19274015  8810750
19309822  19309300
19308775  11642387
19308775  2356501
19310091  5677655
19310278  2637694
19296031  4048151
19296825  19296119
19297763  3766290
19306642  15761479
19305008  4457773
19305607  1524604
16407201  17140499
19311246  19293575
19309642  952914
19311119  2393444
19310489  19287560
19290358  3398560
19311743  130794
19289288  6411965
19309333  10940013
19297480  16409966
19300808  10378390
18932473  17234172
19297563  1147785
19310621  5149024
19312482  513832
19310803  7655127
19292682  4534146
19310662  8833399
19301102  19280170
19307259  10451842
19313702  5450159
19311717  14688117
19267070  19269607
19290680  6239482
19307955  5210535
19304921  5890499
19302857  4654878
19307509  3318333
19254389  17313157
19288432  11634747
19314662  1140089
18873469  10534878
19311457  6140632
19308450  11027764
19306194  2916865
19314591  8443524
19314591  755166
19307833  19306849
19309667  2212643
19307271  2901102
19315774  2127221
19309885  19308177
19316298  17713124
19316847  8049674
19180513  3520508
19316171  5035894
19316553  11785479
19299105  8071906
19318022  2252033
19318022  2172943
19297377  8451817
18232254  6626038
19315438  400212
19309410  312443
18531740  37672
19317295  6102948
19318004  2706498
19319780  147468
19316076  19319034
19309806  9011809
19295994  20463
19321443  593602
19321792  1711990
19306428  2458519
19304579  15162593
19304579  19303998
19319901  8314310
19316522  12336646
19320818  400212
4883629  1900497
7552813  1900497
19322922  2416894
19321378  8649828
19321378  9945391
19321378  11784153
19322825  18036545
19064203  46155
19064203  201323
19304192  12033722
19316147  16177990
19319425  361500
19319356  3819280
19323814  5825985
19323452  11737505
19324325  482377
19262770  19260575
19322264  297680
19320182  513832
19322296  6613110
19323573  6343166
19320758  12865858
14781993  2142192
19324044  13698165
19262111  119123
11744308  187537
11744308  2196641
19305524  19279449
19325999  1791110
7936572  3061
18597292  15594590
19004291  18953516
19325232  10025032
19327065  290884
19326756  2547306
19323453  1482480
19303357  5683026
15228382  8463212
19325256  11441666
19321891  6219263
19324186  4509714
19324280  94456
19324280  9028781
3951840  3061
19325411  6553415
19324538  768431
7359105  2935759
19328410  15969658
19317083  5806163
19319776  6830501
19322312  19319289
19315318  19320086
19326653  2348187
19321258  6481808
19327504  693952
3601570  1776496
19329639  19329216
15805390  8440840
19328620  19287691
19325457  2810925
19300601  293988
19313773  4639432
19329097  513832
19327246  11930587
19269844  19208452
19330456  18656498
19330655  513832
19331116  3737139
19327949  3853767
19331404  1436703
19327903  7804955
19322990  11159860
19321229  1016766
10661950  10340862
19329262  6162788
10818436  299515
19324644  13965966
19317592  19303062
19333513  2064550
19333946  6700457
19333849  5812493
19325905  14834267
4131864  3061
19313020  10160422
19334887  5997027
19315908  3737139
19334819  19334194
19335055  14109079
19320849  6343166
19335338  334518
19335338  390703
19335405  16772071
19335623  495021
19330197  1299837
19329720  3799322
19317708  100444
19336575  513832
19336575  767372
19336608  2707322
19335443  1634177
19336823  7423853
19334270  3488609
19328095  19320580
4628243  443500
19337541  513832
19324868  19412
19338566  506282
19338772  19244308
19339017  1533444
19337073  18387938
19328821  12960718
18781201  12769982
19330504  19330082
19330633  513832
19331221  8228281
19332231  9743121
19333679  1645478
19335420  13102045
19335420  12265216
19336641  1602934
19336736  19335643
19336736  19323806
19337275  3746725
19329307  513832
19336466  19329867
19339576  10519286
7312206  4078933
7336473  55828
7435285  2572649
7513754  526125
7513754  1867861
7581384  2709662
7764408  5846144
8261221  2686027
19327110  19327108
19338729  19248510
19114099  8241674
10833129  1732348
9646364  1732348
10687858  1732348
19334032  12024840
19331980  9278226
19329750  6185966
18042699  10250016
19339549  513832
19226234  1718465
11554606  4393699
19215049  11733500
17004963  4923136
19340687  3771103
19334605  13759907
19337676  11369360
19339936  290884
19340972  19340736
19319998  10978038
19338734  19274163
15869896  1732348
19314533  19306909
19313632  18501855
19318850  6490695
19340868  2793150
36261  201323
19342626  5198716
19337642  14445358
19337642  15731639
19340736  4674850
19343965  1007084
19326697  10953221
19343852  3572463
19344596  538346
15430717  768431
19342278  7922019
19334599  14685721
19341240  3728062
19344985  585234
19330807  1725165
19344761  7349689
19343568  5376427
19316621  1732348
19331192  19330887
19344132  11255283
19335286  16200901
19330849  12769982
19335219  19334022
19343914  18364135
19345986  1639180
19345989  19079290
19345039  5899683
19345039  10110266
19346166  4842759
19345561  1525784
19346500  2356137
19344676  272900
19337467  8155064
19346648  3321547
19333411  8318236
19345589  15742177
19346031  2144165
19257202  4033224
19347237  2548566
19342434  3676796
11906917  597720
19342725  19269607
12567329  597720
19340544  16588265
19341400  5080699
4842759  4261133
19345295  109383
19348131  3804339
19346140  840165
19347235  49002
19347461  4109206
19347214  529085
19347214  18581002
19345475  44917
19346001  1864543
8661303  7831671
19346514  2973202
19344839  19333776
19347466  1397938
19261189  2350937
19328467  19282610
19347488  2808535
15735099  1643931
6939741  3912548
19345186  2614109
19346405  5914020
19349023  2582797
19346969  7479721
19349480  13600991
19349480  5416414
19349040  11241523
19349660  3627975
19345442  19344768
19344788  1313120
19344679  526125
896648  210791
896648  311221
19344962  6840420
19346960  13115898
19350304  296920
19348693  18565174
19344064  591919
19347530  10132031
10949138  7831671
19350505  3260935
1298860  132359
19351333  2123925
19351447  19340031
19345302  1225667
19345302  12475269
19349061  793449
19345653  17891503
3628278  2350937
12733300  1643931
9857402  2350937
19344708  279170
19351929  4083351
9616708  2935946
19350994  14254641
5433367  10581440
19344977  2682259
19348297  18883301
13269477  2350937
19349949  2167916
19344629  19328175
19352107  2063480
19352506  13391553
19352777  3176310
19347481  19284338
19346174  12266315
19128547  19069932
19353117  14440296
19324296  1451009
19353413  1132941
19346401  1947933
19347722  6398623
19345711  2632247
19351358  19350085
19349190  2027536
19350647  1503646
19349132  17296271
19353808  398395
19347859  1081926
19353299  19340885
19352303  8435343
19347762  3014089
19354668  28002
19354668  1609163
19341617  7732633
19349318  6127494
6561680  160144
6812681  4080523
19350615  19297576
6936151  6927209
19355062  19354203
7778599  5565668
19355246  201323
7838491  960838
19308970  8832802
19352486  18609940
19344754  19344483
19355642  19355325
19355573  6038967
19354814  19355325
19349894  19212086
19354571  7565384
3386137  7206014
19355707  17384218
19356192  1201286
19356510  1868714
19357280  5087549
19354845  4009931
19357309  8078650
19343392  930900
3418280  1895476
19351070  16530044
19353840  8318
19358089  9253250
18604561  2289883
19353577  19353398
19328803  16231482
19355807  8615007
19358013  1567935
19356467  2707870
19359241  2978311
19360014  2214952
19359856  19359093
19330709  1732348
19359381  17010041
19344634  1127738
6326653  5011816
3939323  6580518
19353544  6199417
19335471  19308522
19361517  6145796
19341916  3207151
19361605  19361141
19350662  6174550
2111042  1593051
19341563  5121027
19356739  7643491
19338808  2973202
19362733  1196941
19338116  12367134
19363381  54142
19351009  8865458
19291750  18897415
19282458  16308405
19288068  4568267
19362376  4808169
19363350  4075765
19363044  7016263
19363160  2445276
19335889  8541180
19362420  657073
19362348  12769982
19296619  6829011
19308760  17364127
19308760  3232965
19364198  19348577
19359717  16959576
19364826  588004
19349526  10879302
19362522  4531560
19321850  19310614
19351021  16000548
19360636  16030858
19364918  9508518
9074065  7131909
5243403  11671129
19344718  12648373
19349911  4598769
15629053  10391271
1204482  1750865
19349246  8293179
19349566  272900
19350638  5057320
19364911  1427051
19361309  8636594
19358392  6038967
19358392  19355573
19352993  19352375
19367575  19360636
19361347  855360
19367699  401656
19361250  14394735
19368363  396145
19368363  6490252
19368436  1960461
19356812  279170
19346744  15663510
2778901  3390396
19368536  10724947
816828  437113
19367669  19365113
19332594  5938802
19332594  939386
19353761  16959576
19365896  14069301
17308829  12038238
19368984  190253
19368623  13955212
19369334  2329364
19370478  767999
19367662  2306159
19369664  14802531
19363073  2893005
19368033  14540135
19367650  1409225
19368180  5136845
19358501  4096582
7962780  5704038
8424706  7806616
8534139  6126515
19371811  940905
19355070  2973202
19370409  19369356
19369769  4531626
19370474  6343166
19369414  304461
19369023  5716976
19369007  1849975
19369234  2554779
8544397  1989706
19368448  7574902
8589238  2738935
19372313  1886185
19359770  5391280
19359770  18809155
19365562  4166917
19355661  19195450
19365899  5612812
19367485  11419620
19370036  9937229
19369159  19367349
19346858  2167916
18892263  17114210
19373959  17944603
19369204  8184315
19373425  1713771
19371708  147181
19369170  1150163
19374903  5916900
19374903  10964966
19371751  19068811
19370596  2839533
19372317  11336477
19370530  4635042
19368036  4660142
19370995  2973202
19354999  15443939
19371194  513832
19373398  2917645
19372671  2158395
19357506  1579133
19371890  12849714
5891911  54566
