19373620  1855170
19373096  15680027
19373412  1658433
19369985  12919288
19368803  2445874
19357592  2587669
19368382  4511705
19368382  11024367
19366477  10944831
19357453  19357042
19372931  29482
19372931  479410
18769758  8463212
19377689  588004
19358716  19169806
19358716  16982545
5466707  8463212
19374776  6023548
19256127  1465036
19376682  17496666
19376289  949433
19374344  19059024
19373952  19373700
19378157  9535250
19376104  2514914
19370785  277055
19376760  13168083
19372706  2283374
19378579  7097437
19380206  7119470
19380255  2973202
19376434  19375223
19378219  8764745
19381219  109023
19365908  19366969
8160494  796087
19368710  1764809
19141292  1427051
19358799  5638659
19380748  10705953
2188272  796087
19364326  19354532
17652303  7540575
19380226  19248510
19380815  6404160
19380815  2620862
19372379  12150101
19377533  6810359
19383491  295104
19383491  653536
19365480  109023
19383120  168214
19374011  827600
19374616  19271430
19384102  19382671
19384193  1626801
19041921  3938677
19367681  15913605
19377769  338056
19385405  11047756
19385405  3889248
19385388  1674032
19385388  4024318
19385388  5062019
19365115  3515045
19380499  511361
19382009  4312439
19383504  8128408
19386549  495021
19377020  7355187
16275581  4621548
5897422  3945935
19383751  18093928
19385136  567222
19377254  12217603
19388428  19387044
19388535  1193654
19387796  19387044
19388944  336633
18272337  13049855
18272337  7495373
19387418  4720597
19385141  5695146
19389609  716597
19385502  147500
19390898  19276825
19391778  12530406
19392658  1529077
19393128  513832
19393260  415620
19393231  513832
19393475  19286238
19393547  19393385
19358095  2280158
19356767  9130177
19386795  2948648
19390687  4417856
19391581  19366332
19393640  750574
9355899  1819142
19381848  3737139
19392105  574594
19378483  8028957
19391474  1795244
19373626  2973202
19395495  2721546
19372434  19371561
19383999  19337824
19389370  9334879
19390050  3973034
19377348  60174
19396289  2843557
19388290  1405602
19388290  12609266
19387713  10527669
19396348  19396098
17614638  445235
19386420  8875680
19391893  2777802
19386960  14356401
19394821  85190
19394687  12402092
19360768  9719317
19396329  1732348
19383485  6817262
19397443  3353745
19397443  3797239
19383463  410593
19397578  10157220
19389938  7474413
19384829  15297809
19380669  5057112
19167354  1545403
19379143  4191465
19388069  19388026
19395119  750486
8733506  8674214
8769645  4575276
19389911  5162784
19397378  10025824
19393125  18265941
19398075  5890576
12947620  1819142
19390468  16389205
15812946  217776
19381004  19370213
19373034  17350906
19394056  3568833
19399448  13904039
19399448  17240162
19385262  1247989
19399787  495021
16811101  1819142
19380381  10368671
19401051  3316060
19398104  4092788
19396522  1516213
19397280  153724
9528581  3693626
19400100  19398448
19385367  16062899
19390361  17890301
19402501  3776682
19402501  3380990
19402677  19380199
19397277  19395964
19399367  497094
19393007  826948
19401277  19380854
19403298  16594907
19398994  53108
19399057  10496186
19404433  1088752
19404433  2067075
19404269  4227313
19404747  16965515
19404747  3868033
19403246  16409966
19404338  19391073
19400601  19400039
19400152  2281222
19399139  4643227
19012468  19021614
19404409  2001405
19400111  969130
19295123  19332093
19055327  19058637
19406242  998066
19405113  17511431
19404352  13459907
19408906  8689225
19369165  12334651
19409678  509211
19409764  6308178
19409110  986006
19393919  2895342
19411451  19411023
19412130  165156
19411406  10014187
16267767  12309269
7119806  4752796
19412367  1979281
9046027  7141850
9064644  6670919
9078934  3474158
19413941  12360874
19411766  1293152
19409947  15184276
19414950  588004
19388950  139474
19395500  8028957
19399782  8990941
19408079  15532635
19411149  589652
19411149  2332681
19416367  1132941
19414720  19226816
18931957  1150381
19393253  9750686
19408832  19386128
11655407  4331112
11671502  3477736
11691355  2320069
19402047  19391073
19414801  7146828
19412572  271595
19404793  182287
19408780  60174
19412787  12543848
19399440  13624465
19410996  6089960
19408506  14301618
19417054  513832
19404998  2973202
19401695  14555262
19417855  3496982
19417490  5506444
19416439  4581812
19416145  1476772
19419289  19418427
19416811  19416446
14550533  6138127
19403790  3081213
19411624  13293570
19405778  4776750
19416332  19415500
19419991  7057845
19420401  12954193
19420304  13350495
13904039  9766387
19419067  7277757
19411421  8115722
19419022  5196616
19420906  1679780
19420375  14220321
19420375  1225667
19404010  5863097
19418955  253492
5150802  3801730
19421881  5863870
19409733  1995439
19404329  8222548
19418796  4214685
19421479  19332978
19418207  15374777
19423934  2029307
19419968  16752689
12607254  12532642
19417286  15480381
19409458  5183968
19425620  478474
18205493  48088
18205493  2309964
19425925  991142
19422207  17083848
19424788  19404145
19418751  182636
19427004  4440626
10027020  9972549
19426907  19317140
19427878  858080
19423978  4012167
19413336  3958735
19429676  1700081
19429676  5323772
19426689  13122798
19426689  6718150
19418460  17102105
19397764  19378419
19420499  19409914
2335968  9519653
19430841  1773366
12662127  8311836
18812262  2068344
19432452  10595913
19387220  19383424
19429877  19383424
19411892  19383424
19413601  19383424
19423680  18176594
5439529  237159
19433365  6575482
7424869  963491
19427550  10911252
19432553  513832
19431528  11403266
19414528  826948
19416395  8462383
19433742  5242436
19434530  4659659
19426475  13808846
19426370  9157523
19429015  8704612
19424754  18711601
19429402  6439579
19430247  513832
19435493  2346074
19432327  12662969
19423949  12813717
19434048  134099
7106548  167304
19435274  980808
19430570  19427735
19437699  132445
19437922  19437619
19433508  6740418
7259560  204505
19416935  228038
19438675  513832
19420923  8580991
19432721  453208
19432721  18814269
14823649  13188500
19429914  8776369
19439718  480214
19439718  8200342
14066679  7106548
14066679  963491
19435253  12564918
19438578  12435867
19423758  13836486
19440834  5100046
19426719  10448119
19431640  2265503
19441922  19088153
19441922  690176
438691  303006
19432247  9315200
19442246  177506
19442246  7408566
19441973  513832
10256455  6304450
19428029  3949226
10478413  6466776
19442533  690176
19424938  1203038
19430618  19355751
19432262  19410565
19442928  631783
19442828  4741271
19442113  9860090
19421027  2213340
4007023  4139219
19433497  7947180
19442460  13239972
19430431  1727772
19444462  2163829
19444462  7105227
19440013  7044521
5062266  1960782
18887020  5761931
19435309  8516975
19445795  5111992
19440360  1353901
19433472  10099158
19442152  60174
19446027  6343166
19445895  16749121
11967495  1139181
11967495  3026571
19425782  1115313
19429198  6180555
19431702  6512639
19431899  2906789
19431899  18698800
19446986  91817
19444336  610245
19422184  279170
19424504  6343166
19448723  3311244
19448723  1763894
19440824  513832
4651793  3495890
19434737  19414222
18190412  18068627
19449918  135443
19449834  4810664
19426540  2922954
19450080  12573816
19440226  4730079
19444494  8209944
19438203  4229534
19436910  3800551
19445985  4660142
19448927  747517
19447575  428884
19448822  17443201
19450337  7509626
19427597  5253127
19429450  15144964
19450914  3476642
19450928  8224459
19450171  11706067
19450171  6668826
19429561  13621934
18931338  495262
17425878  6875807
19444542  16656104
19447672  19446929
19452938  1545501
19452938  14789478
19450991  2131444
19441356  193896
19434362  19229393
19451816  13059083
19453878  16114652
19454295  2267362
19455347  381508
15121373  10905312
19441803  19429902
19448101  19339493
19394789  19394486
7879906  14580120
19449185  15766772
19456534  6270004
19456603  13234971
19449396  18423896
19452310  18870128
19442091  3401900
19457293  13433432
19457564  2842201
19457098  11275608
19437974  12914788
19441897  5210535
19451134  71820
19447913  8261946
19449009  3795263
19439434  7504421
19437596  7264014
19409057  1921539
19458376  7349689
19458376  111928
19459119  136782
19459119  12120433
19455521  11446838
19443762  4999396
19457811  3591497
19457330  2887209
19451003  12354586
19460465  2950338
19457221  4759248
19458512  10740265
19454123  7598623
19439730  653697
19460736  795746
19456556  8028957
19457987  4969082
19454853  6239887
19441556  19439525
19441748  18306935
19459746  1414713
19457964  1355817
19454463  5117127
19437576  11275608
19462466  13515561
19454286  663171
19457156  17434102
19457686  14255953
19331396  4267854
12622742  10905312
18293275  1011197
12084510  11687705
12198381  2390738
19463072  1643431
19463636  8028957
19463490  8028957
19463703  7175038
19457930  744319
19458866  9441557
19451966  42294
19456936  19454690
19462447  8510061
19462447  4713680
19463589  1357118
19463589  14735762
17462013  3166123
19191723  19181441
19465242  9720143
19464594  8322534
19465720  6424856
19465568  12769982
19465059  322597
19448603  79165
19464226  8055389
19463598  100003
19466833  11770451
19466834  5868369
19424264  4303590
19420832  9063100
19463020  509076
19464554  2021374
19465963  363681
19467159  13102045
19463265  153724
19448204  5093398
1970806  383947
12023424  11856766
19454751  6121507
19455473  1235179
19455626  12769982
19457172  19427632
19460013  12652761
19460502  950087
19462350  901712
19462481  5769669
19463911  285793
19464434  14144131
19465077  13063408
19465104  495021
19454925  5093398
11808030  14280535
18919996  9602657
19436625  2230354
19455070  18161009
19466747  17683933
19465510  14904776
19401967  19379204
19368975  17982880
7693663  7131909
19308874  3061054
19304844  10805745
19277758  13021667
17078989  17078094
19467856  513832
19466574  19234502
19468309  2738834
19458655  13046291
19428594  19316323
19463230  17705091
19469005  513832
19456660  19455649
19466561  19358240
4636356  2067786
19467202  218384
19464878  7050043
19463627  13729294
19471448  56708
19471448  3214719
19454717  5647461
19454717  813487
19470247  17536760
19470206  14917144
19469802  19469129
19470435  6578986
19468291  19467747
19468343  3676796
19472083  2424343
19465444  17599753
19470789  1625234
10900187  1513470
10867370  251705
19453160  3154362
10846740  6015006
19458144  6390600
19470423  12105947
19471100  279170
2561104  1363374
19471111  2247842
19473344  4488667
19473344  5445283
19469338  381542
19468873  2803852
19473876  17542283
19467169  6167805
19471793  91384
19468639  6447045
19468639  10921809
18672780  2701910
19348842  262351
19460033  11102023
19465159  1854556
19467887  12868003
19467887  14808908
19458130  17166074
19467102  409286
19452373  42294
19475130  1111078
19469086  1627925
19463594  17229514
19475438  3421576
19470557  19466749
19475085  2973202
19475085  12769982
19474171  8469767
19404328  8904206
19472795  14232718
19466525  4610524
19467254  10054406
19475951  7232603
19474543  19474324
19023958  16853909
19051512  19051048
2174213  2079788
19068634  19054923
19477408  60174
19101419  18951359
19475230  3922606
19475090  17661078
19479761  513832
19479875  2973202
19476176  4817651
19469872  12911504
19480716  526556
19460890  19430727
19474374  8610571
19477612  2318347
19479751  3354453
19475666  19172677
19476785  311775
19465518  15555406
19481327  3695813
19477559  13840429
19470966  2823733
19477465  510357
19479857  10358583
19483471  1132941
15540642  9712605
3004515  2201917
14092479  206384
19484412  2425728
19484606  3921866
19481724  2973202
19423491  15298232
19415336  19020329
19474475  19474000
19421044  7191898
19474791  19435788
9509603  8876130
19480057  493386
19372144  19366882
19367378  19339565
19365367  151777
19353468  3156389
19299980  3606596
19295561  19210135
19288463  1101380
19476196  18744960
19476243  5238491
19485434  40480
19461213  153724
19476872  9481865
19485407  7056749
19479948  4562012
19485710  13069304
12517328  3854059
19479512  3726505
19109729  19102366
19480501  885009
19480501  4932282
19488317  6441218
19477981  3299972
19486761  7549306
19484263  180158
19474430  15112125
19484155  443980
19485365  9310501
19477305  1951174
19481684  4831296
19490174  3300680
19485318  19108843
19479424  14798262
19491801  8201393
19489877  12177134
19487985  16909063
19485527  19485298
19490834  12769982
19490834  14396996
19491264  1794951
19488454  3122529
19490797  1688099
5441107  12154190
19485003  3451847
19491421  4543228
19474641  19474495
19493651  95910
19489567  19342149
19493873  4469717
19480112  262351
19490552  13860194
19494675  8579861
19491075  19488318
19492092  9937222
19485033  513832
19486020  65035
19489222  5098688
19494541  223918
19492704  3567501
19490058  200640
19490533  664700
19495662  2973202
19481066  1442527
19483468  3327848
19485832  10859024
19496322  2255861
19476790  5483319
19491922  16707397
19490975  11625152
19490975  1043339
19489882  5936403
19493628  6519847
19487590  5273729
19496825  7459939
19496825  3683602
9102551  9101795
12129047  2895039
19495501  8508749
19485924  301160
8198811  8675206
17698689  8675206
19492237  18888266
19488038  6907937
19497879  1132941
19496471  12006273
19487706  9109261
19492388  11787665
8741107  703396
19495021  14164371
19497724  17160162
19498732  18581002
18384964  38549
19489229  15149235
14204905  703396
19479839  19480701
19478180  19475668
19426819  9381495
19484550  19484825
19498194  6817456
19111813  12722490
19488320  145154
19500029  18453145
19500029  14936539
19491916  2532729
19499481  1197417
19500226  1826159
19485260  11426219
19498134  5210535
19499976  19498656
19487774  3153546
19493164  5427656
19485386  5569867
19483989  11920156
8542758  19482076
7579227  1056728
19479560  8466744
19498068  123999
19501929  4799669
7817448  4842612
19122710  895548
19140497  19131771
18361374  12987648
19492585  19399782
19502483  203198
19492342  7223555
19492958  65512
19503083  9138790
19503200  6748654
19490251  860966
19503624  3062154
19503700  4166195
19178033  19178470
19174455  19173499
19187626  356578
19481133  40480
19324138  2299981
19483783  17311075
19506295  2084508
19501573  5364928
19493368  16683720
19500327  15389421
19503036  1255717
17190444  16611531
17196586  1760614
19505050  2029976
17202492  1433204
17202492  2840205
19504400  17364127
17220244  4677668
19507029  251391
19507040  19487150
19504567  1827058
19337880  12648244
19507919  6886416
19418539  16633270
19408097  3933614
19503906  1732348
19504745  31127
6851399  19482076
19503196  6803016
19502902  9010420
19504729  5997027
19504729  11950819
19506320  15195220
7375427  513832
19508731  541954
19505158  6127980
19506545  7116019
19492858  2461667
19504371  3222810
19485403  14401377
19492687  582336
10577414  2095418
19496104  9326647
19496980  276706
19501712  5512013
19507151  3642516
19511561  10444059
19511561  10913362
19499893  7355187
19504209  6270004
19504387  19412799
19507280  8758752
19505667  18573059
19503878  13246597
19504282  3698740
19510840  19510143
19511616  11047276
19514973  5997027
19514973  1594985
19515684  248693
19515684  4910313
19509699  5734443
19510002  11254009
19510227  4803227
4035719  269578
19516243  10067465
19515998  4506078
1273108  1143796
19517073  1568091
19500395  19499680
19509242  3297867
19516832  610245
19517317  3394835
19517317  5239856
19490246  9265062
19517508  434761
19207041  6693499
19199907  4691782
19105358  17982880
19088331  5183251
19086187  4018849
19001020  8028957
18987532  4740979
18890394  14190877
9291203  9265062
16672903  7774474
19515014  11877025
2328483  11408427
18831362  4691782
19511007  19510143
18750909  18752610
18743115  5183251
18721253  15700347
18619583  4188605
19500267  218384
19500267  2173191
18575401  18584687
18245561  10805745
18103531  2991110
19518910  2418473
19515723  2928827
19518671  336859
19518002  819802
19519825  1414755
19508921  43589
19513582  1993841
19520186  10543960
19500080  12170261
19519505  3350385
19519042  7137990
18217279  18218655
19521346  19298778
19521346  19210935
19518571  12024674
19522709  3127429
19523179  1078677
19522276  7266218
19469536  3262409
19508909  19498208
19512645  3754786
19519307  2369541
19518639  1692447
19515395  9809475
19525522  1839422
19525912  949433
19522808  6605262
19523175  19061243
19516134  7276036
19518950  5672958
19516623  209905
19526493  4009013
19518323  2356137
19526338  7056749
19519608  11790214
19266992  2210814
19514536  495021
19523158  8863509
19514858  8119366
19522061  18746929
19518027  6731303
19525923  15635630
10339338  19488357
19505641  19503166
19506493  6343166
19506493  5150637
19514851  1453333
19516142  5131352
19516657  4002462
19517004  8185747
19519522  19518978
19520059  5994957
19523273  4457492
19528799  13978309
19510902  15615759
19528343  3577641
17304459  2813241
19528835  3699147
19528347  1177449
19528347  202243
19492799  19493061
19529616  19528471
19519880  3012203
19528847  5738170
19524150  8004645
1248843  44046
3297867  3052442
19523019  13508995
19526359  6729605
9894106  7672153
1608240  172888
9074213  721155
19530870  513832
19529348  3052442
19288801  9452935
19527915  18107236
19290851  5157377
19288166  19288522
19310008  19217203
19532766  949433
19527294  8888526
11097612  10596132
19520884  6712587
19528267  9625110
19528502  3615721
19531833  19531620
19516909  1462881
19516909  6115896
19515967  17492269
19523312  4261133
19534943  9620586
19519925  13197702
19518066  19516707
19528367  2973202
19528272  1245245
19516407  14014074
19534716  4189807
19523369  19522121
19535594  7327326
19507462  15691390
19536342  8723026
19526761  3108591
19519534  664700
19525675  1033898
19528229  17214741
19526266  686439
19524255  113045
19536733  1069666
19536442  8579019
19538553  12769982
19538553  2973202
19533729  9407834
19533990  5323502
19229802  18785946
19536153  16062899
19534608  17364127
19527111  15796414
19535419  19448374
19533532  12683833
19538809  5034160
12219930  12797550
2684296  2157089
