19909783  18093928
19667630  19351400
19604173  19674898
11942527  6430448
19916408  13325458
19919102  6729605
19919314  1952464
19919334  3676894
19919776  6270004
9336680  457629
19679384  19699005
19422719  19172226
19268860  19272669
19778308  153152
19798495  19561982
1505347  2324549
19828015  12124793
19828015  7209110
19855162  1285294
19829411  19831958
19869609  14224666
19261338  2393179
2812587  5865069
19873720  19874387
19885523  19886055
19884741  19886055
5099847  1712713
19912749  18347204
4969082  5256533
19915350  863991
19902936  732864
18023141  1745105
19899549  15335003
19859556  19854848
242318  55517
19895010  19847352
19922079  359494
19922079  11234575
19916292  659796
19810484  14102955
16929690  6343166
19920036  588623
19918920  6270004
16984104  17919733
19917404  19866524
19922962  6143107
19925426  240178
19924632  13726894
19915252  573679
19926353  2716755
19911772  19899882
19925047  5439529
19922853  60174
19919363  18711100
19930105  1643320
19925243  5875414
1219268  491375
19923387  7729133
19930818  6112075
19927232  13717355
19928650  19927679
19931081  1086380
3360320  174193
19918728  17659603
19918728  6374860
19930948  19928159
19921371  5058798
19931768  2760924
19930115  14338997
19926777  3422673
19927290  9115479
19932315  9963147
19925262  8028957
19932750  298976
19932750  4478464
14290603  311165
19927369  2920416
19932703  13790098
19926817  2982498
19934474  666525
19921903  10551955
19926726  4261133
19925736  1801907
19928976  346770
19937148  513832
2718060  456403
19920250  5334329
19926701  11959643
19924138  13247497
19939478  685206
19928306  15179288
19938951  40480
19939876  949433
19938482  334518
19933667  367884
19933667  90871
19941088  17256182
19941088  203739
19941311  3207365
19938221  2193457
19896167  2672776
19927509  9590885
19941198  8710619
19926451  1076854
13815384  925423
19937145  3778200
19935983  6741519
19940314  8487986
19941542  19940772
19939721  16529914
19945691  8228281
19937593  7056749
19940812  12145379
19920322  10899384
19946293  16390294
19922122  8875818
19947564  4685500
19948049  3158730
15312783  15310233
19932946  66919
19928582  2851404
19928582  2802055
19944219  4280831
19939734  4634993
19948848  151969
19949433  14971123
19937009  4660142
19938549  308695
19938549  12939370
19936170  3232965
19936064  9735604
19936064  1686724
19949192  17508174
19938135  3804572
19945127  7317860
19951590  1686699
19951338  19950477
19952213  287474
19952419  16959576
19938436  19527962
19951963  19924272
19942318  16693011
19952598  16789832
19952598  1958563
17540208  13383006
19953674  3700042
5984627  5168471
546017  1196074
19951146  40480
19949010  19929220
19954751  1014861
19950561  778952
19948511  16254756
19943110  9137798
19950639  5134952
19951399  3385
19950871  10913397
19951820  19948526
19949674  19946177
19951943  19956462
19956336  3110088
19955818  2973202
19955818  12769982
19955818  6045476
19956193  7355187
19891030  19934174
19950924  9249097
19954845  2315948
19957334  495021
19954555  19930948
19953814  17074365
19953814  17794037
19909073  2973202
19957342  10964627
19953440  2939147
7223177  19932947
19275513  18834275
19959055  2944297
19959055  11305137
19959055  1685860
19959731  15024933
19959731  5117132
19959731  3130311
19957903  12980052
1605520  1196074
19959518  371875
19850650  19846138
19402544  19388575
19642455  10768267
19957085  2081932
19957085  9292383
19862050  17010499
19915384  19914498
19950013  18198517
19951099  19682956
19962100  17859898
19940484  16282083
19961267  19710758
19963820  4774376
19960724  3177733
19964080  1132941
19955143  1625234
19914368  19913876
19949081  1760525
2599919  4569123
3595685  1196074
19953343  19953080
19964607  3730510
19964652  129178
19961390  1056728
19965242  11950819
19960444  3212919
19958804  1513849
19945856  8202810
19947999  200640
19954699  8548012
19959211  19621831
19965521  1449035
19964976  19051550
619677  9926
19858500  4193185
19936261  19234470
19928109  11339186
19958079  1347794
5163829  573958
19953483  4410704
19953117  13197686
19952844  2973202
19967872  10495373
19963219  19939886
3258638  1139762
19965895  513832
19968827  322715
19967634  9742777
19963633  18337767
19904749  19905275
19904749  4638832
19959684  14784630
19968432  18674255
19968181  19967634
19954818  5435841
19967304  513832
19967304  995918
19968294  4146647
19971299  8082932
19954253  880581
19972670  14220321
19186089  3867574
19959632  3292684
19973825  5038950
19974253  2620270
8814021  2761823
19969010  1525301
19959467  1459377
19959467  742764
19952350  12769982
19952350  2973202
19969852  19969518
19956140  1786418
19968464  1960473
19972709  19938436
19970282  19931051
19978877  1144783
19946241  2973202
19961869  324935
19800612  19800029
19965871  13104800
19973963  757023
19972153  19723811
19964232  1704407
19977051  2846301
19977051  4558761
7848766  3339722
19972007  6852012
19980084  13382993
19970114  2750216
19976592  2480288
19978179  8400711
19970076  1023306
19983043  3648157
19961289  10881988
19979832  10338234
19973412  9363072
19983921  34512
19982380  13449983
19983569  7116177
19962250  5216326
19965049  5942760
19978391  2309970
19985334  19965049
19983430  1153465
19969649  14020764
19986635  7027288
19988088  6561667
19986416  9335169
19988691  19970704
19988820  19751556
19978059  4356289
19979406  7506844
19982173  513832
19983438  7304257
19983791  15452255
19983791  3255
19987438  14766194
19983803  640642
19990065  1314743
19990065  2937273
19986300  5137497
19984417  4312439
19990781  513832
19984040  2944822
802765  802978
19976218  5134398
19972367  4931167
19989990  111102
19991452  513832
19986569  3889816
19989810  19989033
19988381  19986728
19975662  6510550
19972095  12367828
19977212  15427422
19991866  19445317
19988474  17810582
19993083  171251
19991953  8547778
19977867  857571
19964758  19960410
19964758  6691272
19925601  179123
19925601  10153760
19978241  6261956
19981935  14678434
19988246  905542
19977251  8225522
15974995  16013549
19990799  9457835
19992833  2973202
19979481  9431975
19992298  19967495
19990714  13942701
19994249  4921150
19965333  1195826
12406197  12095339
19987439  2188049
19986735  10315526
19983439  19865276
19988364  6471386
19452726  19412515
19826181  19412515
4593235  489861
19979313  9327053
19976315  6682239
19996116  548986
19830477  622140
19994494  2286312
19995185  7949901
19996672  6553225
19985404  19984189
19995853  19995004
19997181  1999020
19997181  4660142
19997272  3225891
19978730  1132941
19986533  19985758
19980725  550905
19987575  1008802
19988266  2391669
19994858  2120544
19980622  9152002
19975539  10708982
19982064  5118927
4477625  3778217
19982866  301134
19999387  9508518
19979564  3753869
16020321  7107972
11345518  8469112
19999798  19993199
19999798  20000655
19993349  5117127
19994477  276957
19994718  12004603
19994718  12598120
20000655  19993199
20001688  20001427
20001774  2068372
20001048  19999883
19988979  8199067
20002244  36901
19999824  866583
20002786  91362
19998864  5234143
5906061  1394020
20001889  9711454
19961015  19940513
20003260  15668880
19997951  191881
19984712  14709447
20004064  12245213
20001044  11097064
19996543  19995093
1077347  826948
6788881  1750997
20002495  8066109
20005617  96759
20000750  6162401
20006321  6094575
20006321  12812773
20003810  123559
19999376  19995004
19976047  3923826
20002165  17074365
19993288  13113096
20000208  6353168
20002896  1675366
20007031  6605262
20007408  212358
20005351  2177781
20000628  5402925
20008223  14220321
20008430  472418
20009372  1073919
5868994  10407159
20009863  104674
11362608  4995057
20009738  19990096
20010635  312443
287085  36901
20000776  1458724
20008912  6159900
20011236  3577641
20011236  3711357
20007646  11870207
20011329  513832
20011986  10773591
20011779  1911015
20009286  7584489
20005535  588004
20005163  4130922
19993817  509211
20001266  1650249
20012325  10910913
20014102  20008721
20001541  18324018
20004357  60174
20012251  1625234
20012565  6270004
19928131  19899726
19974549  19984456
19997852  307438
6165426  6155612
20015305  5341202
3394835  36901
20004676  7586858
19997353  7475425
20013991  8432584
20009795  2944251
20016110  1163879
20016224  676824
20016884  6509656
20017459  1535697
20011499  2098145
20018102  8425593
20011060  16151295
20000130  8491687
19998980  11649151
20010333  383947
20001054  839973
20011282  3534956
20015873  19929872
20018515  6300941
20018891  17966700
20018878  3009380
20018745  4112088
20009946  10706357
19476559  12986281
20007600  19782314
20004794  6196923
20009515  19986748
20013778  2315948
20014618  5199630
20018173  826948
20019149  1484347
20019718  8356923
20017531  246007
20001750  10220069
19857739  19834494
19815045  19834494
19810991  19834494
19808306  19834494
19787660  19771725
20002503  15112125
20021174  8988855
20020927  8118009
20018283  441196
20022309  1014295
20022105  19900597
20023154  513832
20021273  19821214
20023384  513832
20023384  995918
20020952  1395652
20023840  15029925
20024077  13570229
20022327  3456138
20005368  13635288
20020571  2973202
11733981  14643406
20012123  17536504
20006718  5508869
20024572  4172722
20025295  6729605
20021397  1188129
20023226  2845323
20022108  513832
20022679  10663184
15419725  8505228
19528334  15639779
20026827  1541797
20017653  113829
20020658  1732348
20019198  16614943
20021066  11787810
20024686  2325777
20019014  17
20026329  9603878
20026446  4799651
20026560  137933
20019904  2249905
20021501  5605125
20027708  19980840
19874930  19871870
20018629  403256
19989281  17857712
20016669  1197005
20016669  17213000
20027083  94456
20028230  4766158
20027207  7486085
20020632  18295309
20016471  19352107
20026830  11588752
20026494  3082716
20026494  8735365
20024777  4660142
20025746  1518522
20025746  18827897
19601981  13569610
15082375  12107739
20022705  1026841
20014756  513832
20029330  20029048
20029428  56411
20015118  1102891
20025498  2315601
20019826  20009174
20023668  10153272
20027827  7056749
20022931  8028957
20023761  5419
20027238  246127
20027238  3263873
20028635  1466408
20002750  79126
20022601  6412032
20022601  11425559
20030370  4176328
20030484  1481137
19979954  8668174
20029639  14928238
20030641  2047337
19978653  19997312
20021145  9397944
20028105  5741187
20027271  2177781
20032626  14414430
20022765  7396469
20032897  20032530
17828920  17820492
20033225  6270004
20014546  4860788
20031089  3519939
20032086  7221620
20029721  6255424
20033601  7343833
20032212  3577641
20007469  11269766
20033813  4261133
20034332  12963508
20034332  17107576
20034858  5311465
19951816  2612802
20028079  311165
20028079  321370
20019704  7546224
20036044  14610744
20027964  194397
20034827  4529815
20036591  20035865
20036225  10704808
3823921  105252
20011295  14354622
17896507  14354622
20033858  18817136
20030732  20030425
20034484  249192
20033120  1972983
20027385  20031511
20034260  513832
20032890  20028237
20028175  1280767
20026968  614671
19214537  4166195
20033201  9490058
14938012  14771631
19992229  2370015
20035947  16069106
20034704  2629357
20029314  2612802
20037072  19343133
20038464  560804
20032003  13840429
19940365  18794873
19931789  19919153
20023346  16344572
20030294  4715250
20040838  513832
20034691  7876868
20041084  4421400
20035530  14510280
19958812  10269456
19793356  2432443
2906925  2736389
19981974  358874
18856057  7695962
20020770  20021793
20021793  20022959
20041837  676824
20031814  18956611
20038440  19693388
20021669  19994663
20042123  11608549
20025779  20036397
20043306  568137
15841842  5107740
20042445  8122170
20042963  9883081
15819267  5161951
14978052  5161951
20043699  2763714
20039845  8053487
18948251  6369287
20036841  11407685
20040510  6654189
20043379  5621690
16900247  16814329
16431602  10317974
20036999  4177803
20045254  17484325
20045254  2801878
20046926  20046391
20047229  970039
18797572  10203872
20037699  10121677
20044728  9158238
20041128  3775141
20048743  13958061
20033089  16017165
20046262  2236807
20046076  2274102
20046076  581878
20049878  9753346
20049755  618535
20037599  5895908
20050090  19767084
19767084  19557199
20039141  1575141
20050598  290884
20046527  26305
20051213  5940225
20051462  324486
20051462  1098349
20051469  986180
20051469  264747
20052245  4543336
20040753  34571
20047815  1280017
20045775  18524
20049923  5544885
20052684  8233388
13735116  8263293
19716969  7485670
20045798  3014587
15251030  9134686
20045874  20033490
20054488  8028957
20054298  11700598
20054298  14919019
20055760  14220321
20049801  541912
20043120  20006075
20050882  652549
20051254  7497404
20052274  385305
20040823  16624041
20036760  5210535
20044400  20027998
20056787  20056363
20052755  18233874
20054104  1661273
20055041  1451009
20056936  2136837
20057524  2066088
20014455  19180467
20058307  2612976
20058725  4639372
20058725  17836273
20050059  5874652
20046911  2162495
20041302  824349
20060307  5781362
12896844  14107979
20048558  652916
20061149  6579844
20056293  581521
10034867  4903784
20057114  19620225
20057565  2520357
20043406  336605
20048287  6675066
20056613  2073235
20056613  4265988
20047633  7054795
20048611  11026487
20062651  20045162
20054542  1005523
20061242  11922383
20059738  8560395
20063408  513832
20062534  8028957
6433712  3012899
20062246  649209
20062066  20038225
20056496  3040374
20060497  6333711
20061324  513832
20056167  5426974
20059522  18245293
20047516  17197353
20047516  18499633
20065717  1174976
20056967  14971123
20055201  9247093
20061817  513832
19834756  6616332
20055414  10886814
19979354  13042461
20053006  17742858
20065202  20064807
20064132  40480
20056591  4201127
20063617  4570366
20055800  750486
20059929  8748425
20063382  3482742
20062873  8028957
20062873  20062534
20063128  2559527
20060255  1432245
20061128  8189466
20065474  19226816
20070489  713341
20071233  4362734
20052174  3667304
20069467  20067551
20073283  1217228
20073244  5773405
20069867  6476360
20074180  4176328
20074180  949433
20074612  136782
20074695  1657883
20057855  17414776
20071043  8304436
20065785  8337585
20068601  20067628
20069440  575475
20063205  513832
20065268  20047610
20075598  326098
19495171  470542
20056346  16422892
20073557  14220321
20076167  419019
20070759  20070063
19836910  19899431
19684994  10014187
20073195  750486
20069127  8939813
20073981  20001017
20069539  17587094
20052631  1821871
20078093  1328036
20071176  8684551
20078224  1065435
20076907  60174
20074015  8331688
20074395  7515582
20069308  12630696
20079465  3737139
20061299  10848
20071332  20020442
20073995  7648123
20070921  10974241
18799918  18041267
20064712  2207059
20065933  8269982
20057227  11089825
20056834  3661025
20078080  7304257
20063375  17794037
20081071  3313479
20077911  5458048
20077911  2136837
20080409  20078541
20081551  4589951
20082112  20080520
20073964  19923926
4333341  2969870
20078543  5263055
20069222  20046053
20064248  20046053
20082482  2973202
20082482  8013526
20077513  82256
20081217  3735095
20077127  16947337
20084056  8702840
20083764  20081924
20083858  20081924
20083858  20083764
7702433  7701952
7710647  7709443
7935695  5140538
20084875  513832
12660274  11847021
20046506  16692887
20082426  3052442
20078518  513832
20063301  3038033
20076005  10269300
20079291  19692069
17285205  17252365
20085665  11036278
20084939  867365
15045211  473099
20076062  2263896
20087340  11227809
20085847  3475750
20042721  2490875
20064071  736120
20068542  17984958
20070701  6564794
20072322  2315601
20079932  17988022
20082256  9984196
20083024  203198
20083203  10851273
20088234  2471605
20088009  3973431
20089053  20088200
20080225  12670148
20089256  382676
20089086  381542
20087301  9755458
20086660  10236166
20086660  1605063
20083259  1642698
20071887  7975981
20072696  732832
20087369  7056749
20091437  502494
20094320  1436424
20080399  164194
20085287  513832
20095033  6048600
20086355  4172677
20082978  720482
20092530  164979
20092211  4652454
20080900  9399509
20097101  14523348
20097457  2157963
20094394  605845
20096313  2400935
20097913  19749476
20098014  4770297
20098014  466345
20096499  301134
20097180  1490754
20091110  20090548
5815757  8228281
1304469  9452701
20095963  492994
20092756  2615833
20093853  236129
20094173  4577268
20095209  4226747
20034146  20094284
20098293  6343166
20095911  20097702
20097340  612131
20097340  4394491
20100091  20057697
20099915  548249
20098597  647260
20100385  12294071
20098686  7738938
20081039  6343166
20086457  6343166
20099975  4356363
20094411  5121732
20094411  8294540
20098498  17130382
20100650  3577641
20099200  3132021
20099771  5564423
20098170  1439779
18394532  18247778
20102037  3024197
8917067  898307
11707568  71323
20101058  3630664
20104596  949433
20104596  4347010
16460397  639854
16460397  913841
20105029  11312316
20098128  477572
20104885  20103154
1228675  898307
20101252  7826992
20102864  16829746
20106797  2315948
20103428  9481865
20103428  6064510
20104537  4929251
20100575  10585099
20092388  4773632
20100445  6977544
20098512  11562196
20106621  2632520
20047347  15112125
20099868  9132338
20100418  677419
20092958  2259270
20103740  15112125
20091760  12370498
20109054  363681
20107277  552336
20097853  3844430
20096685  8911322
20108725  1253459
20095685  1987694
20098563  19723811
20100285  3473438
20107020  5130654
20105844  218384
20107814  550728
9658231  8413850
6587961  1033507
20110966  433895
20102788  8028957
20110635  5997235
20109956  7056749
20105634  8348000
19894714  12231453
3801343  2486191
17158875  7056749
20109079  5577857
20111207  3595136
20111341  5096926
20108713  9237324
10712849  7747457
20101522  13840429
20108940  19863482
20112446  2301285
20103067  19898138
20111094  3140734
20109881  3325221
13006903  3543683
13006903  13009977
20044230  10289618
20108672  5740068
20110668  20110062
4846959  877523
20108176  17665615
20108417  7056749
19496449  2301285
