20111189  9060153
19966849  5253072
20108422  3434278
19966662  5066866
20108814  8603359
20100688  17873164
20098606  8013963
20095790  18186097
20108184  1138211
20109484  5689674
20108484  203198
19993659  19992550
20112363  6669254
20109037  123559
20112770  20112350
20108493  9024252
19076912  12176709
20100357  6714020
19705732  5862757
20107503  7027799
20111267  1096398
20108665  12030248
20108660  8271099
20086226  706329
20107522  10576686
20099648  10196258
20112094  17163144
20112445  10903568
20109439  442704
20111091  13398910
20115516  709961
20108211  5223
20110092  10748253
20115320  3018500
20115277  17145526
20102031  8701456
20117600  1690642
17269694  14362027
20120671  20115977
20121989  104420
20086011  7197418
19495232  123559
11313099  3225891
20107526  19072497
20115773  17155418
20122926  3577641
20122907  3247202
20121409  1089018
20123570  759966
20123844  1912501
20122192  7953833
20112503  312443
20112503  5083194
20118962  4020786
20124903  19856047
20116551  8152393
20118953  3289038
20124250  17907445
20119483  263419
17569383  11806208
20119143  614096
20127533  4660142
20127044  2884631
20105811  513832
20106705  6425062
20106705  750486
20107809  4018816
20116159  353379
20116962  901115
20118295  302486
20120383  2746407
20123075  10373788
20125073  3305561
20128229  20104696
20129917  6974582
20129725  6675066
20131152  13463346
20131264  5797014
20131642  367633
20131642  4176328
20131642  2129230
20114815  9758756
20132097  19673590
20133112  12769982
20127737  16095580
20129843  2832467
20132481  17035116
20133219  3577641
20117325  10145523
20113257  20074349
20134122  11636840
20104985  6366954
20104985  249467
20132169  36139
20131120  16959576
20129155  2973202
20133540  14220321
20133703  14220321
20119147  11982719
19629727  6673162
3417122  1916053
20122703  6343166
20134546  6670879
20120762  12677207
20135230  6083734
20137141  271526
5972805  229179
775387  6624811
16823658  6624811
20137312  150446
20134283  5386358
20021003  19847121
20129566  3422673
20115104  11329718
20137049  3578490
20132121  1687262
20135557  12667369
20133375  273943
20133442  48
20137906  5853014
20117869  6343166
20137234  3717793
20137234  7497404
20136946  1071904
19928341  7539954
20132933  5371089
20133453  13071967
20127738  141525
20136003  166221
20139228  4297095
20116639  8020228
20136822  8774425
20136822  3384504
20136291  179427
20135471  529085
20135471  18581002
20136330  3809401
20134939  20131787
20140204  7558837
20130269  14928792
20140047  4660142
20140832  828709
20132176  18343785
20132176  14303667
20134750  2818697
20132191  11312316
20141284  9766387
20123609  18940984
20126188  7036872
20142633  13599631
20125342  20126833
20137036  5805059
20139869  4892179
20137854  4398338
20146943  1604968
20106139  17049091
20144060  13378985
20127494  12720254
20131039  5562898
20138570  5082176
20147789  13840429
20145426  2386306
20144839  20144315
3108302  1175882
20146772  5031230
20146772  11226685
20144405  1262376
20148280  15779198
20130221  2973202
20131140  8243944
20145727  14245396
20146500  639815
20141804  14028959
20141804  13062246
20148398  1272828
20148398  19981046
20149728  1357118
5420306  5368159
20131541  3389348
20150234  9422945
20150221  9293700
20136181  19413677
20138056  319279
20140173  6343166
20140942  513832
20142978  11380607
20145339  19039022
20144935  2462773
20152095  11219791
20147704  105252
20152636  7663709
20132931  14698570
20131466  3976616
20153140  9101939
20150527  294138
20148128  17364127
20130392  4634993
20153124  513832
20143635  2167916
20089824  19939073
20036713  4222476
20148703  10646575
20153801  1188129
20149017  18059703
12615780  4284817
20152609  20106451
20142074  899514
20151559  624828
20154634  363681
20152372  586363
20146566  3575350
20149811  1627028
20150361  7053172
20151130  920306
20151154  17286566
20151775  14220321
20154515  1240852
20155820  3037725
20153424  20153779
972511  75180
20155147  2973202
20158516  36901
20146596  922476
20151144  279170
20155582  19151
20158881  10298794
19604381  14368136
20153750  402615
20147005  16959576
20148796  12769982
2004405  276292
20160132  10025934
20155302  470468
20155528  423379
20155401  20154844
20159441  16369664
20137866  203493
19852959  10110505
20157544  12240260
20159092  7165395
13702379  13692398
20144620  20143947
20161432  20161172
20159638  1608318
20161618  2973202
19897176  19885716
20162021  13223574
19392621  15157002
20156630  552579
20149781  5731224
20160036  11234360
20138829  102558
20155515  3076414
20160271  5911567
20160271  10438752
19961256  8091303
19957810  5208679
19890211  12245213
20163411  8519884
19778506  15367762
19730794  10749367
20163719  1764809
20160377  3694575
9509147  1204804
20156737  7438059
20162927  20162618
20143694  2091465
20154447  5891538
20164422  3443043
20162481  5287253
20163836  4261133
20160817  279170
20143604  4446366
1232108  271710
20153491  15865627
20150941  312443
17586139  17521157
20112389  4080719
20156705  18972994
20162137  14220321
20162137  1225667
20157900  2550796
20166768  20159107
20155384  2129230
20167108  2600191
20164648  520328
20154486  2480521
19939767  20166556
20168023  312443
20167799  2023032
20167799  2522299
20152652  8647248
20161671  3577641
20157896  185844
3899971  16710800
20161214  10110505
7460836  393053
20164172  842817
20165848  2167916
20158841  3032726
20166832  3995940
20164646  4463441
20167766  513832
20165804  12769982
20166312  8028957
20169217  18082
20166789  60174
20155070  9887364
20167874  20147923
20162359  1888863
20169355  6511913
20168085  12769982
20169069  15212126
20162671  20161978
20169397  10268583
20171407  3219393
20170207  12117576
20161462  3840066
20167329  6333681
20141906  14634349
20032266  1339917
19993242  20007181
19981939  16435629
19987363  3321492
19968434  19968153
20163229  60174
19961774  8082932
19957193  19941614
20169475  4672223
20167378  1335507
14152712  192249
19922297  19905052
20167495  14992521
19890450  303216
19880094  166630
19843155  1729824
19838369  8853788
19832551  19830045
19830232  2657935
19828663  17871833
19805948  19805027
19793149  2730766
20172417  495021
20170907  20170507
20157773  2187704
20157773  795746
20169108  4159802
20162092  3063436
20172434  9964371
20172434  9450391
20150401  10692653
20172280  3586169
20161601  2490875
20166696  20165157
19851219  19855137
20145336  8201760
20167753  20167181
20160275  2784514
20160275  7776822
20173035  15157759
20173035  5798916
20173223  15567194
20171804  17678881
20165071  16336643
20164755  65035
20170497  12423614
20159649  16999343
20173188  222557
20161487  513832
20158311  19217353
20175636  17047454
20161588  20161389
20164191  7221930
20173488  444591
20107870  1744091
20160707  513832
20163904  18506374
20170152  67219
20174595  20002503
20175936  433895
20177924  513832
20178000  4085959
20177946  513832
20177630  8947579
20167586  16376191
20171490  8139232
20176035  4603850
20170571  14600489
20179534  4660142
20164205  4677237
20163440  20029615
20176484  20106258
20166144  8842504
2904283  2901694
20164602  4701887
20180001  513832
20173984  6041418
19553387  10519873
19494243  7962267
20179601  6232045
20090067  17447817
16126664  16710800
20177279  1398582
20180413  20179185
20179252  1268397
20177945  19460078
20174975  15599303
20173954  1630169
20182922  1959744
20182922  6688223
20182922  13058458
20163287  20161960
20183334  1085709
20183334  9196723
20182151  12633627
20179615  2973202
20182437  454854
20173782  5229906
20182268  5940180
20123578  20061202
20183134  1248302
19944841  8853735
19915784  19913470
20183895  3546160
20180387  11812494
6306046  5214686
20181208  8068807
20176095  13925454
20134101  3505701
20181708  17642535
20096443  5942760
20074047  19614314
20061469  14755425
20172758  6065096
19792860  7604785
19726373  11369360
20179869  13840429
20185217  391979
20174161  19861407
20182698  8993971
20157595  285793
20182839  3197601
5268757  2926317
20182725  40480
20181714  19732387
20185713  4176328
20179307  17364127
20170412  15981167
20185954  105034
2696692  729921
20185903  19353808
20185903  398395
20176767  16581560
20183449  5748656
20180406  5449526
20179801  2934312
20181817  203198
20187089  8927558
20183986  3642540
20181413  2076299
16860374  1833261
20087952  19348207
19936379  9402546
20177234  20093827
20184011  10217014
20184011  455346
20184604  513832
20184779  2016844
10063289  18525179
20187345  20185722
20126400  20016630
20183406  11904159
20188695  12722095
20185663  3888902
20190302  153724
20190302  8911356
20186261  3055477
20175463  20010882
19334215  19262805
20192771  13291554
20192341  2439984
20189814  419163
20192487  1176915
20191967  19978658
20163750  10200281
19383107  81448
20192950  1867861
20173293  18980915
20185353  14457303
20190090  3566830
20192903  19737230
20192675  208493
20194124  1395551
20189183  13812014
20177898  409784
20190223  9195615
20189921  2180226
20194166  3750590
20193806  323314
20196176  9
17242207  10763440
20188563  4234612
20188605  20188418
1237951  96882
20185050  1294701
20196152  3864179
5211194  505928
20196771  5818513
20192935  20192294
20190383  7355187
19282897  11979017
20197853  9285451
20192904  11958825
20194167  7926577
20196084  4018924
20193716  20165134
17170807  9381926
20119152  14514522
20150845  7276903
20175240  3473168
20175240  12234430
20184683  20184041
20196496  5835386
20187737  3151330
20201319  203198
20195391  4660142
20201095  7650426
20199470  1080247
20200831  20200040
20200831  2930870
20193224  19951850
20202315  14206768
20202036  4680932
20198279  1168345
20203090  513832
20193824  9835881
20198987  20198125
20201466  889333
20203900  1732378
20202821  2860226
20193236  20194222
20180258  1426954
19794331  6795030
20197162  7352493
20198213  187273
20204355  5901624
20203139  513832
20205277  20204633
19793433  18967944
19785839  19783393
19768983  11953185
19766085  8389155
20204001  3927402
20204001  3166563
20201162  20055321
20158358  12813679
20206471  3130311
17482012  14040185
20205479  9446109
20205837  277055
20026281  3724757
20207997  8759868
20208320  901115
20208605  40480
19659742  18935288
20185597  18310332
20192780  19896870
20199410  20198498
20199410  18310236
20199410  8868123
20208736  1139181
20201301  20200500
20208831  14784048
20208646  18458424
20204988  3875184
20207581  10738623
20207581  18805874
20211751  24853
20208052  20207386
20211619  8138411
20207126  4544256
11868656  4197013
20212688  598672
20204685  12395200
20213918  358397
20206212  4012998
20163470  144639
13448663  1101380
20193835  17301589
20194539  20195407
20196644  15079216
20197205  20193555
20198221  2012208
20199564  2025585
20200610  6921295
20217239  13376219
20204503  578190
20217174  9481865
20211648  504103
20208714  20144198
20217881  553240
20219264  1661273
20218373  1688099
20220541  201323
10767803  577904
20219889  20219594
20219469  9194147
20217314  266115
19176179  18822619
20221553  4567868
20208197  19187192
20219021  784929
20216735  1437964
20216735  333737
20216807  640347
19201596  3415232
20220162  1992536
20218778  1382634
20222682  21593
20222682  3162030
20220439  198199
20218243  9688870
20218243  17002775
20219470  9834882
20215505  20210516
20220101  36932
20209500  20192398
20218294  15359039
20218194  8397049
20223189  527766
20221181  7416170
20219733  3362474
20215458  2316111
20208568  11616001
20218903  5573310
20218903  20218098
20224645  15183576
20224645  8505916
20223434  1626573
20225523  123559
20225161  4329806
20216695  6184940
20157569  20131487
20218537  5687341
20207450  13867737
20226285  114543
20219855  5836335
20204702  388461
20185255  1141979
20217824  255147
18455066  1612733
19824038  46155
19682877  8353900
20217371  6633523
20047611  14220321
20206050  14220321
20206050  1225667
20205693  492809
20204318  6759416
20202894  13213978
20227005  10334688
20227005  5742032
20224434  1668117
20226110  15112125
20226110  20002503
20225425  1459656
20224622  3158629
20226732  19620225
20228282  5078239
20229167  19898452
20226200  20226462
20226997  20226462
20230097  138600
20229520  20228077
20224449  15913832
20208066  491177
20208066  12483420
20221959  4348802
20226447  2936914
20224742  513832
20224742  1643067
20227422  12475269
20222479  7389637
20226639  4261133
19086372  2382490
19125796  949433
20211852  51224
20225029  3024197
20216048  1359240
20216048  20233055
20233719  12769982
20233659  5193842
20231219  2560411
20233169  20204918
20231476  9389187
20231476  15544549
20232716  14513067
17627398  2225737
20235832  8816792
20234168  11525408
6513808  2225737
20230578  3951454
20224816  8005748
20235814  2232147
20237786  112503
20236152  11922383
20238734  1303145
20238734  104674
20235192  2595392
20235192  14216384
20235611  5721724
20231100  1014005
20233141  9447492
20190598  16771086
20237996  20237495
20231582  14069629
20231511  20045162
20070518  20067998
20231592  9912469
20235052  356809
20235675  3024197
20229364  2649334
20239658  17364127
20234464  4597690
20234808  11939939
20239964  5210535
20228829  6734375
20228839  10126695
20232681  2808796
19829183  13249610
15796400  2416486
20230057  5961000
20228280  2973202
642897  112503
20228037  14220321
20231430  1554099
20238687  20237133
20240770  20237133
20241853  20237133
20227733  20226797
20227824  16088282
20244134  20233977
20224855  4604064
20242457  40154
20244227  17678881
20210114  20212746
20242238  6063755
20238040  20239143
20239595  3552195
20241442  19981190
20219439  20197741
20237977  7366775
20233226  11929715
20234933  12096338
20239772  316866
20247308  3869601
20236271  10026375
20235404  20234111
20248881  7159895
20248998  1533510
20249081  1378671
8381514  3373860
20249943  588004
20214774  3714600
19427986  10917532
20243662  14076063
19392343  13746410
20248637  5778020
20248755  9508518
19925459  1562676
19958656  12098178
20126684  263945
20249967  8039444
20251119  20155400
19659554  363681
19676309  4621995
20245300  3924753
20248076  2049582
20250699  7255383
20250699  12791501
20237990  3737139
20248037  893585
20244475  625409
20246965  6063755
20241771  17364127
20253509  211143
20253863  513832
20233602  8149142
20233602  242822
6929262  53102
20254345  20253797
20252812  2181902
20232865  11881054
20253050  767999
20256720  495021
20256271  20183001
20250977  7459939
20251740  381371
20255864  2037209
20250343  9192301
20251422  302839
20249751  12769982
20257128  2247982
20223565  332030
20252258  8906722
20252258  9455271
20257963  17970323
20254664  3980011
20258833  13967499
20255188  19621380
20249583  11369360
20259664  15078935
20260182  1555262
20254769  3809405
20257908  240660
20257983  3776882
20260764  949433
20260764  4176328
20258923  2074527
20256164  291455
19311724  5773288
20254600  2496668
6492420  2020088
20239189  1813853
20247198  3651662
20262159  20211247
20262181  513832
20253084  6343166
20255017  2939914
20253031  6929262
20247384  2785376
20262217  513832
19424612  19360879
20253858  779519
18479696  18828983
20259888  2378258
20264677  15112125
20250443  20233722
20253246  203198
19184278  9684866
18978437  17913505
20252697  8833352
18549557  17781425
20183230  20199932
20261432  11655112
20264285  2587709
20258020  16201596
20262161  8688854
18962307  8830427
20262194  11536764
20261854  3682748
20267298  20267400
20269792  5164972
20264025  12196539
20261184  8542253
20258850  20258411
20262607  7526338
10656636  7715978
20270302  396145
20271854  240152
20268978  18613562
20265952  11579953
20264427  2241229
20271012  6040515
20269719  4688123
20269642  20269047
20268586  5963099
20253224  5598181
20259506  19181834
20266887  872657
20264384  3131865
20270096  15647186
20272578  9290220
20273790  20269726
20268951  4538269
20168426  19727915
20253072  8021436
20268089  19618571
20269924  4989091
20271116  5052311
20271919  119107
20273835  6343166
20273968  974598
20274340  3443043
20273223  1182189
20274675  2342162
20253264  11532980
20274809  5007925
20274213  1035340
20273686  5113016
20275354  513832
19158980  8580076
20267402  4551618
9343193  8453887
18559473  19014907
20276128  11972059
20270011  4836710
20277869  20278002
20275040  198199
20274423  1860159
20275365  20274735
20261986  8544771
20275663  16645583
20279181  7074
17398954  5840899
20276511  1128723
20276511  20180387
20277932  2184513
19091138  1109061
20278643  1496682
17059430  9771435
20278790  178479
20260329  14220321
20277439  713884
20273159  20271442
19467481  11584749
20277795  11922383
20278498  4907843
20276645  16867885
20277914  4261133
20275024  20277161
20279673  11922383
20277010  4489837
20280278  359237
20277087  4243704
20266153  14442894
20277330  20183602
20276795  14028959
20279651  9655164
20279641  20236573
20279913  10211145
20271974  5602155
20244518  20271241
20244518  6933254
20281866  1225667
20282027  2223386
20282098  171400
20282212  4931892
20282212  366237
20262278  20088242
20284536  20282809
20279450  10966251
20273805  802854
20263731  2332637
19952074  3972727
20274165  17458894
20267143  19063365
20278712  1625865
20273070  9322773
20282439  442747
20274119  182287
20275647  7824912
20277572  19981190
20273928  13953085
20274868  6914912
20272889  20230615
20265548  647260
20264530  12297021
20266301  3413166
20272678  15385482
9167900  8855791
8892040  4259467
20265521  12769982
20267101  7896035
20277927  13952686
20271008  2384167
20276560  2790001
20268241  311062
16640566  16736856
20283150  16771069
20271416  10272043
20285964  3599908
18387773  18180598
20266661  7820298
20285673  2528318
20267626  98650
20287334  431866
20285482  3580635
20279127  6473679
20271790  7722159
20288193  4240080
20273640  15141762
20255122  3607709
20288271  199470
20284107  20205215
20284945  11605917
20289134  19320858
20266464  2422468
20289686  2614072
20289686  11715485
20272307  12661031
4947562  3168704
12552625  143997
20285741  14574045
20287598  20156171
20264133  15823983
20286565  20286188
8432584  3255993
20288609  9578748
20290127  4772425
