20583373  11332494
20580661  20580058
20560007  6383069
20583450  19987431
18225030  15346774
20583563  15024933
4816698  625799
20584381  3577641
20584501  20545959
20455841  459554
20583963  6343166
20581819  9033060
20344042  20343742
20353835  34249
20584598  10397121
20583581  20582706
20153077  10658799
20572226  20570802
20576952  3486524
20582802  14136349
20585542  877896
20578267  20576384
20499521  12091067
20582519  6609547
20586230  4081561
20585212  11661942
20585883  2973202
20586459  1609573
20576033  11855363
20583147  2108194
20587060  11340963
20587656  18176594
20587656  6008241
20577485  20573385
20588439  17890301
20070967  6564490
20587635  4339649
20590526  6729605
20586233  3628895
20588881  9768938
20586481  3093622
20587151  8028957
20588949  16142090
20344926  19695855
20590510  17678881
20490595  20489845
18889703  5210535
20589305  17364127
20589476  11321491
20586815  7250302
20586588  13272348
9980824  2061844
20582255  9993669
20591198  513832
19785174  2924440
20591269  1902311
20586395  17840893
20586624  7238023
20585896  10673585
20584452  19344737
20575065  20529510
20593123  2775554
20591712  5978510
20591712  51224
20591712  17503043
20583428  9661518
20517910  12535647
20592593  2577168
20586847  139655
20592116  20592292
20592292  20592116
20587093  2011304
20593784  1157425
20589400  1519736
20591121  12488836
20595427  1711990
20592607  20586565
20594935  1180606
20596749  20596481
20587908  5982675
20598021  4261133
20591758  20592292
20595153  1018822
20598590  11312433
20597534  409784
8284046  6615988
20589737  1869160
16168020  11805784
20596624  513832
20600018  3737139
20210473  2973202
10340396  4590796
20329218  4057236
20364447  3415232
20365831  20315574
20413547  20412785
20413547  13990173
20416868  1126726
20596180  734242
20591222  601900
20590853  312443
20595337  8950854
20596242  6066030
20591239  10333836
20601000  513832
20599780  1520608
20601244  513832
20593313  20592919
20595482  20594796
20597308  921789
20592792  1015766
20599176  20597844
20600992  20586201
20589996  4660142
20595922  1287950
20592911  15112125
20581549  7009055
20598971  20510221
20583879  1559751
20599250  11797680
20601832  513832
20602283  9694806
20602297  2490825
20371171  6166677
20592991  7244321
20384360  20359158
20598370  2614418
20432705  19272403
20169844  20341044
20449204  19507349
19387508  131303
20602377  2685388
20602228  492809
20602878  805547
20602590  9252543
20602892  2220916
20599562  20023346
20602473  3855914
20601318  218760
20598788  2245664
20487414  7926274
3733200  150479
20598192  6939864
20596751  20124472
20599742  15244094
20600994  171027
20602670  7337564
20603218  2089590
20603218  14752844
20601944  9814622
20601214  7888568
20593074  13327659
20603373  20603282
20584570  1105336
20600140  20598960
20599870  5559578
20600420  16427421
20597528  20595135
17513498  16576984
20588892  2779484
20585889  2381908
19551375  16244860
20604247  2973202
20603782  4772425
20604024  36707
20603864  988158
20605072  588004
20603282  20601590
20605020  20604239
20604326  20514785
20597790  14220321
20605294  7457730
20604030  4825683
20601542  20603507
20586480  10557441
20595222  6441218
18859312  12502122
20602189  6111298
20589650  4163876
20576458  14621450
20588435  4442518
20591033  4660142
20601991  2613800
20602623  15003825
20594844  8704769
20604654  7419381
20604221  20175340
20593575  11479185
20462874  1362531
20597111  20596546
20604097  20594721
20605703  2286312
20587852  3318333
20605554  3336637
20597182  14427520
20596883  20519994
20593279  15322342
20604583  5975988
20596343  12573816
20599578  18972280
20604375  8334493
20596367  17185922
20603303  1083701
7925991  5681062
20514694  5655674
20514694  8246070
3266139  195078
20605187  12666523
20605334  4839355
20606322  16057327
20605432  1554099
20606051  104850
20607262  25749
18326074  13202439
20605909  1552301
18832169  316410
20582750  2535760
5585076  5664724
20522677  5314820
20605307  1397329
20573261  20427685
17576446  58939
20597783  20596482
20600103  18098482
20600103  14220321
20586084  16400994
20583957  12876177
20586029  575196
20607750  7031326
20604356  5096584
20607131  20373582
20605071  1757467
20608379  4261133
20582030  14571103
20583527  10397121
20603882  6715331
20608494  12184843
20604137  4166966
20608261  5842339
20594617  134845
20608869  20148
20519353  193182
20582516  167304
5194926  6623161
11340294  5194926
7884004  610458
20608772  11228826
19642594  11345601
20603111  3981199
20600007  19366817
1517858  23250
4633783  23250
4633783  1517858
3253871  23250
3253871  1517858
5243717  23250
5815747  1080411
20611210  20610501
20596936  9813556
20609963  332872
20609896  20608913
20610175  9960908
20610175  18681165
4846493  17944
20591003  1461432
20591003  2615203
20593570  4798334
20605707  4791470
20541895  16346179
20549782  20548108
20596466  13716913
20596713  3810570
20553435  7742781
20518646  20516194
20557318  20556223
20608497  11051620
20594190  20596482
20578592  5730815
20578592  6676107
20593443  20583402
20610903  13689934
20594134  12540953
20592011  4895294
18922165  1062960
20595294  5852862
20611522  1956376
20611580  6188994
20612644  9871578
20610386  3038337
20613494  20612049
20613698  1056121
20613805  2750216
20613805  16323179
20613861  406121
16566045  7709063
20612570  4660123
20614236  513832
20603274  14870589
20606242  11835748
20614433  147454
20614433  187453
4050511  952263
20613330  3536228
20604618  11331079
20614516  9839748
20604898  16234575
20613269  196027
20587329  4688277
20613733  7906637
20613522  2883683
20614735  7355187
20614295  20515641
20613497  1732348
20614112  14581358
20612259  5398239
20609900  6691668
20612147  6343166
5440367  1062960
20610398  20608087
20593272  13989627
461018  20610080
20611432  2346515
20611747  20611162
20609060  10748108
20614975  20416055
20615809  8443616
20609734  20608969
20615968  246038
13977859  19083980
20495713  20547815
20596877  9622095
20593428  1313120
20597276  2129693
20615780  20615301
20591884  593602
20595478  20594917
10905239  57725
20596884  2893471
20601613  19885461
20590180  1463340
20590344  4935632
20590344  11922383
20589441  11045653
20589441  11820694
20614830  476679
16962065  16958992
20588994  13104494
20587933  10072124
20583827  17811531
20583827  1860159
20587714  750486
20587714  1451009
20586850  13840429
20586263  14520185
20616921  16443028
6627072  4373485
20615653  20610336
20559450  17337782
20617676  14885150
2319519  1612322
20615616  5540245
5911418  5459290
20613893  16052199
20618047  11920804
20577683  20578372
20603256  18324589
20618176  2220400
20618465  2973202
20614730  2973202
20614730  20577815
20611508  20596382
20615154  2973202
20617579  20508400
20474185  1769888
20526567  7967709
20615498  20584260
20588184  20586969
20616177  20614328
16077542  16077597
20620067  10323392
2992208  3088
20617902  20612556
20609182  20608627
20571372  19070370
20603730  20538053
20616156  20614187
20615751  5525830
20620152  20614858
20619208  5226617
20615868  82831
20619702  2973202
20619513  4114095
20607241  60174
20621207  9511042
20619987  18944345
20620599  1060008
20616312  4534146
19066118  9958825
20505698  7549694
20618705  17499351
10577535  123559
20620968  12029428
20617523  677812
20585626  8987037
20622013  236129
20621722  3273552
20618393  4229494
20598847  10414864
20461337  14079906
20615593  924485
20622188  18248799
20622585  13437365
7051768  6865194
20621656  10343632
20621656  18639766
5153560  639540
20428437  20620242
20617458  4255162
19658594  19039581
20619193  10963804
20622535  4933958
20613507  13041108
20622807  1606795
20609592  18130722
20623272  8028957
20622722  14733848
20619236  761791
20623905  5803557
20564088  17497012
20564088  17077401
20532844  3476987
20624227  14505648
20624285  4176328
20521128  2097738
20369869  12573816
13954299  20232685
20618816  8133417
20618816  2652935
9879350  7197937
19467954  19458534
19100591  17399302
18749747  8782771
20624375  354442
20624483  1817792
18580425  10247212
18566289  3480240
20620856  495021
18368540  18367641
18368540  14169295
18244412  3682823
18226834  16520748
8598969  133051
8598969  272360
20623023  8028957
17831874  4974266
17836391  1791578
17790479  17789402
20622094  11653127
17753607  2230758
17440680  4542521
17440680  6587963
10654047  7208094
20535490  20510500
19827876  17341042
20623801  3806536
20623778  327544
20624655  20606629
20622752  7105373
20368606  3331992
20625519  6025311
20625519  911391
20624545  3629183
20605944  10101316
20617404  10899384
13427987  12532405
20623768  3800551
20512916  10541225
20624947  5307968
20618906  971067
11700513  11703688
20624749  446052
20624843  2943131
20608239  1808108
20608239  4287357
20622674  5863389
14433126  1222269
20625014  3126972
20625181  4535825
20617408  17669712
20625424  9132338
20623659  4779954
20498070  103512
20489449  8592292
20462880  11968994
20598600  14505131
20263632  3790142
4080808  9119627
20612458  5466100
20615414  14042260
20616375  16374734
20627906  596351
20627698  10195343
20627698  2602013
20623763  637921
20628387  805547
20628387  13273943
16323409  2016901
20625322  1085479
20618526  4340690
20624241  20624588
20625660  5210535
20624351  14363437
20627100  203198
20627100  12829963
20626491  4859402
20626541  10343632
20621623  15871042
20626632  20624342
14854162  14811919
20628279  57615
20617558  90838
20627226  17533024
20628372  3639861
20622870  126131
20630373  16404820
20630798  20045162
11791513  2331513
20622676  18677829
20624112  11532157
20626780  6351022
20630643  12876751
20632087  9316612
20620669  1471250
20622605  750486
20622048  2765999
20631722  4691782
17023304  10191871
20633022  2259666
20632620  13855666
20630076  18831970
20631009  17591490
20631453  279170
20630692  841500
20632908  4032676
20620082  20600368
20630717  360751
20546032  65865
20546032  20518104
14424362  65865
20633389  750486
20628525  2312761
20633243  1927490
20628989  8189840
20601524  8466643
20617553  20616563
20619459  807909
20624622  11792268
20632275  20630110
20633263  3418128
20634183  341817
17311929  6829179
16977724  16954166
20634389  10383116
20614497  20585016
20620170  4174784
20617343  14254118
20322140  4660142
20603264  17118534
20633874  20614384
20636066  91160
20627020  1657788
20614838  11848762
5030091  532166
20636354  14220321
20617293  13635288
20635139  9759697
20614642  5039725
20636502  13944956
20635265  2860634
20632702  2381544
20637478  20617019
20634943  1708018
20608229  4660142
12213330  1882035
20635182  495021
20635182  13923684
20633945  16028678
20638466  509211
20638679  20635265
20638679  20634743
20635146  16852270
20631532  12213330
20638827  1285269
20638827  1529002
20637697  1213901
20636768  4795382
20638125  20636914
20639333  8028957
20635410  12769982
20637582  4225373
20639693  4552829
20638391  10873942
20636125  19154067
20640334  20455382
20630664  10139090
20610074  2109756
7270800  2207341
20639519  80646
20639057  4822515
20639540  540066
20634199  20595227
20639105  12829963
20192685  12111729
1534399  194634
1285269  1529002
20639658  5232310
20633818  15112125
20640083  153724
20638036  1244541
20633094  2042661
20638953  2511018
20639169  5060526
20639398  6673267
20633932  10751745
20623065  20635698
20607319  20606830
20639735  10484053
20637733  18860167
20636815  8003244
20637970  952914
7306616  5019041
13539651  19154067
13539651  20636125
20632197  2746168
20641709  93654
20636523  6929115
20635196  20619400
8841575  4482686
20634714  6822725
20637486  1015925
20629063  16165013
20471552  20535164
20634691  858623
20609131  3155250
20637418  1589423
20642415  5928225
20642415  7226538
20626496  15214601
20641444  16427421
20642591  2485345
20642591  1055336
20642485  3397334
20382934  18691242
20643426  20642539
18382095  9297899
20612088  4853581
20644454  8864275
20642810  262618
20638654  20054047
20644307  3566504
7226538  5928225
20645199  9103196
20628753  2935040
20645222  2973202
20644079  4197976
20644404  20606264
10822857  8236940
12278997  2168406
18095665  5179341
19102399  8982128
20361107  14470108
20367890  2315948
20383509  16772558
20406069  612231
20410259  7765810
20436080  16086962
20436080  41504
20442430  20311523
20445275  20440206
20451548  7031885
20451548  5474316
20457784  9044011
20457784  7161166
20465305  4255472
20467623  18735643
20468591  4063455
20645283  7864371
20642604  1053592
20645987  130794
20640305  7457191
5880757  257936
20643819  20364122
20643458  7323191
20641063  20519925
20645092  5376973
20642046  1435376
20642608  3480184
11973028  3480184
20641054  2440337
20272152  20248358
20646514  510348
14565032  3480184
20644086  14618326
20646705  20644582
20645384  20645755
20621533  13914066
20636538  18337653
20646644  6203653
20637600  8184827
20641038  18186831
20645007  2973202
20634261  13488407
20648297  80646
20628822  960841
20642149  5664345
19103016  20633898
20648507  19773631
20648970  4091765
20648970  750486
20648951  8495687
20648951  11345296
20630667  20577408
5028216  7895278
20631619  1409225
20635163  6270004
20633980  8909811
20638170  8934220
20640282  11269766
20648937  2973202
20649801  20649493
17920947  8518815
19582290  13285677
20648413  11922383
20648188  12672101
20649117  2973202
20342471  11801277
4320561  1697084
20280362  5829977
20649167  4165195
20516567  4246077
20490193  1732348
20650583  1129216
20651046  1912902
20650385  8725673
20651663  1507939
20651143  7093417
20650046  7852855
20648467  3653462
20650651  6632084
20158359  2104782
20606546  2903564
20652342  1517347
20648275  2100272
20647373  14220321
11498163  1258130
20622139  159261
20643650  2973202
20646522  14705211
20647621  14164603
20645463  2315948
20645463  6696558
20647154  301134
20650926  4969339
20651802  6937761
20651802  823790
20652819  577634
20652819  545666
20644450  16541597
20645229  22000
20645614  8377970
20651894  7364150
20644958  12219753
20651217  7063276
20650814  11279837
20651638  9374991
20651222  9746683
20649166  18892281
18468118  12201577
20652462  14546178
20644196  14321012
20650664  3191049
20645519  17858174
20603348  20629689
20638628  13147951
20392500  898828
20641771  1674980
20649892  10807804
20650729  4712329
20654404  3767794
20652872  8159264
20642566  18460368
20655100  20653245
20642851  8464620
20649028  20648490
20648100  6084572
20654141  3454085
20630482  1251416
20638817  986006
20654134  3884884
11719258  7244
20201348  3307529
20654634  354245
20572352  255414
20653716  12957590
20652769  1028362
20650416  16594672
20654028  8028957
16142661  5234651
20653843  5769669
20639294  12769982
20656262  20653262
20646145  20602644
20654218  7857812
20633181  19270259
20644382  18121130
20656611  1085638
20651811  6343166
11996546  8303488
11391916  471183
20657224  457453
772953  814878
20516833  20412370
20658958  20563772
20658844  1970698
3678792  814878
20657627  2994892
20657014  20952
20656112  20656711
20655468  20656711
1659097  814878
20650589  6703054
20650589  15288773
20649068  7331310
20645392  4336637
20655419  18089923
20658393  4052770
20631688  15507357
20492415  14855246
20585082  13188815
20583778  2675247
20578762  6939564
20648469  20650925
20659523  12423614
20659523  233673
20626653  3866424
20659498  621744
20655797  6137172
20617402  19684617
20571937  20530946
20660524  14050755
20661060  20644518
20661095  156767
20661095  1788923
20660372  1351051
20660572  10956993
19588096  11794026
20661259  14220321
17498973  12390985
20660814  7762643
20658244  1414365
20661491  11077106
20657535  14220321
20658264  4734108
20661863  16831277
20659852  11725514
2192936  2143462
20657107  20653846
16042623  4192834
20580748  1913098
20493580  3088059
1103935  1085097
20661429  415620
20660605  4660142
20660614  10066708
20661586  8506184
20659659  4038125
20657917  4496359
20661494  7298642
20662018  9969690
20660602  5210535
20663714  949433
20651101  6493254
20652289  197441
20663463  1566595
20610440  20654848
20652411  13611666
20661274  8902390
20659525  703396
20658079  12403662
20663993  406121
20663197  18372950
14625582  5398772
17009966  14556605
20665675  1217088
20665573  1314162
20665874  20664694
20664135  3451993
20665330  8882808
20666432  20665953
20664700  17364127
20432681  13836606
20666753  1847789
20666753  3815232
20595628  820466
20665890  20665539
20663411  392643
20654894  1596009
18652428  8713846
20663958  19870680
20661191  9081880
20661191  15079021
20666446  653536
20667791  8554043
20664683  11336477
20664683  19372317
18490223  2423353
20660930  1199179
17319276  1633391
20667478  2468410
20659438  203548
4309449  280435
20668349  3001836
20668283  347798
20660094  20650279
20662903  15236135
20598740  20665182
20665448  1636985
17745435  15852355
20656539  3694630
20660711  20657348
20666436  40480
20669407  2976333
20669595  10251851
20669822  1605024
20658626  13128
20665270  4997693
20670277  157944
20665590  3494886
20668061  588004
20427870  9546385
20659066  236129
20410685  5757386
20665679  4366730
20665986  7647448
14559085  2630308
20667013  12760351
20646111  20643100
20669862  10382929
20667221  15508493
20442861  20441947
20669205  3666934
20670697  192220
20670697  5916482
20671980  276907
20657270  20655658
20642147  19539345
20213763  20212409
20665511  20663688
20672226  92396
20672410  52898
20672410  9917196
20669517  20667919
20654938  10834196
20668173  18080910
20670691  511463
20667776  2064186
20672774  1014861
20651640  12573816
20671139  9166437
20658165  156279
20668669  6569820
20666106  16630972
20655573  2973202
19820921  5889142
20666976  11365301
20662040  10788400
20649390  4214314
20658418  3654879
20673018  17954596
19237342  13468321
20656521  470542
20673470  20648171
20674738  1600936
20674738  610245
20310531  2973202
20425381  2973202
20671117  13109717
20675990  20321218
20667981  2480719
20660123  2537823
20674363  306313
20674363  2987958
20675413  20656031
20583016  20582277
20573667  17434070
20522941  1089018
20676345  2690866
20663648  20617483
20596392  2973202
20662386  4660142
