20671148  11337041
20656135  7204805
20503715  255147
20503715  931092
20676855  1808365
20676873  134845
20670334  952914
20676673  1592534
20673812  1625234
20670755  7587095
20676751  572768
20674225  20260458
20675818  2983248
20672332  5171781
20677249  150192
20678015  20674300
20678238  13700333
20678238  3537706
20676301  18443175
20672099  14179007
20678697  5179341
20638617  1881714
20677426  7017281
2238914  3009063
20676725  20442543
20680055  1732348
20675672  13252101
20672203  11235501
20678615  6343166
20676824  218384
20675806  19356382
20429729  5377914
20665468  6789946
20669914  20666450
19255045  1843395
20671054  7628470
20674281  20662124
20669919  9133120
20679112  336127
20680366  1151987
20680338  2094293
20355079  20353380
20681251  12905663
20677510  6243047
20682904  1739283
20675052  6343166
20679294  12618265
20682163  8646781
20682163  17796111
4896632  3767614
20683503  20678035
20684336  16844728
20674252  1292575
20674318  2770967
20672588  14685823
20672696  2091465
20661997  20661349
20683966  8567114
20666481  13566562
20678347  3059044
20683515  12622441
20683888  6794274
20684951  1291942
20679063  9162933
20682615  2326943
18796808  6432970
20665332  15753956
20680271  4057440
20685939  3724369
20684926  11774357
20684926  11815738
20678369  20673117
20680351  3577641
20686499  2569279
20686499  80476
20668418  1129216
20681121  15871942
20684186  4878792
20684196  13084930
20684196  3807532
20687299  3328757
20522360  2973202
20682739  495021
20682739  1111440
20463609  16771086
20676771  3654295
20426343  8702905
20425756  11599533
20686233  3100319
20684148  11609900
20688237  1851134
20688607  513832
20688680  5347839
20688941  388242
20685761  5441680
20685761  1520429
20687463  364952
6556816  121499
11544554  121499
20681021  988363
20679820  13635563
20688554  9257505
20690143  10382929
20681126  5235142
20684637  79461
20690598  999172
20687983  359494
20690188  11985156
20689074  4412179
20691347  11690471
20687559  20590733
1958732  704855
20674135  9031832
20682181  956640
20690892  123559
20690892  9776231
1109805  441420
6132412  2128432
5778719  4598826
4590796  441420
9952990  5142349
20434341  17156785
20456423  1233910
20453785  18770100
20479894  20478274
20481032  1402505
20489936  586363
20492005  2796966
20493187  18755341
20495821  20299279
20497691  7856416
20499994  9602022
20499994  10485992
20508143  2827461
20684970  12953127
20685012  7678469
20691466  20689357
20675557  19599561
20693058  271526
20692055  8225078
20691842  4189973
20687684  1268044
20687684  1460066
20695071  14220321
19996814  12762444
20694705  4931892
20695417  1715848
20692207  413819
19593909  12876350
12127364  8440816
2660832  988363
20677793  5936013
20696236  3770781
20696665  4779954
20696035  5547311
20133150  843632
20687005  12769982
20685572  767657
20697868  3579035
20696651  20695559
20697838  19709793
20686566  12769982
785470  756954
20696395  618535
20696310  90871
20698607  1456373
20676637  8754775
20697490  2737328
20697490  6802095
20695945  7081433
20683221  9568079
20695335  901115
20698993  4299435
20689356  6343166
20682970  2774343
17361721  15337296
20374918  18800198
2665870  2232228
20693381  16103322
20686850  20250057
20699225  3844899
20695745  890128
20691426  2973202
20691982  2347265
20684330  14391797
20699067  409286
20684037  3356964
20681018  20324830
20698411  584538
20698765  8323607
20694527  2766735
20699896  5640953
761236  299703
20698715  847066
20700487  949433
20700194  1279859
20699193  13262548
11839543  10707000
19734992  5405423
20683319  11269766
20695734  108819
20700402  4903893
20696120  1227286
20702673  8028957
20702113  1050761
20702816  2356949
20700174  208532
20700174  441023
20700330  7660545
20703766  6222372
20703766  177506
20703766  6713673
20698515  9869346
20704103  923771
20704103  5620145
20705057  8366976
20703282  2317012
1666183  4660142
20704351  3132844
20704329  1418069
20704186  10159840
20705940  509211
20706032  2972957
17114825  13959256
16120797  14718850
20705714  1413445
20704468  14004704
20704468  605845
20706447  20705928
20705284  3384504
20704115  7352922
20704115  20650227
20707636  750486
20701352  19602833
20706889  814548
20698743  351733
20678930  13649979
2652460  44153
20705643  442026
20707882  15376509
394850  171970
20695469  15614846
20704062  10213639
20704062  1328963
20704943  2529617
20708018  16859477
20705105  2394447
20704516  17020730
20707321  7459760
20707987  15304926
20708358  12779839
20709321  80646
20709178  20708358
20708455  11236951
20709177  20694498
20705379  621577
20705379  2226920
20709267  1569702
20709698  20695896
20699347  252817
20709865  2274035
20707051  1396066
20706258  1207232
20708742  325933
20702050  20701477
20704628  13102045
20703856  1044194
20706019  20443635
20706917  2528318
20706917  8412694
20708611  13546105
20709186  9932569
20690828  16840916
20707909  4205380
20705674  5338305
20710673  513832
20703690  20700343
20701006  19806376
20702233  20697576
20710943  14220321
5717177  6797603
20167755  19732972
20701820  1339351
20709747  19970301
20712025  949433
20712025  4176328
20518681  3274334
20519338  15841538
20522203  20522089
20523044  1438842
20537089  2105783
20538084  3418128
20538138  3309188
20543466  1681762
20699256  20697576
20709863  1070497
20553161  671968
20553161  3661824
20555409  8675206
20566271  3125296
20568684  10360196
20574223  1813460
20574223  3093964
20574873  1951423
20583248  8364950
20616930  311696
20626312  7488098
20709091  19549269
14766086  9
20704811  20704711
20687182  20684636
20711202  2973202
20704130  4266914
20713166  19147
20713143  765148
20711728  79923
20709212  4140437
20700530  910374
20703745  8388470
20710458  516007
20697916  14958412
20713686  20712893
20701252  6152294
20711837  290884
20705924  12077177
20713805  16504060
20713059  4173623
20713059  15173681
20711812  20706454
20704257  849549
20714323  20712128
20699018  11446254
20704575  9166914
20713714  1550479
20714512  3314735
20714512  14865538
20700354  19513174
20700434  2054131
20702635  2745265
20704202  5374311
20704202  9572795
20705174  16323571
20705983  16540997
20714609  7450818
20713010  7672543
20711790  5916482
20711790  20687828
20714869  2400838
20715242  60174
20715085  12829963
20700087  4074520
20696177  6219263
20695655  3570220
10628562  7466824
20715995  85815
20715231  596608
20714804  37335
20714855  4794927
20713828  13943184
8372959  19785427
20713183  7341288
20713856  4660142
20715945  12531984
20705328  9629063
20715860  13083756
20712883  1325625
20712325  13808274
20713413  16618343
20709461  19547880
20712088  15726197
19833989  960625
20651326  17809246
20706844  1731384
20717680  8028957
20699743  5419389
20705453  19996106
20715471  15516413
20717172  7134486
20699578  18919855
20708483  4182594
20691663  1936457
20717421  3080535
20716067  2973202
4934544  299703
16665124  6127648
20658613  11542113
20243574  123559
20710560  14258984
20686971  11716687
20685567  18966798
20718112  1051782
20715261  624260
20717552  4637873
20718478  20718289
20717282  2450954
20717282  5915096
20718582  3703554
20718960  463299
14343273  7667838
20718629  17907445
20674300  20674577
20717205  6729214
20717099  4356312
20709686  19570052
20708630  6763039
20708630  7341075
20716026  20714607
20718833  4555935
20720162  13705647
20693151  12150596
20687437  19719968
20687437  20569521
20718132  1084476
20714627  3058912
2988017  1504717
20716618  11922383
17079212  5255147
20719445  20718830
20720132  2612610
20721008  1089018
4438412  1083224
20499586  620137
20721269  3571223
20720436  18146614
20720460  20719259
20719949  2598084
20721295  843711
20721593  3449286
20721593  19533384
20722231  20711753
20717045  5517233
20715653  3873554
20712984  6034655
20508275  14460057
10168147  10119289
20721576  2820453
20715313  2347410
20723003  16100
20684208  13635079
20722550  46898
20722421  14220321
20721861  12847299
20703503  19054395
20723025  1525444
20721732  233870
20472777  2315445
20721747  12173990
20566287  1154571
20631627  1450897
20642476  5332801
20643519  14332203
20643519  14660311
20658372  20644353
20665734  9023465
20723395  10938067
20673316  5466451
20675175  10435213
20678014  20678630
20683415  15456950
20684375  1810347
20610181  4660142
20723771  14220321
20723574  3755606
20723056  2450954
20723056  6274339
20722797  4752796
14623200  10143392
20721375  20721176
20724607  2812520
5443761  422879
5443761  950013
20704788  2537823
20704788  1300088
20704815  20500824
20725111  526125
12157646  3191978
20694991  192220
20725329  610245
19722505  564935
20724231  10873590
20725769  7414983
20716316  20716069
20715366  54566
20714916  17818428
20725598  171251
20716093  5855811
20721029  487258
20723694  8535504
20725594  20725310
20589871  2934904
20725788  495021
20725755  6822725
20716478  20426601
20715770  10590219
20725985  1063347
20723654  14050281
20716437  2667069
20723840  4845410
20725853  2717127
20725511  16688582
20727166  2846516
20727319  422830
2333560  167343
20721761  9993030
20725052  7803676
20725066  2521293
20724185  20366098
20724591  13084651
20724379  16928727
20724990  4067113
20723649  12737293
20724127  180052
20722625  12573816
16293374  6503934
18241663  6503934
17337083  6503934
16968546  8680146
20723320  13144250
20723941  503093
20721780  18439758
20721780  673361
20727723  692564
20721488  3898130
5729154  5636218
20724408  15558321
20706656  20106036
20724770  2455161
20682787  938180
14785007  3191978
19179908  6867254
20728556  4696499
20726569  147816
20727322  4737381
20722255  18434598
20728292  10276133
20727753  20689732
20729048  3158730
20729048  2367398
20720323  12547490
6503934  4804536
20721423  3583724
20727717  13735100
20260151  20234504
20730179  6359847
20721511  493386
20725313  2467070
20725889  14524448
20725889  20722162
20712301  17907445
20730327  843277
20728034  8852668
20721455  463299
20716517  1203135
20396272  7644340
20396272  6846785
20730331  20730011
20728885  5410846
20731148  7001320
20384303  7201341
20380076  19226816
20731399  1885630
20731674  1678205
20731505  13189314
20730860  2998215
20730370  3499186
20731938  7281180
20732001  3417636
20725363  8898009
20697443  20679346
20726843  336859
20731572  478528
20721646  661561
20674664  20679346
20731187  10797998
20728907  168214
20730764  4968690
20732612  4142313
20687151  20663497
20690079  14734533
20689683  15390807
20684501  1867861
20730568  8873805
20729779  17206950
20733331  18799344
20728982  1068834
2747874  707780
20677660  11130790
20682476  1129517
20698361  78536
20712181  660624
20729168  20045162
20730760  20667207
20733801  9772307
20720650  20718819
20734404  4719320
20734393  6891720
20729095  2973202
20729095  6045476
20722432  20556869
20731813  9487446
20731261  276660
20723938  20723533
20728783  1349404
20731593  4897748
20732714  12094503
20733892  388464
20733892  1317162
20731499  20700137
20700095  20655935
20731174  2972600
20735525  2100490
20042999  15298912
20730574  20730456
20723125  2364629
20732705  513832
20728828  20668437
20736143  2166809
20736035  1994218
20728707  2980102
20723153  13835475
20733997  1815986
20736671  513832
19494306  96759
20731964  7104883
20737126  1598967
20724441  4215968
18938891  1815986
15608329  1815986
20738372  2095397
20738274  5139142
7276903  1815986
20738474  17714705
20736221  2770321
20734373  8320174
20732262  1617630
20737016  2100758
20739922  953146
20735956  40480
20739982  1192046
20737193  16812625
20734460  3459098
20737291  20675211
3690851  2337874
20739250  240178
20733483  20733257
20734870  1520576
20734683  4084402
20734415  5882362
20736396  11002820
20733670  60174
20654313  9197745
17775776  17020736
20741455  20739376
20740681  4631224
20742173  9976927
20742398  3326650
20742398  7742781
20739578  337704
20741926  5083221
20742114  20741629
20741649  11950819
20741649  5997027
20742444  4264664
20734967  20725196
20737156  1632080
20737742  11226079
20738214  161738
20740429  15279278
20741925  2029680
11947217  11946736
20740772  5063731
20741636  4931487
20741896  16706935
20740248  5412746
20738135  20736688
20744211  73667
20742009  9784887
20740835  15736831
20737585  4191025
20738560  7942597
20735405  3482683
20339665  7654978
20671581  20653309
20738102  6229024
20738102  8466744
20738248  19027118
14614645  278684
20744404  20743851
20267210  5702495
20745323  6848296
20743388  2083672
20743388  14618546
20740060  795746
20740060  7356724
20732540  13920703
20745164  130322
20743957  9225124
20743429  15005500
20746332  20745760
20737408  5755902
20744304  1311749
20746842  513832
20744548  19275268
20737914  1926673
20743447  20595438
20746940  703396
20743598  20730370
20747739  6997909
20731529  2283374
20731529  6049175
20744955  4045484
20741583  11016353
20747930  120621
20748181  18311305
20728326  3923826
20748775  13840429
20745315  17790797
20514474  6618515
20749533  15712070
20747345  4789894
20749363  20748477
20744266  1373735
20749677  11904856
20743269  1065435
20742658  7982810
20750154  79126
20750062  15233290
20750667  1054022
20739348  244680
20733818  7045190
11538746  7953567
20731579  20727062
20751189  2973202
20748620  10289898
767372  513832
12369203  8576732
20748829  3726505
20751404  2973202
20729638  9149180
20750221  750486
20749987  272900
20749077  15719908
20734213  12402092
20748635  3598085
20752510  5044544
20752806  10562265
20750719  2551859
20749626  5559384
20748703  2799315
20732549  20336288
20732549  20109360
20748222  3927054
20750006  2320069
20753385  728605
17525725  1846135
20752516  20730115
20753925  9519841
20751385  5032356
20749192  383631
20753058  7699020
20586254  1860159
20754620  4761529
20753351  2745265
20752791  1018052
20752791  252906
19132000  20361033
20734763  5724068
20748726  20748391
20749511  20748726
20753194  12573816
20756139  9818099
20748467  572768
20749753  1433204
20750978  6742848
10775815  152975
20651617  4092528
20756340  3783119
20749913  3724110
20753586  7028162
8422630  8461013
20756899  1291270
20756552  411232
20754281  820201
20753529  6569207
19814417  968857
20757197  90178
20757436  8405641
20755812  1845741
20758186  10419918
20756808  20731943
20756479  152975
20749238  16866267
20758701  17171012
20758993  16594907
20753756  9589292
20747384  963492
20755364  46155
20755468  20754918
20760110  60174
19746696  15558087
20759204  2661536
20724195  120228
20755766  5930243
20753864  20753691
20760118  653536
20691204  8773686
20736521  20523665
20759575  20757519
20759575  179713
20761336  6982692
20757892  11001822
20755140  236129
20754285  1449713
20737987  2796796
20758565  20741121
20753906  720317
14097077  13980864
3537589  4542536
20758951  415801
20761972  1053843
20757673  9171699
7616760  6368867
20761344  8093099
20761803  8971261
20761803  4665782
20760736  987876
20761794  14176943
3149192  242813
20763165  11779335
20761612  11057748
20759297  20704507
20756693  3127507
20722102  4261133
20721266  3577641
20764645  238603
20764645  8236
20764703  4261133
20764144  14220321
20762576  19531579
20764188  4750470
20765108  224569
20763456  3759315
20764760  17847927
20766101  18329311
20765906  865668
20765906  1436549
20763218  2504071
20757642  9741975
20765004  261963
20765004  3475152
20623767  64749
20761384  19459258
10446788  3651491
20766075  1279542
20766763  12887700
20766934  2709821
20761365  10286204
20677722  2301531
20669916  7538693
20766306  20765888
20766752  9986591
20748213  13506484
20766842  11965112
20746845  20691386
20752519  3107970
20753091  14115902
20765716  20731
20765716  834622
20755386  888228
20758342  4421381
20760242  20751119
20761801  13294952
20764449  1165627
20767514  950087
20767409  8959466
20766876  355167
20749389  20747719
20767298  1176727
20766027  13508658
20768581  496096
2895328  774054
20766384  14763363
20765019  627594
20744552  279170
20769008  1966207
20767749  20763133
20769373  64420
20769884  20635163
20763529  60174
20766951  19235477
20766951  20557686
20769574  1132941
20769387  2051162
20769606  14766940
20770224  3737139
20756650  5430574
10497769  1185378
20770071  4660142
20768653  5662651
20769465  5141160
20762604  13359818
20771205  17129022
20770562  1917576
20770169  869033
20769758  7533048
20769767  87304
20769015  20653715
17133174  17184071
20720682  262351
20770303  20769784
20768940  2505681
20771603  4791807
20768190  2973202
20769285  6982692
20763482  20755881
20760622  1652128
20765244  20755765
20771157  5116909
20766312  18835027
20766678  6479694
20772190  2265661
20766677  9470931
20771317  180172
20770911  4225087
20767342  6032638
20765339  203198
20765457  11080648
20772298  20772114
20759787  5854581
20769755  2557950
20766957  12573816
20765598  7314134
20758427  10766716
20766823  10571786
20772972  10668105
20773392  2633400
20757259  267521
20772435  588004
20768731  2283210
20763583  11461607
20763583  18349517
20770488  15315347
20773279  557767
20756802  10836679
20761560  614671
20771743  2821043
20774377  650849
19843538  111102
20755769  15890113
20756864  2810754
20756864  20008501
20664372  6685517
20773212  4483912
14994878  5805223
20761486  513832
20759528  85190
20757610  18735643
20758664  15122890
20774249  4246077
20759105  1416697
20759571  12876350
20774951  3395825
20775284  1125772
20748419  703396
20774885  14896205
20760449  15831610
20758485  746200
20756664  653714
20673255  11874234
20774928  9856093
20754310  3672759
20761313  5530946
20753474  2683466
20776962  5863870
20775988  1032161
20776413  20666421
20776413  146576
19174163  3577641
20625709  19969135
20524392  3365657
20508400  1594121
20777224  55641
20775131  4676417
20776085  1760614
20753922  17960315
20777320  7275217
16663365  8225078
20777270  549
15660867  2383349
18239372  17960452
20777388  18483955
20777388  4023192
20770997  413242
20778357  262427
20766623  5208679
3402067  3258634
20769344  4448467
20770484  178325
20771218  20770929
20771945  5408406
