20891322  8452505
20891018  513832
20892397  9648939
20892397  5562908
20875312  12368304
20877484  20854666
20887307  106206
20889164  883365
20878270  11737320
20891382  18862846
20892367  1206878
20889209  4757565
20880910  16116012
20862995  17234469
20879191  10015897
19240844  2599015
20893916  2151517
20891915  1576978
20894215  10693845
20894255  2587669
20894108  20889713
20894741  12769982
20894776  12769982
20894121  2274242
20895122  13056683
20889044  20850143
19679353  2808796
20895014  4936266
20893386  8091350
20895887  8224459
20895784  212321
20893227  20786483
20895337  20850143
20894916  2487921
20895658  513832
20895906  18945390
20895169  7977322
16157605  1011197
20894488  5600096
20897097  1846202
20897110  10087819
20895502  2135770
20895581  343899
20895600  19844523
20886091  2925054
20896139  338586
20898176  1463284
20890369  5848598
20895367  12769982
20889410  1263072
20892259  20891594
20891675  8828076
8212613  5048586
20894873  17130607
20899341  6270004
20898570  9028029
20899539  6331075
20888505  885009
20899351  235785
20893268  1481178
20900016  505262
20900492  4172022
20800431  20781309
20900785  18690181
20893571  14788223
20899944  6796974
20898212  4675728
20898212  3018848
20901435  8028957
20901229  8062496
20901001  2973202
20900931  119432
20899767  20759668
20902118  3430194
20900776  312443
20901768  5607551
20901251  849237
20897433  1143671
20900028  1292575
18856264  18299898
20896278  3699810
20901811  1657883
20903307  11085916
34120  3577641
20900557  1313120
20900557  20830144
20902469  6494599
20900883  1316040
20905213  484592
20904246  14063791
20904246  4172722
20896503  15394293
20903084  15360846
20901428  19197956
20896766  2167916
20376913  1452721
20902986  16121023
20890611  60174
20903870  4846937
20903589  9937438
20905327  2242564
20905327  20881645
20891084  2931959
20891394  5975958
20900338  2637694
20903486  5378768
20121368  2973202
20906241  20905801
20051615  5864160
20905601  60174
20899358  15852664
20887603  20886236
20900068  7255158
20673888  20673625
20906037  4843397
20892579  16265704
20906294  2871264
20906837  20903499
20906429  15844131
20905592  16178078
20904185  4747404
20906066  3915917
20904569  6555462
20905815  4782543
20904852  9506537
20905469  2916865
20894576  13635079
20894576  9131763
20906746  15581142
20904545  301546
20906732  4080217
20905354  10359907
20905444  10414420
20903081  6415186
20904837  17156340
20907460  4660142
20903825  9174310
20904774  1612733
20904588  5662651
20903522  19115233
20907878  7793306
20907878  19826352
20908085  2973202
20908098  3586174
20904486  901115
20904215  2589194
20059173  1285849
20898249  1158777
20908025  11644789
20894560  12655717
17803029  16532415
20904679  9008770
20903455  824349
20909419  2348835
20903651  11827733
20907841  2430552
20909798  201323
20678230  10381751
20904141  16901798
20775537  694890
20891890  2230354
20891890  3037015
20910695  4081294
20903142  20901854
20902827  18416915
20897230  320281
20906818  20899602
20909135  14220321
20911780  20910523
20911308  2973202
20910579  4919094
20910579  4043876
20898610  588004
20911171  295687
20911928  11192503
20911928  6602688
20907219  20863441
20913259  82831
20902818  13840429
20911175  20609264
20912340  16221776
20912205  5180327
20900778  19390810
20913403  6638774
20913856  194397
1885525  226703
20911709  53497
20914033  14220321
20906128  4255472
20904536  16549382
20911246  16068125
20914684  1276909
20913640  9105133
20914426  60174
20914070  7056749
20894133  8204685
20897266  14192215
20912811  946993
20914330  5280799
20913095  15141762
20907933  708012
20913493  369602
20911966  3829167
20914121  7391835
20911190  9089532
20915563  317760
20915320  11444468
20915711  6150684
20913780  1085801
20913780  10247508
20913569  15189742
20896737  2973202
20916147  20916392
20916147  12769982
20916433  360748
20913773  9745389
20909119  9214596
20907967  19298359
20916306  2839321
20909701  14133502
20542014  4525556
20915701  4715250
20917874  10467523
20917480  6359418
20914920  758449
20916126  12087419
20911587  270309
20911587  4057030
20915507  1466240
5618651  3451470
20915063  2973202
20910845  20904525
20914131  9524457
20919733  204476
20920217  513832
20895538  2973202
20911407  6837148
20911407  3371697
20915705  18999019
20919998  503093
20918595  12547683
20920993  20563772
20920829  2973202
20920401  3577641
20918819  20868721
20918146  1061697
20919295  2354293
20921478  2589949
20919892  1873920
20922009  3639861
20921645  1009260
20922010  1351299
20922189  5997027
20922189  11950819
20921923  2156879
20352036  361635
20922695  588004
20909283  20101877
20922334  9053658
20919704  2784441
20923001  2671496
20888709  20889495
20924075  2158395
20924171  14162798
20921499  7019918
20909582  4654636
20909582  2797813
20919497  628526
20910490  14176965
20924553  4697510
11308198  5000787
20923732  17397318
20925330  1207406
20925330  13635866
20923716  13336261
20924184  16608254
20919812  3744776
20923532  20922781
20851759  20853368
20925738  1613230
20925738  149500
20924985  2674315
20582463  763693
20921051  10918981
20926074  40480
20824875  20825864
20926725  60174
20923560  4660142
20920048  20918829
20924717  268048
20923615  13668695
20927389  6185419
20927650  703396
20914869  10710635
4966384  3480201
20922090  8058783
20920628  16568
19212366  10017027
19156532  18264584
20909581  364952
20916986  911985
20918981  5405955
20918981  5339950
20920255  14220321
20922058  40480
20923237  11368114
20924639  12979100
20927735  6729605
20928157  513832
20928072  1160977
20928072  9411072
20928168  20768134
20920666  1817300
20890681  20891237
20917689  20410709
20919508  5497318
20928200  990817
20928200  3114952
20924814  20733243
20928454  4944750
20927807  5786851
20925994  20919074
20927189  10962379
20927431  20779628
20928978  5641997
20916472  2527086
20930728  1839422
20930728  7011184
20931035  20929981
20923450  10454413
20929593  463299
20910072  12192278
20909553  60174
20931591  10710193
20931283  6343166
20928268  6343166
20927451  18743099
20928181  3164505
20929383  897356
20929025  2520612
20931986  5096329
20930748  6094947
20930464  60174
20929748  12842997
20929748  1994488
20927367  12602179
20931969  20931678
20933371  4660142
20929766  185937
20933695  20933253
10597405  4670164
20931658  6335644
20929235  20928953
20933242  1793482
20933242  10964236
20933138  20932804
20931637  6677035
20933120  11165944
20932972  309049
2924247  4150671
20713801  20713603
20934256  4215968
20933708  4205141
20933347  17946221
20934616  14790098
20935157  1132941
5282588  1463417
20930374  2966687
9583256  3291159
20933176  814001
6028737  1341358
20932078  8198105
20923204  25672
3200001  573618
15209062  2977182
20933203  6797296
20926561  20933211
20925106  11709295
20924512  18187698
20935110  2686147
20929551  9371892
20920907  20934304
20934304  20938220
20934304  20920907
20938518  7371087
20938966  3575109
20938735  563549
20937822  10461125
20937822  15908251
20939131  60174
20841436  20842792
20927759  3172100
18961337  6410452
18909132  3101078
20938212  5216314
20937583  14098895
20938334  17120576
20940120  12111065
400739  36901
20936401  11315439
20940567  513832
20940352  20939913
20936919  5592646
20917714  204505
20940652  2745265
20940694  3067364
20925022  20719417
20939115  20934382
20943194  146576
20940269  635937
20938500  3184883
20936957  18625793
20944239  6374264
20944624  949433
20943546  415687
20943546  8521917
20930383  17902064
20938059  8578441
20935278  279170
20940938  10403138
20941959  13530937
20937870  13710128
20937632  20936036
20943792  1519324
20938068  20941314
20944314  3333959
20946060  520035
20943334  6260989
20942155  455544
20942155  14494957
20942820  17685199
20940858  12573816
20946927  3012488
20946948  588004
20944031  20902666
20947161  14539867
20946511  7066192
20938607  695679
20945592  20945303
20944682  4660142
20947782  8028957
20944416  6441218
20947249  3130983
20947397  3962724
20947397  9461744
20947303  5468348
20948372  2802055
20948372  6439579
20948020  16277707
20948221  143405
20948978  969285
20946510  14220321
13678950  13718586
20947396  20945376
20949075  19109170
20949530  1686174
20949530  429068
20948361  1907318
20947715  309165
1936496  1927450
20949340  279170
20950999  1699958
20951157  826948
20949611  1223537
20949986  5067200
20949941  1688099
20949941  15609306
20948585  18619394
20951659  4597926
19666368  15237956
20951209  7100884
20952605  20949250
20952605  203198
20902678  17788283
20946309  16074513
20952730  1497539
20953643  2973202
18847813  18847225
15595634  19843506
20952549  3001045
20952960  11223849
20949640  2010892
20222046  20268812
20949871  20268812
20950376  12508892
20953970  13983798
20953269  10382929
20955128  1769403
20951625  20923346
2677512  11340418
20953830  277996
20955953  18483955
20954018  7586702
20956738  11460105
6285394  1927450
6285394  1936496
20953172  1086801
20945602  20203594
20957473  461203
2373988  285177
20958157  54142
6974376  3866034
20956665  602636
20958380  8497103
8296874  814936
20760465  2855182
20803388  1014861
20797917  14220321
20791774  4859402
20772061  2973202
6639881  3708706
19629607  20203682
20805455  12015571
20805785  5306640
20807646  10551981
20934606  20639060
20957455  215271
14600304  20856721
20941228  4395470
20941228  18225809
20960312  20959950
20960388  1661197
20960431  91362
20960431  3773857
20959449  1289712
20959764  837488
20960248  492994
20961007  20937474
20958012  2317652
20943440  58306
20954520  1496682
20961480  16098046
20954065  16354876
20956913  1118138
20960518  19530419
20944523  309786
20956622  14286858
20940491  20961234
20962042  7017063
20962026  14818829
20962516  6867876
20940329  7122334
20963304  513832
20963213  93989
20948548  12573816
20963323  20940979
20945609  527950
20961762  3543729
20958344  20940748
20963347  20614282
20947175  15210254
20960055  12845208
20963988  11146814
20963988  336859
20963683  20962674
20964615  306313
20962414  14220321
20964111  11053336
20963522  5142103
20961280  571945
20958628  5547311
20958843  4660142
5863637  6182402
20957577  20893395
20966561  6441218
20966623  3184883
20958417  18021880
20959968  11350770
20957315  20887889
20954377  277646
20959012  20958945
20955379  4660142
20843194  20846596
20967473  419163
20958996  464874
20952717  202481
20964860  2592501
20964860  19109960
20967976  40730
20951569  3035144
20966205  20944719
20957894  5093398
20948491  6969208
20969029  10384845
20966250  4085313
20969184  1990734
20969512  274439
20966084  8570945
20966209  5325797
20955081  1732348
20806937  20846596
20948300  16852601
20951369  7100529
20952646  20934184
20952873  4205141
20957642  2973202
20959600  18639129
20963961  13318924
20966388  2883140
20966700  2784183
20968255  3320400
20970748  19432913
20967392  3299972
20955808  1729501
20958724  4186021
20965048  20965722
20956960  5876668
20965336  9406093
20972064  12769982
20971806  20595691
20972577  2943556
20972676  240178
20972676  1959744
18647557  16778456
20973684  1257299
20955776  20950446
17040917  16778456
20972606  12573816
20974084  1415955
20970502  18320486
20969105  3333665
20969105  1293817
18473433  11453215
20962189  9767395
20975374  2201917
20964897  610245
20966264  18497122
20967732  8001823
20967732  10127603
20974437  9610267
20976253  412435
20975337  8280190
20968802  11148980
20973314  3338123
20974450  391979
20975634  5208679
20976326  13542950
20974781  13092360
20976219  20778568
20976749  1801160
20977128  8710619
20977766  6441218
20978236  1993638
17418779  14539730
20978832  1420752
20979084  1673071
19945058  249087
20976184  14695606
20977171  6864311
20978592  1423170
20974337  6427530
8159524  8073673
20978890  10125117
20956121  20954838
20978198  19456288
20978182  4872943
20980540  1150381
20979149  20978743
20980904  18733885
20972836  2809688
15698721  16052477
20977549  13331193
20977549  1566595
20978491  20721486
20970443  16086962
20970443  5584602
20976869  20238042
20981541  19274286
20975113  492994
20981950  336859
20978222  20958375
20974642  581465
20932177  6343166
20975607  20974885
20980243  10049338
20972900  3346450
20971586  5584597
20983168  2938631
20981229  17055740
10750098  40480
20983003  1934886
20979264  10376179
15903993  5284118
20967485  20968934
20979483  11076750
20977275  2591098
20983554  10236249
20983630  3737139
20983630  4856689
20972648  2359647
20981604  2267476
20979020  7259567
20975693  6501073
20981080  4533847
8029372  20187316
6728982  20187316
20983336  1055336
6582610  4543943
14190410  4543943
20984399  701166
20984399  271741
20971791  2191594
20970038  20966733
20969568  9497076
20964005  3061054
20958939  15788897
20967356  2346893
20967515  20902331
20985201  16098046
20968336  1448804
20985293  290884
20966345  10571786
20975187  14586482
20984902  5548323
20985853  326818
20986144  720344
20986406  9976927
20986406  9490349
20986568  11932820
20985631  3411259
14290776  4638993
20851518  20827523
20974328  14220321
20481582  7156908
20981948  484635
20983518  4223723
20974697  849549
20979909  888
20980324  15319264
20980903  3049101
20981694  2318777
20981694  927358
20987540  7145758
20988693  7552253
20987673  1997001
20990270  449887
20983978  2778513
20989904  14467577
20987217  14203279
20973190  20971729
20991457  6359327
20984577  20975790
20993166  180172
20992956  3429284
20992944  279170
20991501  2891937
20981964  20981382
20986095  4881930
20994421  6265596
20993638  20991604
20994760  888
20987560  10358790
19859160  203493
20992493  4811678
20992493  18029919
17737196  16222766
20994670  5700806
20994670  6270004
20989243  20992794
19962320  11233825
20995463  5079847
20995463  14510711
20058418  17391351
20994596  20993544
20997737  2386054
20991672  90838
20998779  20995725
20999527  5395252
20999527  2716069
20999527  17124068
20991028  19367204
21000305  60174
21000415  105372
21000415  972307
20999142  421056
20986935  6094575
21000455  17555620
20999910  4545937
20997239  2469822
2358388  1611357
21001208  3975290
21001526  2383401
20997695  2975797
21000508  9919734
20999164  1820908
21001642  3737139
21002724  4261133
21002724  12769982
21000631  20147829
20996640  7106232
21002890  168214
20997410  2586606
21003360  5911567
21002996  2941900
20092016  20997957
20985218  3662181
21004684  12769982
21004538  6967463
20988388  20988005
21004974  21004210
21004879  18418470
20936373  11688397
21005904  312443
21006912  279170
21000680  14262315
21007098  2700783
21004034  2901102
21006107  1405048
21005773  2962210
21005204  1196941
21007345  3613591
21007345  7574041
9949387  5761960
21007582  6766625
21007473  2973202
21004253  6595617
21007937  2973202
21010620  2167182
21002056  3730582
21009699  1069066
3760600  9805731
21011137  2973202
21008292  21006192
21011967  513832
272412  2762061
21003675  13089388
21002986  195951
21010219  15858566
21011563  6127648
21007722  6961022
21007143  5655142
21010967  20896270
21011471  3984215
21011412  12769982
21011412  7641934
21012648  2723397
21012158  9556526
21012950  21002292
21008287  5776851
21006970  17481291
21010356  4062001
21009529  6399924
21012127  5872096
21007723  6263896
21014051  513832
8591623  2762061
21009303  20986251
21008209  495021
21015053  21003524
20988912  19261481
21015499  86582
21014338  16143684
21006205  18424854
19855699  40480
21015194  1354924
21014745  1661273
21014054  203198
20998425  19634846
5942782  4175630
21013289  8666902
21012936  1175061
21006376  13120107
21016874  5827290
21016149  20709342
21016698  513832
21016698  7520432
19702355  1757394
21001681  21000641
19636486  468990
21015107  4137748
21014523  4261133
21005735  3537713
21008555  18426189
21019329  513832
20994360  20992768
21017654  7874362
21019559  2020143
21019559  16794925
21012548  14505851
21018591  434213
21019902  1063007
20996876  20996284
21019636  1014861
21020129  1106258
21020129  1267999
20997567  5861222
21017490  15020328
21020206  10737493
21011171  11502696
21015020  13057294
21010090  5531247
21018065  6441218
21021566  1628768
21018486  253055
21020753  217776
21020753  17316562
21015102  13124141
21004963  60174
21020936  19584255
21018544  6628539
21016348  3353446
21024057  8573942
8223873  3123831
20923700  20923037
21023348  2137755
21022377  21019985
21022436  2849832
21023683  21023159
21025199  10796160
21020161  5751704
21022598  10166453
21025063  3591573
21025063  9034328
21023065  1464291
21015438  862010
21022981  20988847
21011087  18738660
21021148  14324987
21025599  15112125
21019492  1100009
21023144  8161836
21021654  2785376
21017914  1687395
11206892  3123831
21017399  5203607
12550392  1771679
21025164  168214
21021628  636932
21021911  3167833
21018503  2635404
21019234  1267283
21026389  21026215
21012072  14220321
21011931  6814353
21027362  2770264
21025964  8406567
20488564  20352730
21026191  1153577
21012952  1813408
18627452  3561043
21027900  655010
21027900  3439110
21026784  21010627
21029243  5590381
21024311  9096614
21024311  20969941
21016070  3687729
21016070  9657604
21020612  2626218
21013025  2160420
21027965  5093398
21015800  4255472
21022464  13715716
21010861  3577641
21029233  11792916
21029364  574594
21019781  13634868
21021144  21018052
21030282  15625556
21030282  177506
2508936  9496212
21031398  17947182
21030296  19868062
19395315  4019528
20991253  20997960
21029204  4028059
21029478  7930654
21029478  10038302
21019815  11718505
4909526  1721279
21032487  2315601
21029890  21007527
21013836  8854176
21028671  2797162
21029222  20907265
21027434  3656371
21023700  2332740
21020432  10272814
21032805  1416697
21030153  9169167
21030153  20912109
21030153  20572031
20969039  3615536
21034055  21032265
21035111  149055
21024653  513832
21035859  1836173
21025609  7352254
6017596  3537706
21022917  20657609
21034935  12573816
21000922  9835881
20678635  300669
20733057  318233
20837570  2649056
21036212  12339671
21036535  4712641
21031789  242813
21036976  2693329
21036327  21013355
