14561968  3072173
21348990  7324226
21335326  21302072
21351315  2397984
21351276  601543
21351284  1516144
21353096  20002503
21353096  15112125
21353113  1661273
21353113  588004
21347745  21221358
21349944  11132868
21350436  949433
21351497  14605687
21351556  3697729
21343813  4338267
21354220  593292
21347207  19781723
8026783  10582054
21315791  17002690
21317908  10455074
21318892  17026740
21332592  4216745
21333032  1490869
21209786  7336679
21210526  4628519
21214231  7078837
21218430  2812549
21218430  11547458
21221941  17073335
21222405  5518950
21222621  1267869
21223550  513832
21224053  203198
21224190  7053965
21224230  9641960
21225216  5132679
21230056  8971261
21230299  4057440
21230629  21216943
21231359  6331075
21232195  211329
21237323  5773054
21238061  240178
21239738  784929
21239839  6729605
21245196  4749891
21246696  363681
21250673  6441218
21253355  10059951
20079490  4159910
21343372  8112208
21354987  3601602
20037487  5005363
20038297  20036553
21355248  4481724
21355772  5203338
21355772  5096926
21355726  177506
21354721  510357
21354135  17898186
21354620  18870366
21035866  14421694
21356376  13154284
21357664  14782496
21338870  4613693
21356653  639531
21358612  2487747
21106718  7105099
21354702  16959576
21359132  162941
21062636  20983547
9356510  204476
21359498  3865486
21357463  21356526
16552475  2119846
21356384  21356059
21349781  5472172
21351925  2973202
21353448  12859942
15413924  2417560
7840964  2417560
5296163  204476
21086291  21085933
21135955  21132361
21144938  21146065
20520399  20165390
20979712  20960331
21339139  13047754
20898270  12950479
20945075  20947645
20971180  20970202
21358254  172598
347597  331002
21361308  12573816
18185487  6761403
21359585  4361774
21349779  8739577
21361281  10397121
21360354  8327510
21361136  1637807
21360458  3512471
21361449  16566299
21360080  4637873
10001575  11135261
21362956  95419
21356715  8401812
21359115  15473325
21359756  2872959
21360384  10818319
21362907  6441218
21362680  935175
21362680  20797012
21363210  9024050
21360385  3026096
21362993  784929
4557422  1151625
21360653  1397708
21359440  3349753
21363670  11167536
20878507  20871256
21364781  4217293
21365211  21364328
10343312  7302604
21366308  4592493
21361194  1762539
21362578  14772000
19816302  122616
21366468  8080217
21359426  3730019
21359426  177506
17974643  14965968
19895898  9896406
21355921  21354697
21366078  189391
21366078  173868
21356259  20563772
21362109  12013611
21363595  735204
21364370  10033215
21367062  21366641
21366982  9508518
21076251  9254037
21076251  21076091
21366541  16978047
21366897  3583103
21364038  17960315
21363675  21363933
21367645  9960908
21367605  20279484
21363683  2083112
21368229  826948
21368209  20619704
21365785  21355840
21364799  13840429
21368551  6343166
21368551  5150637
21368674  496440
21367772  6575482
21361489  21360660
21367508  4781965
21365569  21364380
21364752  4294579
21368280  12630548
21308816  9769968
16676929  14001885
16071064  14001885
21369685  21355276
21369970  2167916
21369970  10367790
21369681  109710
16028876  16028688
21367234  17752629
21369653  18693023
17229418  3948206
21369266  1053467
21370577  3737139
21369417  19062120
21369339  21368190
21371442  2851404
21369921  3674930
21369734  513832
21365607  347862
21370641  4668218
21369049  12130323
21367063  1608318
21369845  18818046
21368512  758494
21359403  12345905
21369256  14424150
21372582  11321491
21357716  7130867
21367422  3023354
21372533  21371985
21371075  1685860
21371075  15821532
21358663  21357818
21373242  2034501
21373242  2720488
21371880  16245325
21373528  381542
21374128  3775274
21373246  21368458
21372242  21371657
21360102  2546207
21369714  5699270
21372812  13359068
21371931  5272876
21371931  14299600
21364768  1659551
21356750  400900
21374062  16862608
21369961  920353
21370661  6827666
4460595  448666
21373755  12593177
21356823  21356526
21357987  1184123
21376708  4252680
21359094  21354686
21377101  221539
21375292  1451720
20239767  9032047
21373287  5749415
21376410  6645161
21376134  45015
21372536  306313
21374000  15376509
21370947  20034330
21376055  2432443
21376263  14220321
21376263  1225667
21376889  21374928
21378099  18745374
21376884  14364210
21368704  17496760
21368466  5039500
21375485  5718952
21370941  11756777
21368054  2933
21379696  231767
21366166  20485734
21379924  784929
21377683  7857669
21365985  21350068
21380395  15376509
21380395  8371433
21369206  5331152
19197120  4104607
19621952  14220321
19570616  1186107
21380499  2381544
21367461  4186021
21380035  1054116
21379835  21325269
21377159  560621
21380976  2767068
21373720  8564208
21381490  1140089
21381490  13341698
21381490  9091289
21376484  1065240
21379742  20976051
21379436  8589425
21380730  92698
21380730  13278590
21382880  5758084
21383094  21344053
21382715  15654374
21380213  4686543
21383758  54585
21383758  92859
21383959  5742032
21379400  3038033
21384414  3118448
21379529  1861489
21384232  3207219
21383349  5811151
21374365  20072959
21382774  271440
21383582  27928
21383173  495021
21384798  3370702
21379580  15885125
21384609  2384167
21384833  7410949
21384833  16777885
21379243  7632502
17225445  21357395
21381820  530012
21387226  9511526
21387226  11702453
16334625  11235827
21383105  746809
17234359  10836139
11697300  11235827
21375662  7066110
17180225  7907900
21388971  4362111
21389120  13058458
21389120  1132941
21387261  513084
10780087  448666
7640618  16764584
21386447  5292954
21382077  16034397
21390209  3737139
21369214  7541938
21378887  1189245
21379419  4480652
21380044  495741
21387507  224732
21388818  5047344
21389725  21388913
21391111  21386037
21377859  685300
21391164  21357005
21358430  21386850
21392274  827785
17250409  9490058
21112557  454734
21113029  1096853
19648172  670036
21391824  1771786
21391824  2595392
21374731  7674786
21390143  2061897
19709638  2591098
7143406  871997
21392403  21391990
21388298  21048295
21386037  6311545
21386037  2070365
21390915  506105
21394161  3611760
21390737  21387972
21393634  818255
21390828  2129693
21387972  1614723
21395190  15129137
21388744  28395
21393324  14693701
21373514  16785826
21395992  11180866
18627445  1181336
21377564  5175728
21397108  2559527
21386806  17127351
21284619  859634
21384358  17724382
21397149  5334137
21376111  17724382
21392991  15156198
21397771  19374237
21378993  21361919
21386099  14742717
21386099  14555184
21398563  21397560
21397098  9479814
21394716  513832
5564913  13659217
21387642  2973202
21393287  2139134
21392776  6755660
21400389  1285269
21400420  859634
21399579  3270680
21395198  9719860
21401103  577575
21401542  2411270
21401542  577575
21399552  9205083
21400441  194852
21400082  209513
21403750  2745265
7215213  7214835
21396358  14034803
21404257  1917582
10717502  5047971
21399546  21400915
21402312  15639402
21405676  16566069
21405858  1566595
21405564  80476
21402301  20806514
21401736  21400180
21406665  2167916
21405800  21375475
21405800  21400478
21397040  5863870
21397040  4415904
21406520  7674786
21386670  4261133
21400775  19833258
21396601  2446843
21348317  14594245
2201522  503093
21388392  7459754
4168974  3890400
21407224  588004
21395993  279170
21406653  8119386
21407437  19883826
21407780  21383139
21407780  5495383
21404211  8508276
21405213  8287144
21406457  10242561
21407778  588004
21407778  4055618
21404191  17831060
21404191  15740024
9009760  263400
680929  190852
21404838  8086584
21396617  986826
21400170  21398390
10734816  3890400
21398390  21361610
21109196  19789937
21397875  1359469
21396831  18499633
21396553  1824245
21390154  8382097
21406454  2092951
21409592  6929528
4627241  2954165
21409152  5755722
21404256  696117
21406703  15112125
21393450  21395336
21401381  21362693
6341641  190852
21394758  4408110
21381530  1260748
21407653  21407061
21393501  17781855
21398073  4119324
21409316  21309406
21394850  4048151
21411097  5971645
21410770  275711
21411113  840501
21395305  19378484
19179004  16608524
17474637  15811619
21395753  2503700
21405140  21398624
4164894  190852
21395543  8552763
18808771  3796490
21412256  21409575
1231198  92396
5163617  92396
21381784  9633699
6834958  278237
21413927  1656901
21413927  9048744
21414289  14792062
21415569  60174
21411698  6343785
21413590  8924599
21416714  9202224
21416886  513832
21416928  21365331
21416928  2868485
21416555  5122566
21416291  2821380
21378292  8564482
20739519  20095349
21417631  6158933
21418510  2392216
7824730  2757107
3796490  2757107
21417949  21309406
21396365  4855168
4085959  2757107
15811619  2757107
21398755  2288440
21408523  1267283
21409938  921789
21410030  15622622
21413418  6343166
21413508  19653266
21414019  18023493
21414093  5805843
21414992  13278590
21416180  13804804
21416180  9824435
21416519  13058458
21416519  12791501
21418547  1241142
21277784  3443687
19333026  19332760
20671134  20670886
19087639  16484451
21415335  8028957
20594083  2476876
20594083  14084222
4181715  726395
3184598  726395
21391661  21255366
9482754  7672597
21411288  46155
21414272  3127507
21420963  562457
21420963  639531
21412560  2832467
21419239  11620151
21421448  9627056
21409248  20768955
21409248  3409047
21414331  1815606
21411290  3269686
10206905  6921699
21421705  21419912
21422658  7056749
21421518  1407638
20064567  795746
21421634  8728728
21422921  17520750
21418904  5957175
21424641  2089464
21424641  14314994
21424009  3024197
21424448  14146148
21424448  17587094
21424964  2474018
21419508  2615712
21425400  139076
21424865  21424448
21411630  147454
21424525  637921
2869222  761194
9048744  1656901
21423346  19871918
21424350  3288257
21422017  19386577
21421800  79968
21424662  7814000
21408569  596462
21417496  18194138
21426259  8607707
21408494  993025
15058827  3568222
21423077  21398956
21422936  15790499
21423679  6414494
21406926  3198093
21427037  2466828
21427037  847652
21339492  4634993
21428568  7365172
21427181  16629561
21427329  3528240
21426688  33923
21429894  576169
21427605  815229
21428356  9113364
21430884  1631959
21430884  3888902
21430884  805463
21422775  5938802
21430801  4214153
21427492  18856634
21431247  16184428
21427967  9609902
21427837  949433
21371479  11378630
21427811  1048517
21421143  6803031
21431418  171251
21424874  21423917
21411835  4854442
21432281  11940797
21432638  3828835
21432638  4403986
21431559  21423917
19714071  19678137
21418573  21418263
21430816  18177290
21431326  11957021
21433531  2029267
21429943  8656089
5708253  1281686
21422272  4193749
21431769  12270529
21435946  1335851
21424461  13840429
7107366  811248
11668519  3662079
21422337  4793604
21436392  21420029
21420298  11293642
21427668  18370396
21437631  5113016
21434264  2784851
21438025  2274990
21439428  5141910
21439428  710275
21435069  4902723
21437808  4902723
21439344  13102045
21438383  13499040
21432937  10506789
21432937  20578568
21441199  21440713
21441427  513832
21441854  14285198
21439276  451415
21160122  3296644
21160122  3293650
21160253  33978
21161045  1168532
21180922  6229024
21181341  17953106
21202533  600079
21202533  180052
21258255  8354975
21438129  3129996
21442436  10649318
21441792  1334012
11425281  3394899
21428549  2493517
21444419  3277503
21443421  3793
21443117  48668
21439346  104420
21439346  21386514
21440613  4804990
21440097  13771323
4462570  21439346
10163343  167304
21447561  6101311
21416943  8557172
21428474  14220321
21441393  4660142
21447958  753052
9599479  771756
21438651  2331513
21445767  1386107
21321975  5882204
21449231  7074
20636327  10009753
21443983  2973202
21146017  9508518
21146017  5806807
21449320  7072968
21438502  2973202
21437881  21436049
21447627  7420007
21438415  12769982
21443634  2973202
21450594  9313866
21430477  6796866
21405230  21399586
21448712  495021
21445388  5311334
21436847  18581002
21435170  3737139
21434031  4389232
21434249  2108313
21436068  21434924
21451775  4047977
21452069  21353611
21438988  5311334
21434082  21412936
21451938  13895789
21452664  308695
21452609  54585
21452609  4791883
21449697  354038
21447619  176918
21433767  1075656
21448289  4221126
21448916  21446935
21445205  89228
21450844  1769361
21448961  17337526
21450456  10108374
21454374  513832
21448616  10792052
21450490  8145823
21454796  986006
21454796  9445415
21454796  8056130
21450509  10670734
21455069  2295290
21455069  12423614
21451776  3877209
21456572  1884724
21456503  16224406
21454237  850341
16605588  9682092
21456296  18718067
21455131  3277913
21458107  2648293
21428662  12328603
21417928  21293771
21456699  510012
21457107  2147592
21448310  15039006
21458453  18032220
21440745  16289373
21456790  5029840
21446900  4389395
21454867  5290089
21455067  11105333
21459209  11922383
21459209  1957077
21459405  1884724
21458246  12866413
21460265  3560963
21443278  8190473
21460997  21439618
21457244  8769966
21434988  12257429
21442506  7355187
21451278  9864381
21452886  21204001
19157331  14220321
21461035  15293608
21443160  6395726
21458859  15491776
21460954  18151993
5479691  4158900
21460464  9460251
11945909  1246255
21460133  624828
21458934  10186765
21464147  9531149
7297622  23689
21462869  1735907
20943990  20943326
21464116  481725
10313096  4331189
21464272  5767325
21462206  7604785
11928885  12522491
19662858  14365795
3899447  4000942
5910225  4000942
18449072  9174631
14542222  4174524
10965773  4174524
12833652  894473
5199252  4838627
21466512  388242
21464496  164926
9272384  6691818
21461231  21414076
2331717  1205159
21460298  17215314
21005322  21003524
21457946  21371386
6854542  14220321
4982983  14220321
21467990  16599164
21467990  2551775
21468737  495021
21459133  3910378
21456834  298503
21469490  262427
21469034  290884
21469034  3272624
13648995  14220321
19865823  14820606
19865823  14870478
21467733  9454595
21448781  16196425
21463879  3154111
21458648  5886713
21469892  3925248
21469820  4068084
21463874  1732348
21471842  3737139
21468764  19721002
21471711  1182189
21461120  4472429
21468684  21467434
21470145  5758581
21472828  588004
21468194  1157106
21463886  21375614
21465963  4039694
21467082  920353
21467082  7044144
21462178  4181703
21473714  3577641
21462057  2117697
21456652  15555522
21468666  13058458
21473568  20938095
21461422  1732619
21473083  13773123
21472096  21446588
21472600  12302012
21467430  15375800
21470607  10705848
21472537  9748160
21469381  15540771
21475026  13248466
21468219  4876555
21472638  1378619
21472638  148901
21470471  10249658
21476917  767999
21469150  5798223
21396605  17182544
21471537  14220321
21467386  15914220
21476869  1143262
21477171  805547
21466871  21457810
21456326  2418594
21478482  993984
21478442  132988
21476123  421573
18296459  610245
21474273  11636061
21468458  12640870
21476630  6705370
21469422  8044213
21477463  11054860
21456343  21455679
21478461  1107220
21474220  21452613
21476426  5066329
21480947  13726404
21481068  3697542
21481068  4106958
21480115  2587345
21481189  7979567
21481261  11266990
21481585  11364533
21481804  2612610
21480748  11547537
21482053  9648671
21480283  2360076
21480469  840781
21480469  6680430
21483020  1680528
21483769  263191
21483769  151472
21474478  21398956
21325495  8680764
15599785  8680764
21473956  9529871
21473956  11160954
7502269  6446927
21479569  21461060
21481369  3922989
21479961  4221870
21474452  2436484
21478762  13338424
21483446  21478873
21485237  6100305
21486064  2059022
21486578  21485861
21479384  1222766
21487097  1425777
21480680  6012799
21487187  1676362
21487187  750486
21487026  6993325
2117933  209428
19846452  18127703
21486618  21465566
21484605  356671
21473297  3084003
21485371  6564606
21487645  240178
21487645  12791501
21488145  19689566
21483254  17816012
21483153  8974350
21479861  3988788
21477662  21456688
21456688  21447819
21447819  21397606
21484744  6417763
21488999  2067075
21488179  3904224
21484553  19659134
21488341  4282437
21471954  13516371
21487327  170152
21489075  4150113
21489419  13698379
21470953  15650592
21489794  21489219
2413126  1414510
21488744  495021
21491681  336859
17762968  17753289
19579898  19561755
21242392  401656
21257048  15113650
21262270  11487427
21262865  2436463
21270895  21273492
21272538  12901628
21273302  15076975
21273947  750486
21281430  13185917
21289469  13278590
21294862  19826352
21490007  21489629
21476409  21475238
21487227  2100907
21476348  10695298
4344563  559844
21491107  4989763
2431629  559844
21398727  21387856
21492236  21491765
21490289  1276082
21494173  1523878
21493239  40480
21494414  15035257
21494414  9552218
17074018  15052585
20275156  20264737
19783717  6270004
21482199  21478510
21495228  70797
21495253  4176328
21494929  204476
21491179  2763827
21493768  2025858
21493338  17072987
21486710  5658457
21478122  5552796
21479743  10748481
21483320  1334286
21483361  93039
21489015  2159897
21493590  5210535
21493799  513832
21494562  3224268
21497425  2294519
21495386  12769982
21496158  5439293
21496481  13854425
21496518  2436284
21492008  9475589
15214401  1111429
14812450  20445495
21499441  17270090
21499033  1568091
15957230  8689722
21500229  789675
21497825  8777845
21494284  4708787
19147108  1114357
21478039  17570399
21497857  17009238
21497857  15177420
21498881  478898
21500320  509211
18869266  14206839
21501242  21491140
21501019  2842667
21502056  2943556
21502012  1651487
21502012  17140850
21502354  4261133
21502372  3820666
21502338  17299581
21484207  20038186
20555210  10424729
21501035  10900703
21486639  194852
21490686  218384
21504197  14220321
21501428  3988788
21500645  3894798
20105217  19476595
21502911  6175421
21498790  15767351
21502398  14308644
21504042  6049011
21445485  67273
21500192  2509679
21505831  1576467
21466286  5376427
21501910  61552
21503502  8028957
21492884  162727
21506331  3754620
21494944  8083479
21498823  2167916
21500141  6572061
21498679  1768894
21495747  17920726
21498660  17920726
21506465  2143476
21505849  2973202
21503477  12769982
21506503  7765810
