21598984  477572
19043882  18956723
21663031  10560295
21663391  7381661
21650701  21095266
21662999  20816332
21662999  826948
21661791  513084
21649428  21391593
21661660  21660391
21664746  5226212
21658227  16055225
21664875  529085
21620531  21620088
21654569  10795327
21659695  2784514
21652544  4176328
21654113  7678469
21661251  9440844
21661440  21641246
21662779  11430863
21663465  2781798
21664322  21659721
21664979  15240835
21647631  9934774
21597087  21569379
21667018  5413548
3731529  21567291
21657187  17849193
21667417  1395506
21658738  12859942
21648523  3411079
21648523  8164832
21668108  15939632
21665538  46898
21663445  6029579
21664916  1108
21663256  13121469
21668041  290884
21668041  2559527
21668041  15962339
21658363  4756558
21667922  4449540
21669363  4446542
21669415  383402
21669415  21669081
21667543  513832
21670290  336859
21668534  1907653
21668230  13176046
21134423  2437168
21670358  1808365
21668107  1371190
21667075  999172
21668293  12573816
21668136  21612401
21669168  4491039
21670906  949433
21670906  4176328
9687507  995514
6175336  5173015
21666577  15733799
21667959  19390810
21670083  18552029
21667776  5589756
21669379  21669179
21664989  610245
21669736  7180847
21668558  1267869
21670299  5438060
21669788  2973202
15318518  10477997
21667755  18932
21667663  9144638
21669682  15112125
21668263  21669205
21667262  14591147
21668896  15889578
21668638  2665983
21669745  8431327
21667070  21567291
21667970  14417201
21659210  15179924
21665573  14818866
3944370  2796470
21667302  21663789
21658782  16445522
21671658  949433
21671577  949433
21671577  4176328
18035472  6804539
21671280  14112515
21670878  5224877
21670416  12639471
21670416  13100019
21666463  2005214
21666909  8072832
21654648  21648555
21667194  14769603
21667827  11235827
21668387  203198
21669582  8115722
21671336  7317860
21671526  20091125
21671906  2154623
21655106  14309815
21666210  6826260
21671022  21667145
21672438  1586592
13574980  10610402
21671982  211192
21672855  81991
21672002  1298867
21671984  11648312
21671442  14524056
21676539  21674705
21675101  2925054
21675367  4616095
21677114  11950300
21670177  4636146
21671316  11773369
21661238  13964520
21677807  3117838
21677611  564366
21673717  6343166
21672549  15254272
21676996  10181729
21678566  1643007
21677101  4930914
21678757  8220399
21678757  7158741
21676412  4488347
21676217  11649255
7755364  6834106
21678675  10787342
21677065  17911272
21655181  19937601
21678844  6343166
21678330  13500686
21660965  4075540
21678474  15827384
19607841  1652128
21674164  21672263
19464222  3510574
19679563  2867575
19676618  54566
19676618  3737139
19676015  8409329
21677363  18239405
21671527  291003
21679414  21678625
21678610  17687410
21672334  17551867
21573346  1695175
21678449  15692186
21680979  6815520
21680710  3765122
21679634  3721043
6065609  2119300
21679438  3350385
21682452  805107
21682069  3345363
21636256  21612401
21683081  3481828
21678482  12953704
21683227  14220321
21683741  2232362
21683728  322715
21681123  13010411
21684495  1167398
21684566  21405206
21684588  19226816
21685507  1132941
21681454  1592876
21686699  17299581
21685835  15262981
21665273  3848132
21675161  17132047
21676143  14150628
21676425  1244729
21678755  21578787
21679131  5485468
21679524  8881453
21680475  21632243
21681144  3066703
21684834  17454610
21685436  446892
21687820  2973202
21687516  9383740
21687978  9508518
21687776  1316945
21687776  11368496
21690032  898405
21690317  97984
21685882  8061578
21689521  126100
21682844  7313287
21691392  1996122
21689880  190560
21689292  46155
21690117  8684395
21690418  16863640
21692502  2968597
21692502  20346
21684891  14004087
21683347  21676920
3236088  603092
21693056  3062575
21688493  12573816
21691456  21661402
21689324  13020298
21690605  1173630
21689218  4635007
21692060  2448843
21692603  13675232
21692253  3914557
21678293  12769982
21691348  8246047
21691213  147572
21687310  86477
21687310  514688
21690346  12573816
12223747  16140917
21689786  5013717
21684756  362861
21685980  17150312
21684770  2407398
21685620  19513306
21683618  5216330
21695205  8080617
21695112  205853
21694826  1773550
21682802  21676920
21684603  6036716
21695006  15441742
21695410  4912092
21695094  3618381
21681445  2745265
21697152  121203
21697544  949433
5976150  1851566
16561707  16176717
21697855  513832
21696622  8685864
21698299  1126571
21697765  4238921
21696018  6209204
21683481  4483886
21698158  39771
21570715  1101380
16102606  11042166
21696793  16959576
21698310  5244472
21697181  2799938
21700423  19871918
21700107  3663506
21699201  9954518
21698048  901115
21699155  985272
21696680  5498865
21696680  1963806
21701518  12446990
21696349  6287918
21697212  1988804
8817550  2055196
21703380  3980416
21681070  7840455
21695036  12406985
848147  667802
21702089  5361852
5507734  4412915
17830457  4938010
21678350  4388066
21700946  420185
21693776  18818089
12652028  9199827
21693430  3600354
21693345  199080
21699812  14220321
21700532  14220321
21703184  1525378
21703468  3504480
21703374  12660232
21705122  7938582
21698956  750486
21705212  17106681
21698705  21697679
21705255  381542
21705255  7852130
21705366  4011075
21705938  6343166
21705838  8203187
21705493  14924146
21705493  4888362
21704419  937933
21705068  21661413
21706248  142003
21706630  10273185
21694021  2559527
20917842  3993105
21697764  596351
21696985  857439
21696985  21697679
21706462  6799533
21703424  21697024
21705691  190560
21697039  3526236
21702525  346107
21695917  49002
21707572  4671992
4671992  3790935
21707767  2973202
21695358  5785745
21706103  513832
21700314  15682164
21708500  17738439
21703458  6641962
21697982  1102392
21709367  6983026
21689172  1732348
21693721  18031704
21709964  1769306
21710313  6665312
21710517  826948
21709966  8028957
21710866  2943556
21711038  4003647
21707750  20477156
21692911  676824
21694079  15749486
21687016  19735507
21687165  218384
21687606  4778113
21693952  4176328
21697532  8767323
21698459  5004233
21699537  12573816
21705859  3263741
21710301  5423211
21688726  923771
21705032  21703276
21710569  4660142
21710541  2757107
21710873  12089817
21707855  17378498
21706636  2745544
21709248  1732348
21708210  4150002
8171521  743906
21445127  610245
21445127  16131838
21497012  237104
21497548  4672978
21501752  21501407
21503351  15162197
21509346  13579953
21511994  7255636
21515073  13614997
21515073  17944074
21525908  832257
21526726  14233341
21533891  5574702
21697216  4621443
21712383  5726729
21712383  2583472
21714683  949433
21710839  7845359
21713705  18713321
3103962  494143
21711709  38987
21711767  14028959
21712903  3327655
21704033  5881169
21712147  14050195
21712727  827024
21711890  401656
21711710  10359907
21712653  979975
21683381  14432557
21700971  7674786
21705164  609273
21711685  10404116
21705450  4198318
21710145  19174611
21711072  8817394
21711632  7725615
21711898  3634046
21713056  19640361
21714342  21711020
21716159  13339850
21713152  17711898
21711759  21233958
8230810  15018098
21709465  21707616
21716921  7352493
21716921  10585135
15653786  15653254
21716477  3577641
21716477  5121833
11480503  15018098
12329554  17820492
21713215  14220321
21713720  477572
21716644  1869974
21710655  376201
21714770  6484279
21715065  2526522
21711309  3817785
21710487  8210692
21717961  10113366
21706243  21693154
18829834  19322827
21707012  21707813
21715180  3660563
21714912  7180880
21670572  14358309
21697351  17061197
9699352  15018098
21719037  1506838
21719037  4757159
21701333  6807194
21713599  6814268
21702821  4668566
21698935  14905135
21717811  646628
21696547  7826306
21693683  8618632
21703721  10407860
21703415  1707967
21716734  4602141
20946389  20879565
21707311  21706369
21708473  21273806
12562707  13227017
21700204  2602612
21718318  12654733
21718318  11922383
21720496  2295290
21720499  13633954
21719363  16749414
21703139  21420817
21714223  4230029
21695822  10388482
21701542  18729220
21707847  6485960
21711697  1014861
21716212  14028959
21717949  4616202
21718662  807867
21719817  878573
21703580  1281686
21703580  12803562
21704781  60174
21706202  21676853
21708564  4293355
21720058  14505153
21702230  19156979
21702017  1330856
20410534  18244223
21703706  164194
21703706  604391
21702896  7534967
21699591  21447329
21694622  4261133
21694694  1420381
21694768  21143835
21701404  5604886
21703550  3239006
21707347  21704156
21708462  2745265
21690176  21692748
16434017  206059
21709865  17150627
21721301  2450954
21721506  14190556
21722388  21721569
21708456  7306250
21703516  4368640
21722020  8957829
21703897  21700475
21718669  3522454
21723353  1634268
21723353  8228281
21646095  13260675
15319213  5573973
21719090  3350385
21693171  7938650
21722152  17364127
21722152  2699086
21722993  495021
21722788  8706192
21724229  8028957
21721461  1917576
21723226  10491686
21721698  13336823
21724922  4660142
21724945  849813
21724706  7908193
21722357  5583608
21721511  2325148
21723992  64602
21724827  21700511
21678012  570669
21674641  5464183
21720375  9659600
21725990  949433
21718817  5201191
21718464  1554099
21726965  17548406
21726033  8065532
21724419  198431
21722625  3384935
21724990  2433966
21720596  17198337
21728281  8161615
21728176  953146
21728873  13767516
12403662  3476765
21727530  8969003
21728151  9373774
21730109  3052442
21703625  5711535
21726480  3036408
21729696  21726767
21730975  14220321
21731192  21730923
21729971  10402690
20798175  589874
21715364  2030336
21716830  11544966
21713555  683425
21703983  12260166
21730923  3006733
20942202  16607791
20927924  9946263
18524386  216894
21729134  154724
21672433  19219706
21732985  14220321
21733110  6973585
21732259  14350223
18067886  4288555
21733855  4187032
21733855  13222334
21734057  2124190
21734235  21728929
18656992  6150644
21731461  2066084
21728888  19821753
21727079  995514
19518613  6337604
21733928  20616114
21736538  3737139
21736538  1386620
21734310  13491560
21729574  109383
21721176  18120589
21737610  21737059
21720864  21708714
21736841  2575153
21733820  40814
21730568  9037061
21738185  513832
21724195  17296870
21738406  4790281
21737944  21565986
21736001  4542942
8035822  6287511
21738187  10373695
21739389  750486
21621697  5291192
21737316  4660142
21671867  12528365
21739656  18894080
21740160  21739650
21729497  20369440
21731420  10913484
21736872  13672773
21726196  12094024
21723488  358835
21723488  10550970
21738233  14366401
5013881  4614697
2109494  4525854
21741755  513832
21741665  1005857
21741665  5451394
21736315  19910296
21734848  8706192
21734848  21722788
21742609  5727
21741875  503093
21737286  7343915
21740655  3424165
21743552  1751225
21741244  3359201
21741578  19952029
21742158  13230739
21740711  8288664
21741091  21716281
21740211  19081401
21740133  4261133
21741432  2723397
21737481  10771604
21736843  2973202
21732064  1465573
21742802  4951442
21743938  4728295
21742440  217074
21738959  16749778
21739491  3067364
21735349  1420029
21745207  12573816
21737255  2973202
21740161  21727191
21738219  3434601
21738219  2973202
21738966  6311779
21724040  3401343
21744744  2441501
21724097  12277945
21737575  4969171
11902467  217074
21746781  4502092
21734893  5464183
21742964  6478796
21745352  963636
21725935  1151582
21726624  2231917
21728646  18684024
21732756  9004570
10832180  6476797
21746104  2156524
21744657  13999432
21746482  13261991
21748670  21037888
21747249  10429615
21743425  21739382
21747838  17256182
21749070  687490
21748747  19580361
21749241  2670639
21748615  108892
21746187  203198
21746772  21746155
21748769  16556254
9264701  928646
21749054  3543454
21738570  9245408
21628361  20474374
21747841  375406
16339170  9877946
21747220  9618774
21743270  21567291
21744326  10511629
21737510  2049582
21748565  21699815
21749728  2587345
21749130  11983070
21743934  11668206
21375007  203126
21750164  4660142
21748285  11922383
21746245  18312046
21750450  3226329
6921803  4255472
21746661  5246292
13389865  13352149
21749429  15705895
21750535  278259
21750038  3779285
21751539  12414619
21733355  9323279
21752107  8351147
21752267  14119133
21751909  2867499
21749031  851625
21750724  1181888
21743038  8089485
21754752  434761
21735256  4829189
20680355  6141910
21754897  7868936
21751526  5203407
21754066  3811464
21739790  14064503
21678413  21337563
12019031  3906704
21755757  3565015
21753857  642293
21749489  2233824
21753434  19821753
20068518  19845130
20068518  15378136
21751722  17907122
21755248  1661478
21756463  96428
21742441  21332389
21756461  730250
21755835  11605871
20029942  11911359
21732842  10165108
21733046  4346301
21753898  1945336
21750236  793924
21750236  7075797
21748491  107936
21749197  1784780
21753569  1282888
21748235  5522771
21747655  18729220
21756522  311165
21747797  3032427
21758097  3969972
21733854  204476
21733854  18158541
18932287  19133824
21751964  7364969
21745361  4194207
21751818  10616554
21755577  7770679
21756999  2716069
21752044  7164055
21758919  949433
21758919  4176328
21749367  14246476
21756005  442404
21757141  41948
21753349  614126
21755395  3281651
21760222  13251976
21757814  3093622
21745037  15281904
21759316  409784
21759316  7060016
21756539  13754563
21762449  4969171
21761333  14824491
21762890  13197702
21762611  10428798
21754426  13840429
21763119  5110915
21747430  21720787
21763298  2570410
21763372  2973202
21764049  240178
21764049  13058458
21762651  8776241
21763569  3213827
21764725  8564532
21763698  18948555
21764580  2595503
21755731  2635923
13058458  240178
21763704  21513865
21765466  383947
21764666  10739726
9793497  7860362
21763766  3747086
21751072  21754814
21766221  3247654
21766221  478804
21764798  1581364
21764798  7141666
21743560  21294944
21766235  2295290
21766495  3844934
21766203  7141719
21757613  17408483
4923013  4784385
21767448  3076414
14679329  380734
2507078  713847
21766161  3908012
21763224  1586587
21763224  14767530
21768611  21750004
10471390  2655630
21768865  111461
21758934  2361863
17301217  89228
21765966  21763469
21766273  5346186
21768526  1220046
21768526  21766918
21768403  21768876
21763337  5612656
21766408  21764445
21757579  8028957
21770302  3737139
21769486  13102045
21763521  7061312
21655760  3066421
21770709  21762675
12708807  11548005
21769677  2545148
21755690  9233027
12844232  5129624
21767693  1917576
21767693  16007435
21768370  885009
21771835  545957
21771835  3764687
21769608  10477997
21771521  6688223
21770936  4266756
21771659  1470488
21772193  11021577
16840174  20054047
21772174  13102045
21770963  5133050
21772775  5756748
21772303  8170020
21771834  381542
21773027  12787549
21772974  504947
21772974  3477333
21772960  1072765
21769530  610245
21768406  3105462
21768406  3330435
21772951  11907245
21773145  7626375
21772198  4501353
21772082  12722428
21767968  4138827
21767968  409784
21773959  6393146
21773959  911663
16143064  6390163
16140361  6390163
21774008  6260756
21768570  6500313
21772990  15496775
20315549  9911004
12831188  8915602
21774426  9042766
21771422  2612802
21766638  580669
21769827  8589425
21772585  10834665
2171701  1360134
21774840  1141848
21774840  3577641
21772501  19245853
21765989  7816365
20745808  12469815
21775539  6343166
21771087  80646
21773977  75213
21769724  6906078
21773769  127704
21772401  19177087
21775901  20780834
21769884  21750123
21748425  695506
21755522  14455051
21774177  8143688
21770597  3059044
21773353  3219758
21776990  10769681
21774054  16673074
21776108  1109564
21772256  5586429
21777385  400314
21776987  525212
21776927  628526
21756118  3466850
21768161  1853223
21736494  4301329
21367276  236129
21777500  5628121
21778582  15501652
5993283  4811350
21546194  4361889
21765305  3479485
21779660  2475259
21762904  236129
21780469  306313
21780469  11476190
13922221  13786685
21775138  7367218
21775320  3611843
21779496  3995058
21777235  6096384
21780678  370357
21779582  2517369
21780796  11296361
21781857  13130708
21780154  1040380
21780094  9141069
21779041  2451417
21782547  751681
21781503  21777602
21775737  21771846
17861885  11649385
21780496  13485477
21782750  2192348
21782455  8675206
21781632  6408957
21783418  784929
21781920  224732
21781520  21771566
21760569  14220321
21783641  4209201
21784075  3737139
21745615  20871433
21766186  456644
21779912  21780427
10083836  194852
21776264  3721963
21776657  628526
21749539  21725580
21682015  14220321
21763038  19138983
21785439  181805
21772852  13376132
21785687  782629
21781428  10446641
21778621  6806271
18705826  412169
18705826  569694
21786075  229179
21773243  14271216
21773243  11176724
21783455  5636790
21772453  16790174
21784653  12887644
21774898  21725580
21788236  155609
21770722  11419940
12605315  10754661
21788673  15112125
21788500  843277
21789021  8284365
21786386  206384
21785756  17664897
21788373  12579667
21788373  15900838
21786792  9680399
21789255  13852279
21778406  10814282
21788212  4527345
21787555  7390902
21788419  1045845
21787162  11335514
21788840  7169443
21768858  3385936
21783817  4660142
21781416  19390810
7212942  2537238
21789912  6452959
21782748  5850133
21782621  962132
21778013  1238016
21780726  1056728
21790882  214714
21778825  635937
21783774  5160863
21777373  2777954
21780899  149055
21789924  14220321
21774323  8748140
21789115  1479823
21791609  3016213
21779158  1664713
21789455  20548800
21777480  21776953
21781633  6262386
21791557  12068971
21789887  12236656
21792841  1680528
21780058  5497775
21790869  1883345
21790869  4008223
21792680  1721279
21685204  8285681
21793353  8870932
21793353  7963155
21791737  21788575
21793537  513832
21793568  529424
21784641  4130355
21793674  513832
21782275  11250144
21793202  8284779
21794217  2238730
21793709  2846301
21793709  9509138
21791289  12807115
21791904  1553382
21794460  8028957
21793190  1867861
21782892  21782424
21793279  21793064
21793979  1726630
21793979  9453421
21794082  7569885
21792584  8690739
21793752  15025055
