21899890  4555656
21899944  665135
4441139  874205
16921931  12097851
21899661  8191669
21912764  688097
21912764  12097851
21902019  12769982
21906891  4660142
21895770  21894237
21904388  13869627
21912467  8880483
21915428  15112125
21915428  20002503
21911378  7226168
21916212  8028957
21916340  9508518
21911958  307674
21911958  307650
21900104  21901508
21915256  21914660
21915032  8656701
548217  8880
21914184  7102413
21916837  16094095
21914643  21913210
21862563  21839841
21790343  21773242
21910643  4261133
21916208  1919044
21915870  12953704
21917203  12847960
21916512  7996449
21914872  5525636
21916532  21891248
21912975  12769982
21918033  12887700
21907102  17637179
21918645  495021
21917244  1787249
21917244  1267869
21914893  10813195
21913049  199418
21918693  9508518
21913155  4176328
21917853  2941169
21913043  5431351
4790104  4703187
21914364  843632
21914364  7057934
21913999  3146446
21920469  9696660
21917681  15215326
21915202  21842880
21918586  15186093
21918516  381542
21903516  203198
21920433  275711
21920433  4051887
21920230  309892
21914721  6331432
21919914  1238613
21914306  18959411
21918553  373833
21920539  901115
21899894  3567552
21904434  21574680
21910148  5210535
21908305  912016
21918633  4261133
21902721  21758982
21900860  1256887
4122183  1535403
21922813  2324658
21922674  2973202
21917085  3860112
21902791  8466744
21909695  10781048
21912145  17156099
21919405  11783435
21915954  165539
14489689  9590481
21919394  17454956
21919394  17900207
21769384  7515035
21921795  2973202
21925248  3930975
21904229  2459916
21924919  423379
21918119  14505621
21922400  8694273
21923076  2232
21912510  5120317
21926237  11651594
21924981  17948412
21926328  558474
21909820  9605913
21908596  13176083
21896053  4272854
21924989  16461970
21913464  3761174
21905725  6701019
21914750  22358
21916498  2987433
21919532  14969356
21927147  6660906
21910338  1869091
21906523  14245801
21910554  10732105
21910554  18193667
21905440  376090
21909908  7553607
21907580  4912586
21928651  9163341
21910693  20925432
21908335  12431107
21929394  4488716
21930618  774054
21928609  1236360
21920134  25969
21926303  10090217
21925783  3748
21918567  11282433
21906001  12769982
21931531  513832
21911117  13527537
21913718  20955735
21924302  7053902
21930092  4695747
21912271  4263272
21929684  12573816
21931190  232785
21932391  4514323
21931378  1405048
21932241  495021
21932775  7853130
21932775  5803305
21911613  12430512
18722234  13621934
21744384  3215878
21930987  10889233
21930727  12979601
21932831  1132941
21915333  5576525
21933054  5397787
5530624  1936376
21933145  7027523
21931871  676824
21931774  6993325
20289402  10677604
21934328  11519743
21931862  2808535
21934746  2114757
21934045  20143747
21933885  4484167
21935315  7156955
21935332  13406387
21927361  14319347
21927550  16619450
247479  37684
21876711  15233858
21933449  21931862
21925860  8713470
21934649  2733356
21935011  880230
4000738  2965200
21936951  19906802
21918096  11987142
21936986  3919291
21936498  592620
6222676  675433
21934810  6243605
21937639  2115497
21936933  1250079
6988227  2666392
21931244  21909051
21935172  180986
21937652  10302894
21938537  4660142
21935444  9502645
21935980  7089118
21930517  6622037
21936390  7153989
21937721  6783256
21938645  4366730
21937739  461203
21921356  11425673
21939632  19553265
16984793  1593288
21935563  1740858
21935960  495021
21932794  14858262
21918510  14167565
21935304  21931862
21938835  2091126
21937015  9470066
21940455  463299
20759104  4648465
21934689  9632
21720672  10947283
21935229  2936757
6527811  597159
3176942  597159
21935427  6661530
21941310  1504717
21939504  8763994
21933826  3458046
21941819  125367
21941161  736571
21940534  6343166
21941445  153724
21941445  2808535
21943117  4176328
995918  513832
21940585  12599058
21943417  7627098
21943169  2950931
21943169  21869399
21941622  13036907
21942126  2905224
21942092  6343166
21942316  2784514
21943092  1450393
21943900  3304836
17732216  17685502
21940099  3586919
21920305  136419
21935288  20240130
21942861  13657787
21940999  19448650
21943421  1274657
21169445  6616732
21943504  1296646
21934222  15321138
21938562  6194041
21935894  1218710
21928504  7081643
21942472  5509052
21940511  588004
21941021  4432208
19743385  19911762
20757485  10836679
21932419  3173861
21386741  15512560
21904964  8922638
21940570  21881830
21940470  42648
21940496  4026021
21943756  1509547
21939896  687444
21933997  7970390
21945675  8859828
21938403  17412460
21939379  10321435
21939379  16765545
21944656  11312737
21937758  6936578
21938905  433392
21751669  21733070
21938161  7220681
21937361  346536
21938641  9526970
21923963  11152956
21946393  931536
21947855  999172
21947241  629667
21929125  14372822
21937472  1481443
21937459  10796160
16624881  13138820
21727792  2279341
21943976  1637332
21917863  5641997
21949000  9836151
16774469  12033188
21927779  5943330
21947350  21937269
21925784  17417801
21949127  1018750
21919005  9605913
21943505  15454691
21943726  7534967
21936705  2167916
21944194  10865957
21944198  5605125
21945647  21004595
21945045  210590
21948657  15112125
21950495  6586205
21950495  7682072
21950474  14135823
21950114  2627813
21949553  1839422
21949541  9249359
21949186  3776682
21949323  307650
21950637  10150428
21949200  137006
21951228  4662442
21945605  4963300
21949818  21950210
21949971  203198
21950581  279170
21945799  347949
21947133  7558022
21948171  401656
21951572  3975688
21925746  2378559
21951115  6680430
21378387  5794506
21929432  5062722
21948863  985272
21932164  1176136
21951268  4503656
21950672  7220681
21952377  21951935
21931908  2167916
21945290  16841050
18494505  18727033
21950804  8338193
21951818  13624462
15473957  15452935
21944732  3911966
21945346  190852
21947783  14641942
21945126  5227331
19915152  12033188
21937376  12841199
21931667  2167916
21944134  7231157
21944780  4260086
21944780  3454993
21638367  4497456
21949161  6988652
21942682  8566090
17300865  8931268
9328880  6028133
21954079  8028957
21939500  8808921
21927282  10974673
21930280  17798815
21945341  21943973
16526639  11979156
21952424  14146148
21954628  3613102
21952208  9549780
21952208  18594940
21946606  2739391
21934048  265122
21929315  11695375
21952942  2010892
21928919  940905
21953471  8266771
21952367  5117127
21916103  257926
21954581  14271902
21940306  6590152
21926349  19435242
21951834  618535
21951834  803225
9468055  6750880
21955791  513832
21953644  21953420
21955795  6441218
21955232  8829271
21953161  13430835
6429014  5741658
21941997  451415
21952080  3286178
21895980  14161869
21955380  4688880
16787341  96759
21921731  10402690
21913313  6343166
21913045  21860621
21910102  2785485
21945850  3407857
21945850  14806768
21954746  2783204
21955265  3159644
21956385  3069589
21935270  21935003
21949109  2089590
21950320  18025710
21952896  21953130
21955597  14531679
21951238  13517200
21951238  21776802
21957883  16460616
21957773  18559762
21959060  1241819
21913371  7049875
21959334  3737139
21959827  750486
21959764  4174080
21959764  19372317
5886307  6065383
21960067  4893436
21960986  10418594
21958844  9399215
21923419  641407
21958747  201323
21957944  10390406
5160577  4938723
20520591  2854357
15129260  2854357
7245404  21952386
21961833  433895
21962083  75191
21959456  2933399
21961413  5411538
21956826  8803674
21961796  21840811
21960626  12769982
21961319  1041371
21961319  7956814
21953916  986006
21948549  21948294
21950393  21567291
21960396  2997767
21960790  10118172
21954149  4261133
21941081  10970705
21963387  20407747
21963541  18886821
21958841  9347282
21963628  1960473
21959312  4973156
21961009  5515310
21961450  14154127
21959931  3620659
21953464  12952187
21959955  12184304
21961651  7730605
21962886  8701716
21962886  16046544
21960321  107705
21963393  202463
129389  78536
21963159  7102413
13417018  202463
21959068  20279484
21962982  505759
21963001  11922383
21964163  11620151
21964244  240178
21064072  13105690
21963816  8021436
21960693  14336195
21941353  12573816
16526696  8284365
16440487  114543
16374984  6222616
16967278  5958280
16495303  2367595
16495303  6288105
16792093  739695
21844943  1328223
21963624  8818085
21964462  14220321
15719161  2176861
21963763  2161634
21964606  1465621
21817256  1069528
21962427  6863004
21847763  8134884
21917369  3361986
21880980  21653654
21961896  4453998
21964727  3510649
21960919  885009
21965582  3144610
21887402  3689581
21965684  500580
21853707  19727915
21949680  19505667
21949680  18573059
21956621  21956332
21954772  7414178
21960193  21958409
21954922  9828831
21961230  14955993
21964083  2973202
21954291  20124079
21964328  2877472
21963040  415515
21886261  2213608
19005061  19003644
21961694  8493507
21966111  4557422
16793990  1017224
16793990  1696877
20875535  20576704
21951844  14548927
21967116  1636201
21966079  18082
21966079  5778020
21966200  548986
21965219  8309981
21967327  4232231
6410346  7110023
948682  1155799
21963967  2846283
21963967  8119532
21967704  2608158
21967704  1348095
21956393  21955631
1637298  924916
21962094  409286
21937743  152975
21965546  12344795
21965649  20437225
21965649  20865747
20798221  1546355
21962641  4295175
21966026  2468874
21958259  8706023
21959673  236129
21956282  3081987
21956282  5969124
21955926  27509
21968418  1268552
21967788  9093709
21968574  1823058
21968161  2818697
21958923  18085305
4459719  4322367
21906402  19723811
21958874  9934447
21935535  17999766
21884192  2283208
21715685  21867104
21715685  21688510
16419374  16916461
21955205  8801787
21954317  21847763
21954317  8134884
21955071  2464535
21968484  2880851
21955767  6146363
21958938  7102413
21968886  13441307
21968886  12949155
21968886  3127429
21753436  1673005
21952844  3422673
21950378  21949921
21970056  8601268
21970493  2100490
21970107  6005961
21969380  2973202
21956404  513832
21970209  21968764
21921869  21716680
21953208  8028957
21953208  5625895
21953992  19385325
21968906  7941089
21887705  19334640
21967785  635935
21951417  21951086
21971580  21964206
21946161  912711
21972270  312443
21965654  17793059
21960214  3059044
21962874  1980452
21967099  21965689
21967830  3577641
21967960  21967719
21969426  4520440
21969426  4537963
21970979  1026973
21970979  10641144
21971400  10861260
21972024  2973202
10323919  1155799
21688510  21867104
828710  7241046
21966557  2592910
21972794  859634
21965956  21903596
21973071  1247989
21973072  13942701
21974041  13569
21973968  1373164
21974139  605497
21974139  4643074
21974217  17755819
21974856  798545
21974856  16910359
21973342  223918
21974970  18907131
21971297  21955416
21970889  12723818
21954002  4122486
21974994  4367745
21974683  19882671
21975857  2546314
21970964  17752978
21973603  17706580
21971694  7161247
21974741  8333701
21975983  10201232
21973906  7882735
21975601  1608181
21970085  8767166
21976510  6259982
21976477  10016890
21975131  6941483
21973628  10591530
21976625  890128
21970681  290884
21970681  7379915
15454120  2700433
16305898  12661
16305898  9650572
13396656  8699542
10464282  9559561
21971707  513832
21969500  21023171
21971158  5367563
21977423  506105
21964984  21964420
21968983  3645649
21978336  5431351
21978422  513832
21978318  638129
21978318  4362740
21525896  2973202
21587898  2973202
21596059  2973202
3121627  3202405
21471684  2973202
21045841  6947413
14681714  9064298
21620618  2973202
21979250  1383797
21979440  1552301
21847514  2973202
8840966  890672
21976074  2221221
21832815  2973202
21876770  2973202
21702097  2973202
21751550  2973202
21569682  2973202
21819333  2973202
21805383  2973202
21972973  282194
21838445  2973202
21838279  2973202
21976366  7887256
21974823  9291255
21740850  2973202
21975917  290884
21973028  18892074
16833466  7346662
21978064  2016795
21971966  4994245
21980526  9564024
21692760  2973202
21976876  21976558
21972353  15846076
21877755  2855865
21978393  21978063
21981132  85479
21977768  249222
14144473  1091870
21796278  10316418
21976115  31496
21982498  12200486
21975476  621577
21983092  13149282
21981665  107705
21983838  197675
21983838  703691
21983153  2229033
21984281  21908310
21983828  5522805
21982841  15019662
21986457  7027523
21985068  2591098
21986618  16037033
21972256  1657883
21985610  1263636
21981587  279170
21986331  13840429
21987771  3359109
21987771  73883
21985932  5474088
21981828  279170
21985461  21513052
21987349  2465921
21987349  5105517
21986235  10564474
21985120  2459916
21985120  16208365
21984148  8701235
21985698  4216745
21984963  309424
21970292  7221930
21989149  21988366
21989149  3501382
21989149  354038
21983456  5605125
21981928  477572
21968307  5357455
21981063  926752
21983369  3177733
21980742  7880658
1071793  1540673
21988345  3536893
21986369  3057341
21987141  21966868
21990577  6747242
10426495  275761
21985034  810273
21967608  190596
21991585  11180068
21980675  13015165
21982398  3243721
21980263  18178438
21992202  4684320
21992009  5004233
21992410  273313
9492748  1155799
21980702  21533840
21992420  4915387
2302361  1155799
11464103  8664930
21991539  3509714
21992154  11720656
8664930  1155799
21941740  3868951
21992168  5004233
21989665  1063007
21981028  7559254
21993200  4176328
21992427  1457282
21992822  19178900
21992179  4143938
21990997  2772778
21992524  21985972
21993233  21981075
21980409  5185230
21994178  15481524
21993418  1568557
12251162  8456360
21991694  12446990
21985709  12257429
21977457  6939136
21991795  2820660
15028218  15334
21995566  4684075
20275243  20273918
21995680  8225776
21995803  4009756
21993885  11946232
21995361  4098345
21995774  12521366
21987795  1249392
21996261  105770
21996351  11321491
21995525  12114355
21685344  193182
21685344  18296057
21730029  12573816
21629980  4968406
21995663  7485670
21997089  650162
21992377  5904740
21980804  16012492
21996765  21995680
21995325  17583443
21997883  16931690
21996861  12835380
21997284  4660142
21992480  11922383
21996608  11620151
21997852  3277367
21996891  663397
21974267  21966942
21998661  3437410
21660065  13846491
21731611  5257166
21996679  21995364
21994457  15964826
21996145  21994862
21997515  1606797
21997253  21996130
21995545  4906073
21995545  5731879
21995542  6673936
21998749  18508906
21996493  5277156
21994842  423379
21998701  4010185
21997131  21996401
21988912  20150496
21997546  2471982
21993606  3116434
21995239  5110249
21998910  10017147
21996262  12424690
21999326  21997131
11408320  7482412
21994786  18715137
21997968  21996922
21991987  965053
21997815  15710701
21999102  13406699
21993553  19325235
22000093  9975562
21999240  14004318
21998698  21919044
21995788  13126175
22000718  4202102
21984627  8445786
21997723  15754713
21997723  2694238
21999169  21489097
22001303  17977082
21997803  20756568
22002063  20033111
21978338  7262195
22000152  14407451
21996445  3179136
20610060  20274938
22001388  16704672
22001856  9997382
21999750  564
22001094  10538908
22002087  2749560
21998020  11561754
22001346  21102161
15535371  5701126
21904548  17673292
22000342  21999893
22003643  4172722
22002016  1117292
21988539  9487508
22003761  10968733
22000129  22000116
22003031  7959478
4242035  359047
22004076  9620586
21992894  7718664
21981971  1605024
21981971  4574159
21983484  12779489
21985910  243385
21988948  1509947
21989712  513832
21990824  1568557
21991532  12170386
21997582  11144513
22000455  5453109
21993883  137933
22002980  7732634
22004700  14220321
22004618  15977031
22002928  149055
22005110  14789478
22005258  513832
22002794  3173815
22005370  513832
22002412  513832
22004531  6100712
22005080  513832
22006602  8028957
22002309  4777272
22005742  325426
22005007  5540024
21774035  21773242
22007127  6343166
22003495  18033401
22007099  171251
22003421  1357429
22006498  14256643
22005162  24849
22001812  8094796
21818481  5715239
21818481  6185878
6510724  4216745
22001425  1660124
22008282  5428676
21999873  3480715
22008006  22005465
22002550  21897354
22008927  22004893
21977328  9600801
21995475  6500573
21995475  5640988
22009673  513832
22001236  2113940
21999871  15595393
22008059  242813
22002472  2945486
22009244  1513485
22009624  27065
22009835  18395243
22008180  1568091
22008180  1461598
22009217  10414854
22008754  2471935
22009446  21703838
22007969  21469431
22010762  22004893
22008755  19361663
22011680  12953127
22011542  1334802
22010336  788411
22008401  14666862
19331426  7056749
22005640  20919431
22008832  2928002
22010761  563670
22006363  16097189
22007737  885009
14930432  13786564
8760514  8759381
22013339  301134
22011846  312443
152313  33746
22010033  7870265
22013361  10932997
22015684  4856717
22014263  4755505
22011369  11743019
22013973  10762538
22014062  18897896
22016265  772124
22014224  11660235
22011248  14118811
22016766  513832
22003457  19725103
22010194  7486085
22014648  6880090
22012922  3711357
22015102  2275443
21996804  12533885
22004867  14064899
22018496  129077
22010124  19859037
22018656  16861204
22014410  4172722
10146488  6080991
9529285  9529032
22016070  72121
22013949  4933958
21113261  5346186
22019452  4023344
22013889  22005927
22020224  513832
22009278  6493271
22018199  3831991
22017702  3299972
22017702  238920
22018136  3076679
22015331  756954
22020993  7459939
22018233  21976894
22013080  3296092
22018203  11002239
22017671  1826902
22018155  5246373
22012480  10964681
21686075  5588799
21889514  891963
22022273  13102045
22016378  4866425
22021697  3004041
16941104  1634748
22008440  21921723
21983454  3776291
22022921  8027394
22003715  216875
22022862  708698
21999305  15414809
22022098  10710840
22022098  19553265
22020659  7618852
22004971  21336160
22009301  13597903
22019879  2139134
22023608  7077653
22009292  13584356
22024369  3591807
22008914  13109652
21843669  10171280
21843669  9149868
22023109  3955203
21290454  778716
22020538  3027066
22023400  17154707
22023104  304837
22023104  17227070
22025628  3427585
22022493  2799690
