22021811  11886230
22021814  9792106
22023095  11873990
22023593  5014522
22023041  3840294
22022595  17642630
22026015  12573816
22017030  5950043
11976348  368813
22020511  477572
22018302  2604727
21921588  21921255
22019556  5139793
22024821  79923
22027039  22023144
22026328  5203284
22026328  3044292
22027887  7114043
22025653  21984898
22027991  4660142
22021372  5048371
22002708  13794295
22019550  2788342
22021634  4530428
22026813  21933737
22025332  8241525
22028501  363681
22025929  22026734
22026563  20538751
22023408  17714477
22022022  500431
22025744  389827
22010856  21950865
22024650  19212979
11083849  8156841
22025220  7489510
22027184  3897431
22026378  22023144
22029196  19475420
22027579  7564033
22028486  2973202
22020694  588004
22027872  744145
22021192  19148407
22018505  8028957
22029599  3737139
22008347  8028957
22023070  21037571
22009209  8321096
22005530  60174
22025773  22025340
21618141  6343166
22030152  14220321
22024726  19917624
22024180  4387319
22024982  13710867
7432187  3482149
22016714  1109022
22024247  9692962
22022353  3548920
22022353  11213030
22021401  1207190
22030798  14552285
22009567  4899737
3697036  22029033
9276843  22029033
22029233  22027696
22009328  22006897
22013079  21984317
22031984  3172031
22032051  949433
22008504  3513242
22015895  1066625
22026149  22008076
22029895  3278207
22030592  7029211
22030592  10559153
22031349  1437771
22020519  356809
22031480  4952820
22032122  5403356
22032122  19603560
22021171  22007366
22032315  1132941
22033409  19418427
22032059  83531
22032324  22010376
22017827  283752
22028117  9096787
22034565  495021
22021324  14232258
22033876  18361924
22032682  723195
22034655  891594
22034655  7753262
22034610  3567835
22034610  10585029
22034424  2680160
21985618  17037668
21978202  6270004
21445564  2973202
22010376  21060315
22034773  3593420
22034113  22033558
22034370  5152564
22018783  21997835
22034746  2142535
22032574  2091465
22028772  787932
13373169  8639383
22023169  3524150
22028074  2153425
22025641  21931789
22017295  114996
22018509  1889724
22036300  262427
22035201  14220321
22016244  1416697
21600036  6588770
22031516  18830248
22018637  16476506
22036457  20091481
16114004  3558347
22035679  111102
22035063  2956220
22036360  1759987
22035075  2632137
22018903  22008328
22029658  14220321
22028804  13075920
22014733  15575520
15471508  22034252
22020820  11703086
22031163  318630
22031902  8616764
22034786  3779202
22034786  16728013
22013697  849168
22034987  20636163
22038631  20514058
22011755  10558791
22012483  2182002
22038306  1408921
22038733  3076414
22038541  13631418
22011634  19413268
22038129  1014861
22025162  18008421
21916163  19541554
22040014  625083
22040319  15192674
22011742  513832
21469478  16364347
22040642  698638
18935559  285177
22016758  7417123
22039482  1473358
22041623  5547311
22041623  22034336
22034308  278189
22040877  80476
22038114  3905734
22041743  518000
22042209  1509983
22042678  5984545
22042763  21894835
22043297  8573250
22042509  9786140
22040090  10265216
21628630  8501887
22043393  513832
22021711  15549891
22043352  7011184
22040815  8583397
22043902  5673283
22045884  11874799
22037928  6963707
22041382  22037220
22040724  2214194
22038652  463707
22046670  5246856
22042993  22042002
22046461  3992697
22042903  2569053
22047371  220250
22047371  8898223
21793810  4143281
22046896  13433142
22046587  6847697
22046535  286921
22045806  12540953
22047308  21991223
22047115  3127429
22046899  3918203
4486882  2568446
22045312  1533115
22046831  609501
22039559  3404715
22048485  1208320
22048485  585587
22045066  4864138
22046868  2003745
22047237  1720049
22047253  1674032
22047863  9229333
22037629  6292473
22049634  18656107
22049747  4940419
22049747  17313062
22049747  16496961
22045697  21833804
22049042  6231973
22049931  4792160
22048629  2333285
22048692  9576384
22045420  21634164
22049040  661561
13917714  706196
22046203  15189679
22043448  8947878
22051031  17669159
22046176  11558397
22048072  20707603
22045788  8911652
22015197  164645
22044447  21895962
22044722  21110329
22051622  22050639
21636941  1780423
22052997  3737139
22052754  364952
22053158  5852056
22051290  799375
22044149  9603321
22052375  7310521
22052092  70797
22052092  4117530
22054007  21351275
22035915  21052853
22035915  14075029
22053634  612328
22052633  12573816
22053516  1704407
22052340  6008470
22054055  2393553
22051446  15112125
22052273  2699086
22052273  17364127
22054448  21766343
22053427  891594
22053427  22034655
22051405  2417724
1916584  205853
22054300  5981520
20593766  396145
20593766  18516317
18752442  18516317
22054306  11703709
22051235  7763131
22045961  3067604
22054108  2100353
22056112  40480
22053859  13667533
11239495  10029365
22053324  7471830
22053424  11535418
22053254  2101259
22054106  255534
22054106  7710315
22053436  14223931
21852942  18882494
5233735  2409540
22054356  4779561
22051347  22049198
22050340  1981314
22052388  2533305
21967914  18094238
22057622  1704407
6863137  4315840
21990628  21998599
22037040  499673
22037117  5620831
22043965  9332386
22044142  5738170
22044960  2082635
22054014  1544692
22049341  8347655
22056929  3293365
22055591  495021
22057526  6607550
22054221  8319926
22058513  22057826
15613039  9368541
12694876  9713323
15388606  318239
22058376  1978933
16089242  8996852
16112772  7890685
22044977  14104091
22056279  4975443
22041926  6488727
15085990  63447
22056133  5427933
22058866  1195206
21932274  2218254
22043974  6972295
22059196  16931770
22058951  18277214
22059018  13498179
22058025  18476587
22058408  19293321
22058092  3875184
21299827  2461824
22056741  5406893
22043660  22038895
22032331  9679375
22058073  2407284
22055554  17541768
22050374  166221
20467279  20377591
22055366  9771688
22058761  5605125
22050546  17314156
22050785  3988788
22060990  20423902
22060091  190229
8025996  8011078
5821380  133310
20771223  18510337
20512644  18510337
22061104  64894
22047543  10397724
18770612  18510337
17913084  18510337
22040882  11688829
22032114  5326690
8477879  3924000
22031372  581657
22048064  17977145
22061723  2149680
22035643  5948171
18677256  10655393
22034143  2614719
22034469  2489681
22043232  477572
22062373  3660209
22042889  477572
19118871  401771
14215757  10812009
18285932  13714605
22037036  22035423
22057113  218384
22063325  1299837
22058565  4635936
22035421  5337613
22040001  726395
19888720  6155570
22047602  14999065
3775694  779519
17317405  4656199
22064166  1667531
14250363  22060752
22063418  45015
17704754  17583439
22061096  7509295
22060637  9141871
22064579  460172
22065732  2989283
22021644  5059156
22063645  4453511
22063094  18867599
22064181  2529145
22063073  4125774
22063073  14023886
22060758  341175
22060758  5366285
22058822  21749728
22063275  3076414
22059486  4538073
22061430  19582920
18380085  18510337
22047684  12368037
22056991  8710619
22061073  18480550
22061073  860743
22066078  14220321
22066078  12475269
6008546  4230029
22057441  1142727
22063647  9707971
21595469  543482
22032106  17063826
22066922  6343166
22044255  5286275
22057358  21589503
22062885  12093048
22060570  1256112
22032159  10503668
22032159  10399565
22032036  19463858
22059510  19913473
22068928  9354010
22064327  436351
22061353  2741493
22065666  202463
22061248  5655396
22042315  19108601
22069043  1144783
21572310  21570625
22068756  4907843
22068756  10493901
22063205  4836290
22010706  8231877
22069305  941584
22069841  2973202
15613582  1764809
22040486  1504717
21941153  19372952
21970361  2699587
21840875  21867104
22068188  5345152
11011602  1243406
21987863  1996122
21907266  9092134
21907266  12561142
21959041  9635968
21887675  1096853
21881751  1520608
21884987  7620401
21825325  7166446
21811169  10968493
22048216  706196
22048216  13917714
22070075  5837348
22071087  941832
21862463  11321491
21830544  8749326
15470392  15494883
21924227  21963933
21850709  10572643
21892068  9605913
21842215  21841929
21966372  21964834
21884913  19952029
21902203  20687095
21879724  1295618
21785367  21154821
21760789  2129693
21766403  11242743
21807525  15189328
21729223  14528853
21993167  10952523
21815358  2753732
22073107  4983092
22073041  326699
22008171  21980894
22008171  11041647
21818440  21817821
21989993  4790746
21999721  9177360
21904343  6262203
21515731  14361131
21682451  986006
21997048  1538644
21697450  18029746
22072918  13154442
21743957  10889216
21745281  21743196
21762474  4621443
21764408  3508605
22073448  6114067
22018671  22017389
21969545  15208548
21686819  10576671
21691961  7906541
21964120  17012707
21960052  9233909
22073895  22060184
14395029  18965821
16012142  600207
21919318  3569933
21881549  551613
21859450  115868
21674375  19614314
22071377  3070384
22006759  8300963
22006759  4023643
22058459  5468280
22006801  5930492
22074270  15281904
21984406  3257460
22070653  17689738
21977829  3038901
21935327  18312271
22029360  22029239
22075343  1452721
21965562  11853921
21674088  21309374
22075646  22019455
21948865  10406807
21988480  16771225
22075837  1267869
21996253  21995813
22076425  2781549
21958332  9559561
22003884  1668447
22005714  5620772
22030390  4636146
22030390  5456848
20094184  9589419
22076942  830618
22076942  18036171
22076942  22042220
22024445  5150637
21947827  15461052
21959206  1234912
21959206  10370064
21892646  21892124
21641068  365238
21884351  3624280
21884351  12074156
22003707  15163100
21953791  21843885
21969412  17016175
21949873  5210535
21894101  5282264
21924043  3105798
21914879  17178201
22075544  4258615
20848873  111102
21923386  16079113
21845557  739654
21845164  4977125
21981373  21881992
21958670  20285522
21966680  21965142
21799791  7214293
21786120  11015912
21683799  11679016
21880422  21860853
21673913  4715250
21609843  4776514
20455843  20446975
21576250  4025605
21675717  21406057
21678429  15558353
21892325  60174
21892325  4598854
19074080  19074682
18628033  8443743
22078253  1241142
21871895  3213
21871895  666432
21835470  7658725
21968817  2979209
21995418  8985648
22079148  12879210
22079296  237128
22079733  12887700
22074327  1100127
21842920  1100285
18223146  6379489
18044138  949433
21917805  3953208
19305993  5931165
17776788  7541761
17284285  15718148
21809464  6190827
21806841  21661368
22079310  4172722
21996131  21875795
21900231  15094732
22080373  22079657
21848128  12597465
21164208  3280069
17718842  16843728
21718711  20389821
21493833  18323508
22080891  4660142
22080891  8206810
21162838  312443
21036695  21036302
17850075  3700352
17850075  7212482
22081835  1592653
21745021  6286313
21789498  16970982
22082261  5769669
22082268  926822
14592159  14591677
13946311  3812307
22045653  22019455
22071459  972
22076098  1661273
22077271  11219949
21673517  412763
22082107  22077184
21801468  451415
21949583  75752
21980894  21695220
21422736  11445125
19813042  5955461
22083594  27581
21097169  6156550
21673954  12392424
20338389  20340084
21569333  13934621
17923493  6729605
19964335  1450774
21278703  9316437
19905236  2281531
19856799  109232
19783461  8542864
19488621  504208
21034848  12769982
20994011  2973202
19265738  3871577
19265738  5431631
21673941  21665198
18482308  5928077
21894804  7273338
17168338  12954680
21889289  2343343
21918857  16672743
21848575  1349404
21742248  750486
21395611  901115
22083898  60174
17480049  1050592
21697814  1812245
17099328  8278651
21889024  9896569
16562745  14220321
16562745  1225667
16661017  513832
16546034  12567853
22019062  14890563
21425357  9603512
22080741  5568859
21966219  10025569
21510622  11836583
21845634  3300328
22046118  18573059
22046118  19505667
21483016  21468473
21475606  17226133
21824981  12769982
2742270  1081486
21782451  18834275
11268357  1081486
21512782  12243631
21718239  10152872
21688762  12927880
21688762  5846271
21674779  4325669
22069288  190385
21553871  14730691
21553871  1202981
20972467  2768806
20884095  4775603
20706591  2818697
21501735  19727915
20463256  20393417
20458334  6482783
20448638  20447689
22069958  22070457
20248750  20247311
20248123  2662531
22046767  7371755
22079869  139199
21863050  2838038
21813233  21813547
21774066  4006588
21726421  18086021
21624136  11004314
21884892  359087
21849063  6421988
21474662  2627886
20702137  772777
22085598  75213
20322612  4649317
20286814  20280757
21315769  21312472
21313595  477572
18782508  17046204
21831040  18932
21821920  13542832
15353517  14834267
21950954  1078677
21835821  14220321
21761017  1086404
21693552  588004
21436065  19226816
21780751  6647112
21431545  10450348
21272785  7967397
21776086  21696711
21560276  3446216
21098588  10983424
21718165  7321360
21706392  1043488
21794010  16822306
21728210  4465547
11445730  4176328
21798271  21798054
21724372  7991086
21772780  20902222
21890591  12970413
21890591  20034750
21609272  14220321
21591760  10865025
21848828  2005079
21352322  5454491
21727607  21112814
21641205  21447330
21786996  9983286
21440573  18273430
21728517  415801
21546705  21521258
21546705  9031779
21853372  4500007
21645461  2054131
21629983  2269840
21735263  8084495
21607602  21580251
21715630  4437250
21704759  5289189
21666852  11635
15249968  13976935
15249968  8886812
21806040  8853865
14181686  4249795
14181686  13699075
21742882  3432
21308388  15018025
21606659  17855029
21373754  21335947
20331503  10710250
21501903  4843304
22087305  509211
21475591  12572113
21748306  495021
21673292  3010840
21486561  17173034
21521768  8812754
21695068  21693871
21549380  5402953
18508987  1342761
22087210  5380568
1956353  16102683
12656079  340383
22040853  4532721
22058914  16432146
14371174  10698652
21136083  6211023
21095964  14220321
21095964  1225667
21080698  12953704
21749259  13278590
17934634  9642055
21048822  4616202
21048822  13686161
21045010  6312993
21043779  440739
21043779  2422026
21738278  17192796
21735495  21297696
21735780  13844944
20328184  2679022
20328184  3482958
21272115  4369040
20936797  3641519
21933387  15330644
21537409  12239166
20901283  3163615
21670513  1725503
21812807  21795342
21879800  6306190
21718788  644920
21750915  839014
21664815  9023892
21627385  17513210
21668495  21474662
19361257  15174194
21652601  4460790
21195575  338009
22088447  5403736
21149869  1917576
21732641  21858394
21648108  12573816
21503821  1390607
21647357  21387296
21683228  15090942
21646703  3067529
21647964  4166762
21645549  7332731
20650120  4881208
21416023  12522888
21619709  21385377
20622297  10146735
21680886  311165
21149485  16588064
20314508  16001132
21509150  6048313
21509150  6226290
21845264  21837877
20175445  10519432
21476423  1994255
20860722  15688420
20849533  5812096
21641369  21640676
21554363  9323487
21682727  21679103
21610468  2842579
21504686  10106973
21614973  9249619
21484650  14797569
21303760  4785597
21118650  3677174
21591884  10529682
21372272  7112872
21772377  21771708
21148308  7431268
19424227  1010944
21858970  15890891
21858970  10285753
22087701  10428510
20863812  287871
21434451  2966382
21410922  463397
21075419  14383710
21996893  21869745
21843183  15734661
21813093  4801891
21749094  2013547
21829608  21439733
21751260  4060212
21739902  4651437
21202879  5669755
21470793  398982
21508044  7804335
21499384  1974724
21454406  6757868
21454406  11740013
13197004  3347879
20843540  43569
21399900  14202528
20790948  20790743
21235424  20937984
21559639  20230561
20118594  40480
21321229  302460
20738822  122102
20693732  14028959
21726680  2004626
21881639  16408310
21306394  10225098
21610952  2464959
21245456  274213
21320154  21318620
20466065  4935632
21555182  10680702
21533652  6659506
21308509  11887934
21408243  13107644
21157689  304268
21316860  60174
21475018  21455831
17043411  7233325
21854205  8966488
21297702  21221190
21078929  3816015
21787409  3939509
21259612  4054019
21035903  3968037
20949122  5210535
21437434  10950388
21150545  3031224
21016852  12290295
21275992  2911839
20348683  2182115
21433309  13878464
21155026  18954394
21390356  492799
20284558  259956
21043469  1512045
21243307  1109061
20986854  4430088
21237041  5974554
20224811  10948804
20185269  158914
21135550  21134578
21212157  1599050
21061257  442048
21132221  451415
20973751  18050030
21045176  13444041
20932402  13316658
21194363  1225667
20018032  5691901
20860777  6382309
20474551  3831131
22090644  22089787
21042867  420147
21042867  6854283
20965921  2446764
21010169  20318822
22087159  2900023
21270239  16764030
16456547  4953037
21727261  92859
21046032  3061313
21036064  5344805
21606620  65865
8958960  3453560
21091781  111928
21091067  8721189
21355420  2973202
21425576  1107730
21020188  6717055
21026254  20081157
21356184  19817552
21012791  4841718
21002725  19376440
22089878  972922
22087740  11601304
21369948  5880207
21313737  17135157
21313737  3275548
19142882  750486
19020911  2051678
20996396  1702335
21058673  2812770
21048446  1966300
21439891  14357219
21006504  2939914
21481465  17454992
20998624  1470488
21595461  7745640
21010134  5921699
21447802  8985502
21316540  10750146
21577810  13084585
20889135  1025674
20367146  14220321
21368484  21367276
21227475  7886544
20206035  440739
20131065  14220321
20105331  3214886
21138971  822150
21500395  20222388
19409811  19352267
19409811  13313432
17238083  13946614
21536427  1836173
21501124  13474754
20861545  20721413
21291594  10084857
21198396  5200879
21204299  8750563
21204299  21179226
21104845  423627
21731217  15899615
21150909  20027376
20593978  14402
19366504  513832
20995300  20994220
21149459  11611165
22092128  5210535
21463857  21445205
21463857  89228
18943863  18916479
22092436  2278454
21026468  203198
22093477  2393386
20991102  5052311
21394742  8841191
21504253  11959643
20991653  8575281
21469862  19069835
21447584  5664808
21236254  16585488
21370972  4614120
21255463  3698200
21255463  8396407
22094000  2091465
21198020  465172
21485957  11269148
21067612  60174
21067612  2973202
21063785  19749869
21063785  3730933
21429836  5860426
17121035  17119381
20977381  17696473
20977381  5525795
21479886  4348733
19959384  10492566
21526579  21377364
