21551260  2942554
21381331  127803
21093867  5585779
20846205  4861380
21700357  21699219
20842409  5308200
20947003  5431941
21399427  8732391
22094474  949433
21218357  17395136
22094450  18544310
20893129  1786532
21088938  21006979
20789604  6420194
20789604  3661070
20319489  150543
21179922  2528929
21179922  10727957
20402035  2904562
21337654  17603611
20797771  3359818
20955594  8548293
22094239  2090028
20821191  9709659
21003351  11317598
20771026  2770321
22095325  5041494
22095371  9
21064879  1609250
21076074  9279893
20563718  5672961
21432238  8548126
20924833  1792763
21351044  17201738
20883696  20800966
22093814  16460616
21043777  16219695
20995184  17978731
21050143  3631153
21341103  15358851
21341103  14631882
20765809  2770321
21240486  1372715
21009021  2849756
21344258  11122054
22093894  5582702
20715425  16774257
20699966  2298208
20696770  4997907
21244305  12015284
20717636  12540757
20708505  407523
20988540  20720447
21042966  372820
20956024  8893081
21336733  2114534
20699091  11955270
21379481  16387484
20662611  2788080
20688037  1894886
22096347  4660142
20891039  3390396
21003182  12570807
21361106  3387691
20883425  750486
21180760  15183576
21180760  8908050
20843155  16419563
20684605  15945952
20842211  455580
20582184  513832
20666245  19887419
21106278  1634750
20675804  575893
21007014  812524
20790349  572614
20640859  2446764
20860876  2099349
21189219  14406364
20650984  20616994
22097094  85190
21118332  2268421
22089861  16471636
20993989  180172
20417648  8970280
20967973  13297547
22095066  297938
22096566  80646
18775070  3225891
22097285  6899
20393292  1551107
20747802  18572401
21009260  836777
21285400  9213273
20435225  12981035
20579199  4165072
20571720  2509491
20569198  20548783
20932093  895786
21242009  1241178
20580579  4251533
20583188  10130726
20553774  10101602
20558274  17434896
21305296  20171938
20553715  12197255
17029759  4814167
20841823  661561
22083996  13600934
20715893  3076414
20542890  1101841
22097914  2149785
18674960  11249445
20938110  920353
21284950  18831011
21161481  495021
20936571  2059891
20983787  782915
22098069  11269766
20529367  1387612
20794352  20587456
20746157  10406931
20491359  356950
20460459  13896402
20497135  188942
20505219  517127
20890739  3574659
20512445  3965767
20545092  12329042
20552106  20546733
20480436  6380844
20495985  6718471
21314061  21312819
19700686  14715026
20494388  1289894
19517611  2634219
21266742  9556026
20650636  20650227
20503837  271440
20479210  20478626
20502614  1788312
20623209  157944
20429107  10768666
21600651  1960473
21600651  840781
21353317  17647607
21173439  18736954
20816782  20816066
20630960  20627978
20668538  3651662
21312724  12281631
21312724  1175920
20474729  2471935
20477790  16747807
20385732  16743093
20386587  15956000
20678376  4046616
20653731  7938259
22099088  7562696
20611293  7035466
20656973  1414365
20656973  20658244
20461393  171251
22095435  22013875
20442046  3489133
20845894  11670763
20845894  7611120
20019352  3544864
20019352  11876590
22099962  3854599
20438183  1835399
20859161  8583106
20875660  60174
20840838  159924
20512817  1855170
17326317  12125143
20493047  513832
22035565  12353603
20399313  5866283
20822248  6270004
18780683  1456529
21120382  15834569
8496196  6476763
21045004  15112125
21032206  739241
21032206  5891555
20432358  1480537
21029990  5730092
21158238  20679819
21016444  15334
17804602  177506
17752222  8356550
19839791  11874767
19608929  19569052
20811870  8143163
21385663  5984949
21292082  16045889
16906216  12951618
20608631  16794336
21001709  3157426
14230593  304290
20977246  1279859
20527203  938733
21026735  15112125
20951119  17338779
20653750  7228141
20323973  9369191
18322401  2170031
20861471  19380738
20861471  20815292
20372337  7259567
20863266  1378575
22085435  22085141
19181554  14458246
20478578  20477873
22101208  5384554
20363633  20360222
20337530  20340084
21150765  13084930
20513771  11957409
20820400  2973202
20284483  1730731
20946480  6266183
20376698  3299972
20392632  14158871
20788337  15802257
12085385  11148567
20457927  16656783
20297895  185844
20842672  7857178
20716708  9395549
22101982  22052092
20215136  6247595
20198779  4057948
20324201  2071786
22102267  22101464
20394510  2355953
22102250  22102089
20901801  3656723
21243474  2589711
22088845  22091363
20357967  11153631
20336395  495021
20336395  20330521
21162199  11274908
19003865  16950861
21131553  11328920
20337448  7686459
22101912  5431941
20369032  294138
21054316  2009243
21225098  15977808
21004029  613183
20325945  1272673
20323147  1747654
20320868  12138253
20502404  20485973
20845625  533905
20373651  1350816
20342197  16743093
20790475  3577641
21139896  19690483
20466674  6853060
20305820  9486605
20953308  20952527
20570711  20486605
20340610  20182076
20422135  5915144
20281348  513832
20211489  20209286
20983291  995593
20576051  2201561
20128197  2758224
19541975  17454852
8804064  2422514
20281166  1442893
12444115  2602949
20671966  2973202
20377539  10230561
20731532  20618688
20641961  6714196
20251433  9788320
18927723  19013328
22103212  164194
22103212  6958222
20305621  2679022
20917875  10709429
20383461  14220321
20140680  14951984
20089002  7541943
19195699  982963
20658988  20563772
20166366  8104692
19696170  18744667
22094881  22091858
20446250  20286965
19571388  4221480
20214374  7166197
17454369  17373970
19835216  1386743
19835216  7867991
20793215  8767166
19694986  7829097
19683538  4623931
22101986  15722892
20041051  7905929
20041051  18724750
20459418  364952
20040187  240546
20036261  17345429
22103816  1529002
22103816  5741699
20681088  19137881
19815581  1836364
17543553  3025361
8578819  8967476
20857600  12592501
20185748  338206
22103698  14302834
22102917  21739512
20679988  7451091
20679988  20676718
20341394  18158381
20330694  5986544
20288661  4251284
20172272  1732348
11602338  745650
20260826  2540969
20179519  642763
20204357  19084700
20177929  8033552
20177929  18080094
20213270  6219454
20250453  14575697
20185634  19895763
20322546  15483196
19954338  5116909
19578567  10408841
22104567  1568511
20139519  700166
20291829  750486
20093280  543549
18655242  8986915
20083789  17486104
19535695  6886090
20131843  337598
20235532  60174
19534804  10884218
19535208  2887092
20297796  14220321
21100949  829935
20306475  16170828
20257998  11459244
20079966  14350629
20113864  206717
20273604  1125689
22105287  75401
22105185  310870
19961538  15376509
19928537  2933399
19905961  10941032
19886201  19854442
19795501  327311
19745194  4679592
18838626  3221577
22105549  3163407
20117520  20116510
19727009  11033590
20081392  1359018
20081392  852450
20075808  359494
20200433  17870022
20176791  8832114
20132441  4570366
15244108  6497570
19671348  36932
19987755  19987053
22085215  413898
16938934  8801644
21405233  16436886
20029899  6549825
16567586  3563756
19947201  19946238
16346690  12372301
20634921  20591006
20040399  15713243
20855789  20856208
20855789  9526500
20090948  164194
20090948  18928799
20048961  10436906
20173255  347636
20201531  20149135
20415230  12928050
22106082  134237
20032735  4660142
22106980  513832
20209975  20207083
19978045  1124639
19938323  238002
20038617  20037629
20048618  7530564
22106944  3444699
20087195  1185084
19971349  19424408
19996244  2397984
21080190  7183903
19923421  5411694
19609037  12769982
20833219  4410076
22105466  3707427
19837477  19789054
19482438  5957470
19967065  3697748
20040766  19994700
19732001  32664
19807214  1644317
20375800  20376514
19956627  15993828
19962198  14134268
19792055  2731719
19784893  11225113
19283410  6332592
19601175  18592999
19113257  6195294
19061352  11386256
19797111  5061708
21085573  3120357
18887427  5281895
19956362  501671
19943464  275768
20529168  10001594
20604915  17364127
20604915  2699086
19028803  8881951
20038804  7031785
19923006  15332212
19902178  1815367
19892099  6505461
19892099  6128344
22107995  1371939
19944677  513832
19932407  8180920
20269913  409286
20224168  4155873
19791758  19787073
19960519  588004
19913541  11003918
20175410  12736459
20138355  1018822
20138355  5294311
19927802  5559250
19930915  19929545
19887119  19886984
14772570  5492169
19984112  11922383
19835254  1416697
20839930  1603340
19884499  209015
19885440  5104187
19964559  19850216
19788402  2419749
19785341  19752094
19688956  588004
19673346  592396
19640374  5187530
19864147  10159840
20588369  7177334
20588369  7012013
20537432  13753665
11916295  265898
19358847  588004
20539010  4197418
19343306  1584370
19302539  750486
19302539  643542
19867627  4506240
20402775  13829809
20426557  12649594
19838863  118190
19851060  10303797
19675729  1373164
19704881  2411827
20270830  690599
20580152  20558420
20729884  3508387
9296970  1086297
20563228  256195
20587799  574279
19872419  3028642
22108641  513832
14908664  14894640
20164303  12769982
19189414  5173656
16889280  16745100
20740168  7449767
20740168  10316715
22102524  6920302
19850572  2896908
19871037  495021
19618284  7397768
19593588  15718262
20711149  11089540
20203219  451415
20203219  6344950
19095249  11198429
19095249  14552529
1550688  328525
20123945  13527537
20381875  2184513
20287301  14983362
20293516  16939755
17074074  80084
17074074  3127429
19727629  19720185
19895993  19888396
19879735  361675
19902908  9117955
19563515  16696297
20203651  18792565
19784937  14108840
19707703  5197597
20469058  3298317
20153506  14248235
16403238  898321
21087190  447898
19759774  7747469
20006058  5485923
21053720  3223782
19690271  7325882
20358196  2503705
20982486  17778418
20228846  1675688
20581796  4332117
20581796  5411026
20202571  20193245
20162180  5164813
20162180  2268204
20213421  596216
20192364  5693360
21352737  17124554
19719638  8343781
18749295  513832
19768472  19758912
18238464  2378800
19934037  1196991
19934037  1089123
19660883  4838351
17973673  5101691
19550868  1493027
16672744  6343166
19493995  3199588
19463647  3919291
19653966  513832
19653966  14010787
17487929  4250149
21314198  10473204
20670792  5250362
19948136  14459600
20835899  9948095
19758685  529085
19912470  140643
19903038  2040560
20497069  8116503
17226329  5203179
19892999  19889697
21206351  14712251
19705626  6121613
19781421  89228
19699338  1732348
20995273  13217849
20995273  20799031
19680147  90418
19680147  2556103
19682292  6462214
22109693  5157337
19660482  1195111
15154644  451415
15154644  13647394
19723911  17768509
18062850  18062252
19837101  7836972
19662318  7172001
19807681  966176
20322992  10741810
19630902  4154585
19646669  9011524
20613283  4486869
19631212  17107365
20430901  16227199
22106244  7944888
20259175  20258557
22110305  12633405
20092517  90982
20020396  6025876
19968770  2973202
19968770  12769982
21126240  19440411
19620903  2702548
17408120  13457407
18941028  4076910
19625366  9674707
19629340  16188122
19629340  383947
20067754  20066745
20287958  4336016
19954796  19952046
19605259  6205393
22110482  85190
19607409  12423614
19601983  1132941
22110628  17299581
22110628  20925330
20582819  19053211
20633333  6651115
19767175  6977777
22110898  12375833
19815472  19818319
19583322  4306105
19925399  2855110
19341855  4806911
20350865  4302440
16113013  16111855
20125645  12427975
20175253  60174
19495893  1152260
19519072  1111130
20059390  13186473
19454070  2288937
20103713  1755408
19612040  8499608
11593656  120228
19154786  827024
15253034  5880597
19582480  16449889
22111836  240178
19517929  19372952
19491305  9434235
19489866  1102628
19691496  16516971
19285349  18887689
19485847  10674987
20382657  840900
19228065  1751844
19228065  187676
19472240  19457437
21610162  11058948
20281302  7290118
19515772  19515483
19457951  892378
19465522  4537963
19007596  2745265
22110444  18240135
20291682  16502090
19423530  7836867
19491539  4793209
19614386  4162230
20434360  18339813
19589648  6105124
18927310  5821121
11852462  4935715
6879720  538996
20236372  235839
22112182  792361
20146795  2483844
19764306  2423777
19455985  19204835
19438844  3564283
19415015  1598773
19415015  2089071
19181179  11600681
20437150  1151422
19395814  818828
19612439  1394797
19682297  4510813
19474257  1617630
20050794  1975613
19397179  291978
19394421  14174366
19355810  15112125
22112784  5302848
19200743  6375120
19395447  19395153
19783235  2699086
19170954  15112125
19170954  19170321
18992633  2635082
19606629  5703431
19599764  365191
19561151  8923618
16173144  7596230
14764414  4981891
19133021  526125
19481972  55375
19477661  3897088
22113191  1604629
18851539  18639140
4998629  1059559
22112000  9003283
19296832  10194482
18878886  3730019
18806892  6011235
18577013  9791850
19145815  17865384
18506579  1485841
19105389  2728999
18894281  9397475
18889147  574240
18889147  4394976
18945263  12637737
18513545  18377498
18853689  744226
18853689  9759095
19522140  4483540
18584832  13775720
18356646  471432
17135475  16244969
19831309  7885619
19248005  6987479
19740580  44917
19546539  2973202
18206712  10247978
19421949  4470950
19930339  451415
18710055  3627107
18591996  857420
18555852  18527726
20034042  1773985
22111945  1335851
18102047  18096617
18576387  12805535
19348573  15187296
17701021  6343166
19254694  14354040
18867012  2003505
19228651  19228239
18574983  18570982
20147500  9068777
18301256  2880933
19161333  3630054
19161333  111102
18180079  5157862
22114223  2973202
22114339  81584
17715270  8584034
18585748  1572185
19638230  2251463
20151882  1624484
22109865  1215881
20459678  8438511
19853485  57812
19853485  2108663
1607535  917865
19154078  5073642
19499897  4045600
19074850  19074781
19011714  6459080
20230471  12952670
19724493  18496126
19218880  17364127
17464326  2375649
17464326  1126227
19592045  1018822
22114662  22097058
19193021  5430357
19789420  5795615
18882590  473282
19303666  16691749
22113540  20279484
19515990  15660843
19554306  13883917
19743033  1679559
19161305  4181884
19095133  11563638
19079301  14220321
19175653  16076309
19226677  13940316
19171575  2647
19486772  2630013
19411213  330793
19004844  6134039
19004844  1370520
18844444  2659952
19241574  1477500
18798114  11922383
19196243  13674327
19126429  19124331
18786319  4244896
19140714  19119289
16149633  10326371
14449155  9069165
19138803  1032457
19110272  15681995
17928497  3014776
12286532  8142058
18533746  750486
18456402  750486
18456402  1451009
18392330  1990512
18392330  5731193
18364172  588004
22114254  8923114
22113325  7568935
22114072  12034740
18502488  18280400
18401201  4976566
19559410  51224
18196264  10428672
19440160  2417621
19440160  1398113
22115646  22115318
22115676  5995317
17614135  5694933
20373347  4586396
19327582  18453225
19585988  3802192
20373276  7913377
20224599  17451671
19913872  1394617
22115880  3034941
19264007  2868884
19438764  4175878
19208259  3383898
19208259  3385661
20165344  3961217
17611997  1725881
17700028  2486191
19232407  19213871
19224442  10551499
19012362  8028957
19147127  14220321
19147127  19145906
17136133  10772147
19117668  609343
20145050  7559648
19195198  1442527
16176067  1016896
22116407  6724515
19395233  9337489
22115626  10796160
16701113  16427197
18149554  18147764
22113297  4660142
17726452  13370431
19408014  51526
19408014  1747654
14271038  14270325
13178727  19652824
19899116  15210625
18970925  1373164
8433571  5203819
19625112  735131
19610877  15339092
18108794  11126782
19972452  487258
15248197  2604625
15248197  7142304
20025839  18969138
20032180  1658294
22116802  949433
22083768  11932164
15171922  9007030
19152462  19152073
14752733  3810348
14746538  2982055
14373521  2569459
20011189  113045
19609587  2189212
15720668  10718667
18868522  4012855
19216336  12239415
18013429  8130293
15255788  22358
18780742  11117450
19390476  19387979
19187367  19186310
18424112  495021
17657116  12556163
18408586  11508607
18324977  5037470
17657971  16622410
19146026  12832905
18818745  3236115
17423291  3438276
18989102  200640
16034430  2679699
18623040  5997594
18466346  10583938
18906035  18906077
17841031  14678434
19520545  451415
19443462  3992717
17607330  16609666
19114258  1593860
19868062  9347722
20091718  8825032
19009542  7180495
14610340  8544231
19505167  4261133
8932540  3875184
18832543  9568852
22100263  22099647
19118888  1641957
18534790  6154306
18534790  10205447
17995234  2003505
18366040  4987760
18924830  15047248
18807256  614818
13050180  4950725
12881972  5724522
19324240  166221
9864404  4234207
9401840  223678
18069411  8480400
19075839  1410901
9313422  492558
9313422  1402776
18696509  3577641
18704650  8996963
18675668  11347971
18799487  336859
18705137  11922383
18674153  9795773
18674153  1009911
17303979  4968406
17128057  3284131
16982731  203198
22118612  2973202
18618716  17969019
18353447  1129216
18329577  13828129
19391310  1778683
19320633  3148937
19320633  19295664
19045302  43116
15172922  14901679
18941927  6720655
17721033  2432077
22119046  513832
22117758  491334
18175034  8073113
19045637  8236
10108600  3128104
10108600  1456269
8441381  7374069
19168589  1500675
19321721  2669046
18690742  944111
22118553  22108302
19177692  8028957
18759372  2667509
19103181  2532729
19063789  16208877
18674275  9794151
18674275  3601125
18705979  1183645
19907471  5245087
17473254  9763476
18105726  15639779
19484919  1732348
16171142  16148531
18739693  64786
18680125  18679583
17208158  9544299
18668642  5289408
20045005  9503286
18636123  350018
18622881  18623280
16517160  4962673
19777886  1732348
18467220  13709957
19012980  614671
18572477  4261133
18566370  940905
18566370  1660450
18651617  4606756
22120108  1456956
14983330  14982328
19050182  4937478
19497253  6017863
18557363  2908100
22120271  4660142
20083291  6060268
18562137  8240844
22120113  14667639
18533775  17719621
15602339  2609114
15184605  7364804
12410611  6132195
18534666  5431351
18534666  17275189
18522751  1415812
18522751  3394835
22120516  436497
20027893  9953377
19751275  2647
18464136  18462349
20000835  14242712
19678285  18913964
