19923587  10226263
19305713  406230
17263194  3873215
19959949  114543
19555285  5502761
18423568  11607854
19188844  5268030
17358711  208493
18442182  553682
18183019  4773632
18358452  4370960
18826634  3049934
18549411  18547166
19631575  1401733
19446159  14322225
19380923  204765
19814916  3008395
19381025  2643798
19464597  2722831
18637783  84278
18517450  54142
18508114  6824488
18508114  11233602
19777508  19779541
19755534  18499633
18628299  18627282
18805652  4183401
19120410  4753930
19890236  54566
19205106  2150882
15651463  2521468
17522261  17509427
13111611  2283374
8825927  1793999
9261838  664930
6995767  6982078
6995767  10109496
9420426  5170631
9420426  8510464
17768852  13001287
16205905  11274119
16205905  9152412
16135342  6749035
15409734  15409255
15365102  11382816
18358454  2958684
16209672  1416372
9843323  796890
19992377  19920927
17334146  194852
19616705  5210535
18313660  7898310
18313660  1099178
17424499  16693464
17011560  17003192
17776075  1823058
16347924  2001183
5922798  14876090
22122236  5529934
18773815  18619186
15922611  13331299
15142032  14615305
15094256  2151636
15984631  359494
14879169  5672484
13262744  10431577
12890147  12889919
12588199  558478
19649767  15681870
17887334  16503887
15245008  6311037
15240519  9277473
19391017  17155962
18675630  424292
19915285  4764156
19499737  1203910
19329626  13482327
19654758  10540446
22122100  18835047
18992259  2079457
19010106  2973202
17650833  16564543
19149406  19022704
19149406  12183096
15399110  332276
18674813  194579
18674813  1106377
13636366  12515469
18515877  18513434
17774229  208105
16556364  4701261
19312955  929131
22122648  15112125
18985976  18982186
19057193  28637
19087622  1157425
18364526  18194330
19075234  1229203
18325897  3568052
18237620  8096702
18999768  18343862
18815269  8028957
18714471  3173501
18630744  4401320
18550520  13129336
18547911  8028957
18513113  3426265
18488190  5089549
18488190  60174
18199347  9707600
13372923  1669821
18239747  360751
18768193  262351
18457772  17675127
16177019  11049020
11190040  1221957
18377240  3962724
18617032  1544317
18419177  2985548
18220456  17128354
18417373  2872058
18170488  428109
19139553  16734344
22122994  4244896
18168941  9377040
19382325  19423247
18275701  479207
17734824  15778377
17689954  2220975
16479208  2802055
16479208  894860
18794487  16021454
18880311  14920216
19982804  9477502
22120430  20980761
22123189  750486
19537945  11745197
18168203  1120706
18787292  18774208
17481013  11957621
17481892  11135588
16327713  1537116
18466737  1977904
17763692  464864
17949240  17859132
17932060  240178
17932060  17411892
17903450  240178
17903450  12791501
17699332  9792664
17699332  13412913
17612268  613183
17535643  2138873
19088488  5589756
16416415  13308322
17931559  2809547
17928456  5074803
17037817  869033
18483111  16320425
17521022  17463987
18628569  20823864
17842819  17762894
19920033  19454901
18770578  1675351
15787984  1638161
15516065  7531686
18123313  8823078
15254726  7800174
17787296  12414821
17787296  14923465
17932096  205736
19051226  14561325
17679587  938260
15252104  6148900
15252104  9348746
15237614  1083701
18757483  3466850
17726424  9264763
17726424  11057432
18737534  2091168
11970135  8375508
17575663  502399
18811378  1514577
18694557  8387032
18855970  4749706
18491782  5390412
17805824  8229292
18568512  4786768
19325480  1114026
18745339  594336
17135575  8762569
18941550  9877103
19198424  1247812
17775353  5027757
18854284  17332360
21985492  1224766
21989436  1677516
21997609  21992474
17362931  613183
19515787  5207639
22125199  22030342
19147526  19145761
18816654  18252630
16596815  16593734
19504935  742466
17779271  3513045
19128148  5740307
22125324  4705838
22124114  8208240
18083265  17116354
18705239  10511893
17278682  6576423
17712158  4690737
22125638  1613230
22125638  14911528
17408463  11967154
17408064  2652630
9192871  8660613
18751398  1608593
19032445  7167895
22125647  336127
18680560  12970413
17397319  12796513
13241956  2241875
17555661  22623
18088767  9827095
17419227  1864067
19049029  14794220
17374607  11596933
17817429  236129
22082029  9192886
17940282  6544852
18297852  2973202
15910095  15909573
17353869  13315064
17353869  1864067
18113882  18113429
18094623  4634993
19096988  15266533
18100339  8028957
18100339  1793482
18033488  12396348
18468642  2364982
17086098  9595263
17141672  4119324
16876916  14236799
17731774  4968406
17731774  4255472
18522229  4234619
17659751  9974354
18537913  5577713
17480925  317001
17753000  8868604
17753000  1817985
17627181  761361
18037655  17942318
17355364  4841718
17229182  208493
17229182  20529
18438529  19168731
17658466  11659243
22115241  686353
17653766  9416495
17817815  14791684
16651191  3525096
22114164  20158522
12379187  9810791
16804471  16755598
12047655  12015881
16221351  7452341
16127032  12015102
16121179  194397
17704926  7500895
11976372  3975723
6891647  6814168
18338234  8965887
14265230  5350563
9755359  4636146
22127055  14414286
11373256  3476317
17571440  17548851
16651525  7954714
16663429  3724665
17430063  2924935
16293181  13840429
16965867  2973202
22125961  346723
18407622  1895476
16406805  16406600
15636739  7222453
16818417  1013817
16044383  11922383
16044383  11108953
16024501  7486085
22127530  6343166
16493533  5670750
16493533  15283782
22127524  5894892
22127520  2049330
22127520  9837066
17302363  4921027
18493817  5995854
22127846  9557883
21582951  3726721
18686442  18497422
22128118  11064980
18498866  12046673
16234792  14833553
18466564  18445638
16182477  4227963
16208813  1535403
16301714  626267
18251454  17535215
18251454  15121102
22128512  3193538
15860238  15789580
15775084  1045138
18193449  1426826
15664379  15663727
16119706  6194950
16391959  24470
22128092  9660057
17357936  3155053
22128702  1173973
22128702  4587952
17888242  6054442
17586940  3106110
22128852  4261133
16011665  16010696
18318740  135688
16147198  16133822
15998572  8325262
16171986  4445617
15696207  15695954
17670357  161738
15695997  15695830
16096149  14944762
16958753  5314271
14485588  910912
17596895  1520429
22123989  10473800
15499051  621265
22126079  13780583
22127367  13905936
22129103  1256796
15223239  289
12369872  7885563
22128484  12395200
17016915  9733085
17016915  11296361
17547049  12796973
16469299  2664740
16194372  6334789
15831580  3039822
15268240  6423466
16605371  9687631
15648078  7050798
14960557  5311465
15464700  14220321
14911874  6491463
14738382  4729516
13268848  2100758
13268848  2802055
12607407  2384167
14812749  14811121
18243665  7534277
17533032  3956478
15803017  15802430
17041261  10578631
16550747  6049175
22129474  14220321
17657986  5479626
15601411  3065092
12701499  12698414
17237706  1121933
15899185  76976
15223757  4552769
15933499  12685773
15677707  7036350
16783289  182197
15213906  300871
16437880  10675054
12559844  3389348
12559844  3850784
16410131  9803475
16682587  525004
12063141  8524011
12015929  12015667
11949025  368094
11845234  7039533
22130354  4507506
15848227  8577190
16555987  2680548
16892441  952914
8643854  421280
15552996  6442430
15514695  497094
18036255  11664469
15011731  13840429
6911309  6908535
15351883  401656
14978231  1387612
12345965  121631
13529145  49547
13529145  13528332
17381573  14060264
13095948  1451009
13095948  750486
12718705  853740
15251038  5325520
15829073  12231780
22130695  22130429
21510294  21483424
15244097  7306767
15157040  259354
17759453  17758845
15176004  12496377
15392615  568035
16347535  16308722
15053555  1475357
15053555  15053760
22131451  889160
14968283  14008376
22131359  11616138
17252399  11609474
16070184  16047510
12610972  11317743
10356646  10366062
16344345  1830727
9154479  6698817
15067538  2473983
10242277  482827
18299318  9008370
14820675  14222282
18297484  16944308
22131160  13138978
18961430  14552529
18262093  9865978
22130792  4938875
18136780  5682387
16185939  10706920
18145745  386115
11964567  12423614
18049986  1348603
18224918  18161153
22132317  6114067
7134710  5268192
13778257  2277087
15566174  3586455
11709545  5614089
22132347  1132941
11053423  1031695
7639848  147181
15257170  3321702
18011549  9739101
13578889  12378424
17404235  15590655
22132665  149268
17155018  8498754
17907921  10627637
17881198  3549765
17020521  13260675
17012701  9420465
15258947  567236
16968958  610245
16261287  6027961
17035248  7640880
10647040  10386920
16972991  11989374
16836961  3105798
14845314  1147931
21681122  5556977
22111517  7803944
16598930  274626
16130229  380870
12642202  1410822
17141413  6583757
16543005  1560742
11595777  302096
14939041  6813007
14939041  13455559
13430658  10159411
15243640  386914
13236538  12497262
22133551  513832
14695997  13037561
13551992  5189477
13536837  7762838
13536837  12184997
12456072  10112051
14678699  8027323
12593828  12412108
12038979  3753130
10688528  7577453
9430609  192721
10520133  538996
16896896  964433
14834847  14832477
12562650  11292260
12562650  12541642
12456405  11125801
17932050  17883902
12387330  5801278
12030309  2146749
22134197  13056051
12198475  11222813
12208302  536441
12034134  337704
11960216  8070456
12002926  901115
12020125  14220321
16167008  1975128
16167008  9287319
17507648  2100654
17872637  15372931
16303412  3241594
12316983  11871042
17818629  5533355
22134934  4261133
11899561  1398582
10927675  10897839
22134923  8028957
16145317  620844
12760296  12750377
16681399  64786
11702146  2643798
11671470  6259982
11975422  592396
11812068  477258
10946441  454202
7563421  7560083
11521271  2268104
13151865  683425
15136553  11366892
22135423  4261133
12185410  7338418
12550085  750486
7249146  7245432
17360667  6643381
14019746  2491141
18416794  7453618
15898393  15865029
17034735  3256955
17204069  7345346
9469104  1904527
10723578  1083701
15370553  1520825
11885541  762274
17356830  11313852
17993696  9483981
22108799  15487136
18022851  5191701
11170259  5607794
11170259  9040074
18261527  18229463
16986093  4425318
17512205  17446600
8798901  5035542
16726268  7369472
16424383  15972419
16395652  16372103
16673185  5824802
15041978  1680528
15964789  7363768
4035706  401635
17412123  13613288
16214607  433907
16185972  11640529
16623091  16126102
16206253  9235217
16049779  1699057
16456977  1769489
16456977  9802836
15727577  1117463
16968382  2462385
22135965  231767
16849043  15757665
11766802  11763448
16590080  1556853
16190070  16146896
15542340  11871042
16473171  5455394
15473264  7044281
11177585  11177564
9289346  8452505
11334036  10491451
22137311  4261133
17887799  17461737
7011006  4971506
10967338  7125326
15221734  8517609
15215850  12573816
15215850  10422034
15180184  495021
17280119  8280777
17117489  17110310
15437777  9167613
11933717  6322084
10785068  6578832
10785068  4844476
9893189  2231783
6639040  2174263
22134187  22134622
22137765  7678469
9859443  9751057
22138089  541289
12473138  2088944
15203025  15200516
11987855  1693634
12018873  6324694
4057575  612372
18998393  18888332
7017046  2818254
7343620  3790895
10607008  8409316
3735104  3726349
22138225  9578748
11144481  439447
9168797  3849115
11887382  11560300
22138809  8738388
9444566  3852443
12498693  337704
14906650  565504
9620130  1915045
17799380  12480497
22127640  1960473
22133692  764125
22134177  11692835
9551751  5811834
8164957  337704
22140165  16321056
16600255  16591868
15974439  13640538
16311855  16313296
22140204  12598407
15664798  1371176
15505461  3251550
22140476  400212
15496113  3097968
14812588  10606485
14204683  12906945
14204683  9729549
13450225  1459132
22140756  4667629
22140779  125113
8225770  4906073
12490850  4318471
11525814  9038822
12632710  3906065
12113548  16096
11817981  2511227
12427082  10252431
12003459  269106
9380569  6233248
12380834  12402860
12806600  1235716
11822448  824973
8412817  121387
8577830  8570155
10014096  9938174
15243261  3937194
15787307  9878320
14806363  3667329
11372464  4434118
8581970  337704
10342962  10341080
10344022  109023
10344022  843737
14546090  14546635
14546090  14555805
15906983  15883938
22140868  22139954
22139626  22127288
4647153  1793287
22139820  4795385
22139820  12804551
10065355  381806
7913478  7902298
22143635  4780333
8416142  8411232
11329852  1467438
10321272  10320166
10067562  10067430
22143718  1936135
7708087  2388337
9275505  9272802
10465478  41561
9785509  1416624
7264856  7265009
22143494  6290956
22142784  12387577
22145520  72768
22145590  3179216
22145709  3618340
16599119  16591868
16063144  16064619
16017178  1967119
10381574  6437172
14753406  280634
22145833  21593
19585145  2939914
10242341  563090
19731279  19728660
16352635  5187530
21702667  20996074
10591214  10572608
10286311  134845
10286311  1190258
21899807  7270544
20845649  15230262
18377001  9484295
17771607  1884889
17771607  6092642
11681989  27894
9424885  4244896
17428754  17420637
21088258  6017460
18481489  4605842
22133577  18803354
21836654  6769703
17743767  4936109
17743767  7244321
22143252  8627292
17220651  17218837
19427389  7894653
20520709  7312401
9503962  1132941
9347922  2153877
18278865  4120781
22146071  7189420
9545835  8183604
17049579  365312
22131857  2659590
22131857  13636252
22143126  1559955
22146236  14220321
21731302  513832
11771914  8477779
15691343  14021298
15253058  2316201
21239210  16062899
21524885  1942644
15898535  5269726
15803113  483666
15803113  613183
19581964  19109170
20311501  133973
21657958  5494807
12413125  1176910
22147236  7804335
20338370  513832
17590788  12509532
21492154  10594113
19408477  4291080
21600317  1120689
20161995  2099149
17072667  9939760
18044764  694102
17605060  8028957
17699570  6259515
13361764  12648513
12030065  2257170
20251028  8619406
21919151  40480
18868804  360748
21028084  1566595
20950469  60174
20488262  3700459
20874193  12953127
16780130  2307283
21890961  2038418
21558903  1517347
21671188  21665716
21663384  21657544
21808247  16748903
17284649  6415708
18061079  3541378
22147798  251420
10804447  1386541
20828828  6501797
14753821  7960335
18505654  510012
20707377  6395986
20410209  3426404
19814791  14452650
22139256  2249203
21259656  7510721
17945549  16440863
20057925  44917
21221832  2493608
15609534  1888779
21146203  12124936
21829010  1423777
19050997  199333
12138681  1147937
12138681  2596837
6635032  6608257
19792830  1838128
22148280  7832602
22148280  16527810
21085281  2973202
21085281  12769982
21427279  1716296
20685944  6977658
18658162  500504
20335479  6841605
15156293  8226887
22131014  3740371
22130736  10955703
22148260  446594
21679695  6206820
22135708  495021
22135708  12573816
21369317  11713929
21369317  7211923
22138037  3220823
17340828  14063008
21414444  15227305
21914998  2638478
20369079  10965065
21316968  2958684
21257544  1449324
20175525  20173604
16129109  2482848
16129109  11421223
13034537  4839938
22148594  1293369
22148594  6401268
20043401  20038881
21463910  16123446
19752770  1793984
21067534  85992
21129904  10087819
15251446  14220321
15251446  12475269
15251446  7779697
18798399  2655925
12412306  7659087
17910014  17299581
22067540  611482
19898807  16634017
16253614  8184913
18943552  5973432
21591382  14454476
21222332  21224026
11985024  4257906
15871852  7738938
19478301  896253
17691925  11834602
21811268  14220321
21801837  11919391
19697453  5147060
15870763  15868065
7619954  280713
21602441  6674327
14000231  13999834
16150265  4973777
17371396  173868
17371396  17344453
22146647  1837092
22085545  18063395
19753609  18814928
8381092  8374679
5505392  5505135
17018962  16978291
15871119  13201831
9549244  5067987
15588025  14220321
15588025  6453295
15588025  12475269
20523211  17257987
20523211  13453447
22150978  5117132
7305345  1331769
20330178  3094484
19964503  17527872
10191329  6181865
19999882  8531926
15860504  477572
21650155  20746429
20066752  6343166
20066752  5150637
20337405  513832
20401582  16756615
18024905  210249
20329351  612231
20683889  10266210
20854205  20853753
16343105  16332921
21156520  1396066
21808946  6169291
14159593  320542
22126973  3162551
21882439  5015094
20328349  10404348
19929714  3241586
21853613  249222
19086417  40480
19433512  19393467
17771449  5449872
21660715  1727772
15107951  865476
21951436  5846183
18380023  18379204
16968319  55828
22144671  2745265
22128141  9752730
19428649  14795247
21748248  20254825
21748248  12573816
14970065  1885557
22000791  4660142
19440617  19434740
12723337  623104
18908927  18839428
17151994  7367997
17151994  6001497
19447377  2496772
21883364  11854519
10713695  952914
22151400  2676210
22151180  22049251
22151809  14376470
16024792  1132941
21091292  12791666
22152204  322715
20472353  3942820
22009373  21967626
18661014  927358
14443405  6369919
21092935  3793791
19480118  513832
12674424  12285112
20868397  7533849
21646560  11130448
14197028  3637369
16976246  3438634
22151817  2508732
21301207  21197744
21480351  2709458
8790245  4449105
20291234  8402181
9426496  7204076
22114534  438163
22152867  17716207
20219538  20210315
9208979  242813
20841887  1228539
21748936  13112435
22030337  8028957
15733970  927358
20389376  20377086
16964724  1593800
16964724  3129899
19289371  7335582
21851718  4340793
19513079  4319537
19513079  40480
21733409  12662380
21259461  6777473
22151911  970475
21407202  16953282
21187902  17749212
18641120  15573202
16737529  2058784
21645561  2832636
21947273  11952706
19327233  19320614
19650517  19515131
11929101  11698530
21955571  9747005
21582565  9564489
21919524  21918051
19302793  215497
15277343  2507208
21882075  9991393
18125520  11205719
22151004  231371
22152802  748062
20641556  5797539
20395018  9394291
7250666  7121620
19148729  19148360
19639288  2523467
21089750  21089322
20678931  391005
17372026  901115
17372026  979975
22132679  22127347
20242719  164926
21469646  12328056
21669537  11201997
21738101  21736447
9729032  34674
19095811  19089349
20702334  4072349
11318282  5221989
22154006  13156852
7572551  7473304
