5006927  3836073
5010422  380612
3699868  3372333
3700093  1163473
3700200  3144711
3716946  198460
4886372  1813881
4890016  81584
4890016  126753
4892237  54566
4900861  4898217
4277912  2664885
4286203  4285989
4287357  1808108
4834518  4823852
4836272  3899627
4836458  100358
4847154  744966
4847572  757649
4853384  204476
4853384  4818888
4864080  8028957
3602392  164926
3603910  105034
3609487  480775
3609487  1461168
3613938  101268
2939937  2939884
2944051  215255
2944902  2939586
2946906  2946974
2665058  1017224
2669788  2669491
2673267  56867
2673267  479142
2678898  1372876
2679548  1711
2679548  78955
2689244  2661824
4177794  3964929
4178923  174348
4184603  2634557
4189885  461449
4654130  4581635
4663683  1986828
4665264  2053398
4665955  4562298
4671571  65406
4689998  89056
1653986  1653932
1673356  678485
1677900  1681928
1700514  428617
1700828  1700716
1716047  1712955
3722387  742228
3735623  276706
3736725  164085
3737661  1711
3737704  251391
3742239  2973202
2742079  299304
2745404  62503
2746323  41479
2747076  1834625
2750484  2290422
4288825  4314
4295695  1246301
4303783  395321
4307060  4221595
4314883  3737882
4321750  3590961
5158151  5147235
5164703  4423457
5167073  756354
5171204  1413543
5171204  5170893
1722799  1722750
1731330  472202
1731330  1410012
1741040  1699026
1741040  1736264
1743712  887533
1745320  677264
5171502  152555
5171502  1545080
5174395  4249683
5176786  5163645
5177654  1449410
5182666  12525257
5020813  906499
5021520  3730034
5026902  113547
5034249  1741628
5038895  1840121
5041576  51217
2753862  522280
2755634  1925455
2755900  2052137
2758006  2948617
2769887  1531702
2771274  2771847
5048085  4020303
5049191  900294
5051595  5036430
5054905  266082
5188316  5186375
5188367  2811797
5191009  21593
5192192  1239460
5197710  6309345
5204292  3972640
5215141  5189616
3614810  2041102
3622244  2259741
3622244  3312786
3627528  2610763
3631479  3599256
3635691  1489932
2955130  2953158
2959474  380870
2960010  244302
2967766  245742
2974131  764125
2975684  550038
2693152  2693021
2699604  2312852
2705270  2704812
2707392  2081822
2707392  2707399
4906292  3959521
4907264  2126522
4912663  4895179
4915771  4909558
4918760  4883399
4930275  48239
4325325  2814077
4329923  3869752
4332345  13073300
4342841  640974
4351715  3002999
4696507  543774
4699179  4698493
4699524  448981
4701287  81584
4705674  4525152
4192091  606137
4207274  8754826
4217293  430274
4225188  2028557
4226360  326390
3750161  125367
3756079  1348150
3760155  3726829
3763640  41424
3763933  1632810
2783244  3172116
2789407  675090
2795859  1621916
2798067  578202
2799720  14279
2799720  54694
3771962  57102
3774531  5736908
3780620  4867602
3782628  1887097
3788903  1979520
3789410  54651
3789746  4545079
3791516  1068834
3793188  3341044
3794392  607301
5015402  4960026
5019395  53844
5023540  4629
5034571  836777
5034821  4442518
5037279  2075118
5038530  5038384
5041373  4895179
5047390  460014
3638424  774054
3638431  600293
3639628  91445
3641700  2644785
3643168  1236550
3645937  1306778
3645937  1420552
3645937  2156634
2709264  2709021
2713308  1912475
2714144  667634
2739044  12328
3667847  1207008
3681790  213543
3686431  821085
3688099  2461090
3688142  1657834
3691032  6270004
4353388  137783
4353855  4353412
4359186  4301434
4361625  151969
4364215  4364103
4367892  535317
4367892  4207346
3697945  102558
3700592  1214000
3702132  333889
3702132  1305947
3703186  273516
2976471  2090354
2980083  1012488
2991128  2273555
3006402  159366
4883000  4883155
4885190  838724
4890095  2923210
4895836  4895644
4905996  71328
1753315  202463
1754801  1754113
1754801  1754450
1755587  416331
1764897  577489
4911955  2828185
4916835  1007340
4919911  92859
4923630  9304
4923630  1568091
4926677  496096
3795353  529999
3795353  665499
3801178  8028957
3803850  12647
3806151  1235179
3813235  799981
3815741  446835
4709618  156362
4709777  4358694
4709777  4701012
4721986  3737139
4723279  4722301
4930492  1714515
4933634  227459
4936342  1531456
4937229  236047
4941522  3164325
3012988  3012941
3016115  165719
3027360  2606136
3028649  1542
3032959  2067472
3036588  27030
2740066  16550
2744695  362902
2745632  255458
2745632  532652
2747604  252055
2800254  121108
2803683  139944
2803698  2803425
2808229  555523
5216562  5216430
5217230  2755351
5217396  5217139
5218464  5216646
5224548  973106
5227692  5227565
5230096  3422223
5057645  203469
5059994  263400
5063627  625644
5074936  1211797
5084058  2203943
5094281  5005665
5048575  5043626
5050847  5075291
5055392  1344303
5067260  116292
5071203  1714096
3715193  247621
3715193  3174942
3717772  152708
3721834  3299021
2774926  39159
2775547  90002
2790002  2789671
2809063  789402
2810801  1103522
2814630  365826
2818087  2817804
2819459  1957135
2834750  2834592
2836924  2814260
4372840  647537
4376719  3009380
4380127  630950
4380796  7202616
2790638  779986
2791524  132403
2795118  43180
2795118  254149
2795118  403754
2796839  2197412
5236333  5236213
5237418  5238734
5241579  2900023
5245706  5236575
5254683  1251636
5254683  5070529
4723579  2170271
4733375  4736119
4735077  4723636
4740863  430280
4927238  49503
4929778  347949
4929778  4207737
4930064  2263996
4932543  21593
4935169  4933872
3045693  307934
3046863  3046711
3054568  3054123
3055840  2744511
3058631  3058616
4940092  4160732
4957829  4302212
4965299  302459
4966496  3031630
3819528  2571098
3826748  746684
3834027  3781307
3840452  3401136
3846727  19132
3852284  9185
3059533  3057475
3060567  3060243
3062005  968001
3062005  1975128
3063107  121631
3068140  1082101
4204530  735204
4207888  2483503
4209959  2529617
4212653  4166755
4216044  1697137
3722477  3723386
3724324  3492302
3725285  263191
3739768  487258
3748017  3322704
3749660  756906
2798776  2793425
2799811  1085898
2800898  746809
2802420  1383
2802420  107541
2808471  643542
2808471  1552941
2808471  1579978
4386761  4384818
4392678  308466
4401052  3616483
4403374  136782
4407450  1726630
4413602  543091
5104841  9673
5111861  812973
5120017  3957937
5122923  725348
5126769  2075066
5129118  4657513
2839060  584663
2839060  2829670
2839096  2839050
2843389  1669
2845931  2845781
4945115  4509912
4949846  1711990
4953692  1340528
4954777  105770
3852777  949433
3875114  99164
3875114  2242646
3876182  3862702
3889413  3894621
5082200  1941700
5087715  261638
5088102  5087967
5088601  3705517
5090273  3700767
5099834  5100243
5107672  2222410
4969954  2793757
4975881  1494800
4983283  758688
4984612  4702732
4988742  430736
4988742  4812170
3072033  3071341
3076130  949433
3077666  2985540
3084367  3084232
3088813  1125854
4422043  7477
4423579  777764
4429413  151472
4429613  301371
4433089  253556
4433089  865668
4434190  4410704
3752493  3173501
3754008  53019
3754008  54092
3755862  105034
3777229  232736
3778072  1826159
3778472  2224178
4988981  846994
4997805  4997784
4999302  22873
4999302  194812
5000213  3156781
5003982  1998386
2817445  2785848
2820153  2662778
2829878  1078118
2829878  2820573
2831849  1947717
2833757  2850573
2839838  383551
2839838  1907318
4744437  570669
4745171  2344590
4747715  3919621
4747715  4463087
4748515  4750032
4749194  173400
3094544  2554214
3095246  1104306
3095246  2154220
3098973  3090505
3103019  620137
3105159  3090284
3108265  729797
3110588  2022335
3110588  2132273
3124411  302270
3124862  736668
3148662  741830
4435662  36707
4444354  215255
4462888  1832846
4478464  298976
4486016  3473047
4494240  12026842
5009866  189094
5012913  5003858
5017286  2283994
5020376  418105
5024013  3264514
1765976  1763005
1776386  679912
1777801  4290108
1802458  1801905
1803787  1797631
1804423  205853
5256104  5255891
5260197  100358
5263256  5249044
5273769  3436335
5274118  5273621
5134491  5134278
5134657  4573134
5139937  40471
5139971  113547
5141048  5128927
2849256  2844797
2856493  2856466
2864415  2474439
2865302  191691
2888096  373988
2889215  2871507
4955864  3111669
4958436  2910336
4959172  1426617
2839988  520237
2842345  123559
2842345  2269586
2843131  209199
2845703  1114860
2852992  1766067
2853592  1016730
3894498  866218
3896472  646659
3903258  5907369
3916294  487509
3919625  250679
3921208  3994068
5141175  562283
5141541  4282653
5141541  5139846
5143792  4398523
5147357  3670490
5148663  327885
5150833  5142270
5151344  4439456
5151769  5150833
5152305  463302
5108407  400135
5118182  272535
5118182  671394
5136015  565504
5136751  5136635
5148248  2529617
5157758  5111061
5160180  5046689
5163674  4094350
4226522  196017
4230148  3148937
4232874  4232580
4238921  1560788
4240375  2774343
3153257  1240852
3153257  2235079
3162030  21593
3163719  2505681
3164970  86562
3166510  962132
4511037  4519217
4516435  7477
4529353  482058
4531122  3158730
4534348  2024888
4544426  1066701
5164745  2973202
5164946  5128316
5171661  803673
5178849  5166766
4227687  4226042
4232676  4232580
4233103  4233117
4242570  57483
4244842  4244825
4245135  2029409
4756112  1149929
4758177  4068559
4760413  3079883
4764291  3528219
4764500  4764187
4244724  4244304
4246646  1915166
4246863  1970160
4252093  2570223
4252425  823181
5028264  673153
5033505  4834786
5037156  871264
5045180  5044943
5045937  5853014
4263307  1939689
4264158  74326
4267034  713938
4267034  2316564
4268187  3714495
4274421  4081215
1809010  1807298
1810339  10936
1810339  15747
1811961  54607
1811961  175462
1824686  56867
1824686  1474249
5049106  5049500
5050199  4376553
5051646  4748091
5060563  5498260
5062185  283456
5064053  5064045
5069387  4203447
5073574  54566
5080365  958170
5154220  564366
5154220  3509290
5155288  477748
5155288  3476074
5155722  546655
5156024  1549324
5159032  4176328
5160461  87794
5160461  185050
5162333  8931716
2889666  337134
2893025  2284317
2897839  211237
2902134  2869338
2905378  151472
5284482  762316
5287422  3514740
5287571  5287283
3780662  3777874
3784231  3783991
3784631  234241
3788125  901115
3792923  3792736
3795656  102535
3796681  3796634
3798646  1420045
3809492  3809804
3820774  733360
3828619  221396
3828619  3761448
3832470  513818
3846578  1331118
3851633  348392
3861904  3803871
3864040  3861422
5181472  3593180
5192404  1335786
5193153  226131
5195011  3635781
5195562  5223913
3922199  3856222
3927790  196949
3927790  1173630
3944268  1138460
3945765  3937066
3948548  3947981
5196897  37043
5201427  4576271
5207579  5207309
5212474  17988
3950079  312443
3953296  3953244
3954321  976882
3956436  4236043
3988758  1165786
3989260  282451
3994033  524658
3882828  3882186
3885818  3567379
3890123  3793838
3167161  1878645
3167961  403445
3169199  3065387
3177087  2937734
4247450  4245281
4251051  4250749
4251094  2203943
4251694  181719
4254338  586370
4260111  330030
4268042  4247060
4965571  279270
4967443  2872366
4967979  1138460
4973510  3737139
4980464  122942
4980464  451415
2855550  429470
2855550  510839
2855550  826821
2860094  325653
2863738  2863730
2865224  373540
2876255  434761
2876255  2430884
4767642  4764251
4768001  200640
4768001  3737139
4777697  9771221
4785426  238125
4785883  2418473
4791365  2559923
2876991  431429
2876991  521298
2878878  209126
2879314  1089018
2879314  1661273
2879314  2100490
2883794  1778368
2885180  43649
2885330  113547
2885330  2261267
4550609  206059
4553485  894522
4559684  4551113
4567107  417142
4573438  1114287
2892567  2847114
2892817  484462
2901591  1272521
2901591  1277572
2908930  46918
2921211  355089
2921847  287085
4985693  1783302
4986963  3033416
4990607  151974
4996710  1648285
4996710  4734550
5003792  885955
5003792  3037043
5019987  5019463
2921898  2733346
2924806  1348428
2933679  132587
2938895  228532
2938895  1704407
3890591  3890402
3897600  162480
3897600  3247285
3904888  1512547
3904888  2083112
3904888  2802494
3904963  1068284
3905220  841075
3905220  3413391
3995267  13055
3995267  1570416
4002598  1011938
4002598  3929039
4003891  823718
4006299  3902011
3908896  3904633
3909457  1823058
3915255  2994116
3918681  133601
3918910  3674689
5163835  5090737
5164916  5164180
5167779  5154328
5173072  3772133
4279484  3322318
4280487  1029027
4302598  310456
4302598  416600
4305173  1302072
2913230  365208
2923628  233455
2924547  1256720
2933686  117171
2935009  949433
2936779  2933411
2936996  10089826
3179563  1790455
3186966  1104478
3189706  805046
3189706  1959211
3196977  1830142
5030600  584960
5030600  3298206
5039894  275768
5049120  111307
5062624  5049173
5072133  4371705
4799287  4772780
4799489  16432
4802704  4805407
4818080  928656
4821524  147181
4821524  2011664
5074605  3663668
5075341  5076732
5078449  1335786
5078449  3862842
5086137  5085941
5221384  4484328
5223170  1146153
5223419  37809
5225478  2186101
5226678  578904
5095259  5092217
5105233  1350598
5113014  1992006
5235723  5235632
5238932  154469
5239296  430614
5240867  1292575
5249792  1291213
5254571  3885817
5255644  4721775
1826501  1594061
1826658  1105990
1827644  149274
1838083  1843911
1843456  1823699
3920807  3707629
3924565  1802478
3926080  1939
3930338  95967
3932907  3932895
3934643  3934664
2955072  1113611
2955372  116292
2955372  527232
2958215  2957774
2966303  539694
4009941  812133
4015791  14967
4016902  3009380
4020446  388242
4024947  35760
4026394  213907
4040400  122254
4040400  3732608
4825361  4816941
4828133  4827797
4832311  90924
4834862  1114287
4834862  4743494
4574591  3896505
4574591  4571239
4579421  189155
4584287  4583367
4586474  99807
4588482  55768
2941561  2663427
2943546  2499401
2944669  2955943
2954729  2384461
2961679  1878769
2967248  530683
3934775  2389251
3938162  2994072
3941034  3941812
3941745  3572463
3947872  439857
4592558  4062982
4594529  2504959
4604208  4584165
4611228  317760
4614168  4613860
4616525  3106605
1845092  948675
1852001  1085875
1854352  601621
1859832  1867675
1882546  180401
1882546  398395
5113775  131653
5113775  1033156
5115772  5114627
5115915  3578490
5118562  1018822
5177139  712392
5177650  2281167
5184461  2938296
5184968  5184592
5187035  4831741
4306023  116292
4307278  710683
4310036  4207134
4315852  4176440
4327833  2973202
5189039  1034399
5195825  70159
5197770  2676236
5201207  5200742
5203990  3009745
5220634  4364894
4330173  240152
4332495  4177433
4333099  4332709
4334567  620137
4335653  2157906
5222799  4172722
5228454  5228468
5229960  5229191
5230560  3871745
3950862  3092424
3957321  1561336
3959997  2704942
5257215  2421911
5259552  5244622
5260959  3429921
5261024  5247489
5268125  2973202
3198194  3198369
3199517  992115
3205801  2273777
3207286  1704407
3213068  3107810
4837500  1224817
4838970  4834910
4840642  464089
4842680  4837833
4049492  116403
4053202  4052587
4066361  261638
4068067  3541514
4073547  942251
4075696  4130821
2979565  2626978
2986266  1566315
2993654  55956
2994005  49196
3005650  845021
3961426  138361
3968378  668361
3968378  3956478
3973565  2306423
3975641  3933668
3978045  1290117
3978624  60208
3007758  406121
3007758  1688712
3007924  631187
3010430  4904560
3013774  4619164
3017767  528234
3216046  345091
3221475  2568673
3223130  4002
3227057  3112870
3238072  2617817
3240310  1168451
5091132  671394
5101913  5101771
5104234  5101947
5110052  249773
5114145  1747649
2977400  1831920
2982780  1436879
2985888  556874
2989767  2989678
3978713  3968032
3980117  1145217
4268406  4139882
4281612  81584
4296909  20156
4307305  1046230
4308577  906698
4314434  1333830
4314434  3208236
3983643  3983616
3984779  3984530
3984915  30373
4003406  1499749
4003892  3358984
4005628  4005126
4847396  764307
4847587  2484188
4862327  1188757
4864008  4841203
4005696  744226
4010183  4005610
4015199  237327
4022151  1792815
4023487  562303
4023487  1048303
4025977  4017160
4317837  4046142
4332048  2032286
4351638  484462
4354369  51574
4357577  4357499
4368107  4367861
4394188  524658
5231564  4842205
5232066  3018394
5235644  2424457
5288524  360677
5289009  41894
5289826  1429440
5296429  5243754
5310333  5273197
5313026  5310814
5315281  3824831
4396887  42648
4401104  4176328
4405318  4372145
4406311  4409282
4411057  409046
4413006  4412057
4345782  4342807
4346450  795286
4347268  1728727
5327062  4875415
5330823  2439129
5331223  489522
5335839  451795
5338345  168280
5340502  4455783
4432919  1217228
4432919  2008149
4442779  1902478
4454177  147507
4458119  609530
4625932  21817
4628893  157232
4632637  278553
4643783  2572085
4649063  4564590
4661031  4650753
4075930  1398436
4075930  3933263
4079074  2769510
4098458  4096834
