17775318  8657894
15833260  605497
21809230  3695105
21809230  11641954
11903802  11881250
16112302  1224439
21168592  2143187
21070908  6062191
20318499  5212696
10253616  2957684
8571604  2129678
10652758  10598501
22107582  419718
17536825  12876835
21419065  7542322
22028533  1014861
22187800  20614282
18436204  588004
21830826  2817869
15743240  4811738
18752038  10451317
18074513  17218329
20228016  4940974
16551691  5596441
16288157  11922383
19262451  19261831
18503374  5834042
15541071  13915483
22187629  22187630
15444858  11700993
8248404  8242838
16898716  13201586
11141709  10187243
22188178  22187761
22188178  1240373
22061798  12144000
21723538  587676
22129098  3415816
22188200  1132941
21223469  783531
22188725  513832
22186176  22186026
22187462  6382539
18420160  2973202
9521601  8606985
21158743  8566582
17535526  369602
15626794  15621232
5930594  795746
11514426  1846882
22187871  7698670
20702347  79461
18322048  2074527
17087180  405058
22013555  3417857
22187623  22186453
15031581  5121027
19549349  14125922
20605197  20468551
20198393  6052821
22188043  14220321
17919914  2754676
21176434  2641347
22189748  5837794
22100827  8863683
22103512  13804804
22115466  1253459
22115466  3334619
22190117  1992384
21878058  409999
22190083  22189759
22142609  919690
22190306  6409928
21187261  14220321
17752757  17751796
19587585  5231712
21196153  19271219
9273970  1458633
14604483  3272853
20602319  10912697
13785083  5529934
21872120  11831968
19462416  603572
14919779  857484
16480068  10299846
10495905  3773719
21628398  1152260
21628398  18383810
10855035  1964544
20793164  3874436
22190868  2541683
19380018  4529862
18503408  13778571
17137150  5828073
22189791  19578433
21925131  21923841
13526381  3744209
22190661  7908193
18269238  6491463
18269238  18381259
22190740  4436558
19604254  291279
19604254  1327547
20837683  27570
14761795  11922383
21196608  18290101
22189475  2779484
21666568  203198
19653578  5114762
19653578  16015653
21231156  53629
17686206  4205815
22191069  14653058
19508950  14571327
12679822  5773405
5996306  1110959
21401343  1225667
19640229  789231
9587258  953918
17737762  8174735
21092551  236129
22191427  10894212
21516720  109086
21516720  5978519
15820208  4988226
20957759  11922383
17841516  3583724
18334532  4261133
18334532  12769982
20439768  10093907
22191476  12161654
7719840  5396119
9621907  160608
21483301  20501440
21483301  10299682
19966702  3744289
20376210  8628683
7669470  7251345
22009468  9100969
19903923  5363397
21527557  232535
2037604  965869
18322146  657073
20355473  12769982
21672689  16709675
20311279  3009543
21726413  495021
20939519  20893157
20866167  203198
22192470  5932520
22192470  6266031
21321042  5050851
21491171  14004442
20002656  10833918
17337452  6964270
21090626  901115
21503888  588004
15031141  3585846
18719102  70579
18719102  6675454
20511320  10131052
20494019  8058510
21366146  10690887
20571542  2752352
8268411  2834153
11626563  6458840
21669923  13840429
21768467  10005939
18401193  9091208
19879887  4323599
20465546  2973202
21283606  4635936
21283606  3273798
19609309  250679
20279561  10524156
14886645  12953107
17189911  15268161
17572448  17386722
22193202  13840429
16898527  1402505
19952447  7200108
21145712  14935205
22194141  6964011
22194141  18480206
16406495  1188723
20128724  750486
18087955  8169749
21453029  500431
21367024  151777
21367024  19353758
20240480  12648543
22094406  4336637
20751653  408975
21889832  17007058
20392898  5242642
20047016  451415
21189587  14142957
21541177  6343166
22195206  4145164
17800825  153724
22129349  5420317
21267704  2157383
20800296  2309558
21807712  2547349
21807712  14264458
17381902  3779944
18098495  610245
19129164  12573816
10851562  10782863
10851562  4176328
21243444  15600499
18409658  6276939
22194663  21823421
19628477  5142349
22194085  22177313
16745612  15247522
16716990  7722159
21948940  1420029
22130122  4184468
15096482  15093691
6858174  250679
16026464  14713320
19119006  18932
18047713  16157055
17608372  790796
16312798  643879
16312798  3443606
8837278  876473
17874655  339063
8455132  3577641
21817600  2429062
20453882  3586106
20157870  8028957
22194797  15742177
21386761  1197575
22092713  480214
19887452  19643307
18785000  1494178
17216851  2689537
17216851  2711001
20378199  4660142
13790070  6250851
17488906  9249757
12253635  11045711
22196866  429529
18787314  750486
22125328  6682093
20086054  20085740
22193569  6009278
22196112  12769982
20267271  1519006
22197149  857420
16413167  4244896
16413167  2895528
18566526  7706273
18566526  3845551
20364627  12769982
10367688  8197282
21004933  950087
21415354  21413004
17384368  13906822
20112955  252489
22086022  18852983
22088781  6048951
21891497  10305392
11615385  446594
6892364  923295
20174864  15097762
16647175  18932
21174590  6618002
17660505  6382354
15234494  14947324
13290042  2826015
21636490  4616202
21827797  21826379
21676514  14104304
22063718  6696842
22193805  22193842
22197388  18437798
22197555  4294579
21046677  5531218
19720384  6976524
20090743  20086846
15140639  10293839
8004009  7987574
22107873  3516398
19708431  6333874
22197963  1658476
17436903  5249876
11216425  5010539
21517325  2283374
22197605  4501061
22197605  513832
18049463  521298
13277615  5011774
17903688  12297933
21565909  6460458
21368202  10714251
22196887  22125473
18084327  8073673
21481586  1334012
19076513  6850351
8923555  8178357
21617904  9279619
22198162  3644293
19497432  1750670
14934953  7102925
19749598  4969082
12303321  3434278
22198896  20468963
22198215  2333728
11208600  11182339
20533380  1784780
19576564  495021
19793189  7654978
17807321  12829963
11439662  4729725
22198560  1582534
22198720  5701793
19811603  11092784
22194649  8096614
15554402  728360
15391497  1884818
22197300  22036885
21785841  4463766
15784009  8021370
21393179  5094908
21478563  3741150
21478563  18273430
21596748  6605640
10276808  961717
10276808  4656184
22198558  17781855
22198858  11323410
22199641  18581002
22199641  529085
17606887  3259891
19323866  2432749
19783367  19742428
20955829  5796611
7203864  6923574
18368300  18366867
17884583  8587341
10147838  4267573
16773039  5218863
22199455  5195452
13658290  6223518
15951343  6381752
19093577  14753395
2512950  2512874
22200292  40480
22194046  1930459
16973941  16973460
22200714  2518421
22200714  2008592
16985442  2303147
20682159  15318526
21322155  15283410
20773645  2824157
20877996  20877696
17905758  16260602
22201122  9618504
20671405  11611165
17279207  500431
21498244  18696078
20767317  2129693
22198591  19911346
17498700  12202971
20009753  800007
19124357  16202678
21551716  21550247
17346685  1704350
17346685  16086962
18828096  18826218
18988291  5463547
22121370  22102467
22125060  18364776
22200266  1421520
17664304  1056728
18952475  1524043
20693832  7996695
18775853  652037
11192677  3847386
19139010  16413
2654095  1641328
9333983  9368265
12497631  6855653
19396877  8069896
21573071  21572159
21032666  6511816
20497084  3312752
20358729  2350937
21675351  10149129
16740648  8467040
21400819  1552301
19452372  9422671
21766075  1559770
19408497  727053
12574887  11463907
16609987  5369954
16609987  218760
11872214  3492930
20653267  20635570
19162443  9016650
16767528  4543228
21498601  4458970
21606738  2129693
22202270  226131
19590739  187998
20834881  12582624
21072728  2839321
11011563  500431
21359028  4545311
18411441  11055336
19467110  2973202
22202718  22200527
12620771  1395807
21971781  14596499
20573090  10034668
22200476  5210535
19710333  2627076
15053437  15070321
22201734  2485963
21032450  1561228
21032450  15977354
16674291  16652542
16227575  13407442
18916501  18913500
21525402  7230068
15495792  280713
22201661  10107989
18226208  1182189
17617324  617554
22203835  459822
11027198  194852
10294722  4895294
21879765  15015300
17406539  17401603
19260103  14098802
19260103  19258738
9090677  9090253
21328008  21326710
21328008  3608287
21031072  16255608
20379903  5351483
18820403  1410563
18820403  1433204
10696632  9451293
19557633  2482059
19557633  3527041
18473982  8495687
15110061  950087
19971835  832257
8802898  2263996
21205935  21191767
20176511  20219465
22204605  5244802
17646550  12573816
17646550  4547660
18597674  17599401
21747119  21746271
22188658  2605237
22204902  6227667
22204880  19649217
21685487  4321839
21685487  7487078
22205028  7342957
16748888  16745620
11963758  8400921
11963758  2231783
21198725  5117127
21564603  12121090
21564603  5445491
21906638  184537
21382139  7253659
16372006  1328223
17924179  4580875
22206443  4255472
21308877  1687437
20962928  20955251
17592252  1342908
17592252  10597114
20863282  20808597
10534358  10532025
20272446  69209
22206594  3536303
20061813  8552675
8451248  3737139
16423650  3218528
22206826  2201113
22206936  1267869
21081464  19912499
22206465  3404975
15018080  1496682
15018080  6086267
21136905  422476
20221882  14220321
20426901  4804405
22203241  21044779
19870736  901115
19396673  20068184
18931262  1056728
15789887  3254047
19200976  3928331
17813305  207947
20248355  19799609
3536303  20248355
17653272  7885874
13278478  2020607
22207261  22206222
20262532  5962926
19982430  31693
15876673  14220321
15876673  1225667
19407768  494035
21622422  4929258
21594551  1838619
22206422  22195146
20742049  2140627
11187362  204877
22206713  153724
22206713  2106615
22206428  11544051
20450952  10062580
11799845  6520842
20112776  406121
20112776  952914
10705112  9185871
22207185  10404116
22206883  4660142
21421152  21421055
17208423  2108727
22208355  1372595
7281111  7279682
21994174  12631315
19965354  6227235
19965354  6347881
20380155  3398159
20189709  4723344
22208336  52550
22208336  20001349
20986044  2388932
17165455  2241426
13065853  6881005
9855952  6337821
10372986  3556353
22206019  5431351
21288044  14933577
20202117  20183167
21967247  80105
22208349  7171101
19758519  723195
21896296  141203
22019634  8014453
21952391  3000410
22023707  12371374
22208009  2591098
22208446  5985983
22209509  637921
22207772  1457863
22201994  22158509
22209672  513832
20300740  13044901
20476489  727788
20996949  401771
18333633  10482772
20354232  8206523
17914344  12664062
22207634  6960543
22208119  2908473
22209350  9168823
20529054  1741421
20863835  5272433
20863835  13798313
11342209  1196991
10853637  10826994
21267745  4660142
17401997  14559909
20541635  3061054
7721057  7706664
19022322  6692031
17488093  17235206
9511916  9497364
20701448  2214141
20984328  20507797
21678200  13262548
18257705  17178016
19915322  2176861
12096917  4685352
12096917  14220321
17333724  169511
22211035  2765999
22210915  16706935
21730437  357307
17745685  6208018
19417639  5605125
21391844  274626
18013622  750486
17964710  8377218
14303266  3792449
22203591  1731384
22211020  750486
22211020  10217536
16953499  14980421
4462996  2153882
19671895  12870996
22156184  826948
20985117  15338610
8363829  5897666
21812016  5641997
10540599  5385858
22211792  14323817
22211403  122102
20152332  5964481
16974257  14715689
21195716  5425465
21366667  5201965
19883645  491429
16940031  521298
13389325  1132941
11373407  824695
12154188  296036
15214806  1482097
20805176  20798667
18770994  18752202
21807120  21806696
22211453  12416835
18613216  13474950
10664322  3671649
21785019  8753296
20360129  17513195
20168460  20167269
10489978  9663619
21409044  19611945
20361580  5603294
15287516  2744264
15287516  6441218
20798234  10342327
19283527  7366912
20872392  2114695
9174680  8369307
12336462  12088025
10324587  175655
10324587  3393096
17981620  513832
22211791  463299
15504215  15503996
17062756  4844914
21532415  557088
22211624  818255
19542239  12346690
7470138  451415
21639598  538996
22029693  22029374
9860498  16255334
20880098  2852133
22212535  2167916
21548794  3022185
22179502  16120957
20895619  4834896
22187192  22174007
21984805  2536545
22186961  22174007
22187637  22174007
20048527  10000338
21700716  1827063
19391554  7625943
16017861  10706920
21463414  8233388
18886620  7385512
21979648  6916324
20454685  824349
19370849  439630
19370849  15141762
21299469  1448804
18910264  14220321
18910264  1225667
20870151  6487699
19019606  901115
21045499  750486
8402096  8372327
21444731  1975128
18417324  1810753
21700531  21633155
11573749  11289896
21483748  21474366
7419974  3692527
18457540  6132963
18457540  4754979
9460715  3009380
19963734  10645552
19696418  5258057
16865550  15121869
16865550  13078116
19076385  3763072
21606169  2784500
21331744  3257369
17592248  649428
15489561  5025910
15489561  5635826
19519550  6056162
19519550  2129693
21538798  2885173
19006976  1453410
14916301  794332
19300781  2350361
21185168  6136855
22126007  1119289
22212505  22084982
18359621  2112932
10768554  476272
21337566  6901108
19017812  18825305
21601685  6534190
15732011  15673252
21756473  860022
16430082  12124451
20177261  20165127
22121221  147181
20932697  12350248
12135662  3365553
14206735  14205561
22214568  949433
21979718  9279111
17269433  4421706
21754187  4716503
19738929  166340
11966861  968347
22206334  13100019
22206334  21317631
19783003  13563095
13391470  8028957
17944066  7669668
17611369  17364127
16401555  4355978
20358277  20248057
20932047  11315951
19599017  18903528
18142195  513832
19687527  18320624
22214471  62617
22215107  9809682
22215107  9835087
20050271  13013241
18415539  138374
22129753  1685680
17491631  6343166
15842796  2535132
22215339  1295170
22215339  3728616
18803486  3489133
18803486  4176377
12409003  5713638
20367482  20356025
22214715  7056749
20946542  18764314
18248249  18084476
21786874  19851185
15325705  15322697
22214640  2920364
22215016  240178
20889837  16847574
17155796  13445452
22213631  14842259
7287361  301134
21970943  15320052
15809826  572768
18857804  4919076
15671469  2511906
22005592  15121928
22005592  7581156
18197827  13504954
20900213  1423294
17701984  15763965
18754459  17789971
17764924  17768574
22038469  14220321
17766160  17765420
16544367  4407862
19696277  11371460
17685385  8455873
21611765  21561607
20288187  17282373
21618871  17732897
20794124  8549816
13108614  13077519
17807482  3196330
21411651  21221876
4116763  2638259
13004253  11890522
22208410  181596
18514460  2745265
18514460  18513990
16610193  21965
12173789  12128093
21320258  901224
19003609  3800551
22079364  4007882
20226204  14322660
19120524  4594733
21674822  12038137
19617202  3486377
21528983  21520809
17504101  203198
17504101  293956
21263536  4892166
19518748  9183983
10554354  359424
22216159  19588672
2369926  8118033
15997228  15928364
21764427  5851531
22217766  261638
22198039  513832
22216757  2042780
21315604  1922550
22079916  9541025
20256657  839279
22217549  4479683
21156743  21154193
21439846  2934563
22216862  2893059
19395740  16108103
19395740  18666208
18250547  6441218
14286011  2221648
7050562  2612802
17971636  17698467
22216916  6558710
8856116  1394797
18445904  10281662
19252225  3291682
21355470  826948
20139500  1971598
21867749  5477134
19658008  4836710
8546697  6554998
16641715  717541
19562249  5971635
13418651  10217391
22104306  4638993
22115349  14245396
21455870  6229024
9285859  3627107
17804955  17787363
21360839  15227373
15124345  3973994
18844572  18736824
17919994  16184116
17919994  17778723
19148025  13502467
18022885  347358
8609762  4880685
21662084  136168
17621354  11106584
21038808  12843675
21307878  20003224
9655876  2448472
20965821  20918513
6697206  1732348
19814972  18743099
19331568  8580076
11478283  5572954
19538748  1661273
11756985  4208530
19100587  15112125
17748058  1550933
17748058  14923387
18596007  10673585
16559641  2657178
17416307  5455802
20039547  610245
20039547  1600936
20122784  5172157
19697973  2533476
22217176  3481828
22217176  399078
20374556  15297263
20374556  2685031
21907983  751264
16762293  4999542
21116088  7254049
8432138  1545851
21899312  13812718
19484107  5969702
19409692  17333532
15988002  7245004
11916656  4873904
19978736  2926466
20647198  279170
20647198  9351694
22219330  5583401
21673280  5835179
19662683  3441281
22220621  5758703
11522158  10617086
11757459  4850862
18111207  8675206
22024007  5210535
17280985  2290534
21481945  7317860
18747515  18668395
17552765  3302062
14709632  5674116
13304087  8908050
15008794  8922475
15846391  4695609
18790072  17299581
18941890  942571
21899882  205736
12136218  12134159
17777856  2371436
17142492  11232153
22221405  8028957
17414974  2284601
20302657  699852
21274185  1883920
21090328  10982104
20937662  4819312
21250468  8052262
21328150  295833
17374534  10298109
17374534  5980708
18249919  5296402
10515218  7025087
9541105  1200295
18173613  279170
18076125  122102
18076125  518000
7050519  3680254
7050519  6798513
16394221  14621450
20595517  14290527
11592293  979256
20320332  12915684
14951611  14162648
21099701  5265914
19558489  4335069
10197582  2500925
19359477  4869609
16369478  1732348
7219263  1515598
20803740  209160
12198622  2598733
21127781  11511779
21042718  2579738
21318945  9319810
18798574  718429
17775837  1110986
22222713  119123
22222162  6530424
19704332  19702397
22221799  15826202
7057061  5305457
11784687  1977871
21971685  3434278
15938220  3436165
22222880  2068372
21375037  10881005
20643901  20641781
20127274  3438483
12198496  3888326
20318710  2234204
20844007  7001320
11938359  11910558
15216626  15195456
21245683  3615531
21053258  3311903
21750969  5283071
20138508  2283210
19384558  11855363
15455665  2988017
16588144  3145332
17897836  15112125
17897836  15373050
15974816  10286386
9078187  3526136
20977408  10678229
22122446  504103
22221742  16838874
21550803  722668
22222352  8789249
16386473  11312316
18533801  437589
15068514  6459398
20360066  20339221
20317584  2142535
16174737  16156691
20941619  7772988
20615105  733630
22223138  513084
22223362  113426
17811725  2554054
19862795  7269099
21111726  14916205
21314539  391005
11711398  9337525
19948179  8787982
10172169  10162176
15469864  14706902
