20771758  5187530
7398069  4513867
12412009  37011
17865639  15696066
20428945  2702564
20457993  18893624
19947405  10896749
19947405  12332353
17594479  6738752
22129994  4598001
16168042  2213340
20567102  365782
21948575  3618078
21091714  6060824
19044256  18986560
16113369  57854
19665546  1646698
19665546  15008710
17784872  4065052
22009686  9589419
22009686  12356994
9642083  820466
21460062  811193
17829910  5673513
21046714  4612794
7407484  1184944
16482279  13429451
16538792  3744348
19118403  3108530
19118403  14599321
19519334  14300415
12986950  7124004
21322073  2893750
12201936  91368
20083851  4654028
15973578  782689
19968726  11650840
17133490  2892981
19048854  10261731
20321599  925780
22093793  3232943
21434248  6447242
21434248  3910244
22201904  20639825
19409975  19348327
21000208  19177721
17837105  13944216
21486774  3680876
21006050  10055269
19322616  3366529
20202380  16478053
8474557  8473613
19915351  8569388
21396461  2189212
21396461  5074369
21475787  1274792
21148288  27581
21402423  6993325
21402423  20944932
16620785  574594
22224628  45135
19611741  1225667
22220077  249578
22225762  2932016
22225762  9503455
21465764  17776976
21516693  6343166
21461289  21333431
21978995  2165741
17806859  17759444
19375764  190396
18221844  806000
22217819  22217718
22225916  199527
22100483  4466094
21385608  8546095
20950177  6343166
22216061  11903218
19908978  1885557
22225286  1164757
20207855  17181108
18159536  1225102
22227079  5539476
22226255  1556668
8625692  381542
22226661  795746
20453920  63150
18747624  3068534
22227319  8542591
19804404  5298564
21893090  8275143
22225441  16467479
6865759  2406011
18996760  1015242
18996760  5066824
21971819  6826921
11184661  919612
17701203  2853759
20307222  12769982
20434988  16196121
18085759  6676768
20193156  14494467
11758285  1372113
19311215  6350617
16783446  16764934
20990644  3806108
19985222  4632175
16030793  136782
16827125  16826887
21419512  21421424
9333994  2050985
22228160  1915041
22228160  15425671
18863209  10707031
19411653  2970748
20058867  18153234
21803784  168214
12617224  4255472
12617224  5324374
22227522  5264895
22227522  6559254
22228989  22228374
21865736  21639252
21743417  8734078
22180772  2130913
18205994  18159051
18205994  18087047
21514854  632964
22204038  22227081
22225374  16641205
22229432  280324
18226451  17867248
21892357  13774947
16825070  1051379
22229897  2167916
16653574  12332316
22228698  14640907
19972109  2137084
19891276  3757335
6078743  1934886
3115924  1934886
4747278  1934886
22229776  6847697
22229776  14220321
22228889  12358890
11074703  11073990
22230920  3446216
22037357  1187518
22008346  750486
22228472  3523145
19189787  9282869
10802432  513832
18970766  9033357
22231191  13799497
22230848  11404757
18054700  2973202
11950001  11700270
20998533  78536
20338865  4863051
22230666  1593225
20057286  78536
20057286  129389
22074255  22069734
15429647  7903208
16943484  1258670
12409932  12405782
19782065  14104055
22231119  8149155
20715634  3818193
15210480  15204890
19412065  14220321
20376294  13044603
20009606  16959576
21348474  201323
21502131  3019136
11212571  278192
15973144  9982738
10030372  1030041
21606078  8520544
21678126  1212344
22112775  5025840
19094130  7932994
16836608  16835614
22231368  6343166
22197396  4492950
22197396  12761481
11942526  7864662
11942526  7047139
15333240  6169288
22103913  472301
22103913  19209047
22113995  22113777
18289212  18288726
21659417  8000903
22232078  597720
22231132  513832
11367137  2027488
22231861  12805535
21086649  16667135
10731047  5859376
22232353  273313
14942573  12976342
18574337  5399798
21626674  2948948
18549353  8845186
21430736  795746
10519721  10444656
19431024  4000096
20507189  20506061
19840877  1964554
18465665  1196192
20313924  10965853
13213128  1514910
22232524  4988050
22232524  5034442
21714731  13338339
10673486  3074478
11069363  317760
20128694  2149233
22230212  1120833
17836099  2116558
17836099  6064956
19547782  495021
9691125  9006652
10691767  10655680
15559640  2297377
19228006  19217076
19108383  18984426
21945550  733482
21956139  18592508
18823934  2649500
12483145  1366313
11499449  11466026
17418685  13487437
8422607  1525421
20661323  12044928
17528505  16835728
19611759  19553902
22232751  1235179
22232751  2044033
17278717  1014861
21777964  1568557
21777964  5122685
21777964  302663
21081103  4660142
14825127  9925726
21806943  773099
21557922  674009
17196590  4050342
17383259  11922383
14797969  2718204
19759764  12769982
19963591  4446883
15567329  15565246
21232948  187406
22129522  2290959
22233071  22210032
19759715  17942250
17744681  8024488
22233136  172439
22233341  4824573
18288591  255511
21095575  6600057
21095575  15654892
15752351  13838377
21295447  12308138
19804879  13542052
18344826  8193688
17159295  10333016
17159295  3240532
19973392  9362137
16396778  9640266
16539288  16538303
19563458  4935632
22231542  1235179
22233634  4296505
22191264  22190886
17593536  3923826
15277468  2692482
16802192  7357912
16019545  13106906
15216921  274626
20173085  8329826
22112803  4810664
22112803  1461432
22099667  4753678
19333596  13721709
10895016  451415
18497464  14088890
21081156  9371171
20984282  4660142
20688307  19897461
17441218  6208488
9071901  5353801
20634353  435646
20634353  2119480
20104585  12546722
20104585  18594287
22105197  12716371
18164386  17003230
14465268  1031389
19124215  509508
22234497  14053596
22234363  8110934
17240617  8988855
22234357  1610030
22233144  15534504
10658906  3177836
21610282  17781855
22234993  6847697
20214751  9540678
20175868  1637000
19724946  14482951
18971954  12999910
18646276  1732348
17875775  393053
17875775  2425270
17875775  5164642
19047328  6107752
19930095  2426098
17456127  9019728
11822647  4439595
10023697  6210497
22233021  1089018
20646022  9297899
20646022  2910774
21035648  1936135
21815262  541487
17219189  15594394
9244142  60455
9244142  1869217
21390434  6270419
19213001  8028957
9122125  3861857
14082536  13022660
20984639  2436284
21276334  1644432
16731684  5608476
17195877  281725
16800357  15195651
21956552  5567529
21956552  11514662
21053724  2624410
19733847  18870387
19733847  18888943
21077683  12890071
8719650  2879746
22235753  18626559
17071635  4060405
15013197  9269399
21240145  7381012
22235771  22231861
20393116  20392331
21672226  3775191
11018808  750486
18104562  6932107
14378357  6408726
14319588  8366043
21549109  628637
20992599  8439517
22236893  11009252
12334657  2364390
22233527  7008047
22227742  12371293
20152724  18192521
15238183  1389042
16815236  12830040
12022416  106387
21941681  15696416
21845173  3270995
13112304  4179842
21513282  12573816
20244667  4470950
20244667  5601771
13353654  13234463
19923838  533905
20136824  10132027
22236903  1584370
22236903  3975170
22237713  1741820
20288468  8115896
13010815  856205
17537806  1433204
22235299  11707407
20105076  12438495
21262019  14013131
22236765  9485116
21685588  20865552
15928898  15925992
19304028  203198
22237063  610245
18399641  3257460
18320752  6754735
18320752  1014861
9231544  8729804
22159702  4026479
16023992  221809
21879105  9084961
22220691  16975387
18887930  4824342
20340810  5397991
20004704  1911417
21434860  2174889
20279437  7474774
20279437  3988041
19979315  16824404
14588867  750486
21132723  10914576
22234752  7509978
21201873  3776195
20206605  2425651
8542396  6489224
21671132  21663841
17963982  11617185
20939304  5480337
21972887  2125716
7918779  5216314
8122703  3608239
21885646  14220321
17722761  17722229
9256268  9188251
19373790  13842468
10708559  6273341
17864687  9879831
22027491  21568042
16492994  13394247
21773265  7358468
18842019  12626700
12408766  1221559
12408766  2710621
8529611  918698
17965287  1033156
17996520  642353
17996520  6677035
8065542  505230
19581047  703019
19564376  9386544
12382293  2726986
20850745  4026021
19961959  5183251
21019565  2438938
19991273  498970
21497459  21497222
21769586  12674064
16343327  9812344
19850587  16819023
20954838  20945983
21797787  13936569
20097920  1817010
16283638  14706523
19303429  6266727
18712401  6439140
20763876  20762957
14801224  4052770
9387926  7599823
19409574  18907129
21258355  16959576
18185576  18198370
13686636  6042023
19453444  9421404
13365626  6304268
17395774  493236
21089655  709635
20419150  6951446
20679232  15305350
7772150  5243238
16981519  13840429
20030404  20029762
20935382  20934984
21112571  19797350
21162946  5680831
19213088  495021
22237921  4660142
20049330  2706129
22114372  5020076
20981041  13928789
11044050  11017123
21680284  366202
22238754  6165472
21862358  110451
18083840  84855
19636198  201323
22239665  513832
13072183  5881756
21848171  16588328
10626666  7940809
10626666  2283374
21533432  12057495
16253034  4670137
22234420  8420926
18672152  2141520
18193468  10193851
19147326  2072687
18417234  1116193
21675297  21649002
16281249  16232072
19847572  12281975
19847572  969285
20398203  564695
17041889  597903
21893808  21861730
17796933  6618515
11441641  9843362
20738262  20726495
22239641  22238662
19787110  15628163
17263455  332030
18232541  3561648
19933880  13308684
15321415  1842979
12089386  167862
20952428  6642865
18820645  18756814
18517804  298708
22120861  11190072
16499895  1070497
21595409  4418708
14221893  4261133
21689000  707874
20159140  10762239
21109287  7673843
21245326  2601908
17382708  17201738
20751014  20451229
14582562  10754000
21851041  8472
18035650  3828898
22240375  1125772
22240181  22173269
16812789  12183444
18342467  17531072
8411054  4049606
22239917  5600608
20165169  13972287
20165169  19868548
21447183  12472026
21834518  14263344
18439236  3434041
16122438  9040122
7597245  7478833
19428106  179940
21789978  150977
16615490  16537891
21615051  21461590
21888232  3577641
18828926  3256195
21077635  20963835
20314894  20161828
19455689  5229809
20082577  14386
19155152  2772836
20861253  15272726
15331181  4110973
21218454  288739
18074035  3737139
21852807  2100272
22114650  8028957
16221607  13009760
17997499  17787681
20827176  10434001
21878065  9936011
21719525  18056786
19634718  4287839
21636966  1120833
9947704  9946701
19510828  290884
21203811  2683686
21471465  8378521
16675590  1888602
21041087  5526690
17163081  10853205
19900450  8180430
21647211  4561587
19205542  588004
19205542  8100986
20611807  9944559
20527757  20456875
22240683  20363783
22240683  11943525
22116627  11098680
17150049  6434866
9000722  6125433
22241030  7799561
21262490  1549906
20113143  5035289
13445272  13410904
19287881  13423624
21900092  21847601
21561650  2446764
19117141  4499520
20725665  1180184
20745330  13840429
21497774  21493046
22108925  15621630
19033478  1313120
20023417  6821184
21387334  21370831
21100818  1672673
10706577  7125326
17192273  455612
21507539  205853
21935762  487073
16348198  8379776
21818708  2235374
21882166  8090670
21196754  750486
8533552  1120395
14949200  3321702
9268146  4558707
12510050  648166
17113131  9382410
22139572  2150265
20513733  279170
20125528  9022967
21700752  588004
9294804  4716612
8495654  8495404
21188379  1506043
21573805  14286877
21526108  75980
18199893  332872
20008555  4526016
8598909  1337695
22242075  18481740
22240328  10836832
22240328  22188940
15774511  347798
12388463  5078239
21471974  1762539
20661961  9951300
21477538  8871711
20546941  3460982
21142488  8028957
9170244  5428130
22092915  428918
22243100  2202995
21438251  12573816
19593585  4347382
20679186  2973202
17953257  2029307
20246596  7244230
20057978  13039609
21114393  12369543
21618210  21616976
20311430  712279
7411110  3621215
17043989  8998612
21501454  17557168
22242968  11279126
19182056  7251619
21886097  9764766
22243647  5226285
21073302  8550114
22225805  8710619
22244039  6681117
12270889  893333
21867303  19339
10288998  10286638
21094855  1663807
21094855  1210396
17703170  1132941
15999218  4575747
15999218  8250010
22244073  5516044
19991675  19990861
11714090  11712784
11042421  118096
11864675  3685195
11864675  5909873
21380966  12091212
17461528  2037220
14481049  7340726
14481049  6768474
20330880  12396813
12354465  12347430
21982669  19677052
22243678  409784
22243968  1102392
21819966  748453
7372017  3772290
18744766  9821222
20066554  10453448
10510384  296499
22242839  3088059
20250127  750486
20772200  14494973
19018082  207190
21046507  255312
21469027  2498240
21607403  5040067
17673869  3748
18282818  3546745
14816132  14550396
9815454  599733
12242092  2151265
22244495  17499351
20967727  9429491
18565664  18566206
5481070  11674312
17467092  15672613
7484377  798662
20846496  549741
20437631  514188
18171214  2589621
15612333  12829963
22244074  1747817
8937693  8938118
18874082  10456525
19599267  12230650
21579284  7341783
21579284  5828621
9067413  3577641
21541079  401656
19660459  657447
19699068  2295290
20903734  2726855
19907347  12840618
14478493  6016171
17682586  90178
20499706  20499187
20733548  5502761
19943789  928072
11350882  3384504
17465638  5136853
14763102  8228281
16578149  11714397
22244844  6611190
16882385  161738
11258874  6818284
21681535  4935632
13618103  7433395
18606251  10512707
15978086  15772870
15451170  3321702
21894451  218384
17652419  394809
19623735  2186931
18181473  18179900
11616115  11582824
21768190  7065224
21298967  7120626
21298967  15282714
21288957  4968406
21288957  11922383
22244856  8588768
19923161  15908887
18003012  441496
19595279  1056728
18330995  17804610
20494727  707335
20786752  5100376
20786752  5306843
22104707  22099123
14842755  11439586
18757851  3058198
8185770  1770122
19631709  862073
17851670  14220321
17851670  11156852
20417799  20091779
21679346  3313929
16768065  4208
19295975  18932
12255227  4910489
21080322  20783959
20387915  8943000
19674254  8432134
21390045  9342130
22002341  22000736
17846501  17845162
18871586  1738702
17511072  8028957
19767092  1018822
21756390  8343458
18437514  2933347
7700170  2283374
21547795  12332528
21988996  3312102
20083124  20082055
19948672  9727673
18522337  15454220
22245633  18001317
19506351  692040
20591898  1709110
18613578  16685088
19740475  15128849
18473029  11922383
21517999  21517418
21577430  7335018
20237407  2896566
21737229  21725580
16554146  6343288
22247446  750486
21152232  13633747
21152232  17195343
20227968  15757634
21877762  6094039
22089602  9170639
16812869  6162375
22247178  1575141
8529397  8527561
18905465  8295131
17343880  17326806
22246916  15722561
20528333  6689962
20528333  10989026
21504973  11775455
21110600  10861852
17181347  5600562
16443531  3649574
21248677  6729605
21525108  3927002
22248110  544919
17714786  14640366
20037561  2745265
21197594  3462054
19732981  5458048
22244387  10102862
22247755  2425270
20331198  2315948
21067396  7179677
22250091  588004
21888114  14649661
21680200  21679690
17816026  4137426
22249871  5150637
22249871  6343166
9188032  9187883
14662619  8028957
19173036  10691949
18775648  1771786
17764161  308703
21308046  179355
21308046  595228
21556787  9175749
8438666  3021587
20627669  6827010
15069942  3277367
19706446  17209460
21670749  15112125
13072294  11003154
21602313  12916169
21889431  10482570
20103416  2490173
16182291  2945980
17171332  4702310
21841474  11922383
20484697  48239
19970661  993800
19970661  206751
17267721  9074246
20392800  57599
17860136  4707583
19360360  12285112
19360360  4001328
22244100  754607
15536139  9929306
9487436  9366212
21748353  201323
7235554  7170412
17001794  16560331
9832396  6044329
20994297  96759
22251410  6027764
22251410  13938886
22251250  749641
22251250  17235212
15287873  4004087
562766  558519
14663706  4743137
22239208  22238662
15419684  7085275
22250952  13469681
21123701  8055063
22252365  4660142
22252547  18951857
13916985  12291042
20659963  16831889
22251876  6558921
21121977  21118453
22251721  5241185
22251976  336859
22252578  6343166
20319595  7250764
22253223  513832
22252476  16446136
21153170  21152847
7367164  7264274
18848371  8336779
21524913  201323
21762374  15090942
22253662  15140911
21912979  8539338
21912979  1273108
19978829  5522164
11989469  4213800
20557304  5585779
22253771  265960
20574644  4670720
17578985  6458585
21851554  224732
22253885  4660142
21171549  201323
21171549  21170496
15287512  513832
22251466  22107694
7545237  3820666
22254261  4401396
13378623  11922383
17765539  17752099
20458057  13723805
21885705  218384
19913524  909532
22254670  7568224
16098854  111102
22254654  597292
19542785  6449063
18160028  171952
18124795  17877891
15785519  4261133
22253387  17577705
18190871  866218
22162592  1470488
22254409  14220321
18233803  14538743
22255381  60174
12438740  5566775
13218621  3076414
18906096  588004
18868742  5514349
13110784  12810899
19811553  182287
20616015  1104975
18196025  6270004
21145870  8703416
19348144  19258738
11313105  7278228
8689246  529085
21112528  3726721
22201231  22199686
22201231  22252780
22253377  22046730
22255812  3765950
22255812  9741600
22124237  22018673
22255931  4025916
12060687  1138460
18836157  957928
22254005  921180
22253083  16020725
21742004  2396715
19819910  12401936
20404163  4050999
20404163  9074365
22256620  14776469
1894170  1654071
18414792  4386959
21046128  9477906
21637233  21636783
22256630  62936
22256524  2338942
22256524  13840429
7557697  71625
20302291  19390810
11242785  337704
22067688  17902507
11259959  5075579
21121837  3021727
11193152  279170
22255626  2145912
18868168  3130787
17428882  5074452
17644247  10657315
7009286  491584
21478240  8730522
20605728  59838
11391712  3318902
22256316  53609
9021490  2500586
20539514  4768958
22255986  22255556
21519126  21493320
12031175  3948062
19598377  106770
8337902  260945
21279759  21206991
2967432  1014327
21955506  5113016
20676030  20674678
21348022  5747013
15527612  2909118
5245466  3778489
22258824  409784
18145645  2938301
15688590  42648
18974299  2616697
22257763  15214378
22257763  728360
15841634  3874012
20874000  9254637
