22464728  7605217
22467316  5471158
128342  29709
19947754  940742
13088139  13004342
22462924  2747791
22464863  11134812
22463582  279170
22467880  1075534
22463306  22203862
19261069  15249160
22172821  5967103
22466197  13781948
22463974  22049289
22467938  2672085
22467666  7693613
21870220  1955505
9012835  29709
18043653  2563494
21456421  16493724
22465328  22464690
21311455  414891
22468133  3489460
15892103  37649
16212871  29709
22466635  1686699
22463681  22317379
6953037  29709
22454016  6180896
22468761  336859
22463668  3029422
22461945  3924446
22463595  10016890
22465161  11922383
13347471  29709
22462358  13102045
3329576  32664
22462267  18903304
22468911  22386045
22468517  22467890
17855155  3686032
17043307  12143383
22468325  3446216
22470765  2170500
21728844  20076981
22469650  17967114
22464137  13882215
22462763  14220321
22471307  8028957
22468971  11495956
22459867  22062801
21485741  652978
19847628  1008111
20981500  6637679
22471268  6579728
22470817  4261133
22398165  2124351
22471091  4261133
22471212  14220321
22470242  3076414
22471114  513832
20930122  124958
22471638  4976566
22469689  17254008
22472116  3424382
22472116  13776800
22472091  32369
22472840  6638085
6840797  2400262
22471963  112503
22472533  2050805
19274921  4980011
20846547  12573816
13165640  9792354
21151264  496440
20255809  18108483
9600943  8574498
17485164  648042
11600054  109023
17171139  822452
11427697  212198
22471261  14910407
21350760  9310177
19444066  17173822
21009624  1732348
19794828  19797690
22208711  3577641
22096552  21098486
16375257  274626
9316029  6103175
19286454  8383975
15088951  5980316
22472439  22471647
22473801  1416697
21894500  11492720
22472808  3717793
14797416  716637
22474433  22471255
22460760  998055
21093856  21159057
19215141  15210646
19215141  2599149
22469876  2217688
22469876  6128287
22474097  22473576
21171066  2440377
21171066  10962379
18726735  210564
19025472  19025061
18916570  2317462
22474411  8416365
22475869  513832
22473931  9330394
19148697  32664
18912903  151969
22475705  5289015
18031720  15602276
1449865  32664
22476219  3737139
14758815  32664
22474877  12769982
22469773  5110970
1267902  32664
1614258  32664
22477175  1469764
22477046  949433
19674330  32664
22475513  14337071
3683075  32664
21873939  3913750
17068338  1855890
14830194  14815621
14616140  6955789
16632660  1690642
21684714  12458237
22225843  22226766
19090754  17271224
21965884  4607945
1814437  821870
21292472  8667070
16877139  12464823
14762325  14259517
20737717  1361705
16571449  10916284
11183149  1776915
21894328  5210535
12071033  3661123
16327919  750486
21247623  21179117
2036118  2003201
21158469  1991643
22059529  18252679
18795486  787839
21254172  171251
20747057  20706764
18669962  15488529
19089540  4062001
22233915  953918
22190045  11538637
22476788  5241653
22477797  19214213
16186252  14789478
22457400  5304752
22477969  3422673
22478510  2631001
22478668  161738
1647008  1574898
22477103  690251
2254085  32664
22476057  2276200
22475913  22475356
22477651  9277827
22479684  2438223
4039694  32664
2391968  32664
15965699  15965260
20319644  949624
6694832  32664
21401414  12573816
1375026  32664
20538382  17383567
22480397  22446677
22480397  153724
20084212  9357520
19298878  610245
22479755  1805873
22480982  13564872
22480053  10394680
21090954  10737209
17195294  161738
2563526  970985
22479999  22472727
20799451  1516252
22113273  20324737
19937964  130354
21724916  2043350
22480129  1085801
637381  578967
22481003  19369023
22481003  3390396
22482507  1467913
22481910  20263187
22481594  344203
22481594  1947221
22480749  4952568
20325423  18211984
22481097  6528100
22474961  541487
22480908  735204
22408564  22405485
22482690  148901
22482573  7784148
22482830  19767894
21071936  2582797
20149526  16340921
15903324  16340921
22446225  13061699
22483251  275711
19008835  14220321
22482418  21955256
15901990  15068172
17466403  2364629
22484466  17659303
19239175  15207305
22484593  205853
22484593  6209462
13088511  1100285
22484537  7627098
22484351  2041000
22484921  2973202
22485256  105034
22459434  18509228
22383895  8909685
22483810  3247671
22484709  6029916
17705194  12052997
19641803  3488108
21602284  21599315
22138670  1115304
22138670  21862440
22485046  12769982
22485834  4130194
22483273  3446216
22485163  2933
22483633  3463426
22484995  3468607
22482850  1486904
22484560  5421599
10186965  2815366
4078057  134905
22486793  2973202
21776824  7219264
22486630  60174
22486011  14511655
2159286  787398
2791981  1331926
22427263  2973202
22487413  805107
22487150  7968674
22487497  4660142
22488449  363681
22473576  1179672
22483310  2847831
22483778  4849652
22487222  10519125
22487796  20940979
22488757  7056749
22476193  22474880
22485848  187983
22486995  12035742
22485466  7100859
22485534  22228826
22488803  16830704
4233407  1643431
22489122  8779731
17261294  9090531
22485986  5123135
22486053  17294289
22486459  6051302
22487866  218384
22490273  1605698
22490273  3361564
22489073  128365
21359968  613183
22109120  1023038
21782487  18135966
22491038  396145
21540950  12858619
22488209  2115758
22060713  3061868
13204999  3961071
20491251  477572
21039310  2733907
22489063  548541
22485739  10289160
22490533  5989315
22490526  4660142
22490526  8206810
22490018  201323
22491923  5533881
21255405  10024469
22492753  10674004
22491461  22490854
22492225  6219263
22492303  1132941
22490231  20279484
22480865  15115328
22487446  13239317
22491128  806000
22492162  419163
22488365  15855841
21300770  19873733
22491055  17055740
22492490  4172722
22493113  3682614
22493113  2771439
22492370  2252726
22489522  2717480
22492977  2785
22492943  901115
22487240  20054047
18708816  8021436
22149834  182287
22482961  8073113
22492929  22492225
22481672  20143983
22492738  2901102
22491209  901115
22491209  4545697
6011996  6009817
22493491  21037571
19464864  8361885
19901061  19887162
9958348  9954583
9958348  9955387
22493924  15141762
22493924  13854105
22494450  320929
22483390  2450954
15172360  14685510
19122815  9177820
20583056  4732544
22487581  15913417
22179765  13589947
22222079  12770622
20401539  4244896
22488156  22474025
22495117  22361476
22495399  5223
22495399  14220321
17708735  7502073
22495723  3402168
22496293  52353
22495205  9989993
22495687  8028957
21662343  4261133
22495116  2314750
22494853  78536
22496169  9050917
22496236  4660142
22495267  10453888
22497484  5328070
22497281  22463982
21832262  21528890
19745768  12677711
22498798  2007575
22497949  1014861
15330158  11251376
22496735  4677804
22497472  22496903
22498203  10893860
1295863  322597
22382502  22190076
22382502  22381082
22485572  12007911
22495833  891217
22495427  8976585
17459597  17459241
19660848  10923949
22201148  8074316
22496585  10505952
16194032  10526995
22342903  22190076
22496160  1817792
22496859  22472404
19003815  7821473
22500335  6011378
8244381  5299608
18176031  5486976
22174230  15097315
21814308  7057845
21814308  21813771
18536660  1039513
19404922  6041741
22494878  750486
7207907  7207695
21459822  21458884
21164560  21142176
15490444  7008879
16291324  1545164
20353238  10551981
22501874  4743822
18321265  553682
17788126  10416338
20923593  16472862
20676097  5237843
22498499  2086105
10853406  211329
15820568  12475269
22234685  60174
21425409  21427122
22501453  6771258
21983906  5398014
20120057  2691266
21715313  2570972
22501226  3452816
10298448  10297618
14853295  4825069
15842456  417726
22502718  9274027
22502001  22401553
22502013  22487023
22502013  9533679
22500861  1181246
22501422  13840429
22494927  18179856
22499196  6085455
22495200  10423228
22500305  136937
10528697  3971063
22228702  5403377
20593189  18863171
21380045  7530074
10482804  10481787
22502892  3606596
22503851  17333
22503667  2562408
22500127  20798842
22503021  10617136
22503073  1132941
22503994  40480
22503631  1409553
20481914  1317080
22504202  3737139
19940735  4073768
19908662  19278665
22503372  12769982
20797030  7530725
21322888  812415
16376946  10370428
22505246  750486
21992416  2695746
21533462  20436835
18676376  7606909
22505057  4789910
19163594  3869963
22101864  22082388
22505895  4660142
22505520  22480197
22506027  4660142
21466333  75701
17701384  1238016
19440510  17299581
19290469  8603088
21969446  370357
22505595  2887436
22505417  1975128
22505417  7360241
21008906  20865095
22507082  5737196
22506013  1625234
22484909  649614
22487087  5210535
10962239  658133
22504908  17555920
22507231  5445491
22507231  21799852
22507626  431866
15779643  241516
7152474  12723844
5288733  7561271
17655525  12883273
22508231  2056507
22503023  14268887
22506484  22505918
22507435  317760
22505527  668907
22508715  10578984
14924324  4205181
22487159  181596
22232818  13961388
22508249  14012996
22499798  22473884
22509214  4969243
22509214  7158741
22491174  4172722
19858615  11647820
22500186  15614730
22505351  10919369
22103070  10479446
22510359  513832
22504854  11562196
22508380  17951111
22504962  17118632
22370912  18059703
21852192  21847153
22489287  13855340
22510710  588004
22510710  7974870
22508595  2591098
22505792  22444128
22507882  1840488
20111161  857702
22476136  3327692
22510949  7637144
17417452  3799907
20335753  1520429
5353152  1079112
18289916  4901633
22511733  10152904
22511543  19554996
8522994  1040498
22509528  22506163
21522249  2010288
22511977  483073
22511160  10437865
22513102  513832
22512218  21677710
22512218  1457466
22512985  13196234
22513036  949433
22513036  4176328
22508096  22506659
21158608  4878159
22510546  9719003
16190141  6343166
22510018  854128
22513125  7602919
22513009  222598
22512916  21320447
22510764  1555262
22510764  3526485
22505851  2143187
21243555  5952782
22244397  203198
22513290  18933107
22509699  279170
17933454  15288244
22504484  19025788
19499989  1653970
22513047  3737139
22513047  4790020
22514171  3747086
22514017  503093
22513557  200640
22513698  1238115
22509458  7884248
22513805  6229419
15868153  7930139
22515228  12769982
22515107  22514992
22515408  3737139
22512638  1817792
22512638  1014861
22514992  22514577
22425102  22424450
22514187  750486
22512483  20268016
22419473  22412823
22495696  22495505
22514400  3285905
22139648  22130424
22099702  22098720
17672666  3818213
18554098  16452383
22086742  22086427
21998516  21988329
21997959  21988329
21991768  21988329
21971936  21971202
22514775  2725044
22513584  10108950
17306212  40480
22515293  8392771
15978907  16317601
22514877  8575723
21035429  21294790
22260140  4955433
22514511  8626694
22517220  7199666
22517220  5564410
22515174  92698
22516702  5210535
22517591  513832
22516400  2346620
22513446  15662578
22518227  1436703
16439142  7133014
21808837  20931754
22202273  12203443
22516564  8436519
7259946  1360826
22517998  7412156
19092588  3512471
11246208  5041494
20030794  14220321
7573593  7573536
21235136  18469262
11456991  311990
22518983  421860
22517808  1120833
22517705  12088819
22517705  779379
22518543  20713017
22520424  3304638
22519106  3439531
22509996  10279277
22517579  760543
22520587  104420
22519286  11321491
22518681  414451
7902558  60174
22521771  2973202
21371243  2524798
15012503  6270004
15994086  3239739
22517000  1704634
22518216  22515195
22517652  7936650
22515654  7622396
22520377  500606
22521207  4247068
22521638  1416697
22520719  750486
22514655  16918826
22521097  18105598
22523356  513832
21049474  3666734
22523003  481466
21043922  1780384
22522769  22511612
22521867  9288904
22523481  5136692
22522969  8759169
21264823  21261562
22224271  1416003
22046447  8627032
21663141  2973202
13692465  4546698
16265404  15906005
10741860  10738746
16888731  4342370
15042804  6337897
22523271  2530663
22523271  17454610
21225492  3823188
22524494  22523785
22524794  3724112
20293638  4660142
22520758  9713294
22241372  22190076
20837347  6343166
21661141  8028957
22524065  17026190
22523971  80476
22518328  14220321
22513861  22513305
22524200  39086
22524440  2618967
22525084  12062481
21519028  7807360
16167333  11118809
21396504  1124771
22523221  1680528
21484530  19847075
17480311  8607707
22523822  406192
22524687  5032356
22523156  9079797
22513806  22507968
22509111  10842938
22525963  22496594
22186263  22188188
22524219  8424900
22525342  6040024
22526508  14220321
22524137  81991
22524137  3885697
20070997  262351
14796082  1488931
18704177  3221161
19326757  1606966
18819525  3403237
18819525  5947934
14941867  11620094
21030821  647316
22233881  21616134
18439743  18438406
20439375  17772945
20508054  14220321
21573891  6343166
20543511  16184428
17299523  17296965
22003548  22003254
21237682  5104094
21667310  8430279
21837208  13636640
19237749  2973202
21864516  15973624
20263658  6398275
22174451  910912
21252956  3726505
19647744  5137726
9527621  8839943
17278501  2753701
21960746  16799624
17135075  10378292
19766015  18070317
22523945  14220321
20444608  12154505
22124547  15961365
19849237  17266429
9761377  122097
9829069  1682567
9607405  862807
12078377  1834556
12273727  12273651
17940947  1543895
17385478  613183
17808445  1810743
17825943  6706122
22520482  22520009
21728262  5513615
18843085  39086
18528258  152580
18293746  3890621
22510305  7087564
22524776  19736418
22529492  4319537
22529843  20897020
22528243  2242086
18093243  14667829
18093243  10889509
21145745  3657281
18801010  7495407
15007030  7495952
22529014  19322345
16524155  5514833
18712222  351176
22525326  12858972
22527858  5275098
21204614  2745265
21204614  933447
22530122  3456397
22529987  5452940
22530978  428918
22530677  123559
22532006  2867027
22527220  7875688
4477763  997779
22532083  15090942
22532612  5586327
22530762  332872
22531601  7151711
22531100  2437666
17479797  2735453
22485302  16856647
21082419  5121027
20335107  14946169
2093322  2030730
22532329  1069666
22532329  1129216
21387344  3855428
19011775  8977855
22245464  240178
22095194  19725177
10773835  7943233
22533706  14220321
22531270  11862315
22519879  10596988
22534084  17684215
21829062  21828403
22530113  13528643
22535166  2147333
21468704  4587952
22535101  12226757
22129718  4454058
22532560  22295903
22531687  3425494
20843831  11355935
17102724  17058519
11339174  386115
22536121  2973202
22535965  14917092
18793582  5608740
22525028  18820923
22533714  17211811
22535199  8283225
22535382  3313233
22521272  22198296
22535772  60174
22536127  1328025
22535163  5380671
22533495  32607
22534371  588004
22535870  1688099
22535956  3694327
18978381  3452816
15711777  14269929
21570467  2189376
20550435  1302026
19510612  19408602
21511059  12342329
19431158  2418268
21988132  56107
22534277  2158395
19469304  19469819
21018363  1406083
22537199  3380484
18357808  4834819
21257472  2636721
11631271  8299947
22516451  15674814
22532311  21567291
22536411  11133185
19696016  23250
19696016  1517858
22516658  15007620
22528879  6913206
22537029  102605
22538043  60174
22537654  18957125
22533829  21938674
22525944  6289474
22537974  22537107
17930799  14220321
20160503  4475457
22538077  10651881
22539715  22487038
22539239  2183486
19588995  14391959
10839875  259026
17528270  521334
22533334  9419122
22539401  5373377
22539401  423379
22537102  16388959
22521363  12684047
21978392  518000
15900261  15881736
22542176  3583384
21910816  7150592
22512544  22511031
22529880  3466850
22540505  1756004
22542460  22540791
22541231  14220321
22525178  22524789
22530857  5715791
22535154  22507947
22540017  8853907
22540176  563406
22540855  11639516
22542950  37538
22543190  16225177
22543467  2763591
22542147  18915550
17900989  17894552
19300342  18224344
21903112  17338572
22006639  657313
22086451  14864015
22196611  11227042
22543269  15023282
22539076  17678881
14852472  4535236
22541766  3682615
22542017  6520428
19968160  336127
22542370  19421283
22543043  7559254
22539533  16768776
22542086  218384
22542951  1218905
22540224  19310788
22544885  388242
22545999  4709175
22545702  40480
22544231  22507947
16273430  11269766
22543771  22542013
8977583  8976958
21018912  12139015
19487846  872565
22504813  6661116
22543704  1699958
22543704  11660683
22545603  8138411
22544610  4828080
22545735  3999584
22545735  716452
22547025  1661273
22539444  6676768
19046162  588004
22535657  19594655
22538467  659025
22547165  22546820
17641602  4647348
22519826  11622833
19909620  4177102
19889245  1872110
22545082  171251
22545774  49274
22546003  15989281
22543286  201323
22547960  295104
22547960  9645938
22523533  22523311
22523964  22523311
16838987  12541907
21039081  176264
17434953  17275709
22412200  18525179
7736441  609517
22548098  9575776
13249999  10652515
22540786  1251636
22547704  66921
22543987  8612919
22546180  5807047
22546893  2681999
21677806  7914990
22540054  20972283
18837489  6402799
22548638  9979018
22544785  18836358
22549339  513832
22239968  2028268
22549779  15439919
22549220  5150637
22550169  17416881
22550622  312443
22550622  22550345
22548239  11321538
22551385  949433
22551385  4176328
22549811  4060004
22540638  1130366
22550336  22030342
2340557  2255166
22548767  4083351
22550361  440061
22550893  1049210
22549487  820795
22515811  1096853
22525063  22523404
22549716  333737
22549712  8028957
22550995  15670631
22551906  4391448
22552919  4660142
22551836  17246260
22010395  4637873
18093801  18093233
22552588  4384638
21626895  11922383
22551311  11647507
21136551  17288668
22196323  901115
22527491  6427518
13232957  13123158
22552624  930397
22553885  22537150
22550022  11494422
22547929  7375537
20794972  3798612
20158680  9206091
22553035  7663709
22552262  2312756
22552596  498970
19325478  12048511
22552509  9509002
22552132  22550047
20393499  2736389
19373962  2952667
22553876  22551721
22552507  500606
22552507  10024866
22552350  12573816
20098176  20095060
22546693  16023647
20291859  9571658
15852515  2393697
19985502  41948
17599528  17600889
21684877  8003347
22107315  15572339
13564137  1128723
21219216  2685172
16964739  498970
