15733038  9285442
17538075  350250
22643449  2079902
22641121  2739667
22649669  2924813
22651665  8237193
18787669  6270004
18787669  5263786
22651096  14220321
19646177  929777
19942764  11784860
22263356  22262990
22651381  2973202
444376  50499
22648138  2305966
21633480  18137768
22648653  699065
19153589  5440601
21036899  8049207
22652953  715650
21607649  3861782
21053524  3371540
22650558  5409885
8678554  5453881
22548635  6343166
22625688  17107220
22639844  3076414
22641935  5579662
21486347  612231
22652887  500431
16894129  12265695
19220321  14498702
22652383  10043579
22652707  14220321
22650018  17990604
22650018  4510212
6109838  2179644
22652755  12764634
22651546  22440669
21102429  1331471
22653657  10057671
20025471  5100299
22654149  3694423
22652937  588004
21492444  21492214
21708377  13840429
22653181  3356113
22653298  46898
22654006  13516345
22651670  383947
22651670  12767069
21033073  492994
22652893  11155403
22646968  22231191
22643413  951021
22213639  22210343
17066487  7364150
16811954  7152773
22653488  5293189
22654585  22654191
20687425  14049480
22217469  18598810
22651103  22627046
22651416  2716069
22239556  11139709
18233783  2656471
21313538  7042961
19800715  17964830
19205001  9397485
21169451  944483
21541650  2542938
21133095  21117441
22655972  4481878
22645347  14245712
22132285  7786924
11935379  6705579
10593159  4542671
22655444  25969
22655028  6824717
20445297  806000
22653382  32260
21175206  13497668
22648667  21779528
22645689  10207908
22648732  22648174
18868788  184869
17760900  16959576
22655008  3068534
22101089  2938104
21595794  21596057
22097003  60174
18718374  6843030
21684822  2958235
20725849  19170381
22179485  279170
22627103  2559527
22656440  4660142
22656062  8214932
1038223  931536
22109523  22067184
22655825  4697366
22656079  3737139
22656079  2153180
20496417  185349
11080698  3636914
22258365  22154608
22256991  16558363
21258940  5369682
21718601  21682156
19726961  19707273
22656788  138374
22657339  279170
22656323  948532
19040027  312443
22656709  22656132
22657478  22628087
14639803  13341698
22659429  4267144
22656922  12453580
4516538  1270910
1686445  476152
874044  179014
21300789  4722010
22660433  2301007
22661383  793571
22661635  7198903
22656242  22658947
22656350  22655795
22659183  19073960
22659239  4660142
22661736  4797286
22658614  18059703
19913247  14488407
8871929  8333117
22658896  4261133
22658069  20259773
21163537  14220321
22659156  22655819
22660968  22659465
22662672  436351
22659691  15653091
22088716  10951392
18764204  8334493
20175655  14991482
17464742  2199691
22663982  14220321
22662781  7160901
19668633  16047636
22658824  10575827
22258364  22618693
21633217  12573816
22067782  18263597
22664698  2238166
22663789  22638715
22658004  3975499
22661114  22273321
22664649  10841124
17593872  22500
17593872  1151402
22646997  3410256
22666263  4660142
22660672  22661409
22132393  4660142
22665484  401656
22664670  11385896
21577707  2182578
11030452  193161
22665364  168736
21989782  20008501
22659566  5182697
22666272  129181
22658366  709961
22661449  5585779
22660715  22644734
22665150  15221659
22666191  10711064
22660651  662191
22660651  11987781
254184  181214
22669141  2973202
3863033  310946
22668699  18716071
22668699  693880
22668087  10682576
9389299  3027066
21909444  19184154
22667941  21547795
22030578  17675101
22030578  13367607
21502167  14559332
17169173  1073353
21859496  1288046
16098908  6509678
21550116  6366652
22097089  9853113
22663078  6092642
22663078  1884889
22662128  8358196
22670019  21687577
22667218  7663709
21982183  13219874
21982183  9765701
22670619  6743770
22670232  1026553
22669651  18712338
22670872  4888377
15894463  278081
22670136  44917
22668776  10902256
22669126  11380709
22656308  22612412
22074801  21048045
22670473  4052113
22671314  1772025
22667484  15884096
22671385  11114543
22671088  22670395
22672704  22672000
20306565  8570982
11392629  8570982
12777435  8570982
12111862  8570982
22672808  830618
22672808  2851404
22672641  123559
22672641  487906
14885496  283816
22671567  4660142
22670242  22673377
22673624  3668089
22673770  740287
17580588  17277816
22669111  7886544
22674046  513832
22673684  513832
22669488  22659769
22657565  3966475
21701915  21672041
21701915  6412146
17532739  754624
22673579  123559
22674618  10763820
18449581  12617672
22673898  9344159
6819061  6405415
22675750  13942701
22668477  4675750
22669581  2090104
22672058  1742273
17357760  2965707
7783977  6866467
7783977  2688259
20900237  1110171
22214632  21133
22676340  6137823
22667649  8028957
22666710  6853057
20251353  15656198
22664507  7719890
18413307  5360873
22677307  9357032
22667767  22545339
22673432  14693646
17847351  2040560
22676997  3698267
21161805  718447
22235754  22236218
20842275  812571
22678885  7592129
22678885  3067364
22678080  12599033
20678156  15990857
20883423  104329
22645478  22581976
21379649  2033912
8604284  776430
22006678  14774718
14433662  46155
22449016  15965166
22680246  1043001
21868659  9517801
17288838  14067736
22667145  518000
22667145  13104494
22668212  218384
8306532  3903411
22622756  218384
17866594  2384167
22680916  3130311
22680899  612097
22680036  17261798
22681233  10156409
17295216  1428144
19839395  1313120
22680802  11425202
22671489  5464919
22681206  3717967
22660469  17977145
21119896  7925850
22154323  18577404
20659479  19267302
21506974  373328
21037117  9343241
22680429  961717
22670635  1742273
22675009  22670097
18231155  6889470
11500668  4425829
22681469  17915807
22681469  11900870
22680516  4083550
22681213  2464056
22673080  495021
22672660  3774755
22683338  22665145
22680177  11304803
22655143  22679858
21964219  5210535
7462738  6612469
22657976  15569755
22657976  21616785
10319623  6009
22136009  2499358
22679139  771949
22683415  1676897
22234761  4953037
18085164  365082
22683865  6284809
22682408  6748645
22683006  1492411
22682092  2177584
22684136  7851868
21093322  1627205
21093322  6841605
19626354  17419126
21362755  12953127
17234366  8028957
22676991  1089018
22684779  5972388
22667808  15494568
22680750  22680308
19710118  6180555
22685262  4191386
22685943  12192278
20982770  18340935
11241619  4938935
22684069  7145606
21087281  7495509
22684973  8686420
21245131  12094528
19303086  1167890
19303086  1288463
14146447  14129675
21232974  10024608
21800469  21804459
22687506  690794
22685040  15112125
22679190  11556731
22686890  5364050
9334407  371109
22687058  127803
21124035  21103445
14647353  2234204
22688565  394809
22688099  236129
19689603  17371374
22688058  2973202
22687087  649428
22687325  9411540
22687499  2856502
22682159  13077585
21792615  14539992
22683136  19041584
22688153  2573603
18985349  4520184
18198208  18194712
22689763  1207406
22689763  17299581
22670444  22670395
22688200  2973202
22680258  11688658
22688720  1017814
7096696  597488
22683822  4819450
18911571  18910911
22690440  20708720
22690166  10728207
22689528  22688271
22257689  111102
22257689  440739
22667118  22434972
22108524  16261902
20315625  10671614
21308922  21296590
22680012  4261133
22687341  15986731
22688539  12573816
22517772  19819362
22690550  536971
22691461  9736392
22691746  3577641
22691836  13905741
18493313  14132723
22691842  588004
22691842  3650081
20055476  20004340
22691862  22358
22115540  6890037
21378150  610245
20101353  5712808
7342524  855996
22692777  4108604
22691789  492384
22694176  2484919
22692586  283669
22693706  14997799
22693706  2440692
22693327  3735836
22693014  17964833
21873548  20279484
21735595  8028957
22659487  9466265
22693270  80980
19652523  18790904
22693571  179741
22694946  2612802
22694946  6793872
11242469  6187190
22695830  2388079
22678045  2230880
22692091  819773
3682666  425978
22689016  279170
22693914  10972555
22172249  3085696
22693746  2973202
22692634  2476305
22689530  14146636
11878111  5104141
22257804  17033889
22690548  96759
22690548  17364127
22695948  15290186
22690966  20828050
22695826  12126889
22679832  4261133
14997799  2440692
17791617  5394950
21410876  7129069
20982564  19723811
22697749  1207406
22697749  1637807
22164250  10533280
21784337  2453989
4426464  4425908
127009  9938
502600  438821
5180263  4053618
22677086  22554743
22677086  21033150
22692273  5089841
22695706  2366755
22697567  218384
22683758  279170
22680959  12769982
22688870  4261133
22681170  2184513
22695944  8720179
22666228  1917576
22697066  218384
10772297  10769963
22695916  513832
22693299  3641114
22694844  12573816
22697963  6323338
22696338  4261133
21685787  21797419
22694642  13460318
22698573  3306007
22686963  22680282
22685932  9869150
22688311  6284553
22698396  3331043
17153274  10617954
22700661  3024197
22697587  18690537
22698643  22696484
22700559  17472329
22692750  16504140
19298587  3610010
22686194  4660142
18782217  16414172
22686962  2465158
22697265  7827815
22698687  6835531
22701600  12301358
21829188  2817869
22686956  1395269
21841918  6999866
5807952  2440692
19921370  13069687
22702083  11785502
22678424  22670395
22678424  22670444
22702377  16518428
22688681  20734540
22702904  10393627
17901343  2149208
22702418  513832
21238891  11152870
22703229  4247037
22702486  14734533
22694895  18895915
22694895  2784514
22699104  7153659
22701692  513832
22701418  2787338
20313062  18392490
22703363  3901597
22703363  12346343
22701858  2973202
19894314  15982788
22700194  16065244
22701434  14220321
22563029  20284787
22699118  16613038
22701667  1159046
22658710  6084072
17186274  14476236
18265075  15151932
22676700  1661273
22680210  1956376
22228435  9022882
22692197  22662566
21362045  1565439
17423783  15802503
22680673  5375373
22696244  21918536
22704559  14849921
22705181  9085839
22705180  513832
22706211  407149
18850452  8390947
22109921  22109831
22697829  18513780
22704920  3297867
22705790  6226976
22702870  14237805
22707588  21264820
22706417  22704247
22706833  4935632
22704982  620367
22707232  133973
10865338  8064813
22699260  22647949
22704800  1395551
22701607  22647949
22705137  22704458
17705557  13362921
22706792  1497586
19848881  240178
19848881  2739552
20347374  15817578
19390657  512166
22685334  16658880
17198694  823746
22707932  588004
16987966  1177449
22704856  6904139
22704856  7609430
22703114  4555938
22707813  13466268
21989572  7470314
22707475  22519784
22707487  13842220
22704552  88957
14978081  10598000
22708903  465172
22708191  5795451
22704265  6098261
22704265  4261133
22688999  22691272
20948704  7131909
22698948  4809194
22699253  2348442
22708631  14379879
21970170  2816369
21398587  21399083
22708588  3521122
22708588  3889907
22694321  13905741
22694321  22692227
22693937  4090491
20959484  4623364
22129181  2486329
22693168  1423081
22693168  16644597
17433784  17138540
22708360  2054905
12607813  8890818
22708895  96428
22694360  2782525
20131545  7409653
12172960  8675206
7493577  6852072
22709444  3009745
13003824  4157399
19134266  1132941
22710566  14220321
21903627  899103
20607328  3577947
22710798  15201071
22207484  22204060
17817329  5158115
22710520  822452
16542739  7062394
22711328  3023649
22674459  14220321
17702122  433337
16858585  3950260
22710950  6844061
22709675  18692717
22711876  3485737
22689454  22651996
22709119  11831968
22711870  21063259
21233375  8549757
22263474  391005
22713282  240178
13368273  5785493
19657055  16594907
21854801  79461
21854801  114543
22037315  3296644
20959261  2778122
18640274  4770025
19596041  1033156
19572947  7094118
20081207  10766349
22675682  10851408
22713069  4060538
22712311  17788990
22691646  12475269
22712050  20730188
22712436  3741281
10523965  7668783
15671421  4035719
22713078  299495
22713939  872310
14166234  203090
22714538  281438
19063054  5210535
10204527  111461
22108547  295104
15011868  15011542
22673352  9009683
22673352  21935109
22633408  22629959
22713600  762011
13685943  405394
14178677  12617979
19167990  4660142
22709426  158968
6066776  2808888
11755326  11755676
22715807  2354609
22671849  12254333
22709344  4061438
22709344  9448260
22713419  22712962
22715863  3285432
22715863  8362572
22656575  21909511
18649649  920355
22712673  18905686
22714425  18027811
22715756  13752395
22239621  5928725
22715763  8228281
22716055  691022
22583631  13643702
22714572  12573816
21023019  2253168
22716029  1014861
22717900  949433
22717826  2134784
22718001  513832
22669156  13002424
22669156  10268033
22715839  13682838
22716994  4247385
20095494  20048538
22659773  22660466
22716661  10441362
22718021  17166074
22685498  2661723
22718205  22704678
22718497  1430757
22718563  12332975
22717257  17691282
22716031  3762827
22718665  12231644
22611362  22631906
19329644  18852221
22720339  22707339
22717564  6861818
22721051  9348614
22715739  1568091
22718270  12092633
22720800  179713
22721400  22591499
7717690  4730183
22715681  10000083
22671732  20279484
22088117  331536
22719979  22704987
22722516  878573
19075739  6998423
22569081  5031625
21522125  106472
17343074  16959576
22721698  3638542
14944648  2973202
21249456  3002499
22722735  12988099
16717328  13813317
20447910  6088409
21530478  4767971
21515084  5096268
18189472  2888029
22714956  22710443
21885073  750486
22722525  8607984
22723382  7918593
21443004  7637907
22715841  5348849
22724311  1917576
22718284  7670337
22724239  4214314
22724239  2114377
20676989  14718720
21602695  6918991
22724651  3957817
17670954  6476540
22720437  2973202
10591614  4968406
22241908  4023830
22723157  22722709
22716945  22697864
22724353  177189
22720602  7155707
22719897  115983
22715937  3830260
22716105  513832
22715836  11238593
22720693  9006596
22724223  8831183
22724061  9102687
22724064  4975394
22709497  1232950
22715548  7127608
17877161  4391044
17877161  14621450
14945818  10337944
22725637  10186811
22725766  2669690
11216026  11142477
21658544  4126502
16158886  1482015
21888849  14763363
17566316  4567437
18918547  5247381
10197299  854128
8470183  1494106
22722664  2480288
21560027  19323579
22727152  3755606
17496658  848869
17496658  4275440
22149703  15559359
2977413  419019
20041119  9336596
14874649  8312936
22692364  2487543
22727683  201479
22722594  5178068
22726548  10831076
22726879  13370678
22727736  2134840
22709192  1231198
21833955  15719138
22727845  15015043
22720692  11281909
22728291  2062560
22728882  5943726
4601846  884857
7014035  657170
21988290  1266093
21419904  21418573
11188555  2353014
8199213  1541154
17291046  5111779
11704266  8969381
16460268  16457563
17619255  1783849
22146629  6373379
22719974  14905278
22214372  22190048
22727994  85190
22728508  13632999
22717514  15827070
22176767  12573816
22726160  5590381
22729167  2192657
18017036  1441556
10663350  513832
10663350  767372
22731211  14439231
4408396  2080647
5582402  2310536
3156122  127556
1132212  1130560
595718  258473
22731403  6059589
22731403  2973202
22724597  3854345
1058135  476017
22731913  271743
22697169  6756857
22728272  961188
22728272  3243684
22726271  22725173
22725951  8028957
22732143  16129650
8803111  2458055
18148175  3728062
22732205  400212
22732864  401656
22732831  588004
22728635  1215555
22730554  8306839
22732612  96428
22732442  958908
20592020  1139763
11877973  11145393
22731779  1056728
22236617  13734368
22725785  89909
22729746  11296361
22734147  513832
55768  3003145
1437771  3003145
22732990  3906964
22731655  7704480
22729364  7566034
21409264  2538015
16611364  2938502
22735123  535328
22735123  2875581
22733367  1251582
22733367  22702044
22733641  6343166
21626448  5881383
21625354  111102
22734531  22726860
22730968  3506208
21347358  12570834
22733013  509211
22733118  12531766
22735186  17515096
22735506  20725787
22727833  7450045
22729031  6307663
22728374  585234
22728810  14220321
17644659  17634263
19134508  1048287
22735398  1912434
21820519  5145046
22732281  3838565
22737237  22414068
22737005  22431482
17647358  289010
22736119  4261133
14897059  1129915
22736641  16312730
22123320  6441218
22737243  14220321
22737051  2364982
21293029  4978235
18001069  13704789
16078088  9381784
22736724  16202884
22737176  16255270
22731313  13577206
22734378  19351400
22738732  40480
22738749  691184
663965  662085
7550343  6333573
14135361  14115570
22739371  1741820
19355627  2928150
22204448  22197700
22736339  22735518
9879645  2248759
21098196  10531853
22738836  5330030
19483263  3985214
22736697  2359014
22740044  1888254
3175605  468993
21578246  2346806
21578246  17551665
22739195  2973202
22740283  2025858
22740283  216875
22739600  10848
22734148  15390807
22738635  10347603
22740234  22740192
22737648  2973202
22740176  8724882
22733620  22732835
22739329  20125172
22687037  8238407
19160156  8173239
7952029  1617528
19886769  4660142
18550530  1589669
22210290  7859336
20124147  10316715
16885188  6674669
22741543  5164582
22741546  3498945
21598372  19395633
20255787  18543169
22741486  14220321
22741447  22741252
22734429  22485224
19090426  2820357
19090426  9647726
22742236  795746
14888721  1341719
20995580  4060772
22741822  2033912
22741092  142003
22680037  22740176
22740475  6641283
22604200  4425198
22604200  3492153
22743256  504208
22742916  4660142
21890812  21264112
19527600  19526182
22738835  1885557
22743809  9706429
22742218  6343166
2857728  401306
22742854  10261489
22744264  2973202
22744264  15439919
22742971  5626787
22742011  7618491
21806787  20154991
11740428  2466713
22740830  19245205
17112126  13056683
15807657  3647053
22742609  22597954
22685923  11685517
22744157  4660142
22744722  16172954
22744262  7449620
22744262  6884093
21266897  19083768
1078520  18450
22744847  510813
22744847  14590914
22744981  22519784
22745229  9705123
22744288  14220321
22745727  4358728
22741005  4261133
22731219  13840429
20956319  12378320
22745192  13499040
21806967  20154991
22745788  1120335
22146277  4660142
22742135  8238407
22735831  14220321
22729906  347441
22745354  17365708
22175875  17451803
22744800  12499022
22745242  509211
22746462  1108780
22746092  949433
18702189  302663
