22938418  6822840
22941715  416540
22953091  3196491
18041504  17869838
22943018  1847789
22944601  7603644
22912007  1715978
22942967  7208786
7507622  4186795
22872507  14447205
22872507  22872126
22952614  3403909
22902862  22826902
21175254  14093417
14898082  11966450
14898082  17407680
19683132  10808244
21188859  20834416
19411820  8249682
22248957  18397962
20670486  8424412
10955684  2117401
19116189  7643484
15339896  11483128
19574104  2291567
20204496  14220321
17314547  1032023
19494430  1006839
18519307  1229059
22953723  7961363
22953261  13082640
9995114  2382329
21454684  738282
22953743  9944001
20313473  20317171
19462737  16568272
22954295  16707648
22955361  1642028
22877768  13451065
22903590  8839464
21420136  20026978
22953904  22742396
22955684  72852
22262949  1306869
22955726  725741
22953673  12933279
22956709  1607336
22955406  16221368
22951208  22536385
22951208  6847697
22956916  22938021
21832710  8927727
22956478  15112125
22956478  20002503
22957310  3797462
22956819  2120544
22957442  22954991
22142286  676824
18217767  5970889
14031421  14220321
22956776  821011
17784777  16266019
22955722  6453295
22115130  2973202
22958984  3481828
21729738  21325814
22958033  777597
19698424  19698225
19872440  8604550
22958938  8758187
22958224  832257
13549413  6429321
22957582  79923
22960143  3657860
22959072  310946
22959740  3052442
22959740  3297867
22959157  605621
22957680  5611963
22959604  22369612
6843570  832257
22640400  12573816
22960792  1771786
22960504  22957450
21767323  14805936
21090186  3522417
22957671  12573816
22957973  22959777
20875264  6688223
22962415  383947
22962415  8842085
22961124  513832
22886159  234217
22959838  1746568
22961193  1872110
22956014  6343166
10501268  10501121
22963636  3292044
21485581  16493360
21600700  15108229
18491539  7686582
21226480  10074232
22111630  18712224
22145216  1671281
22159044  21884971
22176960  1529550
22964833  635851
21082232  12089752
22962193  20982366
22964842  5671238
22963865  68113
22963789  2649680
22959917  4221239
22958191  269496
22958333  17272019
22958893  1105593
22965208  20616563
22965544  22673274
10911944  10648798
22967103  1298787
22966901  6353183
22967290  981714
22912052  573084
17586070  12497940
20360922  439630
17199417  15084122
21921298  1039725
22965210  7077331
22067584  4341600
21889985  21794706
22969318  1313120
20187833  1479976
17325355  17277576
20626378  653714
15748920  6835415
13387210  13095338
22970128  18100208
22970128  5134579
17223906  1127088
22968712  4105930
22968712  4029448
22966467  4600891
22969096  14976331
20004375  18783833
22970330  389069
22971254  24470
22959812  5855768
22971951  43021
10887023  20563772
22969759  5431941
22972117  22965803
22971560  2600905
22971560  5286446
22971506  4723697
22965920  1917576
22970939  391979
22968640  4301320
22965287  22964708
22969366  17292439
22972763  19773418
22956459  4660142
22963859  4364392
22964894  6701714
22970740  1441532
21070936  11675256
22973738  16955258
22959068  1375331
22972563  20935356
22972555  4298654
22973363  10159500
22968545  19449175
22973505  473282
22941387  13829737
22941387  22804317
22974523  4842613
22957682  22942383
22963299  8654154
19616540  9481818
7046241  1653105
18987421  1209999
21461169  16899243
4893071  13552422
6491958  13552422
22971470  22959716
9555675  13552422
6792545  13552422
9550553  13552422
20950072  1534210
11687769  1568484
22966490  22937618
22526888  22937618
22972265  2639255
22976045  513832
22975192  2094975
19482164  5524116
12669092  1186535
17174440  1223354
22967790  11740663
22967790  16894569
22973931  3398604
22973931  12482116
22972713  4267929
22974484  20901208
22975433  11434091
22971828  16417211
22977300  940402
19349806  826948
22977141  9419207
22977247  34571
22976710  279170
22974263  11136871
22962856  3383726
22962856  2697783
22978008  2919190
17841569  17654989
22961535  22937618
22719708  22937618
9753567  9754285
22973789  15390846
22975573  2903991
22962588  22937618
18599077  5234749
22974714  6985507
22977589  14220321
21935471  2699320
10155088  437589
22978738  2112571
22978738  3370609
22973649  18538845
22978708  14589407
22961603  5210535
22978452  5041494
22978452  18694168
22978778  4614691
19778255  19569052
22978665  22978156
17617811  5083194
22018012  826948
9642034  247770
22166890  969522
15554060  206734
22979609  10962104
8095431  2259503
19211252  5293669
21591353  17444679
22978281  13784870
22970739  22945604
22978403  218384
22961939  14039062
16811807  12090503
18312092  1086380
22980162  3730616
22975432  7361243
22956471  22955832
22980550  2192170
22979437  9741568
22980128  14220321
19162637  168963
22979396  12315233
22055216  288707
22980631  238008
22979554  8847320
8231232  4291992
22980563  9319532
9623615  364952
15683704  2422468
18538462  2050597
14477539  592139
22180781  22155910
22962239  7336193
22980219  3577641
21307849  4189123
19356055  11011756
22980705  3593420
22981483  297586
22981358  1730107
19537038  492994
11416384  7261480
19728790  19532906
19186069  3435418
22980410  8969634
22205563  1090620
16648714  1026069
22982024  18649106
22985401  119123
22984241  123559
22967934  1300242
22962025  9729484
22978307  218384
22975271  14014074
22979297  1129521
22980769  4885014
22982696  4579852
22983268  60174
22983325  4577106
22983214  17615504
22985440  5838711
21520247  14871949
22985324  616645
17555538  17551395
22988396  9024826
22986730  22981754
22986180  3727615
21964307  21963933
22988970  3754240
22987515  12573816
22986420  1068849
22985007  6270004
22987143  5242524
22989446  6979612
22989380  2080647
22984417  1348198
22987600  4564158
16054838  329355
22989561  6760892
22989508  588004
22988332  2116162
22987612  6854265
22939597  12769982
22981207  12769982
22986721  546860
22986721  9446707
22985541  22979513
16384607  11272437
22990582  1014861
22973426  22953469
22986204  1504717
22989241  3512471
22989241  22937618
22979733  22978149
19461545  480214
21884124  4676433
12720301  8650948
22991160  800999
22988319  20947224
21979810  17878407
21354410  14779688
22979935  11714951
17348615  13514932
15396004  9986788
22992481  5108921
22991398  5210376
22991552  123559
22993070  7486085
22990920  10899495
22794903  754607
22993245  3127429
22991709  9561320
22989742  22865970
22992746  513832
22992294  3985637
22964745  8759868
22978099  22212484
22990579  6668776
22994318  16460616
22994280  13638443
22990976  22976210
22992036  2973202
22993247  8037868
22992795  4255472
22992795  2241875
22993344  7999436
22992475  1120140
22995512  513832
22992885  1014203
22990069  15112125
22996399  540066
22994233  1394797
22996582  513832
22996582  19418427
22996437  7292119
22996437  6363566
22995831  231760
22996101  18158381
22996688  4660142
22996407  2190161
22997015  479373
22996757  15253468
22992789  22992611
22865001  8344776
22994121  14604435
22993364  22958170
22997839  2973202
22997839  12769982
22995966  12573816
22998556  286039
22998626  1390592
22996615  19779720
22997838  8028957
22998314  5585779
18733602  9842219
22175815  2973202
21064262  7539551
22998490  22488859
22999002  60174
18100516  4807625
13419989  13258014
22994927  452902
22998339  500504
22960436  11405493
22999143  1237372
22999143  8366487
22995048  17299581
22982054  15412226
22999722  2592326
23000075  419163
22999490  19155454
23000565  8845154
22995498  22313407
22991223  22989579
22989447  8085892
22989558  2203411
3485938  3082475
3485938  111102
23001496  3469885
22980125  22978663
22992478  21974488
22997925  3404975
23000923  3032726
22997264  7287996
23000393  11475398
22958794  21487187
22954376  4660142
23001518  4660142
22958272  311253
23000407  427479
19362350  19357707
21496666  843680
22987811  19045513
22987811  336859
22999307  12573816
23002487  2711180
23002477  60174
23002505  5210535
13339233  12170123
23002389  4210798
23002546  6177719
22999832  950087
23000135  22997644
21915715  59895
23002894  290884
10296689  2915705
23001109  22799923
23001337  6557311
22986271  41712
22986271  191556
22999930  9869524
22990497  14104304
22999737  22975267
22998527  1299871
20195988  17544558
22999789  1293549
22998260  8658205
20076232  12829963
15396761  3803074
23003324  428918
23003324  11882926
23001487  3366529
23003550  14220321
22998572  15604182
22992986  22992611
23002574  22448330
22997908  3478795
22999033  218384
17613539  17562373
22969462  22952639
22997727  22995147
23003197  6305752
23004814  9769507
3750608  1006650
3750608  495790
21450682  10227144
21450682  21447168
21907386  1743433
6940250  6874273
23003760  1351830
22996431  376090
22992142  2689379
21723404  4346301
20648276  121387
18520913  10121797
22231307  21877163
22981350  6961526
23001907  14200833
22983113  1223354
19649855  9853325
22985155  356666
22985155  6579516
21207650  4660142
23003646  11816444
23003590  18378741
15610702  96340
17321026  1555311
21601557  4660142
21609930  362986
20252693  15278304
23004663  7051785
23003215  2185252
22987068  19226965
22978439  5495428
22995147  22991961
12292264  3351276
23004239  3420311
17898696  15057424
21459835  10628924
14860552  1364645
17358682  7813443
21905733  305154
23004679  829080
19947687  4491229
7579606  7574814
9106055  9803569
19630968  390491
14262337  14257593
22949942  22940046
22999498  10620737
11660673  11664835
23006703  2530663
8636453  8634839
23004752  6348902
22117115  806000
23005503  16571739
21309803  21256001
17644516  1395044
17014907  4251284
23008333  60174
23000662  23001280
23005553  2683279
23007544  22756632
9912231  2458042
18034843  15390681
16200197  1630815
16018351  544993
23006962  2137755
23008801  2973202
23007381  8072933
1368194  1171035
19474640  9723912
15535280  14384376
19327217  9437214
23008595  3074827
23007973  10403639
21883141  12392409
23007725  459981
18559204  1818865
21810824  9476923
23009934  2611858
21079090  1875855
19785528  19786011
17043779  5685972
22949185  18796229
18069653  14220321
22247447  11920321
22999834  10805745
23009631  22992611
21409777  3935711
23009891  1026973
23009891  5853082
15729441  11802528
23010360  7073484
18515210  1077600
21189479  4121307
23005831  1416697
20005357  2908100
23011954  773078
19545865  16120202
23010937  1643687
23010937  27894
18903825  7327440
18903825  7395942
23002617  10790204
23012319  7301418
23010906  19837444
23013404  2252033
23013404  19906802
23009321  14665518
23011197  5036700
23001739  20965425
23013016  12978293
19378827  8028957
23006717  4767620
23013781  2212602
23012529  3522454
21763711  9145902
22158586  849549
10735037  8028957
8637498  3577641
23014851  11535384
23012425  312443
23015225  13567509
21604692  10863572
22237889  11269575
23012504  744319
23011673  23010345
21780264  7752580
23015702  1017224
23014224  8641003
23012598  21024982
23012598  12590358
23016951  11800958
23013339  10267910
23016040  1393486
23011437  4680028
23016667  4565112
23015638  588004
22986373  22978695
23009050  7089379
23015430  2826627
23017091  20045162
23011482  16624318
23017829  10987156
23015227  5590381
23017534  3360867
23018414  6151334
23017960  22994326
23017960  23014345
22422906  22422220
22441960  22398353
23018079  4754763
17679323  4687722
12519286  2002472
21126468  3746947
21767950  21777489
23017609  12421513
23013825  22994326
20909401  11387618
23014345  22994326
23019035  526125
23019705  17552789
23019316  4089284
23019148  10963804
23019773  6193498
23019309  4660142
23017145  1353684
23018898  277521
23015769  8639642
22995730  290884
23020904  513832
23019899  4585007
7270761  1132941
23017303  19412838
16607742  3466850
23015785  19218729
17422997  76488
23021712  513832
23019566  879852
23012824  22978573
23018750  257288
23012254  20159744
23009947  1318631
23010507  11088292
23002983  9713429
23019826  218384
23011807  767999
23021964  18600331
23020391  4843640
23022106  18600331
23020885  166221
23020501  5491083
23023103  95105
20373621  6419411
23022405  10929453
23020414  20254838
23023430  20390355
23000677  1708510
23019929  12573816
23002883  6106470
23021631  9713058
7342602  465460
23019262  2585159
23020408  8673829
23007609  23003900
11745477  11247666
23021466  11660683
23022968  2153409
23020105  1056728
23024284  13840429
23024129  11664536
23020182  11117216
22609865  9048305
9551265  2029976
23021033  4912788
22357268  19259112
22978010  22947164
23024362  23023906
23024362  23023539
23025179  3737139
23015845  2591098
23011727  8442109
23024388  1230842
23024388  4479683
23023105  4287357
23010610  37464
23021788  203198
23021788  23021110
19006173  812571
23024985  13434280
17333001  4234619
21259447  21256070
21615397  9965780
20459456  2435283
23023446  6441218
9590129  764184
18460498  12789004
23025568  1568976
20331626  9271670
23023742  3059044
13516860  1056728
22994062  12375293
22229443  18946403
15767016  4716612
23018552  1238988
13454567  111102
22113984  22113393
22381116  22381838
23025264  3644884
23026038  23024858
22048184  3029422
22082067  22101829
22125167  588004
20780819  883313
23025111  14897527
22155712  4684363
9542923  808816
17407663  758736
23025376  1481178
23025112  7166197
23026898  162032
23025488  18406369
19554919  19350796
20066968  7947005
16653645  1635846
19652931  5648059
21879501  20042287
17575235  5597760
8837628  4933958
23027063  23017915
15434969  12536154
9638901  4282798
17745346  3115388
18724110  2973202
23027346  15126912
19727971  14937857
18461872  2728896
21477623  21476491
23028463  2575048
21684375  1397036
7036963  6038470
23026897  7911776
20941268  8883911
21715366  8176913
23029122  2189800
23026054  23002738
23026994  23026454
23027562  23027294
13259136  6918623
23029806  8059332
19811269  1274057
23027887  23026794
23031393  577411
23029413  18944927
23029727  986006
23029733  491435
23016906  22957638
23011996  1348199
23029143  4660142
23026542  21973747
23031333  2184513
23029743  23028526
23032659  13439580
16212055  2540530
17922379  10032003
17922379  17921303
23033599  58671
23029738  23029512
23033310  14934214
20273517  14587290
22261230  4062234
9444512  2545544
23033784  2480869
23033008  3733488
23031562  21881992
21748517  21724129
19585615  4660142
23033790  4911577
20059511  164926
19058480  13139970
22270936  4396046
21943830  12094528
14292898  71257
23032492  427477
22144107  13840429
22882484  4096169
22494117  16568986
23034279  1159829
23035050  18489010
23035412  2721546
23032283  513832
19600859  1801718
17204059  5853879
20421418  3029401
22976298  19022704
22976298  22826902
19578323  8000009
21657339  3352576
13335472  1225667
13335472  8611285
23035841  23017552
19114494  5114974
18120668  4080388
20215235  13061785
1502501  67628
23033049  11513484
22983065  22984615
23026939  20770969
22828528  12246563
23035693  4885145
23034647  2338889
14645705  12665360
21777608  4562012
18709039  14220321
16458404  176839
23031681  1674032
23031681  6274008
18552760  434604
7558957  5461702
21150682  11019570
21395771  9863836
23036934  19155454
23031409  23031081
23037335  14960885
23036463  20489964
23038206  23037891
5954387  724391
23036656  2973202
13741894  3680463
23038307  1130294
23032085  21225775
23032416  2973202
21965814  14473090
9797083  2943734
23039057  4935632
23039057  45015
23038617  4404679
23037312  23035334
23036519  7472436
23032384  505230
23035745  4950120
16683433  2993902
17190661  1475297
18082817  8028957
23039238  3168375
23038995  2780566
23039629  19108008
23040475  23032010
23035588  23034282
23033445  2352090
19407706  1718415
18893564  16630558
23035250  2950332
8804287  7559403
23040926  654295
23040457  17918117
23036193  5837572
23040624  8067844
10947611  1490313
23033139  419375
22253347  7073484
23040848  4159802
15279735  6022938
23041002  1217088
23033043  23015482
15657596  3719068
23041473  10782054
17047720  267256
23039139  21495489
23040138  12573816
23031557  4244896
18908297  1966010
16964108  14003187
23039321  1775865
23037869  2570329
23042419  1883345
23042792  9730893
19892820  12515183
20310623  19271493
23043449  22647716
23043042  1610030
23043970  2614656
23043979  23043722
23039678  13227035
23042026  5539316
23037835  11922383
23037835  9329446
21973202  5471775
21973202  15671533
23036023  19590865
23036023  23005348
23043127  4633864
23043079  1315665
23030597  7837456
23030597  10562279
23043713  4178684
23044031  8504411
23044213  21962849
23044213  14291151
23043614  11069807
15084281  3963301
23039455  10585990
23042647  22275423
23042438  10732034
23045282  6902170
23041647  1279217
23005348  19590865
23045059  4660142
23043857  8023306
23045217  147181
15601526  4244896
23043314  3255
23043555  9501604
23046317  181159
22951609  22956978
22983969  22956978
22997470  22956978
23043145  2973202
20464257  10786976
23046828  1459598
23046828  11000192
23044848  1282824
23042929  3562478
23044873  17757819
23046247  21296559
23046489  22990537
17630023  16507239
21278039  3127429
7282937  7028035
20055766  2901102
23048191  23047450
23047445  8527371
23047445  22937618
22901180  23048731
17472975  12905849
23032228  11500088
23047619  8022672
23041455  23040930
18302828  2227423
23046107  513832
23039263  23038631
23038121  1653871
23029571  7438313
23048208  14220321
19896012  1451009
22041967  949604
16183578  1611427
21476206  442747
23042246  14749960
23051557  423391
13864055  6234822
23051981  23049790
23051596  11608515
19283523  4674097
21884449  21950619
23052135  16790174
10935454  1573053
21447269  16193279
14428982  5201118
23052105  4681968
23051901  22087305
23051901  509211
21279979  2648968
21595643  17364127
21595643  15476085
23053113  14205404
20113438  20089187
23053406  15476983
23053412  18406369
23050879  6618515
23050879  2732994
23049931  5482155
23048872  1102692
23054626  272900
23054020  7079378
19637951  1309452
21930028  19941499
14791264  4466524
23052715  8008110
16688906  596481
19539668  7327985
23026746  4952820
23050503  208016
23010670  11891335
22879027  3749429
19598394  4006113
15056083  8108768
21400757  17847240
21108232  12395200
23054994  1131701
10037273  10049259
23054883  10042485
23055029  2559898
