19188279  3243476
23047795  23047096
23034936  166221
23036630  11206890
23032117  1751867
23032443  5350088
21866745  486870
23040809  15606151
23056989  1335851
18602072  1416697
21499235  14220321
23056249  1873983
18993293  2667065
23057520  3016213
23056150  359494
18325939  18233716
23057377  5309926
23057673  4844660
23048130  2534960
23053938  2671145
21755964  11884816
23053767  5343068
23058472  919244
16421268  149073
22622751  22563972
18262199  11824070
22061968  6934866
14579678  4372055
23058870  986006
20896399  17843521
23057709  4907680
21878820  5754218
23056760  46155
16935238  45015
23059253  2973202
23059549  2124600
23059549  5361889
23059445  3130311
23059680  15298663
19076420  824349
23059905  1342601
12173502  12173240
20967585  19100225
23058779  11679567
23060130  14220321
22237449  4057236
23050525  7653757
21829080  21784690
23052670  6544966
23052662  4367539
23059863  2241875
23059863  4244896
23059533  23030027
23052649  218384
23060302  18927475
23053378  366237
23059200  1520800
23053849  14068509
23057900  10382929
23044228  23042041
23028898  4529862
23058803  21610545
23008960  11740663
23058113  153633
23051404  387424
23052324  11608515
23048091  3106624
23042106  14220321
23048220  1173481
23058143  2040836
23027288  2415772
23046153  23045714
23058233  2421911
23060377  2601047
22977198  19822102
22914051  3629183
23061440  16688641
23051392  10866301
23044284  10504044
23061551  9405478
23063001  19630784
23061345  23042273
23061548  1434284
23061912  851584
23062681  21347668
23038135  11922383
23033491  22925003
20676305  14220321
23063436  487202
23063642  9340117
23060117  23021747
23052608  4261133
23062849  23061762
23063785  4660142
23061699  8489993
23061762  23060541
23013284  23010610
23063842  10951449
23065001  23064512
23063229  23061116
23063588  4205980
23065444  805107
23065480  15090942
23065930  1817792
23066254  8940438
23066128  2941169
23064574  13686398
23053602  1299216
23059459  22978542
8615540  2760513
23064139  6742002
23061019  8000798
23064365  676721
23062344  20563772
13250725  12799918
23043717  3560960
23066027  7462202
23066027  16536171
23067302  23054065
20920355  2545847
15931550  15869183
23046792  8697079
23059386  14268667
23065277  21210921
21845211  108403
16208922  16211177
23063805  17369600
23062649  5031018
23066131  8234484
23052075  14018508
22993506  2753732
22993506  17265753
23052079  3761737
23055274  7590198
23067929  19562103
23068822  750486
23060596  12769982
23060596  2973202
23060464  8671397
23060316  23041513
23062471  1494342
22990658  2560966
23069248  949433
23069248  4176328
23069388  6313308
23068291  605226
20223036  812571
23069706  17399991
23069706  452281
23030349  18430745
23060121  2136487
23059317  18499797
23070400  359494
23070400  523643
23070529  4479683
23070529  22968926
13961994  47487
23071297  22282160
23071297  332030
23072130  4176328
23072743  2973202
23060190  12862937
23070195  10069538
23057172  10795078
23071718  17570802
23072397  258050
23068857  1568091
23071302  23049591
23069966  4886632
23071402  7209110
21124517  20664410
21808543  13207927
20457809  2021283
23066710  18833537
23069755  22606556
23069932  1178104
23028837  1100343
23072632  4261133
21306603  16694586
20672770  20672421
23072216  6572061
17284366  12769982
18182910  17364127
23074300  730620
23074150  336859
23074335  6343166
23020233  23053886
20689733  5663033
23074695  23074487
23073898  8212373
18620512  16724211
20247318  19632933
23074490  1129216
23075105  1513485
23072169  23070952
23070282  8364069
23074037  18939709
7862935  5784207
19729228  6040978
23072789  1079066
23072789  10389756
23075423  3972279
23075645  4598854
17031902  3776682
23061514  16724657
23052012  10562398
21724618  17778723
20585611  7115530
23075607  20950826
19328880  385367
23074875  15666048
18284368  165975
23075839  2199793
9706772  598933
23078411  4660142
23076953  3785736
23076845  13187986
21129718  1433212
23077499  1056728
23077499  9596207
23076704  588004
23076704  1458633
23074347  4968406
18457332  10025032
4313943  3321547
23076210  14048170
23073181  15047742
23075519  20035101
23074716  17896746
23078650  14220321
23074424  7427731
20134565  20137753
23076296  15341028
17590613  2794148
18569546  14220321
23077325  7602816
23078941  7396722
21303749  7101608
23064661  23063211
15044946  16851536
23076465  109383
21483322  5085584
23079212  1885557
23078803  4706199
23077225  22937618
23076076  10520274
23080540  22350683
23079263  19140873
23072060  13058823
23072060  4142177
23078325  23067302
19653843  16028488
23070411  12343027
19585638  18099572
23067309  2231783
23081055  438046
23080483  10272155
17557322  16289637
23080858  2107505
21411260  11785494
23029044  11987483
23081428  11602533
23081158  3674539
23082889  15736282
17594615  17590541
23083175  3709207
23083363  1385866
23084059  17358458
21434196  1362039
18575265  18566655
23083328  2433306
23082784  1399844
23079366  1191865
20820808  12065329
20471027  3774432
21798687  2527847
22259817  22259642
19529100  6566653
23083946  21802583
21802583  18727932
23083295  409784
23078610  3163070
23082126  15646307
23085316  23084152
23069452  15014096
23079195  4812170
23082409  11105131
23085118  11157853
17538963  12769982
5307064  5287213
19805673  2973202
16898930  2356168
19501672  6777765
21261230  10671147
21465472  17946649
21918263  8089896
23087682  15112125
22920488  22739370
23085579  19054891
23087727  8021436
23087556  1446120
23078532  10057671
5031144  309424
23087320  11266034
3324820  2245545
23087034  2455161
23088578  1520642
23085008  13351921
23080687  9863836
23085031  8774089
23083504  671815
23084004  5306240
23088234  215497
23088179  551901
23088508  218384
4699261  2427936
23059748  4306786
23088651  9679097
23089334  5739853
23086323  14224666
23085699  16622504
23082230  8330370
23088092  10106465
23088092  12796973
5663468  5498051
23088968  495021
23084167  5210535
23081349  6254703
19504172  74148
20053400  12554186
20249647  1424971
19290365  8564710
14522558  1196991
17426938  8028957
10718223  6270004
19500895  4922714
17048741  6343644
20770665  1971008
23090615  14220321
16921737  7027199
23089363  5517748
23091099  14791158
23090705  3551821
23089648  12688068
23083795  19429089
18132358  18125782
4574830  4574119
23090552  10389572
21042782  1225667
23091751  1064978
23091654  1328903
23083466  5697305
23089228  1223305
23091108  3737139
23089464  8910623
23078420  14268667
14382680  3451906
14382680  3579892
23092042  23068305
23092684  8660691
23081194  8118266
23076148  279170
23093154  23076781
23092626  15479928
23091004  5290089
23092599  3538513
19776794  19776194
23093327  997482
23093795  513832
23057068  15112125
23094157  2745265
23091015  19388011
23093649  11072079
23093649  17629787
16975605  4147020
19650920  6203857
21859268  5302302
23093478  15119756
23042114  10874048
23094636  20167623
23076884  1080872
23090378  10964081
20084891  951021
20084891  758688
23087293  21231310
18075087  4903651
23094746  4810664
23093785  4136181
23093785  20850750
23094693  9671126
17814703  12220324
23094034  15173225
18534980  1637807
23092920  23091956
23095260  16257217
23092243  6912078
23095867  240178
23094445  445235
23095637  1484506
20880587  17966773
23094146  118241
23095073  3938838
23089123  23039990
20797453  14267938
20797453  9789030
18152521  18152037
23092224  23072113
23096810  5855811
23092245  22970021
19298484  6766547
23095092  1056728
23095092  2035699
23000026  7152762
14800082  14257696
23093705  2327313
23086981  14321808
22926528  548399
23091903  1622532
23097483  12677507
23092852  20198721
23092288  7467568
23050405  16014600
23100048  4660142
23093863  2284844
23093863  12467240
23090730  14473684
23098631  12639948
22943983  5710394
23084909  613303
3461453  1560492
21922826  10779297
21939396  678322
23098056  2973202
23091516  9538868
23097263  401656
23059377  3727421
19408510  12372086
23097140  18835528
6483514  11674312
6483514  1858304
19803577  14093316
21267421  19727576
21267421  8376166
23098170  4261133
23100435  14028959
23097040  5017175
23100686  1713056
23100686  14799596
23095410  21792967
23089098  18085305
23091005  647769
23089118  23030181
23097471  23030181
23097839  13152476
20245039  1966169
18857400  6794691
17907676  11625519
23099948  9338439
21687332  8054703
21108473  3634984
21029057  1267283
23090993  16831628
23102006  949433
23101756  588004
23084772  23084119
23092548  218384
23100480  6760585
23095871  19329122
23091967  152975
23100995  13749001
21795987  15103312
23086491  13293062
23100370  12607321
23102462  13707457
22887290  22896295
1268025  137783
3439310  833889
11213338  4691782
23101311  5506176
19827958  13530042
23096807  4534146
23103193  1196991
453186  4467539
22141088  1139763
14268123  744373
13994083  206384
18948725  13341698
23100914  78536
23104185  23054449
23087352  14958418
23101032  2881482
23101887  14649645
23102315  12829963
888053  396748
23101789  227950
23108121  513832
4726295  5519596
23107610  1223305
12476951  12433608
9437191  9842018
22020882  21954623
22059475  22042397
23091331  23035576
23109558  16546598
23105067  23092495
19945514  19949070
23109103  4345920
18910927  634826
21661429  21646863
18501316  299198
22128732  20284787
14751849  1194896
21024075  2431301
23108968  6646052
23110489  1267869
20307491  169220
23111196  5343006
20248694  9788593
19921378  4801409
22159587  6081433
23104831  8155618
20760712  167304
23111319  588004
23111927  37538
23111899  1669821
23105872  23104020
23112437  13372276
18577624  2484425
23109823  13472450
23112380  4901128
20120347  6940503
18683324  2666788
23111021  1420381
23105072  5605125
23106265  1244555
21378504  9694639
21968636  5340252
23107507  2934904
23108664  18099054
23109422  5498937
23110570  628301
23107981  5164033
12100246  12099323
23113227  2973202
21502139  5113919
17053264  662282
17053264  1768198
16730104  2797261
22202867  17578950
22111815  10341188
20968718  2398751
20090999  462537
23113448  3767365
23113448  5141344
16611889  16606908
23113196  959063
20580756  16959576
19781602  13228185
21111045  5564106
20582061  8028957
19486444  2089590
22181580  361747
23107064  2878758
23105468  8830194
23110364  3595515
23110364  20035101
20323224  1997587
17514498  695050
17514498  11043026
21017261  19177087
23115005  15254817
23112953  13430147
23109742  1024748
23109032  21187163
23096977  23086583
23077810  23064260
21824903  4660142
23112016  7943525
23113914  23111167
18335511  1035677
23111110  6061565
17542105  5451987
6578323  6555241
20715503  10407159
23116285  1673005
23112757  4891950
23108014  9101026
23116503  4923631
23075603  4230945
23109656  13840429
23116831  8934772
23116670  154314
22211630  22211692
13811892  527811
23106354  4688693
22192981  16492218
23117426  8689964
15532186  2913177
23117383  924679
23110459  22519784
23116284  1022957
22193574  3217661
12986430  9365184
23116588  14681961
11476003  11496999
21675824  5428676
23114799  1101621
21329432  21327908
17571764  1096679
23116824  11315854
23115190  3080146
21716148  121387
17167458  252519
19582483  6841605
20123994  1460023
23119355  17892762
23119910  23071413
23117138  1383797
23119802  9197745
23112182  12727664
23119994  32369
17281792  15446689
17423268  5160120
23120474  2042813
20084708  2838490
23121473  513832
23112345  13727474
23112345  10086306
18553044  5605085
23119130  945101
23118204  17359
23105066  2059431
23107605  806000
23122182  9277473
23122252  976441
23116385  20811948
23110476  641931
23107255  1517635
23112383  735350
22969804  10341408
23118033  4660142
21488792  276706
21488792  19496980
23119332  6035071
7291475  2126984
21985221  24551
19769182  11727210
23122373  57803
23121030  17224915
14816957  367706
23121804  4467539
23119873  4261133
20479497  8868604
23118481  8404038
18956157  6970346
19468725  310870
23116576  8596413
23108592  16116234
23100289  23026010
23111713  15515911
23112454  2167916
23115572  2398099
23115773  23115366
23120131  19468122
23120411  4935632
23123173  15478954
23120814  2958684
23122538  363681
23116761  13829809
23124203  5560301
23123668  1318712
23123920  513832
2863422  500915
23124986  4361822
20560687  40480
16215994  6394812
20875534  2432749
17348549  805107
23121984  2450954
23124528  20228556
23114142  20960108
23124434  4085312
23124434  4928586
21258530  588030
23124027  7006910
12146629  1561257
21740504  10404348
23120191  3510275
23118343  8900701
23124511  4379338
21432825  9450733
18228510  11242042
21812349  889967
9259282  1623685
23112486  1558291
23126817  4746249
23126817  5906686
20655277  8470070
22004591  21983787
23127658  822487
23127977  1313120
21223969  3849225
23127738  8028957
18182398  2174093
23128317  9700774
23113151  16608524
23124436  7674786
21665731  11733844
15276002  2345137
15856828  15854085
23128899  1608204
23125996  22937618
21094500  4781077
20996701  3385315
23126073  3634998
20612517  1704421
22219149  203198
8016594  4244896
23130890  401232
23130890  287928
18309581  9466265
22193659  14495613
23130404  3929064
23121150  3588961
23127015  7639650
23127015  1789945
23131585  1132941
23129534  572768
23129534  1099702
23130382  1450774
23130382  19559960
23130277  906483
23132269  7326547
23121861  14647629
23121861  21297908
23125328  11219582
15483747  4133377
23130745  3839
21195993  6997502
21195993  8030538
17523544  2323277
20835515  12038592
19204793  3768554
21180074  10382929
16047714  2631791
23133778  1137575
23129602  23127571
23129600  23085885
23107148  23085885
23129248  388242
19777884  4172722
17568558  5435366
17568558  769184
23116306  8466744
9094892  2724371
21248375  223918
23130022  1162008
23094562  10624755
23131780  12264253
23125036  8043815
15525826  3090478
23118391  7930105
17882918  4939518
23133183  13950642
23133674  2520587
995969  96428
19895225  858816
23131863  901115
13232206  664700
17153831  7729118
15597379  1319126
14885988  9681876
23130299  1028687
13858631  1267283
23133704  12441556
23135776  7569335
23135730  676824
23134446  4366730
23122647  5895588
11314257  6891539
16305060  1905452
20671937  14076783
23134797  12939928
21133124  902922
23136292  8867350
23135853  15112125
22005438  927358
22005743  1161609
23136742  203198
23136975  1014861
23136975  16280632
23133820  13769764
21168801  6207929
21168801  249192
23137283  1680528
23137283  1132941
23135134  1362844
23136337  7298455
20456098  12494169
20391049  13416142
18124791  4406804
20213067  9616760
21582301  5891538
22013767  10209291
23138495  272900
23136691  2729666
23136490  750486
23110006  23106290
23126070  23106290
23126070  23110006
23132611  23106290
23132611  23126070
21485960  11023868
22266525  18701404
23137015  8432865
23132925  2782802
18324230  492600
23138974  513832
23137784  513832
21808755  1241142
23139351  409784
23135990  10307281
23135990  14751973
23054262  2290057
23139490  18279622
23138717  1025494
23135689  860187
23124001  4306186
17732193  223918
18935585  1892765
21601808  20031217
19910147  13629944
17009361  10630491
23134541  21105403
22971766  22968876
21815391  2219916
22120122  22119883
23141464  3994300
23135488  3127429
23141573  23139231
23141612  13277667
23137600  6398427
23141753  751681
23141696  7810074
23141161  23043810
23142160  3255
22776562  22679858
19634723  1085045
12256057  8847679
19580955  1038111
23135053  4247662
23132894  3726505
17834819  15454394
23132145  10614771
19567121  10110013
23141585  6441218
23142694  164194
23142694  8718740
23142694  1011455
21463733  5947559
21964107  17095217
21964107  17095451
21964107  5954439
23144707  4262638
23144252  231250
23143606  22519784
23142022  12573816
23143978  884974
23143092  14220321
23143094  6343166
23062472  3548920
23134450  23130502
23135153  7148792
23125624  8028957
23136752  886728
23138580  166221
23139981  464089
23141642  12062481
23141989  15112125
23143226  11321491
23141710  2510234
23141710  1155678
23132374  7409780
18629809  1018822
18629809  2559194
23145161  6890170
23142326  23137307
23139403  23118687
23144412  749796
23140139  750486
22958653  799633
22760164  17488017
21035852  2370015
20194035  2378800
20993199  20970405
23139416  2487747
22150623  3465191
21101211  11957643
23122580  23135927
23130161  4012855
23133789  4872512
23144326  23144098
23115981  1051782
23138459  2612802
23112277  3785706
23127168  23097828
23138592  21599221
23141662  1026483
23142485  3799193
23138723  17364127
23125102  7273883
23144917  756055
21215396  13791409
17420718  3652718
17420718  3575681
23098356  17316438
23118992  10908132
23144771  423379
20338739  1190049
21062012  1880298
21674991  1883321
17488372  931536
19864339  19054625
20346215  7600446
22203140  22125040
20585156  8400402
21409657  8790809
23145730  605845
20384524  793014
22253814  1020305
21850383  3397868
23145026  6385212
21408772  21397985
13884078  8319345
20568571  9129457
18363295  1398582
19807451  19793713
15920790  8528454
19489352  2559527
23146644  2786632
20224968  20172813
23146231  8790321
23124533  15759169
20395630  280713
23144393  23068790
21923269  804589
23147634  2039730
23147528  4782543
23147430  23041513
16433444  1871073
18378151  15423765
19119758  19120197
23143865  8397852
23147388  6010864
23145989  10712407
21115128  413439
16040555  15947349
18333795  10132024
20225803  12938442
23146771  3697686
6982614  4449069
23137498  11922383
23143279  8024149
23143279  4391557
15121029  15117617
23138322  17960834
23148248  16019654
11988701  8819201
19952109  8477769
18736294  2841258
19682494  5690698
20206131  6092243
21168607  14083270
17182725  13132558
21699569  21708559
12260949  4833972
23141655  19334723
23142590  23097828
20021628  5468350
23148166  8444972
23148342  380813
23148900  12769982
23151028  513832
23084086  5991022
9543541  8554043
11041560  5061595
19214694  3076414
20914436  20885117
21095969  1219779
23152247  9356510
23149435  736174
23133000  7569399
17156999  12740397
21477934  9923326
21652101  21597081
23147103  5210535
17735055  6392
23014428  10448712
23125754  3549478
18509778  953707
