23152741  2827612
23152666  23149381
21587169  16766004
17589554  318239
21282553  21133953
23152587  3203354
21280337  2274242
19904073  19903372
18439476  1581478
8425825  1384947
20482752  11292640
21100008  15230262
23150900  23151295
23151680  972490
23151951  10351944
23152864  23152537
20330309  320542
23154271  3106110
21511606  9407675
20499354  3535055
23131916  14867981
20406310  14702480
21443245  11160513
19638383  8228980
22073176  7494203
22073176  2641211
23155650  805829
22259935  16149943
23136270  13533038
23153853  218384
23154163  4734116
12176027  519145
23129220  7872116
20044365  9241315
23156513  588004
23156513  1458633
23156621  3755606
22316534  22315262
20505228  136458
23150809  9282931
23152834  9898372
23154464  19648240
15351606  4616202
18747522  1178342
20473741  8392241
20170172  12623054
21850079  21826303
13815593  2495791
18881722  2082026
21527976  215497
21527976  2584377
17595891  5778658
10210672  809144
23156985  1537116
19330034  18932
21531044  2928957
21681776  740358
17731738  9519841
23157586  23156445
23157688  15112125
23155389  13114611
20058742  14220321
22214274  37324
23158062  13033037
10538998  10290951
23158199  200640
23141089  10016890
23157766  1350671
23157969  10592913
23157934  5686621
23157934  21736802
23158685  4176328
23154893  17263422
20376853  11873570
21568738  307179
17703666  11718134
23147013  290884
21903495  448944
22037788  5049635
23155869  9237629
21833180  3665115
23154743  2834350
23159227  2973202
23159227  12769982
23155189  6270004
8299415  621577
8365953  2397822
18705244  4255472
22102246  510357
13277211  917822
17308553  2287967
9879824  976861
23159298  976861
23159298  9879824
19851859  19777651
20292631  1080207
20292631  5525823
21208693  12876835
21836477  21832544
23141526  10213639
23146346  2976477
23150176  12472026
23155000  509211
23155520  4667942
23157225  4660142
22923061  22845603
11040401  2707191
16777605  6039343
23158718  2579290
9078666  4089196
10601295  2393386
23158095  23143623
23160015  5898104
23161563  89228
23161806  12921713
23143254  10714251
23103302  22804699
21276721  21224803
23157726  1981349
23162313  60174
23162496  199761
9862538  3149859
23162683  22937618
23159723  1680528
7629935  7629115
20974471  20976752
23162015  22609421
15051959  14299659
8131449  532227
11696829  11696163
15037658  11696810
16287419  13667448
23163020  224225
20898983  2149680
14965407  10908132
23164117  588004
23163570  10056729
23163570  17967114
23158608  8260881
17193339  3255
23154899  1771786
21399842  14322179
20899890  20823333
23160587  6309643
18670010  1147563
22176246  13243128
23164546  588004
23159454  16175401
23151473  7174748
23160877  10855218
22096066  8048620
18479616  12584286
17339798  10990152
19169873  518000
19712581  10466737
18982651  6207669
18908163  18855135
13294440  1141405
15814918  368664
14477469  273238
21027846  5434461
21224617  7053965
20593609  18929076
21578307  10863067
21578307  11182105
22003387  18450892
21854552  14023886
21580846  148747
23165036  452859
23159012  3347940
15122859  1827063
17177865  16661109
8107462  5729051
20076377  14610945
23162786  17248917
21981555  9293492
19419730  750486
19419730  11996218
23163638  218384
10116328  1929492
19426892  19376165
18311107  18307475
23161634  2258932
23164816  374586
23162112  5041494
19253171  6189216
6693457  4263262
20535333  4264736
18827484  15470452
17861978  9233000
23167001  13840429
23157899  1795808
17067952  6421988
22234092  950087
23167059  5360508
23156566  10613570
23156566  4261133
22430175  4909167
23157842  1299837
19394738  14628771
23160160  38801
23159425  3903465
23167675  8732325
23166246  21202789
23166333  2354609
22155985  15112125
21046542  13311094
23164368  6634059
23156891  23156412
22082827  1175208
23110029  23097828
23165792  23165510
8909807  2630829
23159930  15993828
20994275  9193746
18659187  4782068
20961020  15398177
23157651  3418128
23168935  1018822
23155363  4691782
23169030  1032161
23158291  23155881
19971133  11169445
23166204  2914881
21845906  8473657
21723780  750486
23169919  21071264
23157960  753052
20243792  4331092
23156836  6132796
23169658  6405850
23168349  4597866
19533870  11916609
23168208  6441218
23168508  23158715
23169153  13840429
23168086  23166975
18665387  128389
23169976  7961721
23167470  2100907
21677784  16367404
17219756  457927
21538841  359601
18376933  1761825
8887360  5772192
23135445  4629505
23172307  79923
23164665  23157511
23149350  3694924
23167587  11873570
21152404  1732348
23170617  10382929
23170102  4195255
23169549  3482941
21877088  16818207
23173294  8194156
23173294  18713321
23172842  23173046
23172842  17256537
23173348  6441218
23165401  17102665
23149218  12347647
22106365  17335329
23171140  9541837
23169497  1777221
22630098  101072
23171193  8840257
23170722  14220321
23170722  6847697
23162234  7653757
23174749  23174742
23173823  886955
20938244  15892290
15892750  5305061
22143445  223952
23171524  19436859
15965855  4547591
23165420  23130484
19350545  5210535
23175068  23046012
23171465  3208258
23171984  14220321
23172113  9961292
23172446  14220321
23172818  7716331
23173630  15847889
23173630  4421706
23173682  12573816
23173682  9447428
23175528  197769
23175557  23174629
23175851  198199
23175782  11813696
23176260  23162855
20326318  10773695
21375326  8155551
21361331  6646845
14013446  10303665
18242713  10657315
15232167  1864385
22115028  1941340
20124847  6790272
20124847  18988262
20052919  20054047
23171688  4261133
23176086  7935858
23175413  13102045
23176534  1848243
23176467  8930401
23176420  8099078
23172706  15708411
23176590  2808184
23176001  17299581
20321861  3280489
23172460  513832
23177127  23170481
22193604  6090913
23176641  2042813
23177232  359494
23177014  10561566
23177014  22797721
22247972  18807157
23176935  7289938
23059993  4672806
10770584  767999
23168364  12999033
23178607  5585779
23178607  4105331
18997377  18996307
20701412  5046835
23175424  4852017
23164348  23164151
20949979  19970556
22889798  22352838
23161657  4088265
23169358  60174
19075871  8170468
23166222  70797
19662257  18004327
19889430  19526142
23178343  1357853
22985237  213958
23179362  4261133
23157738  23178858
23167691  17801588
23165762  3255
23177250  15400008
23155266  23153893
21096090  1527667
21154767  4993144
23179192  10606734
23179769  4176328
23179114  3513242
23178440  129178
8905259  4691132
14820588  1059630
10338687  4946295
23177868  168214
23178878  5909244
23179631  879535
23159180  6356612
8495538  3577641
15294132  7172845
22090407  13517222
17018187  5430020
14584885  2292051
21017966  1559955
23180255  23179873
23172767  13840429
17388540  6365017
21482657  8152125
23163835  6985582
20864347  8028957
23140253  10851906
23126482  22938827
17423525  17420742
23179859  20935315
23181612  4902723
18990650  5791396
23181949  3225891
23181949  4459821
23167381  13102045
23182882  14220321
21889739  3021869
23130876  2743070
19107893  10380842
20259591  13831328
4131674  1130560
13979543  819416
23169272  8566667
23183442  4660142
23183556  7067191
8544095  8544857
23175288  6338217
23179467  2811787
23179467  14184956
21730440  3802192
23184599  13776576
23182844  60174
23181476  390192
23179529  4261133
18514498  5949430
23166287  22738493
15865287  2745265
23182838  19734099
23141304  1132941
23185457  3807129
23178493  23178899
23175172  4660142
23181062  1661273
23185067  436411
23186667  1041866
23185747  3737139
23178376  16918826
23178376  23176932
594656  395527
23180476  243218
23187918  1051379
17481790  1882883
17481790  3103196
23185934  18112966
19825128  433136
23186722  18697966
23186549  19804805
23186549  19520303
16832993  13494693
16832993  13487407
17855659  10709624
23184072  8919609
23187464  13840429
23186376  714108
23184325  4656102
22133584  1534224
23183932  23181252
23186235  1680528
23184595  11812955
23177797  4204915
21615025  1399844
23179259  23178898
20654628  191881
23176218  17818652
23178569  4261133
23181772  332365
23188793  22924358
23189300  1273203
23188693  4078678
23179588  8846707
15742319  234723
13822378  216259
23181462  3065154
21381054  12237314
23187061  23107280
23181591  4423827
17359238  17359690
23180722  5245915
23180295  4108313
23011627  22352838
23174167  7456942
23175207  23172867
17865240  8202605
17954103  16921428
18206258  9153445
21905849  1303202
21905849  19950930
20992357  13661027
19861902  19433504
23189741  424292
19961119  19802502
23189491  2686855
23177084  17846529
23187403  9450446
23191191  4437223
9042099  2192348
20383350  13657423
20383350  11477179
1129853  6666
8749624  3197626
20838692  16919473
21202116  2591036
23191910  4750806
23188815  23187314
23188815  10062806
23192637  377178
23192637  240212
23192637  19676688
16160007  1851834
14432248  1732348
20104526  5588073
21603036  1402878
10634023  3443945
23190858  1790704
23190858  2672085
22886557  17274372
23193107  2973698
23193408  23192501
23193413  7404578
9960498  33746
18023854  2411270
9995222  3777230
9995222  9581745
9573265  1125482
16889079  632434
23193056  13710867
23194188  54867
23188691  5843035
23193424  4452538
23193424  9227110
23185958  23185478
23189272  6115896
23184985  92859
23188228  714108
23171898  17870520
23194107  3481828
23189495  218384
22078399  22156536
23196010  23193698
23195103  23193054
21407085  129285
23190884  1759300
15755901  2588277
23192616  10789936
23111284  455612
8458606  1872687
22241082  22158997
23196044  12953127
23186233  11987717
23186233  421860
23197470  20563772
21587943  15705832
23190624  1938855
23190504  2312662
23177768  23176445
23196654  333665
22205155  7107930
23186287  16299029
19149724  1711990
23195337  114543
20961800  750486
23194316  513832
22171789  22154524
23169599  22954021
22131527  18874681
22131527  13748124
23199294  610245
23199609  9655181
23199675  4969523
23129812  1728509
20634121  18689859
23199689  16696632
23199795  6344166
23200595  10804280
16106701  10726909
19136867  16729169
1243342  1209065
23200353  16853747
22099000  2475652
22099000  3707731
23190200  1732348
20970851  6133090
23191951  23191429
21534920  14437229
22247464  22245082
22250726  22245082
22300579  22262125
23197785  4362111
22270087  22262125
23198811  14013514
23165050  9602022
23179944  4660142
23194382  1450774
23194382  19559960
23186700  1777221
23186700  14551345
23175513  15577464
23201834  3184883
10675107  2340411
9024365  1139957
21613294  2111974
21802149  18416940
23199734  951021
23202085  8115722
18863261  3240603
23168312  10892368
11357933  11356704
20129985  20127401
23190111  3963565
23189045  23189114
23118967  18206593
23202350  60174
23202311  4011490
15770716  8383796
2963396  23202296
23199476  2227077
23199476  1698660
23186595  16918826
23186595  23178376
19397540  7395609
19397540  2618401
23202851  21197410
23202509  14386
23202476  8028957
23202962  9688268
23203219  23086994
13783570  683330
23179501  18036381
22254103  19642521
23187045  21558724
23203102  23202532
23200937  182287
23197806  779910
23197806  17564608
23200996  23165870
23201186  1131456
23201305  14188397
23201305  21670358
23204114  1338728
22163620  12707822
15605756  6498982
21308548  737151
15437747  11820971
23202955  23088036
23205704  3178892
18915306  54566
20207065  1604091
23205398  18140118
23205867  1661273
23205867  16715493
23204918  6888867
17541358  4252917
23202362  19166510
23206138  15691977
19767271  15133023
9072280  2361933
9534515  9529281
21021477  20078276
23206716  2197451
23207027  1241819
22026262  1213690
23207637  2267790
16339938  10688
23207892  1475297
23199733  18544419
19117166  4326037
23203726  7304980
23200883  23030181
23207335  4776312
23197797  6399676
23203085  54566
16066327  54566
23194378  6270004
2572556  54566
22168709  22167105
23202757  23188417
23207146  5537297
23207146  18541975
23206095  574944
23191999  11767642
20014313  54566
23197607  8977957
23124300  23097828
23208156  13321458
23193305  23011267
23202169  771966
23175550  240178
23141370  8940470
23207959  9121395
23207959  13944216
23163601  4476526
21332657  10656743
23115621  148451
23209941  8342054
22160157  22188478
23143551  12532812
23141962  23129073
23203965  23204700
23122756  23096740
23210387  689677
23210387  10767933
23209583  23149602
23210554  523643
23207835  401656
23194031  13291553
23085846  23039055
23210709  4361553
18056041  14246442
7281457  7227163
23209724  8569381
23130132  22981195
8665765  1593174
18644619  2924173
23099961  23097828
23172636  13133014
23115353  16504141
23209016  13854425
23207052  18143051
23209830  23208490
23205134  15266671
23096660  3240751
23210226  2356168
20999982  20976160
23209458  7305483
21642311  14631477
21863202  123559
14896922  8305893
23118330  14187963
23118330  23048500
14347043  14346334
21013534  17486448
18813059  14220321
15215886  1710219
6572913  515280
21671325  15141762
23211257  513832
17591123  17588389
23210151  3781275
23211092  1066841
14237379  1319325
23211208  307179
8849782  2167916
23209849  21954503
23209805  14047979
21894237  10941032
5846846  12769982
8241069  12769982
8003286  822872
23212207  2917495
23212207  347242
23211503  22930259
16876532  563198
23206046  9815911
16495722  1557781
23209551  2332681
8273036  12769982
17446646  336859
17446646  10484281
23213065  1023068
23213065  4540820
23212037  4
20408391  5033836
16013502  6384562
10479270  19412
17304706  165938
23206749  3577641
16252534  3322704
10416394  12769982
23209233  12769982
23210949  18915092
17245224  12769982
54566  12769982
23204579  23075314
15685697  4418326
23200753  8616843
8519011  12769982
17429096  12076072
23209296  8552857
10992413  17364127
10992413  2699086
23209651  7815527
17406131  1535631
17643182  359494
17643182  523643
23193457  5854967
23196945  1912434
18718580  3496175
23212891  2150025
23119553  22177776
17642518  17494784
23214723  9816325
23214723  2060974
15526559  782353
23214950  1398582
15574266  11529247
21618377  3544214
22164258  3199910
21763423  21540451
20309933  6441218
21761789  1409543
16974936  11135053
23213197  14789655
9186248  2434863
23215398  2107845
23215398  2078914
23212128  2973202
23211388  23197660
23216458  543926
23217926  2973202
21366600  1505974
23210361  7083482
23211324  9251117
22202337  18445951
23212000  612097
23211282  15766300
23213536  52797
23212234  6697247
23213891  22840170
23215174  513832
14961553  9964865
23215962  1689242
23216598  4643074
23219333  383947
23214563  14243131
20005915  615493
23219485  23218677
22238995  2591505
23206996  10489773
23219564  4216745
20928523  17698000
21881133  8637050
23214312  13845468
23217738  1377446
23218748  14801004
23219323  14872088
23220027  6007219
23218098  9476146
23217832  14220321
23219854  2973202
23219854  23218537
23219149  22172115
23218427  9466086
23220778  23219561
23211922  23211552
23217743  2018990
23216798  7670943
8186397  2176861
23216867  247770
23220286  359788
23216892  1144783
23212452  5195859
23218587  3061
23221248  2319565
23221248  949433
21992113  17267417
23211552  1377446
23220899  2910611
23195920  19019689
22553667  22552332
23219828  12113699
23219828  8748986
23215335  970875
23220098  3759285
23216417  4130194
23221915  9711917
23221841  1643035
19952015  1595013
23216328  1175244
23221948  1573053
23221975  3791431
21275673  6769345
23220694  10889216
12352171  8389841
23212224  10767676
5610573  5557730
20374601  6760489
23221725  2450954
23221813  89228
23222895  2587896
23221398  22477220
23217188  5623601
23224029  23223915
21979533  10616650
23221123  20484984
23222466  4421706
23222408  153724
23223213  5214127
23218302  12573816
23222629  499405
23225564  17973357
23223766  4607945
23221514  3481828
23215061  19155454
23211255  23097828
21990806  1286561
23212978  2232
20135960  20063092
23225173  23225071
23227486  671925
17250595  8744113
23226406  8301400
23223515  6169288
23223515  10963465
23228014  23227648
21778153  8836384
4866699  3299839
23226977  5602953
23228141  23216691
23226997  4631224
23219798  748253
23224589  5961000
23224589  1726630
23226746  4993532
23226080  7714677
23212740  1229333
22707212  22717812
23224948  10619048
23226164  12164795
23226992  14005103
23223540  2514544
23215861  16927356
23222314  3726505
23225690  181596
23229190  15112125
23228426  5762439
23225999  2393386
23222936  4112686
23063536  153861
10015733  1525320
23228022  1575807
23222202  8773838
23215689  7259567
23230270  46586
23230113  12501331
23229780  979975
23229941  14220321
23229609  23228646
23230400  9808689
23230400  13661433
23229763  31840
10263890  335408
23230416  1866770
23229058  12705789
21588004  735350
23230907  5855811
23230907  201323
23230907  12026842
10609504  2260440
21672779  168214
21972645  6306098
18324484  18262962
23228664  2677185
23228292  19749757
23228486  23227887
23228486  17026740
23226979  6498328
23228015  222581
15252639  15248559
23232746  1902409
23231569  14608133
17358973  2277302
23231445  23205460
23227815  1750281
23231375  17735543
6982887  2725254
23231084  1279568
23231084  1356866
23227951  13003360
23215723  23228133
23220542  22867286
23228992  9943261
23231893  2973202
23229740  6680713
20915955  2016012
23233239  613183
23231124  16432
23231124  22902822
23231651  2735003
23228547  625799
23227295  5036700
23232894  8037677
23200468  23226215
23200468  14220321
23230624  4244896
21228932  10030947
23226504  750486
23229868  4660142
23234676  23222937
23234194  6027937
23208653  16674252
23208653  23207519
23228338  5057989
12199473  359788
23235502  2486191
23235502  513832
13388376  12538766
22466762  4610627
23226879  18964329
23227810  23175773
16183571  359788
23234583  15989939
23111216  18257842
23235196  7520971
8763783  1641718
23234944  5810108
21275462  20279484
16239209  16214046
23235257  413898
19128801  5798549
21459901  5994859
23223570  14220321
15861139  5386630
23230134  9738282
23236467  1789945
23234236  9309195
23235227  5840473
23236116  8882808
23236116  1073593
23235752  1380463
20563248  4276233
6630697  6313047
23237910  1640720
23238492  4836710
