23332700  16188152
23332694  14906533
23330223  23176212
23334769  4872512
23334769  11169445
17053850  17051914
23336917  9436852
23335998  12769982
20571592  12769982
23336457  2126762
23329189  17732833
20904637  18178023
20208294  9814375
23337124  5564410
23336414  2225857
7463553  940905
23337136  3577641
23337784  4607945
23336893  2921847
23336893  2233204
23336612  3713
23338190  115983
20804096  4577187
21886209  6234138
23337276  3502311
20859273  3882770
23337541  15930680
23332104  23331729
19044776  19043917
22079127  14432739
20994930  16751421
23338841  6686333
22976792  22352838
9134353  1679421
22180904  4659517
23339380  21263766
21479105  1158777
23334589  2892883
23339891  6401268
23339584  4390406
23339963  3224834
23339787  10075551
23322599  4286466
23339861  4728144
23339772  7605594
23339516  995914
23337928  16982449
9904379  9663375
23336706  14850853
23341389  21062532
23339567  12663608
17638561  16963280
23341271  277569
14103874  10625491
23341713  7649324
23341713  737151
23339344  2531085
23338063  3076414
23338876  10613873
23341980  686353
23333997  22169139
23341418  2936443
23339949  6658313
16185562  8881453
23333466  1357118
23333466  18971284
23342903  2600191
20216746  11027792
23343246  23294658
23343942  22317379
23343833  2324718
23342419  9618504
23341775  109383
19955444  2504478
20373706  6802810
23343425  2897619
19375529  19032458
23344030  14112166
23344030  23002566
23345111  23342171
23344955  6441218
23329186  6250126
23345614  47981
23326643  4733173
23326643  10725522
22529300  22526524
22911105  18980925
23344684  16183231
23344117  9756837
23344485  17506467
23345829  8269048
23345829  22247318
23346235  23213737
23346283  23287240
23343596  11700985
23343460  3624280
23346679  2215924
23345633  279170
23346895  5013194
23347002  11182775
23346354  7594508
23346576  1960509
23254270  8162994
23347730  1108780
23326389  2000377
23344960  10606734
23346371  8749326
23346371  3912302
23346606  1666736
23340377  23327716
21511338  3296047
23348971  5554734
23349329  75175
23350374  16183275
23350525  4560890
23350791  218384
23350938  4660142
23347826  625799
23347136  3381614
23348682  1861294
23347030  12769982
23347615  341175
23350807  5223847
17411065  279170
23350928  610245
23344340  7506844
22075140  958908
23349230  23294658
18465730  18478545
23345257  3644081
23345386  6566335
21700336  12688275
8607837  263743
23349448  3923904
23349374  16225677
23351453  10468128
23351453  201101
23351855  2036970
23346071  12829963
23343151  23003278
23346347  2973202
23326405  11725657
23348816  3397113
23347070  657447
23350232  3391076
23349872  20122469
23344765  5351634
23346743  23328801
23349527  22993550
23352887  3755606
23341530  19038799
23341530  5256533
23340750  7783787
23352720  13052522
23352186  22937618
23345433  21712235
23352772  12227626
23348509  7701973
23344821  23282389
22518711  5428468
22518711  22392530
22457503  20893441
23353374  14220321
23340135  14883250
23327355  60174
23353228  712392
23352697  14220321
23354252  643906
23354235  2973202
23351836  11489172
23354266  23354115
22187304  22186464
23354499  8004237
23354294  2575048
23354294  22918768
23353534  1142802
23352530  1740726
12084947  5671149
18604134  5131448
23354115  663171
23353956  23352235
23340818  17418066
23352281  1835683
23352175  13840429
23354796  4099333
23351009  9306202
23353808  1085801
9272199  9228094
23351302  14220321
23353812  8234779
23355024  2376250
23354997  2832472
23352089  20403805
23350973  872570
21797404  2223386
23342241  18880364
23347263  4187478
23355961  18895020
23343220  4172722
23355872  2225814
23355872  1612337
23346258  11928091
23356666  1857928
23356666  2931630
23334227  12573816
23355068  826948
23356968  5943330
23357159  23344938
23355789  113426
23355475  23348610
20958033  20891894
20040736  9912411
23358090  16271779
23337640  10493145
20786628  15196161
23358399  20945049
23357666  5712849
23340194  20801015
20487738  3645361
9678507  4903651
17633156  636829
23359340  3226282
23357337  11033313
23358508  8181699
23357669  6076229
23357804  9427163
23359612  60174
23349604  23349177
20676896  4948770
14622120  13224545
23360807  11168076
23360807  647769
23357679  23357312
23359781  23292434
23361232  8419354
23345230  18526485
23359265  2484980
22072840  17591490
20568450  2999506
20999346  12769982
23360572  12500230
23361363  2786655
20501382  20525991
21930887  6156639
23361316  7356205
22635576  3309484
15391820  178342
9102251  7048839
21102922  6465526
8907108  246275
21276315  13245663
23359788  14220321
23360122  22984438
19172271  8028957
23362792  2757107
23362792  16726544
10694549  6984444
10694549  7173564
15408401  4172722
23363183  2654067
23313164  5523067
23363324  4660142
23355413  7330665
23357495  1008886
19822223  401656
17286995  220437
23348647  16237806
23363942  12026842
23362799  4006113
21547431  2808368
19041671  1985967
23363274  446594
23363274  4551175
23363314  3507999
373812  215718
35284  215718
725749  215718
23364504  588004
19579884  2115497
19579884  14247655
13756958  4294762
23364566  2036970
22103323  21552308
23308215  23306311
21449363  1451009
23363841  1995320
23364142  20535131
23364722  20940979
23363244  12573816
23347566  8190290
23349295  6217908
23351696  7409064
23354018  1138769
23354018  2291470
23364098  4734116
23363040  14220321
23363655  1995320
22323525  1576423
23367488  12019528
23367677  6845037
23363011  1064168
23367760  9632741
23364581  2114757
23362990  15616157
23367934  9665984
23368451  7223359
23368451  7223717
23365491  1732348
23365491  6560672
23364820  2408112
23369387  4838171
23370006  2552416
23368801  17403826
23368811  2245664
23368811  349025
23364343  22279472
23369728  3523174
14924066  6441218
23370469  16050041
23369844  5141863
23371150  3530771
23367393  4685563
23369058  653714
21073482  13606029
23370282  541487
23371843  46898
23370842  1867861
23370842  10981995
22445869  22445532
23370511  23345679
23368570  4660142
23372059  4309746
23372596  14763722
23371105  7026566
23372560  1680528
23372560  207000
23369817  13632116
23345163  2548476
23373009  60174
23372730  1142802
20182944  16882489
20667757  4911186
23372897  12573816
19200195  19199311
11284083  5619719
23371729  2156120
21723212  1514700
16410890  16409392
23370402  414981
15912494  10056729
23366606  18984785
18625314  3562235
23369697  1732348
18197804  398325
23373903  3841295
23374035  10557213
23371186  1196418
23372803  9918658
23372672  12573816
22114801  14162648
18707770  5490025
21742776  721161
20995759  3464073
23374587  4053917
16257778  21132971
23369885  12447036
23373981  2201925
23365550  6907720
23373790  2131444
23375108  1144783
23374602  17004500
23375372  3273993
23375457  3012488
20755666  12487125
23373619  11404744
13332374  4958573
23375364  14220321
23374022  625936
23373339  981089
23370604  10182714
23375927  23271495
23375333  2143476
23372246  10903579
17750012  13719263
19924811  894737
20818039  7883649
16484833  4669876
23374112  368744
21991611  21747701
17994436  710592
7079107  3022845
8637329  7210680
23375443  3308608
23374203  3401900
23375122  7646512
23373733  779996
21024765  21015299
10458689  308276
23373907  8377410
18046211  7951019
20247523  20228879
21573743  347358
23374461  9110429
23330671  9099058
23376106  23375049
23371010  23342694
23365441  10784613
23365441  3218910
23368589  18065289
23367532  23366789
22672395  22649167
23375331  4680285
23365216  53513
23365216  11786157
23376184  2545066
23373754  4351876
23360881  5168904
23360881  23293082
23372276  18130164
23369805  2780102
23374032  12769982
23374032  54566
23369920  1393075
23372684  2630013
23376659  10382929
23365840  13404934
23377051  1278986
11833880  6687579
23159388  23257266
23368522  2733256
23376836  1451009
23375852  23374882
19748460  1847789
23375642  610336
23378184  2973202
23378639  12769982
23378639  2630013
23377476  17731234
23377818  21942013
23377818  23294658
23379123  14465279
20022606  229012
20089204  10238670
23379441  1825585
12453696  12453278
23380472  22033822
23380080  986006
23380080  15148496
23370410  5228783
23380693  17605563
23380693  14879204
23381858  20771400
23381858  5265202
21206817  1320745
23381304  936969
23381304  6741519
23381491  2553354
23381491  592746
23381103  12407726
23381828  5685406
23381632  2592501
23380374  4660142
23379536  437150
23369446  22848827
23381040  23355932
23378566  21608254
20024985  1451009
23382041  2615616
17429447  7902213
20656407  3426265
22245100  4459379
23379281  2094508
23369820  13972434
23358759  529085
23378019  11717219
23383489  23305466
23353546  8465383
23383055  13892191
23379153  19578433
23376687  1732348
23376687  846994
23383565  3226912
23357645  23353463
18851802  13091193
18613355  4542892
21684251  21464807
18699077  5076733
18420949  18407385
23381975  12110148
23384274  12075562
14775525  6198392
23378486  8858711
23382629  5496301
23382629  8882808
20353628  1678803
21242028  14044643
18768050  3476430
19939526  3719915
18766953  8888654
4481635  2789865
18452439  399078
23383019  6207362
23384459  3350385
23384545  4386675
23383943  7793531
23385223  1072765
23385223  6702757
23383899  301134
23382455  28588
23383927  12281775
23382874  3760222
23384546  5965810
16768776  2613800
7424232  2538491
17540585  6307321
23381199  11272904
23382156  15083548
17416770  122102
9399499  4091765
23385867  7747469
23385620  6575482
23384554  8005447
23385067  2553354
23384985  272876
23383860  5210535
23386107  160147
23386935  11773342
20324096  4343596
23380116  23382738
23386575  4404679
23386419  31044
21790782  1504717
23383171  20489472
23383193  1486904
23385710  3418128
23386848  5048371
23387406  588004
17598400  17010005
20115253  16442292
16559225  16354200
20857176  18903719
23388007  14220321
23388061  7262195
23387924  8263371
23369939  10751271
23371768  19882491
23384171  5999209
22632129  2661536
23387422  750486
12633329  6284051
21177042  825402
23387994  208105
23387299  479142
13114012  4615940
21063406  1050720
21586253  12953704
15706014  15670576
23388825  20217518
19479422  19470957
17668824  11700006
22267299  817809
23388727  3514784
23382865  244243
17931123  203198
23387286  19158887
23389863  552766
23385661  1132163
23389364  12772494
23388738  5569284
23389829  15448233
23388310  17513210
19511782  1745693
16540733  8828271
20027734  1341271
23390586  129178
23388353  18773239
23389854  22745662
23388791  22951701
23389476  1732468
23390971  588004
23390971  1458633
22962680  4967448
23389985  1038605
23390604  12135403
23391552  17055740
23390831  3811973
23390397  1009860
23391155  56628
23391155  2196151
16269754  6348479
23390532  6974684
23392372  7381661
23392372  8028957
23392422  23391974
23385015  6577058
23392241  3261513
23390867  55101
23393745  4585637
23392349  6484275
9382820  626898
9382820  2534094
21363336  6147940
23393564  8002603
23393156  14220321
23394279  2220400
23393287  1188129
23394910  17434
23391526  8923114
23394515  1407603
23394266  20433387
23394045  11440467
23394337  612328
20522258  2760504
20685269  3043612
20685269  1068095
23190160  18566048
23389088  9583650
23392698  8009882
23392781  9258715
23394686  3710275
23394932  10477
23394932  17225285
23396464  23257348
23395576  1031273
23395665  7161821
23397319  898463
23397319  647282
23397053  15880480
23397544  4261133
23397544  12769982
23375853  4864380
23397681  3940128
19546505  310032
23397138  218384
23396587  8783667
23397240  16750333
23396516  2652630
23396803  23372887
23396664  10834196
23396129  144550
23396930  23378140
23397273  605920
22543473  8471403
12405092  680785
21324370  3127429
21324370  21278039
15536274  14220321
19759257  1639797
16599865  8911440
23398138  23397678
23397606  7666101
23399729  22937618
23398449  23374973
23399798  7517964
23398378  23396911
23397661  15485601
23400102  18410035
23399012  9467868
23397702  6709151
23400026  6620165
18981184  12760852
23398973  4172722
23400189  15735590
23400484  23399452
23212737  17686411
23212737  23238119
18020768  1034621
23400059  9421188
23394571  4261133
23399161  405717
10265805  650238
23400948  23399109
23401186  5997235
23401186  129178
23382675  23381319
23390980  10457934
23389093  5813077
23401382  2938908
20655402  164414
23400962  10323829
23400962  2932754
23401353  5980749
23400176  20522489
23398846  8080636
23365720  23349739
23399021  12474191
23399021  14919613
23398999  207000
23401791  9964865
23401764  1057986
23401882  7290958
23401607  1648715
23397801  6343166
23393730  296918
23402603  23150275
23397722  15747231
23403366  2989704
23389513  3684923
23389513  790558
23403498  8812754
23402781  1645028
23403610  8812754
21764791  4730493
23403795  7316862
23403378  17785010
23403643  2155737
17343576  10934664
17343576  13719593
23404117  23401174
23404180  12369615
23401988  23389625
23403195  12769982
21212933  9356152
23404245  5360372
23403938  8727238
23404374  19582237
20393924  7178175
20393924  1565164
18821376  6947983
20918321  2092527
23404644  12573816
17305587  17265748
23403137  19661406
23405262  23402740
23404861  1249131
23404901  3889478
23404273  2876789
23405302  4271717
23403706  23220836
18320136  2443564
23402050  279170
23405406  4660142
23405145  3871311
23404821  7457635
23405396  23388729
23404521  16853747
8224234  436351
8224234  536350
8224234  1796506
23403589  23332881
21736345  1326318
23405954  351733
19663869  333889
18102361  5854581
17198459  6926433
23405848  4773632
23405848  5291937
23404605  106033
18513765  4255472
23403798  3528568
23405885  4261133
22146267  1917576
23363734  23361720
23406844  1021743
23406245  11560465
19394065  14556605
23406061  4660142
21200296  7571326
23407061  218384
23407044  7853130
23406746  16014117
23406746  17609287
20849871  2050859
23406377  218384
23405636  23404904
23406362  3480184
23405921  3467075
23379518  5091057
23379518  11858952
10088831  1309964
17394881  1771786
17394881  1688337
19154319  11922383
7445011  4255472
23407667  23406191
23407667  11922383
23407667  4935632
23407667  85992
23407956  23405108
23408567  8868338
14374975  3198337
23406953  14335978
23408222  1409225
23408464  11369360
23408467  23407716
23407392  18138635
23409388  16819956
23408851  3076414
23408290  8099248
23408738  22085864
19275805  8881055
17782821  3059044
23405562  3963565
23068231  17020736
23408274  472282
15472581  6129825
23409394  14545139
23406826  17762957
23410302  8246317
23409249  613183
23409929  12769982
23410378  6491463
23410900  572547
23410900  5033627
23410958  1431094
22615176  40480
23284300  588004
21853727  40480
23409513  11695801
23411507  9808689
23406353  17127351
23351218  6415728
23410920  2745265
23410208  10233829
23408974  158044
23409318  19291532
23411645  22976190
23410817  4261133
23410934  311052
23411180  2530
23408214  279170
23410601  11597421
23412264  168214
23410088  3309122
23394585  1068558
23408076  1562676
23408170  10704808
23411170  919915
23413292  6043463
23411766  201101
23412179  8635881
23414012  23413129
22547365  22547086
21414092  17014952
23411199  12409458
23413092  35186
23412527  14154964
23412113  12915215
23412633  6671232
17923197  12915215
23414923  336859
23414129  2158395
23407279  20769980
23364797  12277887
23413900  131241
23414296  3694028
19969593  14884126
21386252  462180
16424489  3810570
23412762  12641679
23404856  2413097
23414281  13352080
23414051  200640
23415360  21249558
23414408  23373914
22178507  2973202
23415540  8491564
23412157  18813299
23416458  4660142
23412692  2296423
23415096  2835448
23417089  1090098
23417089  14737810
23417043  6679635
23416766  9953448
23410295  4590490
21812788  20824158
19078751  16548806
23415870  23401873
23405228  20077487
23413311  9727962
23416981  2559527
23045600  6999105
23417498  2565035
16678601  3004811
19678848  18423896
17864149  17972330
23418361  4795385
23418295  703691
23418295  9238731
23415653  290884
23415653  2559527
23333089  7824730
23408040  9305154
23411733  17934785
23418145  19238338
22021084  22019951
23414266  13261372
23417442  14141007
23417466  3895951
23418881  4747934
20013723  19991446
23416223  14701233
14124190  7161821
23410195  14036298
19421998  1096679
23410216  2722451
20955540  20910541
23419520  4172722
23418919  23412765
18536407  15884096
23407393  972
16592130  11239924
16592130  796476
15034435  12573816
23419206  21824402
23413680  9414410
23418935  8707756
23419328  11386807
23420104  11932864
23419588  23000787
23417567  17662603
23419531  3142260
23419531  22797768
23420152  11734926
23420338  23385023
23421238  14220321
23420755  13556203
16669188  11940477
23421694  4176328
16712721  4172722
23421770  351409
23419844  21449123
23338549  17951111
23422023  2305966
23422023  5162587
21646065  16152547
21646065  20034750
23413980  8807877
23415148  4994277
23420788  7169879
23421944  23420942
23421064  109086
18685414  11180078
23420378  3730616
23421972  17800725
23420829  6114436
23422184  3934570
23422184  5263385
23422255  19449209
22114179  17167764
23422353  518000
23422215  15985837
23423308  1120833
23423162  1420381
18455172  6941622
23417156  10083064
23423446  23403782
19370215  19274386
23420913  1169456
23422951  23422088
23416149  9635506
23423100  4935632
23423661  15112125
22155052  16169939
23423636  1263412
23423701  1710476
23421467  23408228
23423668  4261876
23423525  218384
23423079  7930139
21700750  20891219
19210152  9060321
20030030  4140312
23415942  20165166
23424088  11095122
23419400  16640177
23423852  415687
23425722  9696308
23424471  9422684
21114322  2648764
23425777  7804335
23424149  4660142
23425330  17570802
23425330  10983573
23426146  513832
23423932  15773552
23425747  6632808
23425747  5174952
23426201  3450839
23427391  17188982
23425628  12359604
23425620  8321096
23427108  3526673
20889771  4598555
23426191  1688711
23427617  509211
11330074  1056728
11330074  11329691
13151527  13150735
16214594  4935632
22032268  22031848
21983400  5943166
20281762  20281119
20093447  2181464
20093447  15133605
23426845  8253489
2871282  67093
23427689  23074688
23416551  5065281
