23424985  19636539
23424985  12145636
23427636  23291591
18886740  11272973
20246220  16406208
21969153  14025718
23427731  23427117
23391500  23376057
20164291  8001823
23428425  5256313
23416341  16680295
20781906  12494420
16627231  6464404
23428390  23219984
22667342  22657779
23429234  23294658
23429352  693691
23429870  764927
9580801  2190272
16852303  16851391
23429769  16596864
3908029  2384713
23428303  23425825
3165633  1132858
23430960  16140178
23429824  1267869
19282398  1102392
23431191  11367902
23431460  17512582
23430093  6869312
23430904  23424542
23431402  105372
23431426  10281962
23429462  969285
23431726  10586035
23419683  12707368
23419683  16573995
23428298  21870680
23431798  969285
17979849  6242976
23427714  12573816
23223692  23129060
23432867  931092
23431593  10673585
23432581  15558411
23432199  22047158
23433335  136097
23433335  12179271
23433320  20752043
22125208  1711990
23433887  513832
23432971  4842575
23431364  19360047
23432090  8825032
23431377  23430463
23432072  610245
6559848  6558633
14449065  3937218
23423957  9236087
20321196  20320878
23431024  3422673
23330444  4989632
23434330  4660142
23433016  18061285
23433804  12806278
23435534  1313120
23434093  1952153
23432600  807703
23434399  830271
23434474  1910194
19404473  2647558
23435812  19145290
23435812  261638
23434932  6395288
23433325  6716301
23434933  3494157
21130077  13667830
23435351  6854099
23435359  11272501
23437015  7089494
23437015  2607235
23437106  16079882
23436918  18953146
23437692  513832
23437722  23436868
21329737  396145
21329737  18516317
19196872  8700636
18747521  18740263
23437895  23436084
23437691  4026021
23437691  21617506
22986093  12018003
23438767  23306895
23434668  4586811
23435929  247304
23434861  23416734
21127406  3088059
23438850  10218164
21679599  15418496
2732644  347856
23436028  13160564
23434187  2209950
23438183  11122291
23438451  3454688
23429338  2753732
23435090  2705583
23435090  5658849
23435626  23432324
23420747  23387166
23437914  427453
23438778  12157558
23433113  23411568
22553148  22574208
16160053  75175
22592263  22591660
22619665  22625591
23439440  8898925
23438426  15562484
22677129  22676733
22643164  22676962
5381444  3866034
23439657  2323401
23434121  8206466
23437258  22276991
23438314  549462
23436641  2844565
23439922  23439782
23433964  804850
23433964  854231
9280456  4037864
23439869  23033219
17754802  3065154
21353119  6441218
23439698  279701
23435456  12109850
23434359  19038799
23435546  253051
21699393  14326949
21699393  2129693
23183711  60174
23435381  9480408
23422898  4823468
21758514  217776
23440291  1045803
23420339  14650351
21212527  12415564
23440264  62289
20714819  1786436
23440395  9969690
19086589  17283826
21582175  203198
10858466  1560081
20002886  7733290
17981860  11583387
23441135  3754169
23439743  13944387
20717560  543049
17176140  9819876
23441200  464864
23440746  21633115
23441706  8298614
23441768  23441565
23442263  4660142
23441448  1606679
15999500  6903650
23442638  12573816
23442577  41479
23442284  705443
23440921  12791456
23440921  23433401
23441860  19495776
20225450  20226521
23442301  347441
23441865  414891
23442895  18214066
23443599  143486
19019931  3631547
7291016  6736781
23443346  23443071
23442905  21558
23442596  23214948
6921997  2123639
23444528  1267869
21689032  8071351
19553866  218760
23444535  40480
23444761  111461
23444761  653536
23434593  3474727
23442614  7808446
23444874  332030
23441180  18546540
19714577  8004765
18760216  5929419
20249173  7774636
23441526  4681443
23441526  12573816
18373091  5595073
23445325  4044726
2179772  462477
22133990  5078239
23444487  3737992
22089983  1403615
23443347  23437259
18192442  13886338
23445723  15241155
23445129  3305043
23445380  4660142
23445254  4660142
23443413  4726160
9275188  1115428
23446626  10962290
23447148  21783066
23446491  10310713
23447893  444798
23447893  3107765
23447837  2307283
23447869  1249392
23446811  44715
23448059  2776829
23446921  235762
23443967  23443458
23430496  2402212
23446251  509211
23446895  569137
23445783  20186198
23448152  9932957
23442102  5881443
23448306  17104102
23447256  18257561
23447922  19843107
23444352  15254409
23447053  986006
23444373  9836508
16041030  3186908
23447921  14999573
18868113  18867645
9564416  854128
23448591  16195840
19688707  3927690
23447945  23447677
18380460  18379255
23446098  23435607
23446169  23353173
18981461  1680194
16732098  12387256
23446916  14220321
23447487  2097738
23448920  279170
23449972  1614059
13514627  2005079
23447084  21636904
23449334  4244896
21277766  155097
22140741  1545164
23449417  119441
22207571  440739
23450055  23449332
23447763  3078397
23449662  11815135
23449017  6300651
23450241  6775486
23450243  82319
23450960  6370690
23450600  5229809
11605408  4255472
10654323  1356866
23450157  3512471
23450152  7677185
23445787  15454220
23449741  17364127
23448516  806000
23451291  21567291
23450654  6790930
19592561  4830900
17148296  11737360
23450929  2575048
23449986  554063
23451460  10234172
23450707  9593798
23445518  9538929
23451202  152580
23451831  610245
23451464  4230029
23449404  887029
23451102  4879521
23446357  178479
23452010  4230029
23452010  23451464
23443855  5672012
22092803  10852028
23447988  10418575
23437731  10943042
23452281  15112125
23445546  8064570
19808620  60174
23452296  1451009
23451757  6666907
23451757  8760143
23452508  5706437
23452513  5385024
15694092  218384
20889077  742623
23452753  2059605
23453109  6847697
23453109  14220321
18091193  1344303
22231490  7261619
22231490  18107181
23452003  23286524
21383661  8165703
23407379  2546233
21846849  750486
23453078  109023
23453153  23415276
23452996  13261933
23452965  23271677
21359127  20279484
23453461  4236653
2608517  1073606
23453800  6505027
23453728  513832
23453346  11074172
23453397  3223902
23453484  23446377
23452929  3607954
23455243  23445501
22272624  7261117
15691194  12769982
23453032  933565
23445501  23406939
23049745  279170
23454735  4038125
23453358  1418209
23455215  2288376
23456260  23455845
23455681  4122170
23455681  1453171
23450504  11792916
23452268  8790752
23452901  23308962
14745629  10572271
19480580  11483321
23456124  8257714
23454465  7981840
23451731  1983860
23457171  15112125
23457014  513832
23455263  8028957
23456855  9904100
23456855  735350
23457475  1711990
23457766  388242
23456955  11069278
23457135  1044455
16988263  301134
23450318  16568272
23458934  212358
23458504  23457889
23459036  4890480
23458457  4342336
23458509  846766
23458021  14028959
19610926  23446377
23456455  203198
20579391  23446377
20579391  11321491
12594600  23446377
14764882  23446377
10482379  23446377
23459379  10775894
16398461  23446377
23457934  2844
23453226  19819216
6561299  23446377
23457995  588004
23446245  1883326
16015818  23446377
17345037  23446377
23460895  509211
14289031  23446377
9625674  23446377
13448280  23446377
23459373  23428534
12735437  23446377
19737063  23446377
13905814  23446377
16765485  23446377
17927976  23446377
15865141  23446377
11831389  23446377
22585157  23446377
9052826  23446377
15964726  23446377
17158420  23446377
17188152  23446377
23461128  2784514
23459095  14574518
23461153  1922771
23459209  10781620
4306935  23446377
14141548  23446377
5103979  23446377
23460862  15653921
23461773  23457725
23461270  826948
10706920  23446377
23452708  23452961
10529560  23446377
23461427  4500928
23462323  363681
23457923  11317324
23457923  19532434
23455159  17742314
17672350  7053506
9722430  2936807
23462763  650162
19825096  23446377
23462255  16388959
23461088  13563343
23460995  16202077
15413310  23446377
23454852  23450698
21545657  2118452
23456435  889229
23461859  12573816
8688243  828714
23457918  22773920
23462269  9516884
23457529  1458724
23456959  9998402
23461711  8308213
23461711  12640808
23461843  4937491
23455801  20031250
23455287  558614
23462989  768431
23454431  17364127
23463472  2973202
14797275  23446377
15824234  23446377
12307415  23446377
5461602  23446377
18653817  23446377
10083360  23446377
12672267  23446377
16264909  23446377
13361193  23446377
23457596  4885143
22209697  9533679
16724030  2901453
16724030  10706920
23451657  4152562
23462927  332300
23462077  6477762
23462526  4261133
23463208  21982214
19817580  23446377
23460986  23460589
14649048  23446377
23462480  3196353
23461426  852734
22625847  23446377
752277  23446377
23458882  23457858
23458328  15619629
5688200  3424860
23457146  945640
23457146  3801557
23463794  199333
21018301  8029584
23463897  5564410
16843987  16698813
20322187  2550281
17947863  610245
23455969  10059279
23457168  23453874
23458738  23458101
23457090  23447211
23454022  60174
23454839  8028957
23461434  1930459
23463701  12769982
23463621  16388959
23463740  10164741
23462382  513832
23463652  5117127
23463791  11922383
23461872  964331
23461359  9450446
23458132  63090
23459897  2176922
23458575  20350099
23458575  16153838
23460165  722073
16713124  450799
23463831  993984
21110385  1834703
23441815  8028708
23458247  18877381
18503257  540361
18503257  14080723
15480908  6611028
20257926  1191023
11776268  11774628
23464625  10495373
23464990  3737139
23458172  9620594
23464598  20261690
23464494  3305933
23462388  2393179
23458005  70689
23462349  6847697
23462349  14220321
23462349  2190850
7372302  23446377
23457469  19459022
23464243  4660142
21973422  7198412
23465031  2521293
22012289  13793162
23460241  2536379
23464960  23436476
23452852  463299
23465571  2818697
23465571  9707541
23454631  513832
21711370  10213019
23456396  16309808
23465430  10019049
23465430  8638386
23465433  2745265
23465860  3724509
23465600  2091465
23465600  16811030
23451728  19234509
23465768  15312858
7774845  23446377
23451459  23439450
20768118  750486
20768118  1451009
23466390  14265581
23466390  236129
22168361  4046342
12641061  497094
12641061  483741
20218536  750486
19914077  111102
19914077  750486
18770830  750486
23463985  5604330
16211809  6972453
23465526  109383
23466471  5470578
23466294  7186676
10502923  10289182
10502923  6640347
13676820  23446377
11798319  23446377
23365092  6579584
23468093  23464709
20010618  4860788
23466723  16830047
23467920  5598181
23467920  17027690
23465141  716477
23467932  3822024
3743357  23446377
5369833  23446377
23152890  23446377
22562088  23446377
21344192  23446377
23461328  15288925
4656487  23446377
23469071  2843366
23469071  5061721
23469219  2610416
23467394  23077822
8259394  23446377
23464971  22959103
23363346  885009
23363346  23362792
22670227  23446377
23469790  1221559
23469125  4343596
23468816  22864095
9347702  334836
23469260  4023830
6614796  23446377
23469099  975134
23465249  18310394
23470490  23469099
23469261  4990839
23469261  4808847
19845311  19843557
12152289  23446377
23469967  1828455
23470292  467815
23469051  1085801
23470901  948135
23467157  147181
23469728  650022
23470021  20796380
21209135  4421706
23470575  3506208
23470156  1682120
23470222  6188714
23471533  855759
23470773  7585307
23467623  23406562
23470256  23468879
23469801  2973202
11124518  12573816
11124518  8709942
7698177  399847
23467670  16245767
23468131  22450765
23472019  1977871
23472913  7902228
23473074  17809824
23471337  20021950
23461013  2977497
23472249  4935632
23473405  3337587
23472834  5921008
23467042  4957522
23466538  15132071
23473658  14412172
20608223  279170
23471429  23428223
23472311  2696812
23471804  3475790
12610531  23446377
13024479  23446377
2483926  23446377
23465782  7479638
23472589  2591098
19250116  23446377
9404006  23446377
23466636  23460837
23466772  1594667
5171645  23446377
5700402  23446377
16936653  215497
21711020  19776266
23460695  7536961
2321204  774752
2927549  23446377
23462756  10105440
19055584  23446377
7187550  23446377
22935952  11451393
23474401  11870207
23466359  23369794
23474937  11938786
23475129  23294658
23470383  12458444
23466907  23466605
23438905  23439058
11155915  1275127
11155915  23446377
23466744  23467115
6992896  23446377
23472863  23460977
23467060  10656574
22178911  11887651
16550343  5109432
23476061  9616914
23475944  21570278
23474867  11919391
17868444  177506
23470686  11855363
23476516  10457087
23476090  60174
8370296  2341001
23475792  23474288
23464401  4240080
23474666  18382311
13432503  23446377
23477694  1061697
23476694  168214
23475565  3529928
23424249  23404495
23478249  9108531
23475529  3537434
23477157  4300663
23478564  476679
23477843  4261133
23476397  13998098
23431003  12135518
10942449  4466270
23476697  19106576
23474922  2212948
23477932  6445045
23478657  901115
23477615  1051379
23477766  332872
23477766  6544564
23476827  12573816
23477294  1184624
23479023  251781
23478778  15079215
22226591  6225587
23479585  6817148
23479673  3844801
23479882  20897020
5357903  23446377
2352336  23446377
12553105  23446377
23480057  1732348
23476900  14047257
23478701  23479129
9546542  23446377
16135987  23446377
23478880  19725177
23480545  2336522
7502366  23446377
6509193  23446377
23479782  11919065
19833881  23446377
23480365  495021
2616450  23446377
21237121  23446377
15058129  23446377
23480817  4261133
23480286  23344936
14233932  23446377
23480574  1663807
6651335  23446377
23480995  2973202
14251380  23446377
23466537  4483540
7310785  7310330
23481181  4440735
246981  23446377
23481395  23477947
23481329  23480535
23481127  4660142
23481184  8648892
23478940  2166809
23480654  2631001
23470897  23472870
23481027  492384
16749500  7542836
23481491  17005985
23482231  5853879
23483399  44288
23476773  1055767
23483743  16388959
22891635  750486
22891635  5226285
23483707  4261133
23477493  6429243
23484081  7520432
23484081  2772763
23481453  12753979
23481453  17805969
23480712  3698267
23481057  5836662
23481570  273313
19097788  7077331
23479657  23476598
23479553  308135
23481420  203198
23478844  5879546
23484148  7970857
23483735  23449621
23459314  2973202
23478086  635565
23474414  23472911
23484725  8028957
23483895  23483349
23481075  40480
23483378  11321491
23484158  8073278
23477173  4100488
12384593  947213
18520268  1726302
23483708  15627967
19742784  1658956
23457368  4488347
23445886  3431500
23484876  498970
23480978  17079954
23476879  178479
23483719  22483433
23482225  2889961
23476387  5409595
23476387  5854499
23485086  15466802
23477503  20350099
2803351  750486
23466674  8450282
23483586  9014659
21699966  17253772
15666180  6856315
16894864  10830365
21825378  10110266
17539700  8248768
23484260  191215
23480582  23466674
23478825  337704
23481882  9036429
23482091  15096063
23339868  3726505
23339868  23446377
23471924  15925616
23481698  23473828
23483010  961048
23478516  1177449
23481838  7069076
23482258  14850853
23473953  1251999
23485619  2960772
23485943  12388016
23412171  822452
23410005  21282533
23486540  3079986
23486645  7824730
23480008  216995
23480008  8525437
23475980  600079
23475980  23304165
23486665  805829
21933236  1663212
18064803  186118
23486825  5909223
22848278  1333770
23487260  4500164
23485372  217424
23486793  4660142
20700388  994331
23485962  5255922
23486774  23030884
23486178  23486242
20362988  20224635
3108532  466345
23483434  10807496
23478023  23471566
23487491  676274
18917310  18916925
17213424  836917
23448686  4670420
23486978  829463
23480945  451415
19613913  236129
23459091  1047578
23489783  2733346
23486739  18790868
23489553  5000848
23489553  1063007
23489263  9935712
23475623  153724
23460996  10205561
23155463  3277182
23488038  548532
23486632  47177
23490116  255006
23489527  23468127
23491195  4660142
23490923  495021
23490923  1639797
21264932  1382540
17357253  15736282
19056602  19055100
23491606  974583
21205047  3810570
23491364  9837617
23491060  57483
21340212  17713124
15653859  1093453
23490802  967402
23492576  9573565
14680710  14680341
23490330  15967201
23487161  19105591
11269766  12530406
20873870  9568852
23491182  826948
21877904  6926433
20552768  3321119
23493688  2991623
23443013  23184527
23493539  6832596
21919957  1529526
23492246  12166786
23492246  21848068
23492008  27578
23492008  6115896
23491426  20422244
22125222  288739
23491062  6154989
23492278  1119289
23493598  1711990
23493598  926752
23493442  4307380
23492470  1056582
23495152  2377506
23495042  2640625
9348008  4718468
23492666  7791149
23495923  96428
23494435  23493806
23494845  19241905
23490600  15791204
23495254  23430084
23496047  10984659
23495591  3063481
23494616  8467059
23493646  159006
22250943  22244035
23494381  21194483
23493851  5598271
23496167  1935785
23490821  8004237
23495137  630950
23495137  999340
1978122  9878161
23491918  23491281
23490786  13840429
3329426  1854890
23496954  513832
2369377  2321187
23495079  23400845
23495010  272900
23494231  1398582
23496182  11997012
23496666  5991705
23497343  14379274
23497605  14220321
23496016  15469974
21869153  14858800
23497033  9256005
21161493  921262
23494928  3413586
23492588  2158395
23497310  23495609
23498107  23493988
23497044  201323
23495688  18807114
23493905  12573816
23497770  1273693
9846556  626759
19264167  183853
23499481  16500593
23499481  3780801
23496651  9162933
23494777  11922383
23499284  23490032
23499652  10606328
23498148  23497362
23500675  360307
23496708  13745591
23500804  1661273
23500859  3121979
23500551  303994
23501083  16635398
23500021  10382929
23497209  3418128
23500975  32637
23500975  1732348
23494193  10671956
23501248  14220321
23500577  12187859
23501475  2800369
23490799  218384
23499400  979256
23498407  7083884
23499301  12953127
18196050  6931366
23490494  203198
23502764  13159739
23503079  1708510
23503180  2410710
21482148  21442981
23502577  2194992
23498549  1726630
23502094  2784514
23495649  12573816
23500857  4955198
23497833  9568787
23491173  2699086
23491173  17364127
23475466  12673874
23502149  4023011
23499490  3211614
23499402  1680528
23501375  8028957
23504968  3127429
23494224  11556375
23505057  391005
17994938  5092212
23494044  1195206
23497551  23414150
23498126  6219263
23499135  16798811
23503725  613183
23505559  14220321
23505822  20111341
