23504777  23503787
23503931  20639724
23496732  1008019
23500998  228476
23500998  8533046
23504229  18222286
23497484  3800846
23505197  201101
22556788  2316430
23494103  20357033
23506441  820526
23503715  15612162
23506428  20920926
8319529  608963
23503686  4044726
23506319  7559121
23495698  16351826
23498443  21532667
23506161  336859
23497889  4031900
23505281  20874043
13100735  7564863
23504323  1643067
23490544  23077442
23506820  21373478
23492476  23494550
17983574  121387
17632194  448162
17632194  1600917
23485345  10727131
23499280  9668625
22720185  23446377
23506933  495021
23505613  12769982
21774101  21755009
23492375  1494671
19645359  19012738
23506956  251781
23507730  13544519
23507405  901115
23502140  10087819
23506645  8648522
23505976  6096299
23507709  23457256
23508552  203198
23508552  8110934
23504606  21085587
23503892  17815327
23508210  159442
23498647  23497130
23448414  5951157
23502936  5796718
3935764  1533910
19756737  10277174
20059243  3549747
21591474  209905
16636375  8908541
21577846  20563772
23508876  8671366
23508888  1888779
23504805  513832
23500615  23501032
23508143  12804664
19715267  11770035
20360770  1296358
23494356  11922383
23508695  4636166
23491253  8582767
23490523  9658239
23425721  23184527
23425721  23277508
22858564  7621348
23491036  4583484
23490111  23494550
23491999  8634156
23493089  1704554
23499863  17321948
23501646  7622
23499935  17878779
18059109  5575307
23501797  3449767
23502675  8572952
23500745  19151954
18307562  18273446
13588255  23446377
23493037  4545311
20375677  5392699
23327317  22054391
20828915  584824
23468449  23011766
17737562  750486
23509710  5411026
23509710  9401830
23510520  19723811
21478151  1847893
18072282  1056728
23508228  8610571
23511245  9340117
23511245  17656495
23509348  201101
23509906  23508546
23489665  16597087
23508048  9225468
23512598  901115
23512598  5073859
23512666  5384944
23371960  23309237
23497419  23475398
23512417  824349
19431802  4320038
21267735  1746136
23511376  14220321
23511170  16959576
23504403  6811929
23512304  2630013
23490571  5052311
9551729  8480153
23512506  8202526
23512274  18526433
23509605  17947179
23513833  1359469
23513806  5882442
23510994  20563047
23511567  2384078
17122449  4278182
17122449  1119696
23509534  17758420
23512687  23510884
23513411  3853882
22256271  2848087
15627416  4846978
23506030  4933958
15818493  13626933
23513033  14261232
23510720  1483892
23383508  17678881
23383508  19063365
23514846  804706
23514480  3961456
21133735  2769007
9086564  1763639
21027613  21025952
23515518  15697190
23514958  4563272
22685965  12243710
23516568  40480
23515613  2973202
23513394  451415
23515644  3481828
11749726  10201321
11338812  1496848
23513879  21305596
19419996  3366812
23517337  1391548
23506993  14376743
23516656  1784780
23516656  6260756
23516422  4944750
23516422  492994
23517612  12769982
23517612  4261133
23517519  1132941
21540123  15112125
23516924  585234
23516545  4784568
23514518  7165395
23516905  2640971
20998056  5913338
23517882  1995198
23517882  7137395
23515964  20279484
23515964  1197822
23516764  4053262
23516585  21060645
23515665  60174
23516253  18722208
23517441  6224274
23517441  2298841
23517512  2679193
23492876  10808930
23509039  3076414
23268243  5210535
22205518  1150163
18380088  3642035
21256196  13324547
23497750  23496255
23518520  22984438
23518520  21955256
23493603  16141247
23518760  10455677
23518760  2187482
23517243  218384
23439782  8534274
23519342  7257563
23518500  122102
23517594  890262
23519576  2934904
23517625  2504071
23517350  6312981
23517350  15552891
23511278  20596922
23519977  2117689
23520366  7376171
23519224  5587676
23520396  22987320
23513065  23510490
20943666  19894275
23520800  1502910
23520276  6491463
21230243  3626250
20826308  9582193
23520866  4660142
23520654  8028957
23519589  23512030
19287183  505262
19287183  5915033
19388920  6348902
23518752  2185252
23520889  898152
23520766  23276068
16094606  9481865
12303417  2310270
23523030  3422673
23522167  168214
23511207  39753
23521374  20944552
23519985  4261133
23462154  23483501
23518728  8457291
23523321  4660142
23497823  16790793
23518001  15241049
23520898  1151625
23520056  16791343
23519453  379900
23522289  11118135
23512481  19422373
23523659  203198
23520785  9559346
23522707  14854491
23523577  23325667
23524320  1641219
23511934  10539955
23488227  1088139
23522334  3059044
23524355  3880307
23524372  6836409
23523892  23523499
23525239  4933217
23525081  2973202
23524096  16548584
23525596  653536
23525635  4261133
23525359  188688
23525192  7476177
23525843  23483495
23525947  513832
23523731  31044
23525451  6473679
23523666  9541025
23526384  2263356
23525647  23446377
23526942  5382037
23526942  12048175
23527270  12889362
16582988  5382170
23524160  12401915
23527016  4261133
23527763  949433
23526817  20254261
23527115  3117755
23527907  21830894
23527327  3650125
23526606  22984438
23526346  23181010
23508633  7832602
23517673  10349413
23517673  13745591
23518325  23503448
23519871  9225567
23522501  2470249
23522501  11081444
23524406  2266619
23525783  14488774
23526625  7651591
23528205  11321491
23528559  8275499
23528799  166221
23529102  129077
23529028  2429062
23528330  9940838
23528492  1251999
23527788  12573816
23529371  3244336
23526911  12573816
23457705  22357534
23530121  495021
23525762  2471415
23527023  10326729
23530435  12859942
14638812  11266535
2510499  6249946
23530039  919680
13028178  11266535
23529988  2449386
23529592  2628410
23527454  17438354
23529643  8637636
23529643  4486034
23530305  23528737
23523702  23017757
23047652  23054181
23530723  2100907
23529281  23500244
23531332  22551575
23530438  2973202
23529609  92438
23531009  1129216
23526822  13825515
23502559  23530315
23496192  10679131
23527493  11629136
23530108  7691468
208925  65512
23530742  11171964
23529603  8503841
23527158  7440379
19558785  19473317
23529466  6126557
23530311  23407349
18752945  12407265
23528452  413439
23526163  4626069
23532139  322749
23532139  15625556
23532467  8028957
23529929  7241528
23531910  292615
23531827  6294179
23531552  12829963
2972858  2972445
23532897  10553212
23533164  2902394
23529720  7787754
23529778  14220321
23529656  18107236
23532144  2438667
23529320  4417856
23532607  686453
23532769  9542278
15585494  4938346
23533362  13344049
23533856  131303
23523314  610245
23527857  13323929
23528174  10718572
23533712  337664
23532337  23531653
23532548  23532218
23533159  23447876
23528684  446196
23528684  2093890
23534851  7218760
23535279  388242
23534765  16492736
23533423  1475806
23531185  13840429
23533972  2100490
23533972  4306177
23532262  4261133
18065537  13769732
23533695  4350084
23536556  60174
23534077  13169725
23534077  2094176
23535846  10141359
23536459  37684
23534568  13875273
23534895  2377696
23537355  22358
23536702  5605125
23537454  942166
23537454  197047
23534875  4421706
23534549  12573816
23537395  23341749
23535290  15209831
23538521  11011756
23539063  461203
23535489  12894930
23535976  16900367
23538861  4212675
23536171  7769685
23535745  10557685
23535903  1651999
23510490  23511090
23536218  15258561
23536711  2545532
23537889  758673
23537889  879925
23537683  23519979
23532774  23370486
23541489  17571841
23541340  491595
23541625  1643431
23538536  13915357
23538536  22988515
23542448  1920558
23542773  3310186
23536465  11566569
23542365  812571
23535389  5738802
23543278  13433142
23529133  691719
23543449  23351894
23543449  8028957
23533323  1732348
23543405  798967
23542436  20034297
23542307  8610800
23531939  1973649
21238756  15234363
23542112  23072988
23542362  12411037
23542451  1188129
23542451  9058158
23537885  23542593
23542878  23542365
23544786  201323
23541282  17696289
23544956  493536
23538778  8907867
23544617  9467804
23541526  657073
23542083  1390568
23544752  3052442
23538000  6092110
23539691  5373198
23542574  3826425
23544968  4876122
23544968  3786825
23545391  8882808
23545870  1197634
23542142  6923647
23545616  5690147
23545986  4672505
23543922  788225
23546795  20624257
23545324  5658794
23545358  17202548
23545766  495021
23541798  11296028
23547598  225929
23545251  79960
23548095  2308786
23548017  95419
23545940  21013554
23546199  12607241
23548159  993358
23545639  262448
23542973  15552601
23533677  23511015
23544618  13179126
23539421  485789
23546662  495021
23543836  13308131
8478494  4175749
3937372  147528
23548301  23543712
23548367  2785612
23547641  15332250
19878380  14354466
23546143  1815606
23507885  23417356
23505953  23548097
23533693  990392
3498978  3446216
23548776  9620198
23549269  153724
23549119  2735638
23484328  15798516
23541776  23417356
23514104  8982025
23540039  9
23546558  2415239
23549860  36901
23550370  893417
23550324  8959815
23547349  4985974
23550537  11918986
1472387  1196561
23550490  34674
23550634  5443297
23546495  21586369
23547553  13967641
23547990  661561
23549085  218384
23530477  23529103
23534118  13999817
23535574  5773950
23538630  8588738
23538630  13634495
23545202  19347722
23551385  495021
23551451  1319903
23546476  23320148
23546672  2465921
23550903  260857
23325695  17671741
23548734  21466273
23549255  2742380
23552450  6474783
23551962  8284365
23552522  13345551
23549034  5890201
17658848  15021439
23552537  17551722
23552613  865911
23552531  23550231
23552669  19245205
23553311  196017
23553311  5382037
23553465  588004
23553187  22343521
18987083  14570743
23553262  613183
23551025  23349755
23547936  9381926
23548214  19799990
23548744  23417356
23549210  13294952
23396080  10873236
23552462  9909826
23553978  23529895
23553978  23553498
23553498  23529895
23552351  9841635
23553596  2973202
23547012  3793399
23552600  2485423
23548661  12998372
23553317  2898925
23549433  12861726
23553038  2393179
23555361  3954498
23553051  8482268
23552211  22871408
23554311  23446377
23554767  520810
23556204  10982163
23543288  3131973
23554616  799674
23556133  4294579
23553752  14220321
23553752  6685249
23556727  40480
23547584  2745265
23547584  18666710
23554997  22084060
23556880  23533449
23556153  4700614
23556265  3091373
23556478  17727259
23556264  6994936
23555744  2322140
5989539  409286
23555493  19038799
23557666  336859
23502165  109086
23548262  11277173
23556080  3845006
23555799  4660142
11612866  388461
23556056  17138614
23557409  663171
23557409  509211
23551869  750486
12723185  14352648
23551328  5187530
23551328  13291554
22435846  4462478
23547684  3780963
23558089  19909904
23550008  20025498
23558750  18583842
23559199  279170
23559199  10607041
23547654  257288
23559241  14637356
1301038  1043265
23556481  4003552
23558532  21554661
23557786  16982056
23559345  22937618
23557656  7056749
23556891  12125961
23560053  2222851
23559048  2178593
23558162  9877872
23559688  7746894
23559283  1061727
23557551  610406
23560977  9396415
23557631  17134407
23555668  1800025
23547671  1403888
23558598  236129
23345233  4947884
5277162  384101
23537037  1190206
23539837  20563772
23543367  6343166
23544484  2012305
23545447  1014861
23547836  8774089
23550380  19590865
23551416  45135
23551957  15519673
23553331  17077030
23553684  4660142
23554576  16164902
23557250  20202310
23560254  3810223
23560203  12256130
17441483  1650925
23561782  183367
23561782  1362204
23560139  7496547
23559823  513832
23558663  23279698
23558867  23294658
23562019  201323
23236755  23240236
23558827  10773322
23559007  14358211
23560747  1377926
23560747  22130429
23562977  949433
23562977  4176328
1348150  183367
23561445  2819535
23563423  19573150
23563423  5175376
23562189  18032068
23564149  142003
23563641  451415
23560048  7997643
23560048  7853653
23564730  13840429
16688753  3795263
22226040  4757565
23562057  2475008
23564955  9264763
23564955  13904493
23467310  3487001
23556519  5164930
23563465  6291959
23565527  4643512
23565527  3418231
23563131  60174
23566210  8385322
23565394  5580828
23566341  1123718
23566750  519520
23566338  23564315
23565904  16971
23565305  1041344
23567444  6607550
23566434  15014053
23567775  21690397
23567238  12769982
23567238  4261133
23566522  23556123
23554851  22609421
23567891  14343844
23557419  4214153
23557363  255612
23557363  4172722
23542077  14850081
23555155  9432226
23564653  2699086
23564653  17364127
23565881  20572196
23559671  4686543
23568658  872565
23566477  3967515
23563819  2356501
23563658  2817869
23567440  354038
23567555  23564315
23564598  967352
23568314  3546016
23568314  899350
23551529  14570293
23563025  15965376
23568983  6370690
23564356  8520969
23533116  7202316
20938763  8028957
23565213  23564382
23567611  15400031
23568710  21356654
7609430  7644185
23569897  6343166
23569897  5150637
23568905  7165395
23568854  20527722
23564178  4404444
23570849  1238613
23571498  4735534
23563440  60174
23568652  3326650
23547862  23409026
23566303  18314961
23570742  5875275
23570425  7206997
23564518  23497145
23572359  7938585
23472087  23419059
23570366  4750148
23573265  14380608
23571323  9687524
23573448  16571289
23574149  1119722
16847184  4339082
23573062  12835847
23573828  20302456
23574667  5296268
23570952  1594121
23574829  221539
23567096  5226285
23567096  14791158
23574669  2193742
23574669  5788117
11577513  5811166
23562358  4944448
23574709  17868613
23571591  16009164
23569880  21677134
23575620  1451009
23532578  19268911
23538351  9285442
23575365  54566
22122337  478258
23560980  4734406
23515774  5583379
23575237  6847697
23575237  14220321
23575237  8187201
23572623  7905929
23570949  23570591
23575113  12769982
15511002  8028957
23574624  2289830
23564558  203198
23576331  2333285
23574889  14162357
23570703  12953704
23572276  2140419
23575937  7883587
13447674  8028957
23571780  1566595
23577003  23576440
23571940  23437735
23574256  14220321
23574256  6847697
23575536  4261133
23570151  14142677
23576815  23575813
23577433  18245208
23577433  518000
23575440  4537900
23576052  49925
961779  299261
14870651  1713771
23578513  2155688
23578513  2902347
23578282  11745333
23578956  9705123
23578956  17835144
23577961  10105411
23559084  3974796
23578974  3216013
23486137  23326669
23563923  18083629
23564486  1854556
23566295  533905
23567067  16504998
23567733  5078211
23575441  8028957
23575441  13702522
23573105  4041157
23574697  513832
23575915  23574807
23576677  4596913
23577177  2979209
23579434  23578779
23579073  971241
23579551  4660142
23579551  23550064
23579807  9907419
23579958  23574580
23579779  1126338
23580187  4261133
23580187  12769982
23580070  142003
23580070  10775367
23580208  5259961
23573921  3346230
23581227  13944956
23581227  2973202
23581399  3737139
7718476  5258977
23574059  8842504
23567932  3342818
22080536  2973202
22827042  22828551
23577395  237104
23578346  203198
23580153  5863870
23581028  16568272
822217  501460
16982056  212321
16982056  428918
23576199  23572186
23575601  967423
301499  55869
1205966  4230
1464362  1192768
23582000  1267869
10289686  4809194
18663958  9117364
23580562  5807503
23581272  15513725
23580284  147454
23581838  3061582
23582509  3106452
23582077  6822725
1770644  204465
23582276  11456850
23581767  11974985
23575886  7651064
21455774  15868619
23582498  23582075
23582992  2592137
23582440  23581198
23576681  11854745
23412369  23387437
23581732  346058
23582915  21206049
23578736  1207457
23583228  1532461
23583390  5943149
23583615  168214
23582771  17980570
276434  25665
23582793  23581767
23584642  13840429
23580533  5688865
23584599  1009160
23575922  2295290
2131760  915941
23583096  5854317
23581926  178434
23585110  9508518
23585367  5244810
23581471  23011146
6930144  1301346
23572846  4635986
23574541  23459685
23577526  23517940
23579776  5939776
23579994  1399004
23580168  4660142
23580461  14237499
23581102  7021725
23581470  15062718
23581470  1918120
23581809  5173494
23581948  1617061
23582624  8021900
23582770  2757107
23583821  5975124
23584698  1934886
23584698  1352323
23584978  10225098
23584978  10912729
23586055  23230726
23584156  4712139
23585495  471248
23587325  12769982
23584373  14274259
23491747  23488859
23582261  6343166
23516249  4396046
23586003  4660142
23587618  22703412
23582338  6343166
23582338  23353173
11173829  23446377
12546267  23446377
23587901  23587711
23587853  4120781
23582295  12769982
23587668  750486
23587668  1451009
23586826  14028959
22780966  22749081
23586424  6500573
23586424  1783403
23586424  6988823
22884807  3796041
23587002  23312246
23584675  8721189
23587955  11922383
2662720  23446377
23580634  7747780
22413345  7613125
23570919  20175447
23561542  22980471
9800075  23446377
13659318  369758
23585853  828134
23586196  23585224
23523023  18169999
23586008  804894
22533670  23446377
23586491  15188757
21807754  18294318
23587981  4707858
4915272  23446377
23586992  60174
23586668  2857376
23587365  22649053
12568016  23446377
23578582  23578250
23586449  485789
13823064  23446377
23586900  2921681
23586900  17037566
23586363  6729605
23585968  3586919
23405898  23236855
23586296  7321635
23585152  13381137
23590214  13600024
23590214  1270016
23586455  805547
23590240  1716296
23590300  1617157
23589004  3668978
23585671  18549704
23589115  13437922
23585792  23554697
23584878  9311988
23585609  1846599
23590504  11072244
14396996  2973202
23497446  23492640
23586308  20393099
19022278  18951057
23586075  176264
23538710  23515347
23591014  8769786
23591037  4259128
23591102  12769982
23589162  19730598
23586194  8904694
23584793  8659661
23589729  218384
23519227  23522091
23577343  23515347
23587279  10894903
23590588  1429172
23580688  5072028
23591686  15839169
23591686  604167
23585334  382998
23590737  489119
23593023  1538832
23591917  21888463
23593140  23592100
23592553  9753597
23593530  768431
23593490  1019169
23592647  22519784
14657170  6480549
23589503  16271338
13826038  7197919
23593274  8906722
23594082  12573816
23591633  19255577
23593191  4709418
23594346  49002
23594346  269496
23595005  23594740
23592604  46155
23591905  1497811
23555221  4717060
23596136  3559063
