668734  120001
23746790  22358
23746816  11911316
23746951  12425402
23746825  448181
23742276  10870810
23746178  2334712
20960078  1987202
23746996  11473391
23599708  5685471
5035886  2471588
23728148  16333240
23718529  14013728
23747299  19520349
23716494  18413602
18108778  2471588
23746403  23745468
23407117  23732296
23747444  23746155
23745787  3494886
23745250  358037
23661699  23407117
23661699  23441285
23746124  13609927
23747757  7348736
23747750  14220321
23742845  4480715
23746844  7311332
23748228  7043148
23742685  23353173
23743922  218384
23748523  7056749
23748577  15600499
23748567  11366184
23749099  23740548
23749067  8332742
23749146  3415582
23749196  1634782
23748370  431628
23749484  8994864
23749559  10735099
23749333  6343166
2471588  1110789
2471588  1290603
23749753  4012998
23749792  20279484
8209197  1290603
23744383  22515284
23741004  23687951
23749242  6522446
3445534  8242264
10887290  4374237
23750040  23749572
23735308  22439314
23749969  12279060
23741930  9983720
23749746  1704407
23748671  21262693
23750108  4727950
4220327  1014861
23747610  12377914
23743548  1076401
19353421  2007357
23750228  2020329
23747202  23253629
23747075  111102
23746207  12965221
23745692  979256
23743152  2858121
23740437  12023343
23750424  15112125
23735388  9813047
23732970  3354367
23636084  8495687
23750578  4261133
23750642  6470651
23750515  74326
23750515  614794
23750737  1370636
23739938  2683679
23749110  509211
23750810  7377565
23748790  822323
22937049  2101069
23749325  4660142
23751145  17364127
23751231  1054188
23751201  8050405
20756276  17734396
23751349  11823290
23743776  9683279
23751362  935175
23751474  106770
23750620  23750852
23749544  5268272
23685379  3544041
23359334  23364414
23751727  21950244
23750750  15374841
23306977  23312858
23751762  2422468
23738966  750486
23751878  439857
23314590  23312858
23299401  23312858
14987156  569903
23747186  2170214
23751947  19300236
23751990  9466265
22708230  22591776
23750204  104420
23750204  6792803
23751400  8505163
23748762  23746800
1171812  689940
17837763  4261133
23751934  45494
23752164  7377565
23752322  1053592
23743477  14321013
8232465  1375778
23752631  23690838
23548182  9617348
23752049  12597710
23751027  15414809
14011671  4660142
23752966  571945
23753028  972705
23751370  17151819
23753052  496896
23738573  8779249
21683032  750486
20712598  966225
21005109  12953704
23752894  19687146
16587033  11996299
23739325  22885662
23742503  3663704
23745851  18932
23747133  2612296
23752980  3737139
23731274  23707831
23753449  2455200
23753525  9380434
23753364  153724
23753596  728360
23752947  3599378
23753682  203198
23753741  312443
23752431  20043521
23737085  3525649
23752527  13667941
23752599  2514914
23742510  17364127
23742510  2699086
23746312  23665871
16272229  23707033
23753916  19513174
6102364  3660209
23752346  5918973
5085489  3561619
23749003  5131538
23754048  109383
23753076  1261934
17280220  5180554
23740756  4647957
23748538  166221
23754241  21408574
23754317  9554987
23754328  4739483
23754304  676824
23754427  6330431
23754083  14998961
20902909  12565860
23753353  15459265
23752099  3587199
23754710  12530406
23754240  9835881
23754897  2694640
23754655  13585186
23754812  7508464
23754737  3443687
23751172  4216745
19790075  23740548
23755077  4660142
18989388  23740548
9650057  23740548
12296090  23740548
23750423  19463985
17068272  23740548
7450504  23740548
21894941  23740548
23755184  23751927
3199108  23740548
19633983  12939928
23752102  155291
23693134  1645843
23755219  9290651
23753862  22791927
8883602  23740548
10255868  23740548
19745368  23740548
7318097  23740548
23755806  8028957
21793656  23740548
14993357  23740548
23755890  9287087
12683794  23695653
16185041  23740548
5406766  23740548
23754155  5158400
5829051  1634750
23756745  17025603
17831186  23695653
1154874  1151464
23756891  203198
1151464  266115
23756694  266115
23756694  1151464
23756974  23739270
23756955  19743396
23756852  3310186
23756233  21408574
20460693  16965582
23755741  1925614
20570226  21151830
23754165  23753754
23752857  23740908
23753336  5540177
23751560  23667086
23751560  14220321
23751274  2717127
23741832  14220321
23754017  451415
23708037  9813556
23757219  469913
23744954  8028957
23743233  541953
23736916  9437400
23563566  7493847
23563684  31044
23557309  7500058
23527108  2076988
23522805  3698200
23520870  19855520
23757325  18935179
23757819  3191002
23748206  15675296
23757868  3523174
23755759  4375410
23757831  4261133
23751717  4947591
23757853  13102149
23758199  5647461
23751937  19436677
23756456  454908
7894720  23740548
23758403  3310584
23758475  140468
23755689  9809223
23758522  1163761
23758674  23745389
23757785  2557303
23757844  8153227
23758857  6175691
23759071  21325627
23758607  17922927
23754761  10499412
23756923  23756352
23755942  18831011
23757587  23753559
23749279  1514676
23755456  200640
23754034  635937
23752155  19378484
23758795  15393899
23759853  7556902
23757114  23667086
23757114  5245915
23758896  21880239
23759263  16180104
23758803  6171500
23760210  3073382
23758460  640409
23756627  23353173
23759103  208105
23760383  1091372
23757745  11227119
23758682  18378741
23759036  5978519
23758861  5041494
23758685  728360
23758957  10343149
23758451  1055336
23758070  1917576
23757291  13386396
2598510  3883129
3613186  23740548
23519402  8024149
23519402  10931833
17493327  5157183
21372757  242813
22054979  3391791
21511811  4185910
23715011  1280600
23751603  17095217
23760888  2961600
23759684  19380738
23759361  13609204
23752578  584538
23761085  16959576
23590538  5605125
23758149  7833954
23759491  2513713
23761662  3076414
23760035  6349421
23761278  18023493
23752993  23755530
23758589  22128485
23758797  4969171
23758448  23757856
23761267  1281686
23756429  40480
23754456  2839321
23756084  12002737
2051361  8127384
23755087  4115471
23755201  3320400
23754295  9722421
23761854  2241875
23758863  6850558
23760707  6490252
23762155  23740548
23760584  22710524
23761921  2689658
23762321  3012488
23756367  22929675
23747396  12104975
23698397  824555
23762263  23571184
23762366  4660142
23748338  23653778
23748338  218384
23746851  4201713
23745167  8860847
23762582  9338507
23749295  23659594
23608364  5971686
23762786  17364127
23762715  2784514
23690622  7916539
23760728  8123839
23763135  3120196
10307995  8720194
23763217  10349206
23763153  23733863
23762380  1434779
23745307  448181
23745356  11020894
23743252  23720118
23763246  1093536
23701200  11597626
23701200  3730350
23763445  3403844
23763495  4989670
23762383  10332550
23763776  15726641
1369526  3012488
23734489  858980
23763928  4261133
21853672  14852199
21853672  11616835
23722403  3856304
23722403  5918139
23722403  4945655
23204580  12020048
1667042  1019793
23708465  40480
23707950  3530065
23763472  3555681
23764307  11062818
23762979  8028957
23762979  23351894
23759287  9807214
23760567  10522277
23757929  23574748
23660057  2132172
19856310  23695653
23764759  312443
23764925  18751291
23764953  22598547
23764530  2689711
23764946  3577641
23764491  1322068
23763466  111102
23762920  2261079
23765402  3407543
23765475  2745265
23762421  107735
16945057  7726420
22096146  4122691
23764770  12107163
23765564  240244
18157116  14168258
18157116  5216222
3366902  968971
23765783  8238588
23765320  19391415
23762939  13543146
12427323  123391
23766451  22202569
23766397  13081682
23766529  11691767
23766651  7215022
23766657  41406
23766687  18933195
23765710  174155
23765849  12573816
23101490  391005
23730566  20002503
23758547  7124914
23110947  7057934
23110947  843632
23763955  1293147
23764561  12994679
3800846  4915361
23753616  23765784
23758652  17196160
23767514  8228980
23767524  23746886
23453266  9607698
15245167  38645
23767769  12769982
23767822  625799
23511712  2075720
23060155  23056532
23744696  18869567
23744696  23743482
23765672  12349728
23768062  23742923
23739809  16320181
12328077  1054558
23768292  9279672
23768270  2407912
23768311  9158238
23768163  180103
23768443  10336899
23766768  1489932
23766768  19666142
23768552  5229809
23760767  19815061
23767042  15940234
23763775  291847
23703008  9451870
23687355  9072079
23709060  17963962
23768742  588004
23758101  4191887
23755038  18220128
23747249  19216335
23745084  14811794
23717828  16469284
23716935  5952778
23715812  22797266
23597838  16423432
23466222  2288485
23766834  18262306
23768859  2174297
23768859  784929
23672497  16377215
23767232  258099
23768548  2803061
23767436  15071088
23768445  6150289
23765266  2632199
23236158  20443574
23587013  10569438
23768786  4660142
23586998  1732348
17523100  13517074
23732696  3655250
23551422  1732348
23753226  19603832
23750884  11862883
23768720  16331430
23769160  13613655
11254697  3594046
23162130  23155423
23161757  23155423
23769256  6115325
23768908  21918536
23075005  8663844
23769380  273238
23769623  22202569
23769663  574805
23769759  23011146
23769573  4660142
23766513  2810967
10441506  2810967
11513609  2810967
14756204  6960714
23769986  5585779
23769989  4967319
23769373  6613110
23770097  312443
23770072  279170
23770107  8752837
23770098  6550901
23770211  6270004
23757789  2803852
23770171  7923369
23766777  20287186
23770352  8228281
23769510  10731845
23768546  6455088
23770116  12859942
15461404  5231901
23770393  5605965
23770054  6320113
23770825  1451009
23770788  19779185
23770745  17946221
23771001  3473675
23771116  3577641
23771240  2316370
23771286  354038
23771373  773639
23771443  9189102
23771573  12573816
23771716  1104975
23771820  20794832
23771836  20279484
23771463  3946558
23770503  12548603
23772082  203198
23769722  6441218
23772240  695980
23772209  6392739
23772341  23717072
23772362  510348
23772139  10326729
23771824  4605206
23772706  23589609
23772597  20431880
23773070  805107
23773164  6052265
23773165  203198
23773193  4261133
23773194  4261133
23769209  13604137
23773353  4289331
23770514  2497303
23771950  1379888
23770740  176918
23762324  4216745
23769686  21279127
23773482  3993302
19187186  377407
23774010  513832
23770125  5210535
23770125  4111177
23774009  21325762
23773625  21212503
23774043  15864842
23773627  1107220
23774143  8710619
23770471  4412238
23416578  6183416
23772952  23680334
23771828  11125429
23773289  987142
23773289  5241644
23773465  23575830
23769011  14004302
23769311  6370690
23774303  4660142
23773948  23774474
23774419  7852101
23774515  7728056
23773612  4015345
23774527  19760995
23774599  7857867
23772999  2305069
23774757  4421706
23774466  204476
23772705  2573834
23764636  23754396
20087425  1797964
23775135  23768385
23775012  22313407
23775262  4059932
23770598  45494
23772582  14598720
23775500  15550966
23774784  3086592
23592295  1974941
23772463  17364127
23775707  359237
21104875  1625234
23776012  5301226
23776012  5683728
23773002  17245622
23776102  23653778
23776037  23774413
23776063  7792123
23775997  6346674
23776186  23776045
23775690  14796162
23776158  23622295
23773880  654112
23776347  9255279
23773413  2580478
23776308  4660142
23776376  3737139
23774890  23610036
23776742  23232190
23776769  15871309
23776967  605845
23740823  8492339
23724064  22221566
20840409  20791048
23777012  5199359
22075024  15774932
23777238  544010
23777135  5984704
23777300  19353808
23777188  2729927
23777246  60174
23774836  18680396
17914334  18434838
23777478  13834999
23773444  15103662
23777112  18347204
23777508  1532461
23748950  19219706
23773396  4220416
23777549  808276
23777709  2381544
23777836  513832
23775579  23775250
23777971  9553639
23776278  12769982
23712109  22515932
23775911  19807081
23772753  11312239
23777938  9130832
23769230  276927
23776418  23080945
23772782  8189466
23720369  9565996
23777719  2370015
16875838  21974361
23777075  19921546
23778644  11321491
23474278  3180375
23772156  2320069
23778792  1942644
23778946  185937
1636628  145154
23779015  6288812
23771369  540349
1451009  750486
17914473  6800613
22488841  17972331
23779941  22135980
23780035  17611017
23777409  4377352
23779933  8281441
23780321  49002
23780534  20563772
23780628  1958808
23769427  513832
23780619  1942644
23780811  15112125
23776540  5833094
23780775  16996626
23659883  4418555
23779114  12954821
4993144  7389069
23779552  23655788
3108888  1568348
23780409  5375817
23780573  12417197
23780573  11215227
23779617  6213807
23781270  12074939
23781156  797251
23773632  14028638
23777133  1732348
23779746  304874
23781550  6525650
23781183  5160150
23781812  13504954
23768972  23353173
23781142  14602062
23779382  950087
23777953  559394
23781885  203198
23777032  7604036
23777032  9669940
23779500  2602818
23779537  750486
23781204  3999922
23782364  23752799
23782524  8710619
23782496  4261133
23782649  513832
23782730  794870
23780122  9643311
23778322  23055399
23782624  8240554
23055399  1161763
16211242  6800613
23769113  5078239
23775907  4463821
23783069  588004
23781245  1748768
23782144  1764809
23097155  12659168
7503448  12954821
22277668  12954821
23782177  17212840
23783388  21647
23770938  3653882
23783629  2973202
23767882  7409606
4654028  4421303
23783829  4421303
23782927  1408417
23783977  14550396
23782924  2090723
23779412  17364127
23783865  5337834
23784038  2144165
23772243  4691477
23772016  6003368
23784419  4128323
23773449  15116157
23784458  6185419
23784272  2559280
23611364  7795009
23782786  399867
23784749  11918797
23783525  11962665
23776147  6287918
23784888  16125870
23785170  5964193
23784282  4632438
23784173  3829403
23777313  7628249
23776312  10972892
23785647  12266441
23785053  1494800
23785728  20143035
23785782  16265704
23778883  13096162
23785936  2055110
23786039  1299424
23782572  12957348
23785734  23744027
23786492  6163055
23786310  5074225
18054053  60174
23786506  23785493
23786529  8028957
23786723  21236711
334851  427453
2055110  427453
3143888  427453
4014722  427453
7517478  427453
23781190  5262951
23787246  614818
23787289  8965006
23787129  11605917
23787331  9207404
23787527  625799
23787584  15866451
23787636  1296646
23787681  12316953
9221930  5618652
23787692  23753116
23786836  23620771
23787793  122105
15382311  2177504
23748723  2177504
23777000  23779345
23788190  1363925
23788190  14699941
23788445  949433
23788445  3812850
23745869  23788364
23788390  218384
23788559  20243850
23788487  4588100
23788657  14680396
23788381  6343166
23787698  7603644
23761708  14290026
23772347  23772704
20537053  18414387
23787466  4523609
23789089  483666
23789094  1917576
23787984  12771522
23788882  5582824
23789119  23784905
23788733  10349206
23789162  19092636
23789363  4261133
23788356  3505701
23789244  120228
23783258  14220321
23789470  2503413
23789545  5977326
23789545  15836392
23789620  240660
23789343  496702
23789708  23708421
23789886  367192
23789398  18578117
23790124  8028957
23789496  2932469
23790240  22708
23790285  14038746
23788540  24797
23790325  203198
23790507  1489126
23778705  8375197
23778705  862272
23788790  1502910
23777906  23429831
23788615  16638115
23791144  4919205
9245794  6191635
20072123  11608940
23791493  7022383
23791625  1568091
23791805  21062532
23785489  23766874
23792026  23667086
23791638  13840429
23791638  5546675
23792197  15913417
23790736  5580965
23792340  2283674
22159907  9432460
23792728  2559527
23792689  1885557
23792801  8028957
23792844  4969171
22684730  13397022
23792907  6574984
23792858  20926952
23793009  13625304
3368810  4929717
12219484  4929717
23644614  23645009
23793325  8228281
3145418  4929717
3560143  4929717
23789594  5706437
23793267  5151758
23793606  1630631
23790704  8159941
23793839  7627098
23793920  15752345
23702229  5907777
23794095  3059044
847974  543697
23794294  218384
23794399  14127529
23790517  23789643
23794601  2973202
23794596  18647411
23794766  4421706
23737271  23666440
21993084  21229760
21223562  21229760
21971401  21229760
14456879  12540597
10792587  1433212
22711013  1433212
21281246  21229760
6429321  1433212
12231644  1433212
14812094  1433212
15274810  1433212
13668860  1433212
4993764  1433212
1396307  1433212
22333762  1433212
18301246  1433212
10439857  1433212
4029201  1433212
19127149  18280436
23794141  3285432
23795338  16214724
23793958  586363
23795488  500431
23795550  4255598
23795145  13709226
23795603  920353
23795668  8101585
23795831  155739
4576616  196512
21499202  15112125
23796061  18972370
20874483  306400
23790735  13712810
23796101  803971
23796322  23796126
7131652  529085
23795201  21884126
23793210  11392261
23795989  1336207
23796806  4261133
23789241  11169445
23795186  1542960
23775557  23767298
3865946  529085
23796953  903221
23796991  453793
10484799  62503
23797062  5965044
23797459  8710619
22881705  8088473
23792456  455623
23797779  14220321
23797904  3830961
19599864  16972501
23791303  8907860
23797830  23662734
23791526  44109
23775164  23495402
23795214  11060506
23797432  3667088
23786480  19434303
23788077  203030
23798111  4452132
23791589  6850611
23798499  19723811
23798506  4255472
23792344  227613
23798719  12769982
23798868  3127429
23788986  8556704
23790599  398299
23786731  9059026
23784532  23741534
23775104  4910344
23636537  19546792
23768754  166221
23768483  3314567
23761970  18519473
23758111  23751238
23798521  12573816
23686005  2153917
23684757  279170
23678526  6125859
23588727  23500454
23584512  4660692
23103142  4261133
23575725  4364595
23566714  20563772
21854902  889373
19509205  6959120
19333800  8028957
18572926  199045
19086853  8131890
20881608  6999889
22165544  21908332
19697343  797251
8639793  1795244
18652731  18619371
23799434  23798488
3115150  2593637
23139753  10381296
23799494  398299
23798705  1318645
23798850  285793
23799423  10549627
23748551  8054165
23799573  218384
23799867  3577641
17455840  359788
23799993  3229905
22079510  14013131
23799672  919244
23800315  7580277
6743084  2139134
23795057  3275515
23798564  7130264
23790339  2453951
23800555  55828
23800555  4752796
23799583  5749195
23800451  7937256
23782313  15141040
23799330  2360986
