23850298  10068714
23851717  6965597
23834404  8565638
23852421  9158245
23855641  6481304
15134389  2603700
23848305  12573816
23848940  20368832
23855726  2811797
23799506  972010
23855832  9647997
23854152  3548920
23798426  6853190
23767989  5213528
23855788  8898108
23851570  23353173
23855899  15379456
23813055  12065029
23856157  2559318
23856180  5653241
23856096  3794420
23856096  4004918
23856314  20491538
23855664  2598009
23856396  3737139
23856462  2973202
23269229  8475306
9921825  7157199
23856638  768431
23856640  16025769
23832204  2075337
23856731  2687866
23849522  23814629
23574231  23573933
23555340  6993182
23851064  9785072
23851064  4216745
23857078  3064926
23857160  1757065
23856725  23854846
23857224  23489554
21657456  20745970
23857288  2770321
23853357  23489554
23455646  1417848
3625825  1417848
23857119  17689422
23857246  3624280
23857219  364952
23856876  1217088
23856517  22944959
23852030  112698
23857544  12573816
23857590  2373189
23857729  13031778
23857797  621616
23857820  2776975
17064302  19298861
23844923  8297701
23857923  6822725
23857923  312443
15336238  8288664
23857391  23847889
23857776  22671347
23857877  5924495
23858084  23489554
23857484  5183251
23858028  3122635
23858041  20904114
23854616  14196772
23857996  8620200
23856707  7486326
23858423  17519278
23857376  1187783
23858588  495021
23858598  23855352
23858622  4660142
23820113  23808099
23854154  563406
23858735  5527436
23858805  5629111
23858950  2450954
23858669  20281707
23858996  12769982
23859036  23858496
23858096  6815520
23852841  6279331
5771210  4262773
23858203  23653778
13962772  1520608
19217146  1520608
22646214  1520608
12857427  1520608
5028212  1520608
23128018  1520608
21731605  1520608
23858467  2025282
19018547  1520608
21327834  1520608
19019420  1520608
23321401  1520608
23849312  6698075
23758875  4401232
23859538  16706935
23859498  23282342
23859689  23841386
23859628  20829175
23859738  16978902
23859810  613183
23859852  789701
23660589  5548185
23851245  22858420
12404759  8481783
23855295  19885845
23859965  60174
23843912  17473652
23856294  10419530
23860055  12287696
23859710  8689225
23860306  23303934
23860147  10873942
5183674  3581179
23860437  529085
23858359  3535822
23860655  588004
23857803  8982730
23860769  513832
23860024  23538954
23853161  1984047
23860008  2409867
23855117  696659
23861041  23850277
23860214  4304928
23861337  12389318
23861371  4244896
23861210  412789
23859038  1967136
23861451  57483
23861153  2475652
8951242  1247442
8344087  1520608
22473727  22467138
23855357  21586508
23861179  5938802
23857107  9453421
23802461  7592630
23852067  12829963
23859315  3778428
23861805  2923579
23862120  23667086
23843851  4263536
23861854  65427
23862190  10128950
23860413  3033407
22045709  1520608
23862254  23279698
6005308  4989182
23862520  7080269
23856781  15551287
8059734  1520608
23862829  626759
23859483  23858496
23862758  6718598
22356256  213628
23860356  1569702
5587648  1520608
23860459  5904484
23860311  7699700
23841503  23715331
23860662  272535
23863128  1200621
23859074  101752
23859074  161813
23858229  10172739
23859394  23818524
23859127  15014066
23857947  2819934
23863205  13569
23862569  22171715
23863295  23860074
23863310  437816
22784967  20843221
16088531  1520608
23856276  7557265
23827017  21129735
23862418  3957709
23862691  147267
23863133  80476
23862337  495021
6523714  2710621
23863526  1144783
23863439  513832
23853105  1418466
23863543  20615908
4461885  1407563
18940266  13083399
23863989  1393486
23863994  60174
23849643  13697486
22788782  544993
23864356  2760804
23864135  2709458
23863745  9119236
23864179  13416142
23864172  71022
23864574  1331821
23864458  1573080
23850064  12161154
23863341  17411991
23306126  12076072
23862381  23858850
23865771  2214735
23866282  23039188
16419174  339923
23866390  17364127
23861640  1642028
23866424  4166966
23863817  12927169
23866706  17940281
23268714  23257439
2644973  2356318
23864922  12326838
23866110  9839343
23866722  3742709
23866742  7036491
23867278  7428260
23865355  45494
23864622  23353173
23863235  10382929
23867538  278089
23867164  6887901
23866348  5369243
23867540  22238054
23867424  3052442
23867773  5684157
23867963  2928688
23868138  5821380
23866786  10836559
23866857  23854878
23866533  14330798
23865928  13993385
23865689  3446216
23865074  7580834
23862996  20948393
23860729  22937618
23866934  13469383
23852933  2181275
23865940  8430279
23851996  21350605
23864899  23758336
23859080  3369794
23845690  8600161
23850506  6794000
15937558  13866442
18674091  3224834
23864288  7284142
23868406  4181942
22248836  13693482
19631696  4194092
19771017  9297434
16021007  7506844
18532600  750486
19379479  12880536
20566063  166221
23864856  9763531
23864793  2267488
23863628  4261133
23867754  17462504
22033755  6194116
23867274  1520608
23868719  8880286
23861888  13595333
23868924  8653650
3921445  4605994
23867797  365382
23869172  10349206
23869222  16510997
23868795  1625042
23868795  23559452
23869266  20638586
23869298  9046675
8799446  8028708
23869364  7771586
23869087  5023645
23869572  23827927
23869727  17147249
23869755  13047807
23660887  968201
12780904  1388361
1388361  47752
18260583  14220321
23870148  45036
16002266  96759
16002266  17364127
16002266  2699086
20720864  3577641
19755834  975262
22266508  4480304
21256924  3076414
21237754  182287
17043855  10597114
21232077  3957705
12405749  8028957
9244806  4784419
23866574  1675734
21833379  2924935
21353111  3630042
21518658  21518290
9362029  2915864
9362029  3534533
23855562  9471380
19078615  19995
19417495  9089230
19962531  14220321
21813484  4358130
23870392  13432389
7105881  2571232
7105881  6720017
23870530  1741820
23869420  5119948
11475748  522563
2984566  522563
23870931  522563
23871067  5201138
23816507  871405
23871509  60174
23859763  10438445
23871504  10120665
23871741  1367454
23871900  513832
23871799  903103
23871952  1110998
23870665  23868970
23871805  2689379
23872333  7709041
23872272  1032243
23862234  17552391
23872411  6687630
23872624  19509737
23872512  4289705
23872742  6164950
23871561  23868193
23872814  312443
23872954  2496455
23872162  9469968
23866336  2386025
23867303  1090458
23868409  5462275
23869084  359424
23869731  3422262
7647167  568271
23871034  12573816
23873302  22482842
23873486  8604286
23873638  4015345
23873617  14028959
23869758  22444857
23873682  918886
23873615  918026
23873796  2860879
23869859  1732348
23873917  12430277
23873942  2867575
23874089  12878162
23871677  6438086
4114503  6438086
23874181  1063007
23871514  12573816
23874112  5327555
23874115  23872437
1709113  1286795
17353317  4791320
23862872  23667086
23824879  17361958
23786715  11937157
23873549  19732070
23775768  5902488
23874569  7503716
2195747  17250
20714689  6317980
10515336  6317980
21581971  17741040
19878151  17741040
14027491  6317980
23874147  1442527
23872692  381542
23872692  8185582
23875240  6343166
23860784  9315205
23875501  4261133
23875511  1279217
23875414  8845432
23875552  12769982
23871483  16879803
23871544  162551
23875613  2422026
23871975  861409
23875008  19955898
4386708  310870
9772307  310870
23875311  8743411
23769255  6317980
23769255  20714689
23769383  6423484
20081614  15200165
20031437  15200165
20031437  20081614
23641168  22739370
23589075  4397412
23589075  1274605
23876047  3089500
23876117  3577641
23747338  23765220
23874767  12425287
23873907  7937288
17599169  5057320
23876356  5149228
23876169  20977912
22382584  13840429
22382584  23740548
23876630  10415400
23870313  14373558
23876755  18914468
23876755  312443
23877204  12012689
23873430  236129
23719424  10141800
23877023  23850777
23876777  4903668
23876592  580281
23875034  498320
23877408  5921699
23875141  8436750
17572202  18021880
23877589  22844840
23751995  23873159
23874357  23873623
23856748  20258134
23870728  270197
23873504  11561375
23878043  4465948
23878253  7229212
23878493  8819842
23878589  4660142
23877418  23667086
23878719  166221
23878684  4014036
11671121  2924160
23877223  23417356
23875382  23353173
23874596  1101957
23876336  13297458
23878739  19323505
23878739  11134812
23879597  20279484
23879586  1069666
23879727  23846274
23879767  17338863
23869545  3476430
23872747  12806278
23877046  3811012
23869254  7274076
23867633  11203145
23869311  992019
23866315  201323
23849081  23428747
23865950  23863716
23864736  1785725
23865374  2738342
23853524  23782390
23865008  470690
23853913  26305
23863228  15984896
23862947  218384
23865410  439071
23856340  5139995
23854130  1913565
23851365  16729903
23876842  2327763
23852995  23180428
23828865  3305453
23851010  1490803
23880181  4261133
23843262  208736
23843125  240546
22660612  14743088
23839921  17140847
23828568  10749732
23804102  1930963
23814001  155243
23805861  1066589
23800525  6865538
23790284  8026136
21794159  7666589
23880323  17364127
23880438  3985214
23880080  279170
23877991  3413762
23875603  16498072
23880592  15043981
23880573  13750014
23872575  23870110
23872253  23353173
23874644  21950622
23880845  23578
23879488  787700
23880083  12347109
23881030  23007023
23880492  7785672
23877790  17459150
15130138  2344411
23874921  17864047
23880616  21974139
23879418  23653778
23878993  16132341
23878033  14819642
23878715  18686522
23881466  8580762
23881254  13301945
23881376  12051
23881966  3430757
23881997  495021
23881908  16959576
23865148  2113940
3196853  3195111
23881085  227486
23876277  18934122
23879014  3737711
23879014  3213368
23874271  11887799
23880160  1102392
23880344  2757107
23882401  9091397
23856797  21938850
23882278  8028957
23882359  4660142
23879604  4689344
23883445  290884
23883494  17267417
23880942  8248196
23877377  23875483
9460970  5026926
23882308  13437922
23882461  4261133
23882168  4261133
23862126  5997102
23883550  7880921
23884151  2024238
21842332  2973202
23884318  5428325
23883373  318239
23884416  23798318
23884637  13699075
23884564  7299010
23884639  12531701
23884619  4907843
23884672  2397984
23884788  1203966
23884849  10040330
23884862  11125212
23885085  4660142
23884539  8264687
23880756  2250770
23876978  21836536
15961936  14362659
23870123  18283807
23884830  3088059
23881925  5870188
23885714  364621
23885783  5647461
23885944  858080
23885359  15235729
23885883  451415
23885745  20279484
23883108  12548603
23885939  7542694
23886299  6127648
8922053  4276231
21450912  12769982
21368831  9153582
23886524  109086
5067675  2841766
23887196  2632272
23886840  11922383
23884996  4935632
23884996  191881
23886791  469913
23886638  16102409
9549498  8240844
23887436  16491585
23887423  17364127
23887471  18326738
23887085  12294653
23886998  23873083
23884990  1179672
23887876  20163079
23888228  9998402
23888296  3733580
13759758  2662531
23888279  825939
23887370  18302603
23883214  21773810
23888708  1083955
23888931  15112125
23885717  18512688
23875664  15335744
19580276  5486789
23888268  18177148
23889046  4660142
23889225  10820340
23889177  23879137
23889216  23294658
23889638  23808889
23888082  1591909
23889678  2070556
23889856  18749071
23889890  610245
23889838  676824
23888545  367192
23890169  17657920
23890342  6803073
23890082  5434891
23890262  123559
23887703  2679885
23890042  154536
23890566  203198
23890313  11805291
23890313  12068971
23888192  12573816
23890680  233919
23890722  109383
23884042  1845500
23890757  614818
23852567  18310332
23890752  1461383
23729116  23861710
23856866  23861710
23890353  23888944
23890710  23845653
23890782  22962917
23891055  3601760
4919403  2140627
23891482  4781237
23891312  610245
23887867  6051302
23891279  11365102
23891844  6999175
23891425  2973202
18131053  23886364
23892010  18153234
23892010  9184141
23892042  6238992
23892083  12200580
23892217  6997887
23890322  5008804
23890322  18689537
23892510  5434891
23321660  23312312
23890295  8948
23890295  15164646
23892185  2116558
23891208  251420
23892020  23789271
23892430  1484270
23893047  4686543
23892914  13188542
23891756  3127429
23893116  2642707
23883620  4233265
23889071  11552380
23888713  1340872
23888146  9863396
23888207  768268
23887655  3671551
23886961  23882486
23887246  20909525
23173551  23122192
23884999  20211201
23884328  279170
23893568  23653778
23884604  23860000
23884079  922476
23883544  5922647
3326078  359788
23882319  3564238
23882117  18691071
23893720  8028957
23882023  4842590
23878677  19655465
23878447  3693750
23876213  10113366
2490452  2400935
23893752  2973202
10257810  2400935
23876344  6356519
16701746  950087
11638354  774752
23879256  2392655
23875439  375508
23892037  1914579
23871066  12680446
23893409  2113940
20767322  7415872
23871445  2807251
23870571  17394707
23869339  7343209
23868909  16989585
23861061  4234619
14264652  500504
14264652  12980860
23891502  21659637
23893985  7294710
23893906  22284709
23893926  14578435
23893706  4012855
21216077  20967790
20205351  15473369
23894053  4660142
4343867  21547180
23880154  2425728
23893865  11302981
23894266  9942015
23859273  4847654
23894446  3036749
23894503  19226816
23894373  6343166
23894634  9667148
23894643  22069108
23894635  14247373
23887590  23887324
23894639  16948256
23893882  4531360
17882105  11114627
23890008  3020751
23895020  3297867
23894229  16959576
23894759  13312358
23895426  14746407
23895337  6974582
23891785  23832180
16073246  6697614
23895823  4261133
23895790  18026236
23895511  22350288
1417848  23884787
23895805  10334688
23896034  11718909
23896330  6633119
23896330  4564916
23896146  10802532
23885211  1416697
23892339  7016710
23890188  22256434
23155247  23562565
23895054  12733761
23827755  7745361
23827755  5078937
23896674  4421706
23892452  679915
23896890  6323619
23896613  6443535
23113176  5081657
23888662  548541
23893466  23786838
23895874  22587638
23896886  7745693
23897014  4244896
23896365  2166961
23897682  1737252
3784719  263191
23879896  19370110
23894284  6739566
15060033  21547180
23897486  7209031
23897878  3514784
23898217  22857186
23898459  8142699
23898470  5749898
23898573  180986
23884985  10175753
23893460  49478
23893460  10956312
23898284  4967448
23890984  4660142
23890899  17385086
23898782  240178
23894125  2478984
23898840  2382834
23624342  22628523
1115125  1066625
23897157  1241728
20479553  3230133
15228141  600202
15228141  3737139
23896754  23835999
23898677  11968154
23899544  5703431
23899544  1075534
23899565  291978
23898350  797964
23899287  1965578
23898103  13587977
9098770  1105934
23892525  23835999
23899896  588004
23899856  5924670
23898733  23023167
23899863  488727
23899863  525548
23899863  17806342
23897525  18638640
23899991  22969366
23900195  4660142
23899878  19098797
23899878  4935632
23899439  15784373
22893975  279170
23900318  8102221
23898491  5183251
23895378  23417356
23900450  23667086
23900679  981938
23673655  23757676
23897000  12029383
22200841  937313
23901099  2122380
23898977  18154556
23901256  173041
11141472  3900564
8321200  2063015
23900393  4771955
23899962  16947337
22748396  18762037
13345222  5719116
23900518  23881397
23899900  23353173
23706898  12134823
23899038  409784
23901420  18671081
23901787  4665782
23898601  75482
16748161  16631436
23895799  130322
23895799  4669182
750471  14386608
23901983  2659738
23894127  9786928
23902019  4660142
1934719  4445173
23892957  5565759
18296595  12486441
23901942  20897020
11146966  13640322
19485026  2339101
23902256  17192287
22500497  22408850
23757676  23651974
23900221  23203149
23900288  2632175
23897332  17793211
23902373  524696
23891198  1332602
23902411  14220321
23902414  23901162
23902295  279170
23902507  10631473
23901436  18483160
23896183  17608188
23902599  388242
23902599  399003
23901029  22277284
23891881  4933056
1352855  36314
23901853  23772104
23898469  1321866
23899706  19726593
14022750  7573590
23900740  23653778
23898905  7321896
23898905  4188933
23900090  6714678
23900461  23856397
23901466  7573590
23901466  14022750
23902173  18302610
23888370  5206633
23903385  17968469
23903372  12132453
23903191  4142177
23902882  1183679
23903579  4968406
23903747  60174
23903501  5888200
23894647  9381926
23904000  11547914
23903995  2622230
23898920  10675399
23876185  15849209
23888507  10028770
23902812  399641
23904539  1032847
23904101  8055389
18448319  20563772
23885685  13289304
23895577  21206696
23905271  1359018
23904972  11957528
23628876  17339789
23905313  23667086
23905303  1398582
23905046  23905333
23905286  23901166
23898590  3053833
23903887  6090913
22324227  9026383
23905555  7381757
23905976  2831361
23902669  9382045
23904716  18788805
23874408  12573816
23902190  23903642
23871866  10085945
23906438  4238063
23904496  5605125
23906792  4261133
23902025  5443304
23906908  513832
22724301  5127407
17141832  3308010
23904301  10099286
23906875  4176328
23901686  23901094
23904116  272900
23905396  9576839
23894601  18299898
23906990  3059759
23898126  3174358
23886368  23906722
23889503  3905358
23907118  3027495
23898081  23884791
23907465  9903582
23900844  4760215
23905457  22799990
23905457  5598524
16222956  3277503
14765828  10735415
23899977  23892558
23907868  29155
23907758  20289052
23906942  11504843
23908332  4632762
23908158  20237474
23907405  16352864
23908440  3126072
23907701  5180557
23903410  17380845
23906883  1513311
23908472  223918
23908470  8495687
23908178  6270004
23909477  7188484
23909355  6084039
23906189  1630239
23907312  917783
6632282  6630737
23909134  7545326
23908566  9549084
23909903  2134161
23910196  19192268
23909779  464040
23907833  45888
23906907  3605214
23905945  11837606
23904948  17186777
23904995  12790645
23875110  10805711
23904582  23904255
23883447  2343927
23899196  13502733
23841623  1838276
23893907  14220321
23895285  2305669
23895045  364952
23910293  6670415
23910485  8028957
23892929  381795
22154993  12592913
14504411  896777
18557835  1267283
19682424  8976627
10951741  7496727
19864347  5411538
21983389  1017224
21113816  249991
21113816  8811027
21310395  8904782
14603197  13418669
23910076  2530
23885840  17359835
