24029146  18259249
24028793  2544279
24029285  24008011
24020309  21421004
24029406  750486
24029534  3420311
24029765  23740548
24029867  197986
11552210  18292155
24024816  23611001
24029933  253834
24023924  1580641
24026834  12573816
24029939  11922383
24030040  1542213
24030043  230126
24026728  1524356
24030115  12637693
24030239  1675037
24030239  3184883
24030224  498197
24030361  2973202
24030361  12769982
24030696  9575520
24030747  602636
24030790  24029364
24030923  13817562
23977116  859634
24031632  1826159
24031736  9090077
24030653  670329
24031468  8456835
24032003  5082452
24025654  21926162
24007375  21484677
24029330  8028957
24029050  12208498
24026142  20091527
24032058  1947263
23994535  3126972
1180910  1238881
24031948  18069225
5090960  1238881
24032357  23740548
24032203  13840429
24032448  9137157
24032516  3599239
24032534  750486
24032521  3215619
24032524  9015536
24032583  7014903
24031986  4968854
24026227  6157497
24032708  24029768
24032415  15106696
24032778  5679259
11347046  3034941
23854669  12758338
24032554  8270784
24032753  2508704
24022908  4183401
24033040  2336134
24031903  13656642
24033220  1535631
5176734  6359327
12717755  87422
18457797  6359327
24033104  6965642
2336134  1844491
6359327  1844491
24033329  9417024
24033467  750486
24033387  10376604
24024520  3475377
24033299  8607707
24029422  17585649
24033992  24017316
24033722  344380
22934288  22915942
24025701  24031650
24034304  3264950
24034426  2589949
24024126  5168145
24034625  1506521
24034753  23994565
24031596  3331353
24034767  155243
24035317  9620586
24034573  7814361
24035423  8104268
24014953  22960604
24029996  348792
24027955  4851595
3716195  3368036
24028394  4261133
24033511  4935632
24028282  4371565
24028214  23599336
24033125  506282
24028178  3519861
24031158  6953743
24032914  6251171
519145  5113374
24032161  10085961
138669  5113374
24035812  13955163
24035742  9252354
24027991  938180
24027178  384145
24020761  10626885
24035388  19474759
24035878  21411497
24036006  154577
24036046  1664362
23423382  9620586
9622475  8976627
24036031  308695
24036048  14260911
19856257  806000
18743424  5755722
19312697  1220251
14838269  1694717
16390051  4502591
18601347  10957709
24036212  5078239
24036212  16678929
20841333  883180
19765669  8021436
14502704  14477156
19687656  750486
24034458  2570410
14133354  480735
17151449  750486
24036528  18649173
24036601  12438339
24036747  6094315
24036680  3726505
24032158  3206149
24033726  816286
24033962  24024549
24037247  12769982
24037594  2889871
24037509  799314
24037511  13840429
24033422  15824295
24036214  499188
24037399  7875926
7514325  2661536
24038163  2688377
24038224  13654487
24037506  11747370
24038386  13840429
24038387  1388818
24037689  23653778
24038415  13485856
24036942  19124360
19093835  19109220
24038572  24023024
23995182  3387075
24038376  1328025
24038357  21895106
24034288  14716730
24033367  8800914
24029007  13611658
24039195  11563638
24039285  6343166
24039541  11762619
24039802  2973202
24039745  14220321
24039779  1014861
24032423  4347797
24040221  2939914
24039933  8228281
24040174  9264763
24033239  6719881
24033498  6974684
24040792  1732348
24038402  7916768
24040914  4797748
24031042  11047886
23776350  196017
23586669  2272179
23586669  11223849
24040416  940905
23579630  23561551
22163889  19698347
24041263  11555997
24040941  266825
24041370  407255
18771939  16491547
24041768  6269765
24041721  990360
24040278  2592579
24041725  14220321
24042244  9324391
24042368  23765181
24042033  23583733
24040321  11605917
24042437  5706086
24042523  2165204
24042523  3854748
24041447  12990309
24042877  23984792
24039695  3874627
24038395  13625359
24043117  15112125
24042416  41018
24043299  14166546
24043499  394809
24043491  24886
24043140  284325
24000802  24043207
24042840  15989939
24043572  10814580
24043958  492387
15147084  15149330
24043993  7755202
24044053  10326150
24028930  355167
24037793  1380463
24038436  21909932
24038436  23765265
23963760  4842611
24043999  6945998
24044294  9053658
24044294  5286451
24044720  500431
24044180  11734429
24045026  4619668
24045091  14220321
24042447  9398879
23832137  1699736
24045260  381542
24044709  2429829
24044148  4325200
24045296  24030193
24045332  10729276
24039590  11169445
24043965  4076921
24046226  2229107
24046391  39561
24042849  339007
24046487  9057669
24044869  24004580
24046243  12573816
24044648  3366529
18261691  7733300
24045553  15297644
24046540  14259708
24046257  24030053
24046018  4230029
24046667  1732348
24046740  3602827
24046552  4261365
24046831  15112125
24046826  1628768
24046918  7929177
24047128  8553539
24047375  21926162
24047536  24044920
24047418  24001778
24047348  279170
24046290  16553089
24047740  5368862
24047607  1299871
24047798  14047068
24047995  4244896
24048048  1448396
24048089  509211
24048115  577944
24043894  1655362
24007050  24001778
23649886  14527980
24048354  19080313
24046878  218384
24048358  8115683
24048472  288739
24048421  1922040
24036844  22905030
24036844  312443
24034921  24043306
24048092  1107681
24049065  2851404
24046203  10316346
24049230  14220321
2445599  13774601
24049337  13774601
24049458  16774546
23959890  23958414
24048275  5011932
24044338  23477849
24049888  513832
24049568  10127845
24047713  17594210
24049152  2032719
24050237  24047853
24047853  24024754
24044960  4643713
24050180  23740548
24050597  13840429
10083242  10069012
24050554  4912788
417481  106508
24050457  6609123
24050757  4660142
24049477  19169562
24047232  8475144
23835692  20984793
24050893  10554474
24050914  22214520
24051023  15236151
24051023  8936891
24051004  7373567
24051083  8755484
24051121  203198
24051085  1110998
24051231  2420133
24051264  4660142
24049164  2706125
23991102  23985639
24048914  7364693
24051464  13025900
24049262  1109022
24051730  147181
24051996  60174
24050262  11019570
24051794  2685148
24052226  2832467
24052190  15402493
24050812  17332360
24038161  7362265
24052282  2973202
24053171  4176328
24053250  10398783
15582396  15582825
24053383  10040842
24053358  119123
24053470  1725578
24053903  1906445
24053613  338075
24051188  24023412
24054033  4660142
20185027  712392
24040555  4807454
24054561  8537389
2324615  178147
24054902  8627201
24055047  336859
24055233  279170
24054636  5621338
24055316  3043335
24055497  3810570
23924843  89228
24055248  5131985
3060174  5948659
1716274  10316057
24055675  1144783
24052333  19332821
24055760  23294658
24055994  18749071
23945992  1541273
24056085  4660142
24055891  2594280
24056007  17506138
24056360  1935565
24056302  319973
24054911  23294616
24051808  501460
24056372  21143835
24056613  89228
24051883  15061458
24056622  16959576
24056646  11179065
24056485  12031482
17064416  14043977
24056565  1471188
24055691  729146
24056939  5551042
24056828  5905105
24057067  1686416
24055612  1007732
24057390  24055231
24056810  12769982
24057441  1055452
24057332  995593
24056881  10969281
24054399  11761703
24057736  2504071
24054262  3864647
24057791  1255947
24058015  1662161
24054434  22642151
24058338  24055582
24058486  12375671
24058528  4710943
24058587  8065305
24058385  4598529
24057534  24055582
24046400  23353173
24046400  23653778
24052704  10455746
24059222  1786418
24051369  4969171
24057683  10581772
24059582  2528318
24051378  2835559
24057993  6694391
24059902  5828123
24060058  14894698
24060197  21667673
24029068  24028279
24054923  722052
24060380  3364148
24045959  1862590
24058230  4152597
24027321  19684434
24045763  1703228
24034447  23959975
24025149  1047318
24036156  41244
24056996  5531247
24060733  2890598
24053411  7274221
24058529  3974827
24024359  4484167
24061058  3661566
24022754  748675
24021015  240178
24019936  3798835
24060811  24040280
24055169  13907257
24061509  10430704
24061496  18994590
24060616  4329396
24061524  15491661
2831345  643782
24061702  1378593
24061453  2210005
24061730  7254817
24055060  20692503
24060046  902468
10298266  12573816
23687006  12573816
23313184  12573816
23170231  12573816
11355295  7616511
24053234  4685217
24062341  4261133
24058201  14250491
24061990  321068
24062499  14220321
24062191  5431941
24060410  279170
24061781  17414972
24062358  20100461
24062717  323032
24062151  1663807
24061612  24056283
24061505  16217355
24061278  5571048
16205734  3953922
8559391  3939157
24060966  5138719
24060952  9913293
24062955  24045570
9320997  801577
24063088  5930297
24059268  8968767
24059837  17640754
24052091  3701646
24054955  4703390
24062365  5259714
24062365  12573816
24058501  6657229
24063875  1504717
24034909  24060901
24063340  5969978
24063577  2838490
24063902  4214153
24060348  2474018
24063968  1527803
24063911  1482232
24038842  5985610
5271598  363681
24061149  1586858
24058850  11141542
10340709  5610256
24064045  2920525
24064330  4660142
24064174  15524077
24059008  2350937
24059008  21349732
24064529  14220321
24064759  12468226
24064848  10586384
24064861  8271099
24064885  11114622
24064954  901115
24064223  3538875
24064223  2680478
24063712  4997493
24064888  3671659
24062933  5827008
24062933  1646698
24059436  10577674
24059192  8184919
2407221  210717
24064931  874877
24064931  10699343
24057252  7136705
24056984  3225102
24049467  11895476
24049054  10086693
24049054  1500312
24047476  7859336
24047422  6439915
24046721  17300061
24065264  4261133
24022026  11842988
24045283  24043237
24064976  750486
18735061  2867479
24043930  8371634
18926977  1833734
23950056  13357065
24041377  5637969
24062592  5458605
24041311  11381673
24039124  11576176
24036060  24027930
24065600  1732348
24036175  21930487
22085621  6796974
24065565  23318109
24065653  14295469
14094410  9114664
17453984  9493988
24052625  4763117
24065464  2908983
24065575  15710515
24065736  19778992
24065615  7568356
24066158  23294658
24065743  588004
23834850  23845137
24055125  10583062
24066362  12573816
24066498  24064622
24066599  14220321
24065620  3626250
23861452  22740300
24066769  4910018
23781761  15348412
24066880  592396
24043240  24045245
24064847  4880489
24066953  4261133
24065642  218384
24067098  9229645
24067098  7683845
23836267  1190112
7683845  840781
24066937  495021
24067267  2973202
24049786  24049595
24063285  2524611
24050519  7131109
24067360  1014295
24066588  805626
24066203  2838495
24067407  24816
24067662  3378064
23746678  16803343
23652197  2695746
24062264  251420
24067480  4660142
24067479  13358672
22876930  20136121
24068179  12769982
24068148  5296977
24068148  291448
23601579  6343166
23601579  5150637
24065005  2559527
24065005  290884
24068315  9010350
24068427  13239843
24068643  436411
24065024  406485
24065024  3453274
24066904  3438756
24006376  17299364
24005993  12827116
24064234  577363
24067308  10486375
24068436  12631348
22066954  21854335
24069181  889967
24061618  24004776
24069329  11564594
24069343  4931789
24059149  24035956
24057616  166221
24066178  211717
24069928  22468325
24004719  24003717
24070345  750486
24070345  1451009
24070141  299304
24070141  263400
24070551  7240402
24047547  433302
24070695  24069104
4584637  3426165
23986932  7623496
24070740  1332548
24070800  12573816
24070801  7718935
24070694  8227909
24071008  9455271
24070929  4660142
24059726  3728689
24071456  2241513
24071425  5025910
24070573  24071793
24071872  3168644
24072011  96759
24072209  7247202
24064520  12573816
24063758  1678859
5677341  2334712
24072315  4071586
24072446  1354999
24069460  23953010
24072588  1046865
24065353  8925820
24062515  18194255
24063986  6396330
24061073  21285923
15710280  8570049
24042082  3454526
5530473  1397361
24072884  5657964
24072848  21991133
24072848  1306778
24072327  674041
24073056  4660142
24073115  11922383
24066063  22198172
24066063  22797768
24065879  4660142
17983481  15832335
24073164  12876384
24073340  2973202
24072933  19200188
11751165  7979609
24072618  7839648
24067989  2304436
24073049  6192169
24073589  2167916
24054772  7198418
24072583  2479087
24067758  3090009
24071179  15322556
6396330  32332
19405290  8699195
24071938  13074319
24073384  23728671
24074076  10479108
24074132  588004
15789373  16392486
18891939  10934664
24074198  10934664
24060824  1979884
24071923  18288397
24071923  4138827
24073367  2083329
910523  448005
24074392  1610030
24074362  7342957
24074453  4261133
24074148  14106121
24049534  127534
24007683  4175630
24007683  8498592
24058837  24057443
23992274  4578636
24074947  2198449
24074743  19049812
24074736  2745265
24075250  3032643
24055997  13865748
24055997  20737200
24069104  4660142
24074222  1645843
24067334  7790487
22246796  17631417
24069101  11874767
24049311  24063133
24075347  14106121
24075549  558981
24075709  1240852
24075331  5907102
24076036  767486
24076232  125319
24076247  2025789
24076433  11622755
24072834  24076374
24076538  306313
24076053  1519736
24076718  19391415
24076709  122102
24067291  123198
24077176  2424457
24063187  17644072
24067765  6626397
24065640  16618912
24074400  965667
24076556  1082437
24074356  12933806
24076097  176745
24077005  670563
24077483  8301473
24077374  18720201
24077731  24076118
24077302  17859024
24077302  1959467
24076950  2397370
24077945  4885143
24077720  4660142
24078418  24024376
24078430  1276763
24078423  236129
24078432  2143542
24069235  4419293
24078988  1529739
69262  20156
24079299  295027
24079287  19601466
24079395  23653778
24079014  774187
24079298  2743174
24079874  11918797
24079858  8931249
24078587  5179362
24080150  6338217
2570536  2901759
24078351  24077480
24075686  8543653
24080089  23030027
5788551  2481455
22665607  798854
23993104  3339530
23986369  2295290
20426085  24080785
24080909  8131846
24081085  6471946
23831855  16091904
24068422  11578768
23827583  2179493
24081170  24064301
23798410  10263072
23798410  2612802
23797152  6589358
20936320  5023514
23591336  972
23587188  38508
24081536  1193654
24077373  4686543
24081705  451415
24082128  3197601
24082208  12614011
24082159  6441218
24082212  24067555
24082170  24060368
24081999  5987626
24081912  14286582
24082774  18368422
24082184  23653778
24082249  2371436
24082901  12959410
24081135  426258
24079117  15201071
24079131  9317694
24046871  3685716
24082978  24081236
24083588  9025277
24083298  60174
24083841  3735095
24083973  3827393
24084038  9162933
24076987  4350215
24084130  12099538
24084132  18898039
23625238  24021177
24083638  15819095
24084261  203355
24083453  17315076
24077976  724644
24084297  5020202
24082986  17934740
24084507  9979970
24084477  20563772
24084267  1177449
24084560  687444
24084061  1088387
24084113  6352139
24084693  160970
24084652  5079457
24084735  24080351
24084126  24081397
24079952  7486012
23773830  354445
24084608  22234140
24084250  9082492
23766228  14108154
23763649  5760545
23516233  10324529
23751308  6182315
23856257  1448318
23852835  15949839
24084910  13840429
23863500  12827135
21975110  116446
24085012  2240052
24073787  24057620
24085101  7310705
18301554  4663752
24083309  13935324
24085036  3985214
24085189  6343166
24083567  820951
24085048  3406534
24084846  5618499
24085305  1258563
24031557  7285331
24085391  4852531
3004178  658522
24085345  15774669
21909732  4098195
24084943  1175390
7791071  4098195
24084838  23253314
24084072  542510
24084655  610245
12215281  1786418
22369084  1786418
1027718  1786418
24085896  4968406
24083703  23392590
24085881  3023354
24084869  8865458
24086012  13159739
24086224  3026281
24085903  14407451
24084863  12338818
24086242  24078577
8293918  40730
24086264  2792650
24084833  9400615
24085476  1595611
24085832  4550505
24085832  2450954
24081313  826948
24085610  11922383
24086170  17467137
24086721  24084762
24086903  23022968
24086894  11922383
1083364  19059504
24085983  142003
24087389  11006629
24066512  19896870
24086386  22617430
24087530  10002439
20918112  8318911
24077881  1732348
17265622  12448912
24087864  60174
24088046  18994602
24087489  24084575
24087883  14678948
24088105  24021093
24088286  11933782
24087663  7935972
24086700  3074248
24086818  10919136
24088438  12440212
24087510  5570882
24088454  8485072
24084743  13006685
24082837  11740013
24087504  24015023
24087637  5391684
24073026  23999794
24084956  13224692
24086698  1622027
24088672  24002092
24088017  15714250
24086296  9276378
24087725  9096533
24086968  14278170
24073043  2937406
24088897  6972368
17593653  18570424
21508559  11915495
24087246  1034306
24087017  3010840
24089304  513832
24084759  19430615
24089591  1096449
24089550  750486
24088989  769621
24086014  14843615
24089617  12501608
17785206  1613230
24090223  251464
24089860  9888725
24082339  23417356
24090345  3279543
24082927  18903547
23449424  23417356
23400204  23417356
23850807  23417356
24086131  24087245
24076271  23417356
4837190  3437897
24090437  17126453
24089359  24084551
19332692  19312646
24090557  24049038
24090644  7184454
24091051  4660142
24091142  7261806
24087612  24085892
15395786  8011848
21245626  7419071
24027224  22386692
24029313  4231382
4922765  4231382
4092173  4231382
24048799  4231382
23992853  4231382
24091108  204476
23707402  24090739
24091032  10527983
24091908  5473981
5399423  4231382
24091850  4244896
24091542  15149565
24092189  12573816
24092230  5824079
24092327  231767
24092360  513084
24088620  19620225
24091979  222557
24092608  1313120
5037389  10256
24090458  1421671
9881777  9722632
24077686  10041453
24053409  461203
24092780  203198
24092798  24089224
20365334  18050071
24092934  388242
24079882  12975341
24092995  14220321
24093039  24087255
24091427  12573816
24093082  513832
24093145  17194387
24091677  2515244
24093290  1771786
24093357  779405
24092566  60174
24081339  381542
24088325  24089577
24090439  9007653
24090003  82831
24093902  22740300
24092224  5293280
24093527  18852244
24091132  21092733
24093880  3455627
24087573  6950078
24094315  2973202
24089254  5554734
22634709  20674650
22634709  16667903
24094146  3482742
24063636  5080438
24085581  18289544
24077901  12016623
24089484  1449494
24094384  11719495
24060337  11620698
24093831  16704595
24085989  22515699
24094931  4616202
