4933194  4932763
4950255  179605
4955471  156430
4956072  344199
5250493  4548816
5251734  4606708
5255914  860305
5343249  446358
5346707  901115
5347593  148968
5348298  5339485
3847290  3844761
3847775  495021
3851536  1640108
3851719  8676
3851719  2701952
3851855  316352
3781385  3648063
3783007  3384504
3789824  1526794
3789924  5419
3790910  942984
5725984  5714079
5729353  2063951
5732906  38409
5735978  1499950
5737811  5710732
5741794  5740256
4961070  4961134
4961284  1474249
4961284  4607081
4965849  812133
4976646  2491419
4977646  4977637
4983144  1698750
4984080  1238613
5694385  1844688
5703613  5703356
5721044  4261133
5723384  169511
5058533  637135
5058831  5056226
5062954  5062595
5064256  3665682
5625274  5624690
5632776  244164
5633412  3940258
5556674  5556043
5557646  2807362
5563528  5564279
5565000  1710301
5565549  519520
5566436  5566406
3787912  3761908
3797055  919690
3799127  2093618
3809036  65673
3815405  3810688
3819196  1115001
3819196  3647453
4685435  122407
4691376  4682752
4707202  193182
4711907  4711512
5526950  5055184
5530308  2870126
5531576  5498445
5531780  5444269
5535195  746171
5536042  3163706
5537310  3240331
5633697  2015419
5636070  201101
5636070  2891191
5638741  8843882
5639178  5250200
5639292  5590381
5640599  4153840
5642771  5642263
3857401  123559
3863302  3863159
3866746  61882
3867548  718491
5257888  2973202
5259024  5257057
5261623  5257379
5267803  109023
5268775  5268580
5355867  69913
5360497  5360352
5360765  5148994
5366849  2686855
5369171  426609
4848305  4813528
4852858  113547
4856568  1120706
4856568  2667237
4859771  83152
4870140  763295
4870140  4789280
5372162  4315840
5374669  1071636
5377077  3304795
5386352  4808748
5393453  5380717
5393453  5392620
2395282  2168855
2395682  273516
2396068  1223367
2396068  2165161
2398926  606419
2399619  293967
4870833  4802038
4873952  2473597
4876347  2646707
4882542  4877504
5539425  122684
5541990  5528087
5543437  924285
5543437  1372113
5546091  5545102
5549117  3085920
5551568  2663980
5553104  5390047
5555069  5549721
5567855  3745491
5569008  5568393
5582448  3521254
5586141  4533674
5590734  5270460
5594914  2077008
4989513  3577641
4994793  123718
5000910  143088
5269954  1852374
5277765  71057
5277765  1885800
5278399  4445878
5278937  5268521
5282279  154853
5282945  4969942
5743334  5743099
5746567  1598231
5746674  5746679
5747512  3177497
3820685  3820316
3821238  3802349
3821238  3820847
3822438  3820241
3825816  3824608
4891064  410705
4891357  1409553
4891357  3606883
4893029  4493178
4898645  4898088
4903764  503684
4903891  41244
4712725  125813
4717448  477816
4732781  4725784
5733395  1257488
5743640  126837
5745478  147752
5747848  5734072
5749988  1449035
5749988  5674375
4905865  4905744
4907031  69262
4909516  3238733
4913694  4913541
5751060  5742255
5756859  5751262
5762258  3418562
5763224  2087919
5763577  5467007
5764428  3577641
5764428  3820666
5768725  5771957
5284351  5338443
5286725  1157106
5289174  40480
5289631  4178175
5394772  599430
5400906  2210122
5403132  5403086
5403514  5403499
3873111  1945989
3873262  254149
3877557  3722874
3889689  3889551
4737525  4737253
4742248  1994703
4747071  201413
4749400  909323
4751015  3621272
4756831  2184133
4758628  3629174
5064290  5063410
5067457  4936033
5069572  3057852
5072535  3014089
5082840  5082680
5555712  3996904
5558988  1929492
5559656  5559222
5560935  2795833
5560949  253157
5577236  5531665
4917195  4479598
4918872  4894554
4930831  953146
4941736  720004
4942974  5655674
4943033  1485822
4943033  4942551
5087820  5074964
5091821  172598
5093134  2954718
5100681  5088669
5102617  3747789
5103194  4267744
4759589  910873
4772314  2973202
4772464  4785786
4775297  3178448
5598407  736629
5601766  5594308
5602968  785059
5607633  5602062
5607682  610245
5607682  1600936
5608620  10848
3792167  2383542
3797397  3794856
3799420  1391672
3808393  2424807
3827463  1637332
3836351  2715654
5650123  5668154
5654518  1667531
5654989  2965109
5657161  2800238
5665114  1580270
5104423  5102938
5106497  1146198
5107138  378247
5110384  3463952
2400398  2400380
2400841  95727
2405178  47204
2413759  588004
2413759  2387675
2414559  716839
2417053  1644
5003986  283890
5005275  588004
5013513  462158
5015282  64010
5016018  4977429
5016772  12625
5017908  4797060
4947620  3049070
4950985  123559
4955899  2739667
4955942  4931398
4956435  3361986
4960120  4949171
4965761  3975691
4776340  4738650
4778087  572897
4779827  197474
4793524  1884906
4793545  4791314
4794106  4793360
5404936  1311182
5405404  1051649
4795928  31044
4795928  4257906
4805556  1101380
4812508  1079980
4813294  4790950
4822075  339930
4824676  910135
4837851  627594
3896177  3508362
3903363  4096582
3905350  1233129
3912004  2791236
3921864  437250
3926842  563225
5749911  336859
5753396  4363038
5753864  1547477
5754328  5752105
5761041  5761204
5763211  116650
5763211  2586975
5411569  4435482
5416585  4715250
5428132  3553949
5431025  5377886
5431258  1324331
5764326  5756523
5764381  5701608
5776124  5784546
5776860  4802433
5665599  5468280
5673438  5651668
5673523  387424
5673523  7986978
5776077  5775906
5777532  5777331
5778149  5778167
5785620  5946137
5789330  3240331
5677031  249835
5677081  3294509
5677818  196684
5678854  973205
5679104  5678507
5584013  60971
5601193  5605652
5607902  4973777
5610753  1613341
5613647  594797
5616906  5124825
5617491  5616875
5618878  2906092
5619950  3173571
5621337  24853
5625881  3204712
3828088  3455482
3829160  3802349
3829160  3821789
3830262  2311713
3835644  2525
3835644  337134
3837214  3936041
3845111  3703922
3845362  1602934
3846598  4074936
3847719  3542411
3839771  3840095
3860593  916051
3873029  3739999
3878475  827454
3881117  2011664
3888503  3810524
3888788  3864102
3892464  1997601
3896710  2184646
5112520  5111029
5119699  3709104
5120308  79126
5121335  1957099
5131776  1960333
5142270  5141868
5292748  1732348
5292748  5249492
5293484  5292170
5293977  187983
5293977  4918329
5300627  558122
5306945  5304070
5316139  1919885
4838587  4838397
4841795  4258723
4842549  4606984
2418982  201479
2419518  1392556
2431693  1586932
2431693  1987379
2435844  1822223
2437266  2436896
4970314  2552086
4974921  1070787
4977491  563198
4978372  1539564
4979631  283406
4984520  337704
3931288  1818587
3931607  1993390
3931607  2095363
3936587  2114757
3941382  132685
3945711  995593
3946849  3437230
5018711  5019537
5018826  3651999
5024524  61552
5025213  8028957
5437292  1450393
5437309  5437301
5440499  3576507
5441168  520237
5441185  570669
5442171  5441938
5443907  5414376
4846200  209126
4846582  359494
4847761  1697852
4860447  369602
4861465  4861276
4863698  2501675
4991633  4989570
4991774  2655554
4995884  4107139
5009388  2551238
5019616  24901
5021313  671815
5021313  2589096
5316146  2297077
5316146  3317369
5318011  129945
5321519  6140433
5321528  5311232
5326865  5352391
5615790  506282
5616880  5209330
5616930  24901
5620649  1699085
5620649  3907983
5626715  4178043
5631545  5631063
5329616  5332558
5338733  367884
5338733  4043821
5339333  1866343
5344883  3382954
5348336  215497
5348336  5083232
5348600  529098
5349736  3737139
4872765  4872209
4878756  196972
4887712  4488373
4895225  412632
4896536  351733
4896536  2181079
3948836  3947741
3961753  787789
3971734  1789741
3971898  2001176
3974257  1572708
3847834  164938
3848620  3848527
3870147  3878643
2445104  2058550
2445268  656326
2452149  2447857
2456800  2456794
2456943  276957
2459358  1047853
3901356  1604588
3901356  2943912
3902407  3536893
3903913  3921118
3919621  2096473
5025534  5023618
5026125  5027160
5030371  872544
5030371  2647457
5777094  559295
5778094  5754801
5780166  271743
5780166  2243074
5786386  448125
5786743  1420381
5787313  5868172
5789798  2949300
5791904  803522
5795414  5786891
5797805  5566186
5801647  5801297
5801881  255332
5632881  409563
5633617  475152
5635514  4258124
5635807  2804440
5636289  72010
5636289  1628768
5644513  3264383
5649979  5581432
5654316  5654807
5033222  1589150
5036255  271076
5041476  977071
5044586  5043626
5048798  75102
2460923  214500
2460923  630045
2461380  381542
2462009  2461543
2468039  26570
2469154  65512
5360066  1300091
5363803  497094
5368120  5368054
5368783  5360427
5371028  226986
5147752  427760
5158046  542804
5163821  2032826
5164162  894465
5172579  1014203
5177323  5176733
5449174  5448962
5457948  5450574
5458029  22358
5461288  3690932
5462692  67894
5463678  5471048
5466236  1912029
2473262  2124339
2475477  91846
2478135  2478415
2483408  2483362
2488131  142132
5689563  2075066
5691285  2588149
5691285  4502587
5695480  13786
5697001  2687820
5626451  5282226
5634203  5633697
5635477  5630491
5635526  3331051
5643114  5643044
5029790  4134497
5040236  5038526
5040703  4448772
5049009  5040859
5051349  3154132
5056479  5044285
5643465  195740
5651553  1268016
5654610  3769607
5659156  3521254
5663234  5662973
5665691  2390767
3879471  1348559
3884752  2809635
3884752  3346178
3893626  4591878
3895834  194812
3895834  2291773
3898155  6401183
3901199  113547
3923599  3922989
3928866  3928876
3974542  1041344
3976714  263965
3979071  379906
3979071  3979077
4909090  7244
4911712  1878769
4917603  2496073
4919800  368958
5469647  5469663
5469898  3538225
5470230  3106110
5470533  6169146
3936954  3096098
3946127  3945837
3956810  620137
5055882  8676
5068377  1812891
5075338  5074939
5077074  1179874
5088540  5087807
3987059  425760
3994413  3426247
3997334  123559
4000780  4000000
4006645  494816
4013248  112698
2488824  2182919
2497598  952318
2500120  164643
2500120  1680111
2504007  635937
2505686  2505315
2506872  2507184
5656988  4327629
5660664  2337126
5662829  5654115
5664608  2322297
5666934  2272507
3962005  7944221
3965715  3965767
3970446  593364
3970446  1374958
3970629  2948323
5667091  1197802
5681145  5681140
5683510  901115
5685200  3830245
5685850  1138460
5793636  936468
5797473  285619
5799120  312861
5802928  5015281
5812347  79825
5061078  153584
5063835  1494178
5066890  5065012
5804940  2064973
5806191  2095397
5807765  298726
5822907  5818890
5830608  2593965
5831429  5831170
5834688  5833289
4029273  2543632
4033953  191757
4034689  493219
4041054  3400431
4041141  1294494
4043647  440739
4043647  3921922
5474260  359494
5474727  4421020
5479689  1620366
5488095  2033914
5489082  390307
5489082  5425292
5374063  92602
5378273  5331040
5382453  1762539
5392020  954467
5836309  79923
5836411  5834795
5842661  5842259
5843814  5843667
5850162  1083955
5850162  4638993
5850281  5840869
4921940  4921935
4930253  3438276
4937209  4660004
4939838  3864139
4941753  2096573
4941753  3025162
4941753  3360842
3901850  3624525
3915454  358382
3915503  856354
3916439  1839422
3918948  36239
3930630  2932909
3930630  2993513
5851617  949433
5851617  1525187
5859590  5223032
5859590  5580935
5865606  5865424
5178395  4689540
5178595  4946316
5179261  4469984
5190527  4635338
5191965  4207134
2507372  2497527
2514810  201323
2514810  5855811
2514810  12026842
2520333  2514250
5192665  4187031
5193144  617312
5195509  453208
5195509  5194216
5198258  240660
5200051  4771984
5203304  5203227
5066925  282670
5069451  4387549
5079076  5074653
5084355  1441871
5203704  1312922
5211090  620137
5219173  708012
5221286  239127
5221286  761194
5224887  443010
5230410  5229191
4045285  379906
4046536  3872555
4048142  575127
4049980  2162420
4052471  4046554
5090003  5107138
5090110  5088148
5090880  5998217
5092339  4942611
5092339  5066433
5092952  5092221
3974488  1401904
3975241  11674312
5492558  161738
5497523  4978872
5508952  2851404
5509105  1547150
5509138  2055509
5509670  5469081
5510024  3737139
5815598  5800862
5816100  1711990
5824345  332831
5831140  285793
5865623  4214153
5867410  4891937
5867963  611482
5868031  5868172
5873060  3925528
5887768  3198306
5700746  3801675
5708784  4550505
5719580  5719296
5722337  4552831
5666527  5650760
5667063  5053722
5674951  5387121
5679797  919937
2525513  40773
2527235  99686
2527235  692540
2528514  2528646
2529007  2528214
2533430  710516
5688147  3393162
5689676  3680221
5690062  1494836
5698686  4570917
5698686  4897215
5699179  5702957
5708528  2084327
5708528  4622786
5512381  125113
5515253  4363197
5518129  4788965
5522405  15496
4943000  3706370
4952835  4952745
4968854  949433
4972480  48550
4973216  4306177
4979146  2806921
4054109  3222861
4064454  2680864
4064503  4062783
4067777  3706063
4068313  1193524
4071672  275944
5399199  5398216
5429279  438618
5429815  4979023
5430558  5421272
5233877  412264
5239829  5166835
5244250  77726
5254276  3849758
3936795  2758409
3936910  125319
3938267  1000747
3940704  193632
3947741  3932287
3954844  1393582
4074565  220097
4075816  3182723
4079443  949433
4080130  386011
4085412  1568091
2537338  662956
2537767  28098
2539460  909688
2549420  173949
2550492  6806
4095170  3041253
4096255  434718
4097944  4098787
4101186  75102
5088035  5087280
5093115  5066433
5107070  377963
5112014  155462
5119852  4656620
5126353  8269048
3981342  3190034
3982878  4261133
3982878  7840314
3987792  3988508
3958102  3936108
3970219  167343
3970219  2333560
3970219  2537303
3973763  2808535
3977608  695944
3984324  3984204
3985210  1141095
3988518  12573816
5096419  2965109
5099427  5098738
5104575  95419
5114378  5057267
5127571  2865600
5129209  5127792
2558087  1997498
2558616  2551958
2566454  111292
2566454  976132
2568869  8848719
2569626  2569283
2569626  2569481
2572820  1280557
5831535  5830453
5838526  388242
5838526  1764831
5838653  5366285
5840057  54255
3992289  1738568
4000292  3277556
4003087  346536
4011226  3993415
4024377  915926
4033018  3209909
5845239  4754884
5845473  5845151
5847218  261638
5847486  221691
5887849  52353
5888534  5885914
5892027  5891652
5893984  1581839
5897558  5897204
5903408  424796
4107523  2082362
4111984  586928
4114892  310870
4117798  4117396
3989240  3963269
3995905  3995924
4007774  129178
4007774  587584
4016933  586547
4016933  3996382
5136293  3238512
5138608  5138478
5139846  1032161
5140875  53057
5144560  409286
5150006  54886
5150006  98220
4989217  4977283
4989549  3722544
4989642  4967946
4990221  122254
4990221  3732608
4990714  4990367
5257075  1138460
5258211  2763354
5277338  4762587
5281918  5281695
5283490  1240852
5523459  5166631
5524846  5524856
5524864  5524846
5524864  5524856
5531147  23931
5533070  617312
5150465  190232
5163803  4896715
5167824  983013
5175376  3892908
5175376  11950819
5175810  1685680
5179520  5176755
5731398  97197
5737114  5424227
5755261  5726230
5759141  5289328
5760428  1671281
5680982  5681653
5682539  755196
5682539  756109
5682654  1676897
5687283  5686438
5185829  609956
5186740  561588
5189241  491738
5190084  11246
5190743  5190320
5192313  3061868
5193385  358874
5710811  5655006
5715959  1900256
5720185  3488411
5721171  1666346
5722100  1160105
2575735  140468
2579479  713247
2580165  11481482
2583266  2583343
2584266  1226646
2586524  190435
2590425  2039223
5437605  5424423
5441749  5441082
5448535  5442875
5449544  4990364
5459540  941537
5459540  2180460
5467226  81656
4022764  2102128
4025771  359494
4030437  41479
4041297  43975
4046177  4809197
4050272  241339
5202477  5200121
5203379  804466
5203447  723226
5209561  4968226
3363320  287871
3363463  427262
3365099  168802
3365549  277010
3370479  70577
3371251  3029074
3374709  2041879
3376938  2110890
3378596  482037
3381125  3381124
3383183  2495289
3393443  3387943
3394179  1725607
3409269  3409422
3411027  1635116
3415428  307291
3418486  407227
3422709  199333
3423016  2441501
3424195  1101380
3426160  24109
3435727  273516
3437563  178333
3440907  3441163
3441600  1178587
3446766  2305642
3446766  3577641
3448402  129023
3449031  1538420
3450860  571394
3452439  1349542
3463778  10824092
3471866  2973202
3473431  2024600
3473681  679430
3476160  3436978
3487185  1441562
3491679  1555262
3493058  3484072
3497395  2276728
3498817  1334143
3500903  78756
3501939  408101
3501939  3395873
3502068  1318467
3508534  3508450
3509527  4744187
3509963  81674
3516622  3515746
3519566  3519029
3520059  916051
3520059  1473935
3522788  3522535
3530955  3490173
3531698  2181729
3540479  3540497
3540486  764927
3541108  707565
3541108  1409225
3550282  377164
3554976  340413
3561907  235826
3563143  2223386
3564629  3480715
3568959  1069103
3569602  90924
3569695  3271791
3569895  396748
3569895  2348145
4056624  7197919
4062304  1837848
3574339  3573988
3575232  3533779
3581834  8676
3584042  674304
3589629  5795
3589629  477748
4064597  4064605
4073821  2291773
