24445964  19705362
24445608  36932
24442564  4116147
24445923  4964640
13257519  2596805
24446510  12423614
24446501  22745662
24446269  525364
24443125  17390784
24446899  18802707
24447069  24373098
24446624  12573816
24441775  4074179
24447362  6259515
8844633  24378116
24447788  14064286
24440917  16452415
24448267  203198
24448554  8135050
24448013  21452711
24448589  62618
24449237  750486
24448912  9788726
24449328  14220321
24438279  5210535
24449405  8949956
24449526  12148581
24450134  9059026
24450145  1014861
24450219  22705419
24450275  16785873
24450517  6412896
24450607  12712300
24450676  22671586
24450889  337688
24450918  1420752
24450918  753948
24449198  2717480
24451507  4165859
24451593  3384504
24445031  8809130
24451768  3127429
24451923  4660142
24451881  24450968
24451937  4757565
24452100  24395881
24452162  2658916
24451217  23653778
24452143  4332652
16243144  18969248
24452935  20141538
24453696  11950819
24454124  1057425
24454124  2337540
24453658  4548860
23511033  23512067
24446578  18666710
24454457  5681481
24454802  2973202
24454686  24269905
24454552  2255500
24454861  17068194
24454999  15254
24455249  24051314
24452886  9097723
24452045  24414890
24455629  251868
24455609  11707586
21996359  6580018
24455927  733243
24454039  524021
24448686  17654333
24455743  23173916
24455884  10848
24456390  19665818
24448543  6027558
11488877  3393612
24366267  5263055
24450914  16605898
24457011  742013
24457112  23970532
24457033  9477937
24457817  2559527
24457956  6487366
24457609  24455775
24458126  4989233
24457865  24441300
24458179  750486
24458212  11826120
24457169  793644
24458275  1328223
24457995  3705318
24458424  12050790
24458564  24312338
24458663  14856953
9326380  12573816
24458151  24457269
24458555  730268
24458187  17405706
24459158  10333495
24440896  14621450
24457880  24022728
24459469  24407476
24459465  22620544
24459685  24453865
24459649  22052430
24458795  8348545
24460540  218384
23562752  23560971
23517040  23491659
24460584  1912023
24459983  14711655
24460898  10386457
24460886  24443659
24461082  18623294
24459575  23294658
24459424  43580
24459204  12743800
24461413  493386
24456608  3514784
24460338  5093398
24461576  11821277
24444777  24423542
24461504  2826212
20854122  16493422
24461667  14946947
24461088  4070716
24461823  219585
24461821  24443659
24461949  1313120
24462212  4244896
24461290  1435072
24462220  3427585
24462312  748062
24462370  21488056
24461282  11668829
24462559  6476929
24462308  3300839
24462563  20279484
24462171  1849490
8067286  3770939
24452974  12573816
24453846  12573816
24461367  7780753
1506738  23680334
24462973  12573816
24460934  7904756
24460846  59557
24447168  18061285
24462787  20954334
24463322  12769982
24463286  639649
24464036  7674786
24460922  10139460
24462927  4544051
24462777  2010623
20783069  4229120
24449995  16128423
24464392  7944809
24464462  10382929
24464556  22539571
24464259  355089
24464358  9210528
24464645  2642585
24463318  3988788
24464684  4015613
24464903  23680116
24464311  985177
24463542  3914404
24463355  503093
24465393  1262463
24458931  3695224
24412625  17315650
2360598  2087370
24465773  20148
24465836  4925638
24464786  436411
24463727  22732908
24144296  11494326
24464622  5386570
24461972  2400262
24466293  15148659
10216535  534690
24466484  203198
24466510  2741493
24464862  5232295
24466302  18634207
24466460  24465551
24466340  23155293
24466743  517970
24466718  2282609
24466826  4616202
24466857  2084949
24466947  7231349
24466580  979400
24467158  15456845
24467307  393252
24467301  13784402
24464916  24464063
24467395  1299837
24467489  24453808
24467451  652763
24467570  4481396
24467601  13840429
24467679  90178
24462712  2612802
24454772  18340872
24458168  6843495
24466620  940913
24459985  24437564
24464791  18508370
7120292  4708369
24467809  6486291
24445535  24437564
24463267  24437564
24467270  24437564
24463823  24437564
24459631  24437564
24451554  24437564
24465076  24437564
24449404  24437564
24035750  6085518
24463499  2529756
13011170  1456566
24468344  5319710
24458230  604424
24459272  2793150
24468493  8446099
24464138  24454764
24466634  1311507
24468656  4709175
24468877  10164741
24468166  10889186
24468976  8028957
24311906  24435692
12190000  67093
24469329  5305627
24469194  10553597
24469365  855191
24469454  3564837
24469173  18739387
24469423  13810429
24469500  218384
24466507  54566
24469545  12573816
24469334  9531904
24468728  10519873
24469728  13222207
24469676  7588677
24440626  24406909
24469130  5656798
24469942  11846108
1616957  4114095
24469962  5663033
24469949  4705759
24470129  610406
24470129  2405425
24469846  18972460
24469986  6365633
1895059  4114095
3639115  4114095
24468072  8634156
24468724  10058852
24470486  19896870
24467627  24435692
24469595  2648716
24469418  2820453
21243829  11312923
24468004  13441307
24465471  24438635
24465125  138422
24463297  22405816
24470545  24460401
24470947  23407566
24470949  588004
24470965  381542
24470965  5073350
24471006  2901102
24467320  22370109
24456879  24452046
24456879  323972
24467500  24007650
24466885  20368617
24326080  14723081
24470157  4062806
24471533  20981319
24472001  5431351
24472045  4002430
24472235  16939288
24472364  2295290
24427759  2167916
24451153  4677237
24472263  12573816
24471929  12573816
24471278  4917592
24471054  22049689
24469529  24394319
24466774  8468774
24472586  4390007
24472552  17768355
24472630  588004
13833582  12301510
24472724  3523145
24472724  8199369
24472459  19896870
24472786  2178821
24472935  10136794
24472749  20267244
24469943  302122
24473176  610245
24473272  22642230
24473227  441459
24473398  7674786
24473337  529105
24473335  23667086
24473630  2973202
24473655  3713970
24473742  19078461
24473895  20095175
24473951  23406030
24473949  12355378
24474200  5507234
24474276  2609518
24474141  6108598
24446204  2532769
24463407  22803415
24474352  645826
24474441  949433
24473638  4810664
24467636  14596635
24474372  9778852
24474547  8798403
24408032  1485766
24469578  24350717
24474655  11106853
24473571  1128723
24474253  2403990
3649372  246127
24458136  1108780
24458136  20263187
24475627  6755192
24474226  13915081
24474894  2884844
24475814  18082
24475914  3554750
24476044  24475362
24476060  18222286
24470848  13362121
24438913  5789673
24476030  1986764
24476164  3560611
24476090  1979583
24463048  1631820
24475994  403256
20114941  23680334
24437778  24210085
24440603  5987626
24476317  12953127
24420364  5062646
24409585  17251050
24476280  23853709
24476280  16963259
24476449  21804870
24476467  8894984
24476523  8838648
24476498  6491463
24476614  16086162
24476669  4629071
24476725  1125084
24476725  3900701
24476798  1729346
24407647  22745750
24405380  252748
24476924  2017663
24477057  6360153
24475325  20275325
24477066  10150428
24477249  13840429
24477171  60174
24476426  2404567
24474334  14596635
24477341  7378451
24477388  5033047
24384583  833234
24379443  9629677
24477582  10775367
24477543  5528840
24477544  23353173
24477687  12692727
24477716  2091465
24477779  19078461
24477824  2675766
24476313  24475524
24477705  5801945
24477826  20279484
24196840  10845822
24196840  18552990
24178264  1433204
24167068  10664955
24477946  218384
24477894  24023622
24477890  24465722
24472541  22218967
24477950  6343166
24477924  13306793
24478021  892595
24478035  12132757
24478093  1373164
24477093  24470026
24478250  6394599
24443502  4114095
24478310  1090620
24478225  14220321
24478541  949433
24478745  2462800
24475204  5159603
24475204  8868396
24478391  9944539
24475420  3824500
24478993  14105275
24478106  9486034
24479058  1372595
24479098  2798215
24479144  24478407
10836023  10821356
24479374  15281904
24478901  18371090
24479458  14220321
24479366  3042961
24479714  20563772
24479421  8784221
24479822  110332
24479840  24029586
24479984  10888391
21798737  12299665
24479503  12299665
24479503  21798737
24479991  212237
24480038  23137371
24480091  422138
24474691  24430051
24479575  24470026
24472675  7289051
24478806  20279484
24478791  14220321
24480645  1584617
24480734  4660142
24476683  91745
24480672  9446707
24479495  10286522
24478677  7575267
24481024  4179453
24481302  3522079
24480335  13847755
13794146  12573816
24481900  24480395
24481926  6343166
24481957  6158933
24481195  21658144
24477848  16233709
24460676  9690186
24445013  22797768
24482232  12769982
24482282  12769982
24482546  102459
24478200  1292575
24482664  7605543
21798980  1116123
24477807  8059719
24482987  8545540
3380805  4114095
24483038  14256687
24481946  4172722
24483130  17669804
24481442  4823548
24483153  24479107
24483207  14555996
24479013  16373420
24482503  3730019
24475593  21273437
23247621  11927625
24483249  8028957
24483249  9707693
24481196  10547818
24483864  18959411
24483949  3752636
24483827  11483366
24484054  1014861
24483645  2942299
24472690  15555510
24484205  588004
24484267  7686544
24484202  14494527
24484277  19098797
24484365  8610571
24484418  1955766
24483379  24482670
24483379  24402533
24484543  14186343
8195350  2338986
13832208  6924216
19287634  14176334
24480609  5319839
24484856  6210895
24481820  10945209
24484239  490440
24485464  433895
24485664  7219063
24485985  6270004
24486168  12769982
24485896  7837456
24486696  12573816
24486534  7857353
24487068  952914
24487117  14220321
24487162  10333016
24485838  324358
24485838  24407175
24487014  279170
24487326  183853
24487341  16959576
24487372  24383788
24487420  14057459
24487453  805547
24484428  19374878
24487724  24436678
24487738  10629882
24480542  4471364
24487870  18513792
24488560  60848
24488560  1867861
24488597  4244896
24488612  19189265
24488353  2404567
24485761  785715
24488075  10382368
24488870  24439958
24488986  24470133
24489155  134237
24488119  18702678
24488394  164194
24489258  3884632
6794110  4114095
24480656  14256643
24488133  24444001
24487071  365191
24487146  24454287
24487598  3429959
24486446  3173353
24489741  24319996
24485565  13030368
24489776  2612948
24490131  4660142
24489385  20995787
24490252  785358
19924890  20995787
24490412  574594
24490435  23446377
20593904  12107031
12525046  485525
24490654  16623797
24489165  12573816
24490799  11184308
24490375  2655034
24490946  11409895
24491093  4540684
24491008  24488826
24489900  14641899
24488654  12112647
24491332  16389705
24491537  751681
24490369  9606031
24491586  4047998
24480367  25449
24491882  24485132
24491977  11922383
24492142  21592576
24492104  11396562
24492251  3328707
24492409  4813759
24492292  22181661
24492299  22452272
24492385  19639319
24491760  5469301
24489005  14907863
24492834  12140422
24493131  750486
24492865  20279484
24323809  7630862
24493512  336859
24458357  9490482
24458357  12021303
24493364  472063
14742717  11912233
24488934  5612787
24493772  37073
24493950  22047158
24488115  5385567
24491596  18404055
24488405  24488296
24494221  1731384
24494037  24492152
24494476  218384
24494401  9410611
22780709  13754518
24494669  3737139
2444359  2889777
24489178  11081735
24486881  6682451
24494208  4173982
24494436  750486
24494822  11447918
24494860  7299685
24494299  7582276
688441  247621
24495630  6343166
24495705  22181384
24495947  90674
24496612  5202070
24495341  24334286
24488125  24486341
24496479  2060855
24496830  24083842
24496984  5027016
24497066  1159264
24497088  120876
24497088  14184341
24435727  24395851
17219493  6039862
5937764  6039862
24496668  12573816
24497397  11688761
11688761  2483659
17341220  6039862
24497554  17832583
24497262  7728462
24496096  7728462
24497693  12114734
24492876  240171
24491934  1711990
24497841  1643431
24497785  203198
24498329  14220321
24498070  2524438
24496885  618339
11664223  11682197
13581997  10387290
24498405  19035557
24498756  2023977
24498757  24493307
24498810  24496653
24485090  306316
24498112  5730460
24499207  10923949
24499272  7511288
24499657  47981
24499371  921290
24499658  338206
24492433  4740295
24499579  11850310
24499805  16090532
24499842  12571048
5665495  205070
7057430  2889777
7057430  2444359
24499033  10751271
24500280  5675550
24500351  4660142
24500252  13323431
24500402  3002499
24500508  574809
23974303  23079459
24498423  24480095
24500503  18672456
22305654  22344952
24500936  23446377
5329358  2889777
5329358  2444359
24500959  24500996
24501169  9085839
24501191  70324
24500814  23667086
24501175  2388245
24501323  24302630
24501371  4492678
24501371  4856717
24466624  8952763
24501602  24501383
24501743  203198
13429077  13391254
24500461  13886168
24476019  24475293
24499085  3959705
24501956  8228281
24495492  510971
24495492  2996487
24494005  11599066
24492301  24469893
24501654  10457264
24502050  8803674
24502098  2060625
24500856  3442394
24502147  4057440
24493129  1259192
24495790  220525
24498549  11277432
24500234  24491410
24502576  3577641
24502244  2722060
24502040  24502244
24498304  24491643
24498533  9873197
24502903  24481109
24502913  4796796
24502149  2658665
24479913  22028937
24502396  14450562
24503358  12381563
24503377  21895756
24502067  4462118
24503658  750486
24502652  24485178
24501200  13598511
24503700  5041494
24503865  13204448
23941573  17038377
24503991  513832
20249671  15890517
24497821  12644878
24503470  1267283
24503470  10073699
24504545  11922383
24498269  20416684
24504571  93128
24504571  13218975
24486701  1200028
24505029  9001526
24497267  12435284
24456804  24458155
20827393  16398823
24503736  1445745
19912348  12560055
24505636  1040114
19475591  12417203
24460295  5027016
24496454  22519784
24505909  16078362
24505887  17277816
23769713  613183
21185905  9613979
910253  250001
11853543  13748669
24506081  2697024
24501383  2310270
24506424  18273610
24506089  24370335
24506435  247023
24506094  10606892
24506696  2011477
18273610  2463473
24506971  9560600
24506558  9268842
24507467  4176328
24507467  949433
24507716  9573421
24507766  4513090
24507270  11336321
24504566  5859422
24506670  1920541
24508695  4660142
24508737  1918787
16412384  24410198
24508757  13415805
24508824  15430247
24507913  24496795
24509051  9542738
21420207  2181828
24503497  24193595
24509401  6564259
24509310  2223574
24509472  20009977
24509668  4592166
24509668  15595493
24509719  92859
24510052  1758142
24509525  24416682
24510384  12335747
24508241  2357305
24507018  2023481
24510712  7220681
24506072  2235683
24511138  5319488
24510193  676824
24511157  7307450
24506859  9136376
24511501  625799
24505340  24241978
24511723  24510747
24511727  232535
24511693  23201039
24511863  949433
24511833  20432872
24512081  750486
24512051  13080369
24512057  1885300
24505302  14935707
24511886  3025916
24451109  24508495
23710504  12095758
24512253  203198
24512204  495021
24511761  17654989
24512425  5747362
24511074  2893954
24511803  23397912
24511482  356809
24511139  491595
24510547  4779679
24512532  4845410
24512532  12573816
24512603  2419749
24508424  15201071
24512836  5005363
24512836  11336477
24512319  4089237
24513082  13321395
24513172  1267869
24513184  750486
24513037  7636789
24513100  9903248
24513553  1120833
24513596  14220321
24513691  60174
24512712  184710
24512696  7346453
24508638  16654014
24513879  23620752
24513952  19036029
24514130  19078461
24514277  676824
24512102  1583678
24514592  14274259
24512700  6436157
24514698  3484480
24506879  8695254
24515042  20143035
24508742  4040001
24513916  3184883
24513916  223918
24515207  500504
24515340  23353173
8147237  1875368
8147237  4197029
8147237  1222519
8147237  1100455
24515120  10311834
20153411  5123435
24508248  325933
24515662  18798889
24515880  11849692
24509804  15386268
24516022  19212661
24502295  24514214
24515883  2001366
24515016  279170
10720486  7349288
24516083  11621846
24513461  24445012
24511867  22248918
24516696  9937036
24516990  1069528
24517084  336859
11115341  2457032
24517350  14268372
24516994  3404301
24517252  14220321
24517388  13291554
24517469  17364127
24516349  4801371
20433600  11896304
24515102  11896304
24501302  23417356
24517791  24374730
24517937  15265253
17743809  5094293
24518060  13080369
24517417  7127284
24517417  12573816
24069777  3770100
24061706  6343166
24512239  5210535
24517325  10507759
24510886  11129611
24516690  5478109
10876912  1637505
24515376  23417356
24517530  1162491
18842985  24517761
24492379  9249500
21230653  19704541
24518511  1839422
24517832  851926
24518612  12696125
11647725  10977200
24518582  21883735
24517210  4568267
24502927  13358859
24453816  9896406
24516981  5651238
24516733  16342280
24517800  2075898
24517841  1695101
24514597  1732348
24415517  23740548
24519024  14162348
24519031  5208679
24519104  401656
24519103  1783629
24516377  6243242
24519250  23446377
24378907  11482970
17656311  3333665
24491903  24390232
24518757  18165863
24519469  1451009
6264327  914143
24516647  935175
24515778  15422134
24507908  13358859
24516951  79165
24515559  15179308
24518308  3246804
24519285  1392200
24519285  3397098
24519724  2859111
24519845  22101836
24520083  24516097
24519882  4770425
24519899  3480320
24520236  4379607
24519458  13840429
24509702  20520246
8888268  4086800
24520316  21586756
19118673  8509662
24520146  22145596
24520476  4157687
24520503  3464194
24520645  23667086
24520612  2538350
24520643  17924146
24520818  257288
24519370  1043339
24519937  4488035
24521082  22772481
24517576  5668338
24496477  2332847
24521285  24517642
24518922  15959553
24519140  7822078
6345499  244812
24513621  1565600
24519367  1732348
24521478  13013989
24521505  2528318
24517709  5002966
24521564  1652128
24521576  2671496
24521646  859634
9205344  1402005
9213894  3326078
24521664  7383975
9367067  3577641
9367067  3650125
9382139  51572
4749539  1157255
5817606  8655613
6832200  795746
6832200  1858304
24520720  20596433
24521636  2908057
7108467  1465885
24521717  5815757
7601097  148902
8185450  8184380
8318888  3653462
24498894  24504582
24521127  12573816
24518107  23047052
24514224  14069041
24518621  18499398
22865086  495021
24521214  4055966
24521865  5178092
24521759  16866174
24521830  9780213
24521837  5784969
24522040  3001836
24522035  2874743
24522213  24504670
