24522344  14220321
24522418  4732544
24522169  4212403
24522684  4732544
24522675  363681
24514988  3558119
24519391  7774015
24522849  197461
24522730  24505503
24521999  2828826
24522481  851926
24521929  24133695
24523191  19438310
24523159  24521317
24520717  12290091
24521928  1750435
24523481  8779929
24515833  453479
2305431  22351039
24523276  22351039
24523596  20853451
24520323  18217416
24521418  342254
24522876  3059044
24523152  7568371
24523988  8931967
24524061  1760544
24524182  4261133
24520972  9758870
24520477  18088558
24524173  24509867
24524176  19078461
24524378  1328223
24524349  3933614
24524349  4843640
24522209  9448950
24522209  15725370
24524663  17296252
24524695  169378
24523333  1652128
24524847  19078461
24478186  22243651
24479561  22243651
24502288  22243651
24525058  12769982
24525058  2973202
24525118  21673538
24525120  4660142
24518462  1055767
24525251  2566350
24525306  15285331
24525603  18120606
24525645  60174
24525644  1065774
15699101  3003145
24525192  5164404
24517750  15037133
24517507  19553837
24525489  4801371
24525169  3340330
24526011  8228281
24525227  11753000
24522986  6345613
24517476  10984556
24526253  397556
24526305  2441501
22275540  22243651
24524294  24437564
24526343  2693776
24521935  24517620
24526470  7293639
24526705  2661536
24526815  9472970
24517671  12956937
24526962  2849450
24512801  8731871
24526896  21066167
24517727  5218088
24524937  5513150
24527308  17644100
24527514  203198
24527650  4108313
24524424  12582793
24523622  10272094
24526799  1009860
24527937  513832
24527923  15563921
24239773  129178
24472074  14296625
24528247  4255472
24528076  24009145
24527406  13086856
24528344  4779679
24500167  10882277
19497238  17032879
24523528  4364283
24059780  5495225
24528343  8726627
24528778  1704407
24528049  19892681
24526924  8081253
24490230  24525517
24507364  24525517
24529110  2592764
24527733  10255746
24529171  901115
24529301  1445788
24529179  1441562
24528949  16933606
18008025  840781
24515459  24371755
24529731  24526187
24529056  17339162
24530032  5117127
24530032  4255472
24529746  17434851
24530288  381542
24530077  14874072
24530393  529085
24530519  22172623
24530614  15112125
12293035  9540801
24530663  52353
24528519  1419623
24530919  23653778
24445894  24437564
24531212  14231068
24447334  23680334
24531406  6497552
24490597  15745042
24531290  451415
24531718  2032403
24531727  12769982
24531696  4530428
8841038  19875605
24532150  13181559
24532313  16744652
24532439  13731796
24532792  3076414
24529083  9972091
24533078  56561
24533118  3634984
24532416  18678853
24529438  13729749
24533210  411103
24533170  24080089
24533170  10198257
24533527  5492648
24533723  11424285
16262837  14444228
24523774  4501292
24501245  23252231
24533970  4660142
24533893  5645145
24533980  7649558
24534216  24513390
24533958  753052
24532672  480153
24534954  4176328
24535007  3107970
24534762  3571627
24535184  11792916
24535280  4365069
24535533  336859
24535623  2167916
24535382  20242809
24535665  6444683
24535756  21659888
24535879  1690642
24534302  16402064
24536027  2459153
24535259  551069
24536067  84556
24531548  17871784
24536219  3402580
24535602  23965378
24534739  5879403
24536441  3726721
24532546  19363481
24536263  12664230
24536612  21314384
23520656  23532577
24535515  16573095
24527127  21263683
24536763  1565600
24536749  7920881
24536346  1550557
24536812  40480
24521452  17107206
24536906  12953127
24513138  4357031
24536967  18299746
24536967  44288
24495495  9508518
24493621  13559076
24430962  3402371
24537039  24496795
24537112  18501081
24537414  9383044
24536720  3295672
24537327  17542564
24537621  22259138
24536199  4520835
24535738  24513660
24537870  750486
24538000  336859
24537889  20512690
24538110  513832
24538096  8760561
24538198  6613110
24538272  2909427
24538272  588004
24529910  2088267
24538371  1809347
24538063  9264763
24538461  14180866
24538468  24534923
24538641  1975128
24538662  3506208
24533106  21972199
24539046  24437564
24532530  373926
24534697  1267869
24537707  16880143
24539487  60174
24539616  8888491
24539653  6371150
24346441  14823732
24539856  23667086
22650555  15045879
24539866  2935232
24539641  14220321
24540070  23294658
24534645  22943663
24539674  13955212
24540290  2167916
24529416  24303474
24540541  16790163
24539928  12317667
24537013  24411886
24525797  1043342
24540952  12113699
24540961  1735307
24479815  513832
24479815  1881922
24541233  565095
24537087  20463904
24541241  337688
24541394  11871520
5847934  14050281
24541599  1711990
24541905  1402005
24542335  2784514
24542464  218384
24541495  24471209
24539008  3247577
24542713  7896455
24536330  3852354
24540671  17935113
24538064  10717359
24532048  17501014
24531329  5246900
24542296  24353580
24542912  13076765
2297643  30319
24543423  23667086
24543519  4810664
24543127  24213436
24544099  194397
24544152  309424
24542808  6544054
24544255  10201081
24544262  6381088
24544262  13185751
24542930  13179283
18010392  13179283
24540752  10627219
24544344  13469667
24544382  7533590
24538185  21013848
24543652  12573816
24544483  21292586
24544402  24002092
24249155  3457391
24544436  34868
24544834  2909451
24544689  19023912
24544956  5004233
24543956  2665355
24544530  5004233
24545184  1651671
24545091  22958646
24545221  5004233
24544919  4176326
24541258  426258
24540897  1732348
24545100  3397121
24545401  5205052
24539802  3060078
24545410  2353141
24545542  203198
11988967  24368197
24545363  218384
24545825  3590646
24545983  5293280
24546057  17832583
24505640  24508976
24545366  17554068
24545605  241145
24543976  1051782
24546263  60174
24546423  9195304
24542670  5545649
24542670  10921809
24541508  6384321
24541508  12649896
23796885  3772684
23796885  9742677
24546994  13529093
24547017  3140589
24547168  4839993
24547277  1451009
10546374  3352664
24544085  23108991
24547334  6390605
24536056  21881992
24548021  2755445
23989899  4497929
24547910  24076424
24537354  5181777
24547877  172544
13554553  10692066
13554553  8480018
10556043  10692066
10556043  13204503
11757506  17625328
24548314  23511874
24548255  14499783
24547574  2041778
24545212  4503210
24549051  2364840
24549374  60174
24548275  1555262
24549611  753948
11830434  3352664
1470810  1638223
24549762  13840429
24546886  7582828
24550110  690326
24545963  7437385
24546165  950087
24545384  20044554
24544678  3144419
24543957  15670427
24550249  3404301
24550180  1475806
24543352  4502633
24536322  980855
24541701  572897
24540498  19289907
24540359  13476006
24549731  4848611
24539010  16882245
24536629  1681679
24535182  15641889
24535180  1036742
24550379  4519485
10832640  7851868
24549680  311990
24534560  1957290
24534337  3617797
24533735  10997516
17533806  10997516
24531434  24423179
24529694  2742853
24549547  18656107
24529543  13363105
24529617  6800613
24529459  6009284
24529109  13162206
24527500  362730
24526866  2939914
16657399  9153445
24526828  950087
24516464  4667597
24550502  22550278
24523308  3352664
24550323  21081750
24549651  2378402
24550723  20279484
24551195  14220321
24550563  21204693
24551419  56107
24549787  9642491
24551398  11562656
24551077  965893
24551670  4363309
24546675  2587345
24551801  11404744
24546255  6694391
24551263  14859322
24550767  5976289
24545927  24527692
14619364  3286178
24552024  15090942
24550628  906564
18718416  8480018
24548836  3536670
24552231  203198
24551820  613962
24535542  4350141
24552341  5997027
24552288  242822
24551641  3607291
24550813  2204250
24551026  119441
24551026  5143534
24548132  12769982
24552767  24550058
24553049  24533078
24551114  17838607
24553031  8925400
24553265  9665101
2347812  167343
24553177  7358775
24553676  5529718
24553477  2462517
24553719  1709166
24553683  4660142
24553826  2911073
24553710  2168649
21089011  3788256
24552961  17474390
24554012  24551490
10310328  3474940
24548630  902713
2727464  290061
24547714  22660590
24554260  21724770
1154808  167343
24554210  12573816
24554283  751681
24554171  100235
24554515  3211326
14110889  566860
24550495  7165395
24554446  914109
5301437  51782
24536705  20594118
24554115  13499111
4745994  390491
24554408  10168240
24545947  2570814
14557094  167343
24549735  2992376
24545877  653714
24555097  22012229
1710301  556425
24555391  8089231
24555306  11502563
11804149  3352664
24554649  5086322
24555930  11853534
24555878  19290762
18498670  18512789
24553858  2419482
24556015  5795892
24556100  11716421
24556289  23740548
24556424  701078
24555687  321549
24555113  5669905
24551391  4163579
24552831  24544257
24556830  2167916
24556876  3925465
24556919  3606941
24533648  6272665
1789713  261015
1798770  261015
24557077  24535407
24556812  5701317
24555585  7022568
24556050  203548
24557464  23667086
24557317  729197
24557429  24548621
24553121  18011634
24557416  12769982
24557646  1089490
9516881  2194808
24557744  822810
24554466  3270615
24557777  24557805
24557878  4460698
24557816  15745042
24502774  21185216
4317479  566860
24557641  21567291
24557897  14415741
24557824  14134558
17888480  4482613
24558278  15741937
24553266  8094616
24558486  10048899
24558504  17959959
24544579  24397267
24558447  1730731
24558235  14503691
24558947  19751556
24558928  22356393
24555100  4261133
24559050  17364127
24555215  4545311
24555090  6456939
24557874  13005969
24551599  433907
24553150  24547481
24544257  24516500
24559487  15112125
24559462  11178426
24559555  1359018
24555288  2501737
24552099  16484888
24559662  6208533
24559789  609795
16638977  21223717
24559853  10631715
24559282  57483
24559883  661561
24560042  23652156
24560078  451647
24560415  24530789
24557814  24452046
24560497  23545232
24560732  18487406
24560807  23480144
24557056  3637549
24561144  7199439
24561018  2450954
24561106  1816880
24561088  2991623
24561570  986006
24561935  7352757
24561349  3916713
24562170  14220321
24562195  567138
24518959  24455263
24557234  24455263
24556907  588004
24562171  24560209
24538659  940451
24562515  7980456
24562376  2746677
24560053  4222257
24562561  5520880
24562513  724857
24561713  2647
24562741  363681
24562748  11859320
24560892  9293290
24563170  2973202
24563349  2770321
24561983  2610497
24563609  18874998
12464153  14306048
22035107  24563593
24564055  336859
24546221  588004
24561820  8945477
24564101  12299665
6363284  6165077
24565069  1288594
24559839  24202523
24563558  263392
24553560  1685860
24565156  218384
24565127  4660142
24565164  6572330
24544642  4401396
24565323  588004
9652732  23730092
24565414  940964
24565389  8028957
24565402  11785479
24565564  19491650
24565564  2421911
24565564  592396
24565576  1996122
24565577  24548621
24565417  5293715
24563534  2654480
24563471  3871039
15712821  12573816
8709942  12573816
24561517  13331054
24558918  23047052
24553951  628526
24563883  3139879
24565743  24548479
24565115  15787876
24561408  35842
24566254  328
24566175  12769982
24566079  4660142
24566518  16879973
15803789  14136636
24542688  18333459
24561091  13671710
24566729  250001
24566861  202463
24564583  386914
24567306  240178
24565075  4913834
24567373  513832
24567842  513832
24540051  22023779
24566070  22174212
2760719  2411403
24353717  24344137
24566937  16100926
24563975  12082196
24567179  12610535
24566649  2348379
24567278  16641119
24568283  16689433
24553016  15680027
24568639  2459916
24564762  14105699
24562280  5306680
24568723  246564
24535352  12576967
24524546  653536
24569180  18721222
24565924  22694567
24569548  2851404
24569685  5963047
24569928  24568561
24297578  11699206
24570082  4660142
24563866  2528318
24570860  14220321
8024440  12573816
24571058  7918745
24571117  5625600
24570832  10810438
24571368  23279503
24571369  23294658
24571555  5079243
24571866  8057260
24571940  285793
24571836  20377845
24571941  7031885
24572073  5983779
24572021  12769982
24572873  2973202
24572913  4176328
24572905  5496913
24572929  2541752
24573279  24572428
24573153  6752762
24573155  7964916
24573441  1966893
24573367  8594721
24573607  4068629
24573668  949433
24572392  10801965
24572007  22075468
24573285  4792242
24574093  2266060
24573649  24552760
24573225  3076414
24573349  24302700
24574370  3443254
24573858  14251676
25376  167343
24573975  24573546
24574785  9098901
24569403  7870265
24568977  19061327
24557447  10377570
23026294  949433
14879204  11806501
24569751  11344561
24573383  21637772
24575467  13840429
24573220  376278
24573220  367633
24564842  940402
24573609  1387528
24563065  15287865
24575921  5496913
23827173  12206120
24576571  24388246
24552437  6283168
24576975  1168345
24577000  24335642
24577294  1014861
24576708  1795109
24577516  4842684
24577688  5434891
24577889  7196450
24577857  968347
24577367  936687
24550820  4215737
24577170  5026961
24578146  21895756
24578223  1414276
5910251  1006663
24578328  4492678
24576589  24573486
24578436  2485173
24578416  237104
24187531  12146445
24578589  4333720
24578482  20262405
24574901  2232
24573369  3770316
24577700  1655794
24578819  14028959
24574278  2620444
24560305  10072540
24576506  396229
24579061  5772873
24572867  3066590
24578362  21387694
24579144  4635007
24579412  24578458
24579455  15430247
24579385  24274815
24540975  17539367
24579777  2397141
24579828  8062601
24579852  298725
24579906  2612610
24579935  17278333
24576552  11454229
24579965  3154230
24580117  513832
24580072  2215745
19791845  6945678
24574778  33262
24566375  23653778
24566375  22591626
11786556  6343166
24577102  1019793
24577102  10185244
24580486  4339649
24580388  15874094
24580542  1131925
24573726  9028310
24568634  24556445
24580604  6866531
24580554  9643444
24580158  12573816
24571808  11052700
24580720  2971315
24580912  6623231
24580912  498970
24580992  21633115
24581241  2157035
24581273  2534089
24581233  19999388
24581176  10240110
24581095  12011677
24581467  4660142
24577888  24234106
24581647  24536533
24581921  4244896
24577996  21198226
24582194  517008
24581881  8028957
24581881  423860
24581924  2091465
24582397  20208713
24578411  17121304
24582446  24003642
24582468  9206618
24579190  24578311
24579980  5727
24577441  17328921
24574999  19463602
24576931  610245
21075062  18647053
24572962  12624466
17923539  1355446
24571149  12573816
24582555  24582119
24571463  1532461
24571463  7817951
24582628  16959576
24565046  7188542
24582936  21863404
24583016  1577918
24583181  8294088
24568504  11632902
24581337  49002
24582679  4076770
24583412  11647889
24583277  336181
24583646  381542
24582496  8367421
24252010  21862989
24581199  2876789
7817951  1532461
24583866  1014861
24580561  24521156
24583712  17517249
24580619  513832
24576224  8028957
24584192  20940979
24584205  1369004
24584151  919690
24584241  4660142
24583472  3665115
24584255  24002369
24575816  219585
24584337  8456538
24583737  24487805
24584565  513084
24581261  6480595
24584642  14748095
24584739  8028957
24584723  495021
24584382  6343166
24584720  6301
24576543  40480
24584825  23653778
24584941  6408053
24575928  11237900
24568129  10021239
24583267  24437564
24524434  24437564
24585200  18946788
24585323  10863121
24581995  12497940
24585471  1634748
24585522  9853090
24585243  13448407
24585216  218384
24584946  1181246
24585827  870697
24585845  2116788
24585527  24563604
24586088  3737139
24586101  3640764
4685563  2186931
13521731  2186931
24585373  24532402
24576613  5089601
7855919  2186931
24586349  24539521
19109082  2186931
15228820  2186931
24573084  12519335
24583395  13963170
16065296  13963170
24584757  7570868
24586789  1568091
24586789  8830772
24586902  2043615
24586895  4968406
24584830  19245205
24552986  1357231
24587100  11581649
24587135  5464183
24587315  44917
24583995  17325984
24587500  10288429
24587600  2659704
24587591  6474783
24587642  14220321
24585269  12452109
24585464  1288046
24574469  4261133
24564245  6486435
24587843  15535188
24587810  504947
24587867  9258628
24576937  24575453
24588168  11421260
24587974  8425593
23563429  23623403
23602926  23623403
24588233  60174
24588347  24536533
24588422  9786544
24588377  20707603
24588491  356950
24584135  24519837
24561076  16773928
24588696  7717109
24585499  15097162
20530024  10303508
24586936  24583029
24514534  17695865
24588955  24586499
24588993  5502761
24589068  5283047
24580991  9741300
14180945  3381801
24588986  9274494
24588986  15711645
24589188  845021
24589285  1014861
24588665  6628531
24579964  24537967
24589405  184537
6286914  3079624
3499186  3079624
24589261  502960
24589541  8256293
24589176  2004676
24589735  4660142
24588432  6106137
24588432  11807175
20523239  20532080
24590069  17175651
24590153  14615295
24590146  24588253
24589381  5385312
24590098  2894618
24583688  12365403
23373332  20471433
24590643  509211
23036846  1757370
24590076  16086962
24590784  1894269
24532058  13390160
22749224  15138593
24056084  8725629
17226877  10065467
2169330  1119385
24591026  5041494
24590317  2545532
24591171  1060008
24591426  16781587
24590830  4297501
24591656  2087370
24591731  22898062
24590974  15779181
5361751  2701041
24591744  17491779
24591744  2282140
24591759  22377190
24582188  6941176
24591730  18063214
24592026  11852535
24578171  24582988
24591911  5985724
24592076  23036062
24578668  13248427
24588910  15141762
24592055  12573816
24591524  4323985
22938885  5628710
24592205  17466048
24592361  383947
24592352  13817562
24592449  10767976
24592082  24586850
24592317  750486
24592528  167343
24592380  24591898
24588979  14596599
24591936  7882981
24590990  12573816
24590469  23047052
24590352  12573816
4501411  220658
17830465  220658
24592676  3945202
24587514  11589387
24591264  901115
24591928  18171825
24558418  4677237
16285349  11498734
24588312  11667706
24590595  3617797
20513356  11461607
24588925  24584460
24588148  3912765
10458147  2236599
23962533  266806
22182640  154314
24587573  1570073
24587013  19460781
12937789  3381801
24585331  9966136
24584295  1006655
9514351  4480334
2752192  4480334
24582956  24525944
24576620  24577523
24567635  23688688
24593170  24592665
24543510  16656953
24593181  2517032
24277198  24276407
24219418  23584821
