19065098  17678881
24838682  17678881
24837474  17632584
17278423  24819717
24839307  4660142
24838285  747296
24838989  871405
24839398  2081013
24839427  3434601
24839750  90238
24839616  24698598
599527  101055
24839888  20754857
2619208  3869022
24839646  340623
24839467  12856773
24793542  24785384
24840122  1629961
24840371  1195675
24839359  24644436
24840329  8201760
24840529  2973202
24840622  11715190
24837792  2973202
24840660  13705427
24840730  6413804
24840730  13615
24839587  14829677
24840725  23297611
24840865  1144783
24839234  845021
24835278  3577641
24840999  3702675
24841040  1204230
24841050  3737139
24841190  14789405
24840905  517923
24840278  17909770
24514826  1893024
24841555  12769982
24643836  24378110
24841522  17090388
23551638  3066163
24784112  21061290
24841481  5616377
24842089  5978519
24842217  5386570
24825372  4888189
24842251  3482149
10983366  2091168
24842701  8744113
24842651  3350215
24842695  24838650
24842886  4068629
24840881  7690350
24842998  373419
23917652  619767
11863310  8865277
24830717  2341837
24830717  11447537
24838589  19818574
24838589  784929
24843303  2555984
24842043  11726023
24843511  4319318
24843506  9651467
24842809  5074369
24844105  4660142
24843630  3854113
24844179  16166313
24844228  16959576
24844228  2531221
24806431  13426170
24842417  24015207
24842552  24372766
24780985  1316058
24842026  5087420
23930247  619767
24844997  47752
24825736  10490307
24845305  1976809
24844860  24644436
24845479  1680528
24845492  333079
24845576  6429186
24843888  14229695
24845677  24838667
19395679  16316009
24842060  15059422
24845418  11987660
24845993  22559141
24844128  12573816
24846219  749711
24845995  4231701
24435221  3833013
24846326  8989335
9259570  2974008
15351613  2974008
24846503  8809765
24846561  24587218
24846561  23353173
24844925  4230029
6383417  2974008
24846586  17253410
24842138  4421706
24841239  4298331
24841106  19286232
24840205  2808398
8230233  24838245
24843361  7251448
24846844  7027288
24846998  3483156
24846570  24083842
24847231  495021
24846787  1234563
24847311  9804073
24845513  9173947
24847229  1609573
24845299  18093928
24843754  4978384
24843040  8579657
24847236  24024376
24847236  24110853
24847342  4349369
6633171  1642733
24848068  122102
24844246  18781803
24848280  1711990
24842739  11670129
24819949  24788852
24848626  4660142
24848747  513832
24841672  6466031
24848572  9165810
24848482  310870
24848905  4660142
24839484  19896870
24848507  479142
24849626  4428283
24849571  12743837
24849908  949433
24849862  6320995
24848427  5734873
24849506  7867099
24850313  1009160
24850418  23789031
24850689  492994
24850796  24850088
24850738  463642
24850760  203198
24851116  60174
24625801  22468726
24848580  24838989
24851399  4404084
24846918  24846484
24851434  24850548
24851405  17364127
24851476  24802059
24851548  218384
24842129  11448068
24851313  4168327
24851304  24015848
24851711  18759206
24850434  2637023
24851812  279170
24849509  12573816
24847847  12573816
24852141  6160146
24848041  12661
24851470  7586702
24851740  20279484
19170083  454202
24852154  13514005
24852334  24850226
24851815  2818179
24852864  7745741
24852957  4308590
24852983  7332611
24851914  23433038
24852993  9230640
24853252  846994
24853280  4024798
24851628  109488
24846983  2942788
4032967  2201925
24841853  8858102
24852836  19245571
24854121  8028957
24853185  9553510
24854165  242813
3828161  2570410
10794828  4357895
982038  951124
5718186  5725493
9992802  9900596
1324261  359342
2917098  2696680
1019906  1023252
1642603  335526
1573326  670461
6483467  3198337
24854406  513832
24854585  21567291
24854358  6343166
24854830  1685860
24854813  1359018
22691770  12769982
24854807  12196724
24854966  495021
24851442  3501516
24855418  742764
24855142  4057440
24855480  18028706
24855563  751681
24853621  1787322
4579117  4204316
24851913  14317161
24832000  22197282
24855821  2691325
24855825  2863388
24855215  23107094
24820460  17380315
24850547  12301358
24856155  5433883
24855296  6003603
24851067  332030
22714134  6457130
11442293  4984600
3346450  484462
24807765  8519128
24856781  1279419
24856754  24847622
24831437  14490526
24856975  4968406
24855448  218384
3335685  3335737
21214017  20535199
24852289  24853344
24854603  513832
24854205  8631935
24849661  24851061
24856542  574881
24856542  840120
24857157  24856397
23358877  8803674
24857460  16869663
24853075  182287
24857201  21297160
24696082  24691093
24855185  14802909
7714803  995593
24858147  18649106
24856737  15611024
24587387  4581075
24851368  6972092
24857634  1868964
24858583  4660142
24858603  171251
24858121  24006206
24857863  24839366
24858119  8822810
24849143  3350939
24858839  22976841
24857161  2450153
10675664  2546138
10436604  226002
24858339  2952187
24858693  4535330
24845435  276927
24858956  24611562
24858791  218384
24859628  1398753
24859508  1396668
24859182  24849599
24859980  279170
24853134  18891768
24860240  1279383
24860346  4923408
24820511  11952274
24856951  11634368
24860546  3002668
24860483  13619958
24860610  24858617
24860462  16959576
24817504  5743545
24817504  3884572
13261506  7410949
24859462  9946550
24860916  8570196
24860615  1860615
24861318  19751556
24861635  5830440
24860991  10869696
24861898  10708334
24861908  4003897
24862419  3540729
24862918  14220321
5738795  4533116
24863503  10236166
24863574  10385248
24863848  9585535
24853429  22464594
24860084  8504258
24864565  282653
24863920  7850341
24864665  23667086
24864503  24825836
24855882  21895756
24864742  1728571
24864807  15434492
24861073  21825157
24859223  847185
24859223  15257911
24857392  13626755
9568969  7410949
24851338  23370966
24850074  201183
24846870  18690450
24844926  391979
24844290  2555794
24843479  15081146
7856748  306924
24864798  3186748
3222786  306924
24840589  1418193
24838009  6801577
24838085  2997767
24838122  2364840
24836801  24546142
24865151  1359018
24835882  1462719
24833046  4968406
24865192  474679
24832608  3717793
24831091  18311503
22926986  22466913
24829966  9277311
24790876  6290900
24787819  4718968
24786998  13325798
24785633  217776
24785066  18955914
24783490  7885096
24865370  986006
12230343  3605214
24865319  3493405
24865176  24862820
4496795  1394020
24778249  15983894
24865461  24832742
24777760  5457825
24776882  1839363
24864491  24766416
24865746  2167916
24865930  13840429
24865960  3577641
2020461  77873
24866108  24865498
24866254  4261133
24861302  19733915
24866383  17320181
24866324  7494064
10822085  3857743
3008375  365602
24865994  18100266
22810227  22812846
8484668  513832
24865112  8464807
24866517  24825836
24866689  11820718
18032172  971954
24819123  19464813
24866526  8013963
24866961  2129230
24867184  13089747
24866625  23789143
24867434  8239969
24867422  14678132
24867422  3235515
24867330  1693634
24863864  8354168
24867553  1898178
567251  228181
567251  566865
4612012  2943292
4612012  18467669
5289827  13537
24866158  14528156
24867828  11805352
24867033  891394
2034221  41785
2034221  1669
24862999  4995057
24868107  5890576
10871704  272535
14650111  8928766
24868315  750486
24864579  23692117
24864358  24857977
24844667  24833014
10028057  1220914
24866828  23625407
24868163  1411577
24868714  1642028
24868335  370718
24868518  12829963
24868127  24806085
24868905  11333311
24868911  8479315
24868911  7917695
24869309  5449526
24866491  12618915
24869402  4261133
24806383  21998008
24869273  8994718
24863381  4627553
24865897  5921413
24869423  22790625
24868570  24869410
24830147  22290649
24869431  19372952
24865649  24862873
24869835  24866550
17425356  8928766
24866252  17335329
24870074  513832
24739460  18530976
24869954  9893028
24870105  1433204
24870361  1267126
24869780  16421386
24870694  10397316
24867504  3024197
24868241  38508
24811001  15985875
24870364  12021519
24866126  321736
10606958  4857702
24869508  6302185
24870927  3671259
24870806  4008223
24871165  19372952
24772502  24697385
24870589  12307139
24867131  24865142
24871405  218384
24871125  182287
24870133  565150
24871477  12953127
24871668  5905646
4531253  856912
24871839  14220321
24871839  5316697
24871990  2369967
24872004  7385251
24871312  279170
24872081  1359469
24871613  16091904
24871866  12332316
12493668  12509206
24862553  4865447
24868733  279237
24871959  1942148
24870458  17642535
14722639  24835697
24872729  3681055
24866428  5428676
24872962  6810691
24872935  280713
24866550  12089752
24870626  5933157
24873248  1527803
24873257  1817792
24871797  7100242
24873451  11922383
24873264  1129521
24872639  4255277
24873819  6343166
24873847  16751348
24873771  3126072
24872681  1727772
24874073  3270822
24873694  11525907
24869551  23237326
9413737  610995
24871481  3910736
24869474  3923904
24871859  10113122
24865422  7355187
24864405  1580805
426239  1669
24874788  588004
24875185  4660142
24874977  14382581
24875692  24644436
24875991  8700636
24869519  24832328
24875884  20786430
24876188  2513573
3058039  870460
5833030  870460
24875923  14930516
24875905  24856944
24875788  5252071
24875305  24668988
24739474  438875
3216235  3212726
10364383  625433
24873134  24829829
24876450  6690653
22475721  24832101
24871384  4660142
24876490  6368752
23841669  23841939
23947736  23953800
24862124  23667086
24877049  14703094
24877142  24644436
24877192  695752
24877347  11812427
24877539  495021
24877198  213267
24877585  16141018
24877590  1785071
24877687  8232980
24877666  14143445
24875683  1498714
24872031  5149228
24867240  5210535
24876729  12965075
24878052  613183
24877430  3725546
24878191  805107
24878191  3115360
24857546  4114095
9529078  4114095
24820828  1161609
24797239  15271435
15271435  1552340
24877240  13722014
24872360  4261133
24878897  615948
24879080  6368752
24627056  179123
23976362  23975948
24879258  9055991
24878550  2264874
24808793  23589174
24867282  16834861
24877973  3509714
24875948  6021662
24879580  5606331
24879664  17809446
24879858  1628768
24880099  625799
15313606  3452816
24880101  20402935
24880316  40480
3172075  1614723
24796005  8928464
24880284  20114298
24880878  565504
24881029  4660142
24881089  218384
16636083  16590931
24847202  568266
24881353  3737139
24871732  3225891
24881315  6571509
24877065  37538
24881116  405910
24875450  8900701
24881793  16062899
24881990  16704290
24874982  21023171
24881754  12573968
24881984  1122483
24882492  2630013
24876200  24874305
24882632  17252615
24882687  1628768
24874643  494143
3628374  356340
24883079  743806
24883090  17288678
24873646  2604424
21911427  9128535
24874711  2306172
24490270  16768798
24883692  577575
24883866  9204283
24883866  1885557
24883809  24227816
23621588  8662285
24884116  12842371
24883969  4232623
24874442  7083267
24884515  298261
24880890  3888902
24884165  18681412
24884939  2320069
24885274  994143
24864865  13775465
24885597  448206
24885343  3525953
24880307  13904701
24882862  24723173
24885704  24133695
24885253  6828256
24544521  20457846
24881083  5052543
24886357  8854984
24886335  24865345
24886600  4261133
24886842  271440
24886852  7189809
24886889  2276086
24886901  3076414
24886459  6039605
24886643  16621714
24885489  161738
24867667  24805898
24887132  652155
24887171  11487427
24887099  22562573
24886673  1434443
24886673  7311084
24887275  5136775
24887483  24007650
24887781  19130958
24887673  2377733
24887673  13767744
24873342  2397984
24888249  5724564
24888248  9688268
24882446  17456747
24888703  14319967
24888693  810797
24888604  2261079
24888448  19837886
24888826  2631001
24889010  1305406
24889146  588004
24886955  10454388
24888920  1185406
24889498  2433122
24889390  1299871
24889685  4804968
24889719  376278
24889673  12573816
24889818  20162783
24889847  24887466
24889772  4896623
24889916  24271129
24890071  149772
24889510  12533926
24890117  24076424
24888420  17555006
24889957  6392
24889931  11664115
24881790  9869150
24890361  19486850
24890779  1894269
24890845  671049
24890994  12051
24891010  6618515
9543211  6618515
24891302  13149282
24891174  10764291
24891420  9287321
21467118  5769800
24891349  16702073
24888931  3996857
24879797  17709657
24892240  14220321
24892154  949433
24892289  1085801
24889533  14692690
24892306  15599639
24892377  14959546
24890298  6330588
24887628  2618281
24889042  6343166
24892591  9675850
24892853  371328
24892793  2634858
24893354  1245554
24891645  619564
24892924  3903155
24893645  3899870
24891447  14516915
24893429  4780893
24893962  24432646
24890259  2400840
24893974  3295938
24894140  24644436
15899205  2722327
24886383  1657883
24886383  662918
24887984  3526485
24891652  24812376
24894264  24887781
24892487  25969
24894400  12573816
24894437  2669690
24894148  9516025
24891347  6963811
24892852  9028310
24888128  21881992
24894579  19130958
24894774  9208921
24893977  11275786
24894893  2692482
1804387  2669690
24735526  15461866
24894910  20910002
24895521  728891
24895484  4208530
24895757  2973202
24893445  24501374
24895810  1169248
24895962  21914674
24892110  4997252
24887480  17055044
24887075  248011
24892848  13726764
24893709  24845164
24886108  11127547
24895246  6680213
24896594  8028957
24896662  12774975
24896501  588004
24896922  24892787
24893718  834330
11619616  2247045
24896572  70579
24896205  826782
24892466  7359173
24896353  6343166
24896353  5150637
24897365  18923864
24887663  69859
24885685  11388395
24893215  649154
24869292  5093398
4935743  3611682
24695479  10291316
24892503  5613675
24837592  23417356
24897658  10921400
24897716  492384
24432771  13289586
24863146  24782317
24898271  4255472
24898642  4539369
24893750  158172
24898974  10963804
24899178  5864224
24898846  5998309
24898846  3737139
24899384  921384
24899031  17359
24899239  279170
24897404  9378613
24899751  2332833
24899794  19837916
24899794  2241875
24898464  17253772
24900145  6639096
24897670  11064409
24897670  2307896
24898247  7551
24900276  2559527
24900410  2973202
24897512  4373301
24900224  4578249
24900360  17145723
24900360  8528869
24900498  586436
24900519  7008340
24900657  8028957
24900784  24899867
24900906  7102704
5748668  7544475
24901044  15376509
24901044  1132941
24901007  750486
24901092  24900068
24892723  11220537
24826881  14720710
24899015  16841591
24897458  24099562
24897273  4308610
24901283  2574742
24900204  21744677
24899404  768431
2441513  12573816
24901769  23456238
24901787  197614
24898905  1129216
24893022  11563638
24902243  9851372
24902252  3436169
24902286  3737139
24902286  1506527
10551353  8434994
24902335  7820824
24902748  2204250
24889257  3887509
24903189  11508463
24903284  203198
24903299  14211843
24903341  6400300
24902927  4643274
24902927  4361553
24866251  1069415
24903506  7410949
2424269  909195
24902516  147454
24903591  4815677
24901143  4660142
24901617  218384
24903626  4733966
24902989  13148121
24875920  14580267
24903843  468119
24903881  2973355
24903837  11107729
24904221  370357
24904542  9382167
24901583  7493287
24772953  24676375
24898375  1688099
24904118  4923319
24904598  13607555
24904673  2711858
24903563  7390521
24904428  12769982
24888304  6617155
24905163  1437352
24904071  23019460
24900668  21247868
24901351  21079342
24905429  3015586
24905654  8872578
24906281  15019405
24906435  16716695
24898220  24859072
24905123  24006287
24890911  2456344
24906810  7585307
24906900  4660142
24907392  3076414
17602980  4569123
24907130  2626163
5138331  1295546
24907119  4308989
24906785  5723225
24881242  15745042
24907522  94456
24907610  4996002
2453067  8765490
4754896  4729406
24900921  16760590
24908108  5620324
18286855  553143
24799623  6248640
24846915  24845616
16127024  16128311
19148115  8463212
24908157  21699574
24908411  12769982
24908720  2796731
24907312  2973202
24908953  20563772
24908818  24820325
24909095  6423452
23968830  6567923
24909243  24899168
23946860  22391157
20673330  553143
20673330  18286855
24909645  3003145
24909787  142317
24905089  6478788
24910007  13840429
24869843  24862153
24896750  184178
24909090  7740458
24909903  10139447
24909326  8824511
24909913  4906977
24907676  1741143
24910357  3092006
24905807  24886512
2686509  1988916
24756950  18825975
24909778  24628304
24893275  22264261
23906091  23790333
24910375  24879483
24898624  7924166
24908713  119123
544382  445332
24910764  12398625
24898558  13589460
3825833  445332
24911773  203198
24911781  901115
21438823  18765920
24907715  2389251
24408973  10408852
24408973  14646235
24412041  21615554
24911810  1633012
21704548  21704257
24910509  7268579
24904738  24880604
24439064  24418656
24912185  17364127
24888054  13333378
5339438  79658
24912523  513832
16289701  1596189
24911998  6297591
24468920  2702281
24493714  24460110
4787921  1813853
24504065  24503955
24912107  5282936
24912956  12573816
24913095  6588626
24913120  986006
24523247  24526652
24913189  4660142
24913162  24911541
24913220  4660142
24913150  2530228
24913446  12769982
24913004  6009767
24559036  24554946
10100426  344479
24913731  588004
24913763  12013334
24913857  750486
24913831  15576009
24911879  12391043
12484293  12484601
24913976  20237474
24912597  24909913
24605905  11805890
24913575  2504071
24912885  1686569
24912885  24350175
24914177  2480699
23768538  1268973
24913179  11922383
24913179  4968406
24914313  13840429
24841311  13569327
24612570  24638690
24610736  24638690
24914430  509211
24912609  6145548
24666262  24664951
22794086  513832
24914561  8655330
24910193  17164535
24914940  9917664
2937465  4212861
24915207  1351633
24915169  4191386
24727429  24727409
24911664  7626611
24915462  4450592
24915543  20563772
24915689  12452064
24882593  9795101
24915847  1020279
24915472  3059044
24908554  4834821
24914746  4580727
24915964  833032
24915987  3384504
24916225  921262
24916174  6368752
24916293  274626
24105067  17405997
24793427  24790986
24916568  6452960
24911388  22742974
24916275  7553561
24916012  1299871
24916736  372159
21665271  21652533
24917121  1239938
24912055  15065387
24912469  2939914
24912153  85190
24910589  23202228
