24910589  8783631
24907015  4813728
24915933  21881992
24917830  60174
24917944  1654546
24917944  41107
24917991  20279484
24917963  2023977
24896838  17548425
22805837  9779624
24917193  5398784
24917240  9315305
24917905  11551985
24918353  23020857
24407050  11181480
24771953  23417356
24786305  23417356
24775743  23417356
24775743  24773160
24918185  24570954
24788944  821321
24862605  8218853
24913270  12361971
24918645  4058106
24918876  2559527
24656563  24229677
24917836  1299871
24917918  6354294
24508807  5818312
24919516  513832
24919491  513832
24919307  1168807
24919492  2629357
24919492  218384
24919494  24862486
24917524  2938656
24912541  10382929
24919559  7804335
24919709  661561
24919662  21059612
24919231  4660142
24919991  631059
24920077  2958684
24919880  20207997
24919513  495021
24919799  3927402
24920384  11950819
24920384  588004
24920486  5827164
24919718  1305350
24920467  21102124
24920497  8937424
24920018  2063951
24754865  4140081
23835650  2428795
24920577  182197
24917723  24552747
24919097  4592852
24919810  15725854
24920730  171952
24919951  469357
24919760  7912779
24920861  24551
24891551  12974115
24920807  24249351
24920677  24393495
24921219  4172722
24761294  14535879
24761294  258988
23547708  24008630
24921454  1197634
24921490  2954115
24921902  8868338
24921986  7863770
24922390  695050
24922390  11043026
24919523  8161712
24919523  24899173
24922285  24921652
24922742  401656
10395903  6916385
24920274  128923
24922738  21151624
24922738  9288070
24923379  23740548
24923457  15536241
24919074  5667888
24923572  3776577
24923366  4214731
24918393  13088153
24923236  4079531
24923037  24587218
24923037  23353173
24923431  20778301
24921974  24540016
5613487  239732
2702379  4093181
24567980  11054878
24923992  24102775
24921829  21152733
24924469  17256182
24924434  4754763
24913724  24868635
20196707  16949173
3460324  41898
24802076  3626149
24924649  4572090
24790427  413439
24925202  4261133
24925370  1200621
8960097  332422
24923486  4660142
24922461  7352493
24925524  12253908
24920344  6918164
24925306  23600122
24923962  23353173
24917397  24914146
24921249  2255311
24925662  24903483
24926242  3812850
24926308  19078461
24922739  18995951
24926064  5694600
24028002  7896645
24900643  19943766
24926761  15090942
24925609  6462226
24927056  1839422
24927182  8330499
24927182  6682997
24927286  4820716
24927249  309424
24926418  24154117
24927331  767821
24927997  3672731
1965722  8091143
24927392  10204480
24928005  3724817
24928036  4615940
24919371  24372559
24928185  1049210
24903007  3577641
24928727  12721869
24929320  2295290
24925247  1811125
24928947  13143563
24883045  17164535
24929821  3167298
24929924  4660142
24930001  207000
24930126  24928247
24929867  5397447
24930357  10080379
24930366  23653778
24930755  24927729
24930805  588004
24928969  2189376
24931635  12769982
24931655  3577641
24931388  8091303
24926451  1586560
24925463  653714
24932251  4647665
24932277  744099
24926586  24644436
24930524  11011756
4991576  1962247
24932016  8111991
24933147  11133793
24933289  1445472
24933405  870697
24933545  12318283
24932474  5827393
24918140  1511082
24933056  11951328
24934350  14220321
24866094  21534966
24934075  18357440
24930342  12807797
24935019  14700606
24934113  7669668
24934113  7266935
24934899  7511821
24935475  1994218
24935475  3918578
24935627  4255472
24935678  24414124
24935678  555505
24935791  21622009
24935498  14220321
24936647  24845909
24936765  5670972
24936820  949433
24932262  8066501
24936802  6804603
24936960  17754134
24936309  23172113
19476280  18484591
24937179  572768
24937215  9203574
24899815  24920501
24937203  23911670
22704422  18309422
24272720  20279484
24937525  9245353
24934954  3342941
24937814  6893700
4816316  4844475
24931640  1295584
24931640  4852017
24930372  684672
24937985  240178
24926241  24909498
24936857  1976116
24928963  2343989
24927783  6268679
24919627  24917247
24918147  5078239
24917867  967815
24937576  9274494
24938153  13840429
24932592  7940249
24806545  3818193
6813414  622324
24938225  15316272
24796725  10523849
24804186  16188119
24800608  20975046
24803716  1694595
24917075  14910667
24927094  3530771
24934209  104254
24136402  24069432
24938581  7074
1676178  1940214
24915269  1459676
24914251  11796093
23068544  6930007
24911525  8479974
13315419  4502633
11570636  1824030
24937938  24932519
2212583  1014861
24910748  900207
24938718  9466265
1824030  4502633
24937872  6689584
24938317  2001449
6867257  4502633
17957299  1014861
24909300  3508605
24909300  13938460
24913932  21596964
24938855  24935083
24908881  710957
15869505  4502633
15869505  6867257
24908080  3877027
24919128  2731297
24938864  9466265
24906773  5995628
24906371  18682567
24309861  24274483
24938460  843632
4075975  2123083
24939318  3059044
24939266  750486
24939266  1676362
24939448  22923226
24893334  23962222
24806480  24781581
24936307  538745
24939742  14220321
24857732  585945
13600126  5505981
24939890  18549904
24936858  12008580
24933292  8108688
24940529  4176328
12789870  4753963
24939791  24878262
24940465  966408
24941095  3926048
24941074  19198014
24936923  4468824
24941195  324831
16190231  5986442
24941298  24892358
24919570  24892358
24941394  3442931
24921760  24933746
24915968  24933746
24941512  5180232
24939002  3223265
24941030  7948789
24941704  926822
24941786  919244
24941080  24536154
24845028  24536154
4083079  17846529
24941608  23811103
2001691  15228742
14158788  2459979
9047703  10732690
24066604  24070978
24940454  5071040
6313896  851949
24936708  13768483
24942247  24835619
24942329  21923816
24942340  1817300
24939796  13306519
24942655  15738259
24870592  15148803
24942827  4801990
24939335  2422173
24942968  901115
24942968  647259
24943011  40480
24939852  7875607
24942769  676312
24938466  8821410
24943259  6441218
24943598  5259714
24943617  24085680
24939724  1688099
24943868  128923
24943868  855360
23976741  23966953
24944128  23511275
24936515  218384
24944203  23353173
24944644  14220321
24935406  10471929
24935406  4909887
24944924  24944412
24945131  2430756
24944892  13052522
24943106  2341837
24945507  1313120
24945593  5116756
24943620  13940205
24945360  9277560
24946022  2369022
24945893  12573816
24946212  10398931
24946235  4660142
24946532  355167
24944992  4126206
4909887  10471929
24946634  8797800
24946711  13418669
24946760  6323171
24947250  218384
24925603  14302849
24947270  18400620
24947273  2213030
20006876  10714251
24946580  9397669
24947553  24946522
24941641  24872689
19934117  6801283
24947261  513832
24947837  978740
24947023  5210535
24948150  11775205
24947763  9899768
24948522  16772394
24947881  12769982
24948195  24926126
24948523  15452103
24948494  12020227
24948741  11908918
24948793  2419749
24948806  5097973
24948667  9605913
24948876  17939431
24946829  24696512
24949145  11082640
24949107  19276996
24948341  97371
24946616  2075337
24243434  24223210
24949529  18125294
24949541  16660325
24949541  4575134
24949689  12834661
24949935  3917250
24947833  6897027
24946936  5618163
24949965  8700636
24947878  8694273
24198482  13738589
24950197  21950672
24947781  3929297
24948928  2225564
24948685  1727772
24950224  6425707
24949408  88235
24948435  11872003
24787620  18162197
24950318  23846699
24950318  9220416
24949858  2505181
24949963  3479740
24950792  5004978
24950719  11046088
24945243  13175510
24951180  621577
24949071  13840429
24951441  568977
24951819  24949883
24939129  7870265
24951946  451415
4244286  90178
24935782  8653424
24952000  19334583
24943466  9541351
24951744  9851655
24950118  4052770
24952379  10016615
24952375  609831
7592758  17440164
24950069  232736
24949914  14826992
24949128  1144783
24948898  18676412
24948898  706655
24949045  10751304
24951325  7773778
24946498  4935632
24946165  11185906
24945982  1827965
24945462  24921661
22741617  18838964
24943703  1417934
24934539  24935997
24942387  1999503
24952314  1014861
24941574  1423777
24940386  21965201
24952668  221732
24939358  2258647
24938878  3443606
24951460  24101835
24785238  133973
24904926  426258
24952826  7263824
16073626  7263824
4002234  444080
24902820  24887820
24897352  114543
24895329  17776544
24895428  512528
24895120  11178673
24893449  23042745
24893004  3612744
24892714  5945161
24943030  24939595
24890894  9329446
24890668  20853546
24886369  10916675
24886195  12486391
24843998  3029870
24885035  487073
18306052  12374442
24953320  18167280
24953416  17160162
24863183  17160162
24953595  14220321
24953777  12945978
24953734  1356955
1484207  1527418
24954176  3726505
24954217  664700
24954339  9744139
24954341  1846900
24948525  3913580
24948579  2506488
24954524  1451009
24946353  3602827
24951857  24954310
24954648  1062960
24954675  203198
24948739  3296893
24954647  85992
24738453  24738168
24954700  24137212
24954120  4907843
24951568  4760215
1366191  1360682
24951060  24954912
24955103  4660142
24955111  12423614
24953714  5822421
24955288  1841452
24955185  9985912
24934526  4018849
24946807  1827965
24955202  16208365
24952579  4594733
24955832  1677778
24955920  14220321
24950250  24644436
24953531  12433304
24955750  24550901
24955918  4968406
24956063  13478375
24956074  8383181
24956064  12019163
24956156  14220321
24955244  3988788
24646884  24669210
24956420  17364127
24956420  4282413
24956480  24927193
24956818  17364127
24945125  20722891
24957033  1215881
24957047  5216314
24956924  24819749
24957202  4261133
24957267  1267869
2409126  513084
24957368  24955871
24957422  12567578
24957365  17038402
24957007  3404975
24954151  542804
24957758  2053498
24957681  15285626
24957204  4660142
24953789  10138481
24957891  4993717
24958027  17364127
24958027  2699086
96759  17364127
24958144  757675
24953207  18003331
24955085  2264083
24958323  24958027
24958494  17323954
22656422  17364127
4127434  3745905
24958869  16727564
24959107  8064691
24946965  2998215
24957006  24820325
24958983  9257505
24955446  23353173
24959390  18046468
24959282  147181
24959641  15112125
24959682  513832
24959225  18725035
21906827  15637133
24959557  24959009
24959880  4261133
24959887  11200636
24959856  9689793
5611021  4811259
12557793  4811259
7370579  4811259
24952221  4811259
24959995  5223
9589189  4811259
24959255  13444876
8742193  4811259
12771211  4811259
24959746  17311645
20082429  4811259
24959833  949433
23848197  4811259
11750621  4811259
17808629  4811259
24960121  5606318
24960112  71328
24960128  24657545
24960213  24959993
24957863  11068800
13429327  13893844
24959573  8094835
24953756  2490825
24958224  14379274
24960850  6537323
24960850  24939966
24960752  16568272
24960934  4956844
24960052  1855320
24960921  12963405
24960545  5163064
24960550  7969630
24958288  4542352
24961251  17915005
24961242  21708192
24958017  16470942
24952082  1196400
24955039  9259862
24961067  471962
24961447  4908122
24961480  8466790
24961260  17301029
24961715  4874805
24959356  23306281
24961988  23667086
24958874  10309249
24957576  18045756
24960738  11010683
24962222  12769982
24960844  23339944
10572969  11036381
24961269  7611169
24961568  5210535
24931514  4668623
24960166  4696229
24961985  16720201
24594306  24594645
10367387  6048913
24962663  23442157
24962630  8968376
24955065  1460170
24859093  3680429
24882833  10907849
24962354  218384
24962882  19498315
24961660  5989790
24963012  374399
24962178  24274086
24960634  7296467
24963288  17403935
24959009  17080975
24962945  1736080
23436899  16442012
24963429  513832
750358  1964839
24963462  218384
24958187  3412068
21368917  21404144
24957728  4123036
24963599  750486
13107118  3790935
24963732  11064081
24963823  13448860
24963984  2973202
24964080  2167916
24954112  24518418
24964370  7674786
24964359  8871204
24964574  1461072
24964481  10611170
24963620  322715
24964689  24885418
24964702  1711990
24957383  52550
24964692  1169248
24956859  24932939
24846533  4721449
24965286  218384
4049796  4032349
24931189  9851387
24957734  6159900
24936441  7779900
19246936  4496359
24964956  9357613
12764424  10970305
24965405  5259714
24965115  1824568
24943352  1186107
12171731  23353173
24966037  2505181
24965888  24953055
24966263  1445385
24966078  24943999
24960872  12923229
24966524  274626
24966538  23667086
24966538  14220321
24966428  22489398
24962561  4040001
24966831  15022441
24966971  859634
24966806  399022
24967130  336859
24967140  1695183
24967218  576169
24967268  4660142
24947056  209779
24967323  735138
24967372  2702344
24967415  19300236
24260282  12884600
24963656  10428720
16792546  4261133
24962150  5752307
24941899  14220321
24967642  211383
24597871  22630458
24967965  6441218
24964639  5455794
24968482  16959576
24963821  2703601
24887074  24886716
24968767  684672
24968797  12630891
24968502  2813353
24967448  2970602
24969159  35301
24969199  8028957
24969726  905226
24959217  24955313
24969841  2502193
24969021  22105723
5743051  4533816
24969942  19162331
24967009  5147060
24968418  16049538
24968935  8049029
24970082  2623769
24970270  610245
24970424  3555318
24970503  8207510
24970841  4645020
24970841  1532461
24970900  12769982
24970850  12769982
24970390  11926823
24970933  2701876
24970943  6367063
24964244  337268
24963653  10924127
11428066  13348455
24971155  3348247
24971106  1846202
24971415  5963269
24970717  17100235
24971671  10836832
21662203  8990158
24971855  22755371
24899496  16130632
24836240  3985214
24971668  3063481
24971981  24062509
24716355  9073273
24972475  21069668
24972415  24963143
24940883  12901475
24971120  3297867
24971120  3052442
24970295  6467711
24972352  24970597
24970406  5449734
24973018  12769982
24973131  5366618
24971999  8215021
24973186  9821222
24972452  9287510
24972617  12876835
24973321  8028957
24970462  24964976
24971304  513832
24973819  232535
24970385  24969391
14908789  2535760
24967364  2535760
24965349  5535206
24974104  8188645
24974238  218384
24974185  15696416
24974289  523482
24973278  18878496
24972886  3988788
24974033  3406891
24971778  1126726
24937354  24919462
24823274  24762262
2589610  21057827
24974966  3066703
24974967  1916711
24974024  6041064
24974111  5654926
24973829  17359
24970154  1410719
24972727  24553391
24975199  13102045
24975266  4261133
24975218  11354214
24895298  13840429
24974366  12769982
24975640  11360904
3306124  5867985
24976467  1711990
24976375  826948
24968003  16258304
24976626  18923813
5233041  885793
24976518  24848057
24976657  363681
24976456  1759455
24976938  10266101
24976211  2393179
24976727  12012121
24972416  3972038
24977073  1867861
24977110  126100
24977110  1345939
24976973  1816458
24968103  2661536
24689939  24701904
24931279  2583472
22838503  6270004
24972220  19908793
24977304  14220321
24970914  17484764
24943306  5341202
24976933  24644436
24974321  4261133
24969342  24969777
24974585  2977213
24967916  12166380
9499618  708140
24977464  3163070
24972919  548986
24977474  11508463
24962868  6842245
15963549  12772443
24971049  20899991
24972883  18671
24977879  1175475
24975807  24587218
24974440  1189245
24786676  24832523
24978155  1369831
24978216  295104
24975628  1239938
24977887  24697403
24978453  4922145
24977919  15538925
24978559  1669111
24978672  14220321
24978644  6432170
24978398  3988788
24977184  4220832
23572237  5989790
24966517  24084281
24934177  24869462
24978813  16959576
24978380  12769982
24978853  24969730
24978020  12783217
24977859  23977617
24203574  2024143
24203574  2860513
24973129  24441162
24979232  6913569
24977407  24976037
24979585  1151582
24969053  16277422
24979242  3296893
24979623  4764768
24979888  1568091
24969632  8599657
24979901  2553354
24980132  7725795
24980219  24595783
24980489  18093928
24979725  6538470
24980480  218384
24980539  3066590
21989360  18014419
24980477  11599458
24980542  922360
24976795  298830
24840681  24464237
24979805  4165859
10893668  5627284
10357284  5627284
16646682  5627284
6538470  5627284
3952387  3709597
6250022  3709597
24980874  11704971
9179834  9179479
24980851  21595925
24932131  24861976
24981361  1328223
24981434  2269840
24981272  12573816
24981497  18813580
24977442  7932654
3752359  6717165
24981758  23862873
24981928  19318866
24981932  23952491
24981934  11922383
24982045  8110934
24982136  1634268
24982012  12829963
24982322  21984824
24982464  4634211
24980603  24644436
24981529  2973202
24982373  1757820
24982190  16457912
24969315  345838
24978064  238073
24982605  24167856
24982842  181719
24983174  12769982
24983001  16266772
24981805  24980569
24983697  10084710
24984023  7112282
24984015  13441973
24984110  5419
24984222  18753465
24984105  21895756
24984226  22379067
24984043  2896177
24984378  12769982
24984413  24971767
24762159  1405739
24984391  949433
24984512  4159843
24984556  3577641
24984732  6343166
24984732  5150637
24984766  1345929
24984608  18912
24984758  574691
24984973  513832
24984983  22991150
24982602  3253641
24985088  4421706
24985186  12573816
24984362  11224042
24984404  2123663
24985225  2767068
24985453  11455306
24985586  15858414
24982415  6343166
24985670  1683794
24985660  20204727
24810226  24812539
24985900  553682
24982541  2649544
24982541  932328
24985877  3002067
24985966  4102569
24986031  14220321
24986021  15222754
24981239  1132941
24986047  8552136
24984597  10316127
24985939  8077156
24986026  12184626
24986697  969285
21701392  11299284
21701392  10728412
24986737  9469264
24978784  588004
24986533  5484984
24986711  18179856
24986955  24856862
24987169  13817562
24987269  435668
24987302  15965376
24987287  197986
24984250  24579754
24980462  5373198
24987603  11922383
24987495  1857513
24987827  588004
24987723  24222457
24987831  6329908
24985943  9655843
24987901  588004
24988175  16644226
24986997  23352872
24987680  1880321
24982311  22444932
24988378  17178818
24988303  3655728
24988483  4227223
24980772  23014492
24988359  4660142
24988529  1388450
24988598  4261133
4221384  249222
24987558  12573816
24969751  12573816
24988317  16264981
24989116  10278640
15689000  3003855
24989180  5510715
24989170  21814825
24987731  1380463
24989835  12769982
9108084  6023941
24988939  400212
