20465825  18192114
24989296  436345
24989726  7333376
24990190  279170
24989186  14598038
24988544  201183
24990375  2033912
24990413  8028957
24990490  4231458
24990613  22130429
24989058  24970542
24988524  5332801
24990609  12796342
24989113  24927586
24878875  2884163
24989643  9856363
24956814  2385669
24988919  25552
24988114  3644585
24990409  24958134
24991227  7055882
24991306  513832
24991383  1304653
11732545  1555109
24991065  16834937
24991845  15217711
24992087  14615305
24992176  1061717
24992210  901115
24992181  19907698
24990618  23740548
24987780  8957443
24986275  24985341
24986822  24978736
24986822  7319552
24984498  1133770
24984376  260540
18606877  358874
24983988  5492492
24981954  12756159
21770870  17341122
20311271  17341122
24980478  500431
24980174  46155
24992053  3418128
24978836  6801283
24977681  24977499
24977456  5835126
24977210  17039262
24976955  24976808
19268972  4628800
24974491  8181061
24974029  2598658
24972608  7609130
24972571  7273338
24971518  383631
24967585  4872257
24961866  24489080
24967119  9894339
24965313  5004233
24964101  1260122
24961071  1319657
24992830  3577641
24959692  11491628
24959761  2457032
24991095  8635881
24993166  16201068
24993045  7608145
24956020  10324527
24946808  13042157
24884185  308122
24993280  24687623
24993405  3724112
24990136  1703320
24977602  14722873
24993811  23653778
24991397  670563
24989707  2167916
24994101  10488587
24990059  4010144
24993619  2757555
24994299  1915376
24954880  6343166
19133678  190396
22896383  190396
24994477  492809
24991262  12733761
24993814  4660142
24994846  901115
24995201  263191
24992064  4660142
24738501  953398
24995514  24678056
24994663  3888902
24995539  11054064
24995562  24644436
24995634  20563772
24995723  1432766
24995829  24994101
24995468  1572577
24993470  273238
24992102  3528713
24577870  17508542
24995167  14025964
24996241  24993135
24996342  17838708
24996539  17364127
24991122  8637215
24986898  4623974
24996566  17503656
24989881  1824465
24996664  3922554
24966783  3272424
24966783  24779357
24997113  2959581
24997117  21494489
24996708  14499783
19151115  1096853
24994825  5520580
24994825  139180
24994832  24992784
24997461  203198
24997339  60174
24997199  141088
24994203  24980340
19394782  1554099
24997720  14651425
24997713  232535
24997506  840501
24997819  3724112
24997460  21294376
24994181  20923209
24997917  23740548
24997129  24994430
24997903  988353
24998114  1915166
24997369  13718188
24997613  24808800
24998311  1258416
24998234  22100384
24998402  6270004
24994907  15035660
24990036  24992766
24998687  14516915
24998835  826948
24998659  21411358
24998914  23446377
24998798  24956732
24998875  203198
24999306  24982744
24997812  11678973
24999408  10307281
24999615  2419749
24999650  5873810
24999418  6343166
24999873  406230
24999681  857705
24999681  5411694
24999103  194852
24999909  14797569
24988351  24990421
24989980  9534990
24999461  13223277
24999461  4741271
25000079  661561
24998519  2037867
25000394  6035848
24998793  4172677
24999188  1014861
24999188  24994911
25000714  4660142
25001225  24901
25001253  1416697
25001242  4640691
3137888  2983555
25001269  14091387
24999476  23112599
25001546  24644436
24999280  17622589
20067508  19834842
25001711  759663
24999950  2952868
24999612  218384
24119211  24190063
25001482  16066170
25002316  18711533
25002561  4890054
24999262  931536
15766772  2991623
25002825  24237129
25002916  14898617
4885145  2991623
25003748  24295131
25003708  610245
24994445  16938860
25004055  746809
25003973  406230
25004202  24254552
25004555  5904380
25004632  23929145
24995159  7872846
18183241  17352485
25005653  16182554
25005653  4201083
24996679  17329142
25005865  24997781
18538183  11265464
25005963  14220321
4156957  3216360
25004732  22130429
25005839  2682136
25006022  4660142
25005478  1915001
23927131  4660142
25006237  4383914
24997927  4732544
6605535  19168423
25006385  3845006
25005746  3984726
25005072  25000674
25003944  13903016
17552446  736186
25005511  17776940
25007113  13731710
25007050  13291098
25007357  6273467
24996093  2851938
25007594  22514310
25007661  7561031
25007103  2993251
25007617  495021
25007845  10837201
16663032  7825465
3349370  3327013
25007849  3130356
24999745  123198
25006372  16968809
25007486  4311069
25008248  7551404
25008391  24992027
25008753  203198
25008886  22910044
25008937  750486
25008951  513832
25009012  4244896
25007063  24587218
25005227  12301510
24893303  24106776
25009632  2126522
25009779  1437791
25000989  1609637
25003135  1923273
25007364  935098
25008826  18361111
25006734  228912
24883075  4937180
25002398  1530748
25009257  22155102
25006618  18945949
25008939  9013177
25009971  9733312
24996016  25010302
25006366  24047991
25010610  15010265
25010298  11647376
25010572  2844565
25010771  23740548
25010742  2115497
25009909  13012327
25011117  1529002
25011222  11732422
25011213  2844947
25010983  879152
25008978  20588993
25011141  12572441
25011253  3059650
25006969  3426165
25010511  3009477
25011801  588004
25004127  10926328
25011981  4244896
25012019  4660142
25012165  12769982
25012675  513832
25012835  13928557
25010622  16152547
25012964  451415
25001629  5956993
25013388  14220321
25012806  1913098
25012620  23202136
25013188  5767228
25013490  742271
25013606  5117127
25013741  18104208
25012102  22256371
25010979  24644436
25013776  5827713
25014056  1241478
1160403  1129521
25014131  4442895
25014147  24028995
25014353  24644436
25014370  8797714
25012002  20165564
24386488  138948
25011915  1273566
25014524  3621272
25011909  25010470
25003758  14615305
24999594  9960456
25013597  278189
25010275  18107286
25015186  4030928
25015163  15397214
25015397  240178
25015199  23653778
25015367  1817792
25015483  111102
25015189  13799406
25015581  386281
25015920  15965376
25015958  336859
25015789  24933430
2311249  1046546
12581932  24993000
15446833  14070841
25016827  11691324
25013085  24931547
25016906  20431364
25017055  14220321
25017084  4235774
25017263  4866284
25017137  3230420
25014508  14753321
24995382  24988430
25017296  1590799
25017100  1986896
25004066  12299665
25012381  1143262
25012381  3110299
25017555  491490
25017682  15090942
25015552  24987864
25016350  218384
25017553  218384
13082913  682615
25017918  24644436
25017897  2591505
25017874  4413178
25018020  3613704
25018294  2784514
25016266  10483959
25018231  25003231
25018400  24764498
25006016  5658994
25018614  8289088
25017542  2940618
25017473  436411
25016685  2534089
25016481  7273338
25015867  1575141
25015912  5272433
25015696  3490622
25015524  10123953
25015140  483745
25013254  1072239
25013017  1895476
25011549  25009781
25010901  1772941
25018788  3895756
25009212  2780566
25007622  19248443
25004659  8317982
25015814  11625208
25018957  24936601
25019021  25017246
25019028  8811027
25019478  11321491
25019364  22229107
25012822  15579069
25019596  9078426
25019228  25008348
25019382  24881741
25019657  16709373
25019638  668286
25010755  607435
25019815  1627581
6445045  737151
3767665  4244896
25020059  4244896
25020144  218384
25019999  6789703
25017917  23667086
25019672  20563772
25020334  23667086
25019447  11369589
24899183  435646
25020332  18174988
25020764  25016890
25018639  1011339
25020713  3277367
25021342  21645953
25022047  5723555
25022272  1711990
25019150  3775281
25021815  24961466
25022407  279170
25022482  305092
25022562  2732451
25022074  16959576
25022829  3134683
25022774  960866
25021609  11494257
14451582  11439821
25022947  111928
25023003  15656434
25022989  859634
25023369  4015839
25018159  5225197
25023399  4260698
25023265  5890584
25023421  9998518
25023271  24812464
25023664  3259496
15367912  3259496
25009584  24924400
24983187  24924400
8611700  3755606
25023893  7083545
25024097  8028957
25024014  15696310
25024084  11364809
25024232  5138696
25023898  6684317
25024351  19193595
25017390  24683368
25023018  21735859
25023513  16460412
25024613  1451009
25023264  14594497
25007466  11786023
25024508  471432
25025092  1023099
25025105  15802473
25025338  17899434
25024889  20279484
25025533  11235274
25025668  5226285
25025513  19358297
25025593  8992100
25026002  20002503
25026002  15112125
25025847  15111420
25026242  15423734
25022665  12769982
24925295  6119392
24980962  21306336
4502587  3737139
25024010  24895901
25024010  1093322
25026606  14220321
25026750  336859
25026746  1359018
25026853  9954064
25024672  377619
25013856  24954249
25027033  24931965
25026483  3796427
25023996  16369146
25027063  4257359
25023142  15949304
25027264  11296361
25027140  11737320
25026484  23667086
25027324  4390356
25023205  24984059
25021121  49107
25025932  5482989
25025932  2529728
25024136  24823915
25024595  1164345
25027426  2073235
25027716  676721
25022374  18406421
25027863  1291942
25025430  4872512
25027768  471199
25028142  203198
25028244  6286640
25028257  14394203
25028605  4425289
25028680  2739859
25028846  13102045
25024384  3099322
25029167  10104473
25029324  18210700
25029334  11074972
25029449  2471935
25029595  2592501
25012767  13894006
25028773  20295802
25029641  12929104
25028889  25028004
25029795  5041494
25029383  20514058
25018834  2916937
25030291  2155622
25028472  6955128
25019012  25017886
25025538  1565600
25025779  4713236
25029693  9515891
25031122  17296444
25030644  1618065
25031323  2019402
24871693  3009670
25030370  279170
25030857  201323
25031462  3719915
25006877  8239271
25027874  24270435
25031400  685060
25031852  5216314
25029902  15912825
18622907  793858
25031277  850341
25031778  17601615
25032217  20440333
25032449  798545
25030375  19585815
3091316  394809
25032721  7674786
25032972  203198
25027222  1056728
24942693  11344561
24917735  17496358
25033178  1873873
25033751  143405
25034056  14220321
25033351  19522202
25034086  25034032
25034223  8077964
25034196  19513555
25034195  1318224
25034383  13840429
24751843  9608314
24971638  12168043
24736107  24751843
25033544  18723216
25028634  10341556
24989418  13306546
25035005  3724369
25033270  15747564
25032632  2973202
25027733  24644436
25028280  1439950
25034959  6318996
25035802  14220321
25035821  12460677
25035805  5245152
25035432  12686746
25020508  6226702
25034819  6376079
24882567  2485064
25036182  4660142
25036347  14088745
25034867  6841263
598672  435646
25036160  492994
25034299  19779021
25033645  901115
25032325  1745248
25031137  18836251
25030992  426258
25029156  25009345
25021304  11390792
25022324  166160
25029741  1612494
25021392  10427573
529785  7065120
25003491  22704963
25002466  203198
25002340  23223090
25001263  1069666
25001284  1300242
25036705  9887534
25000795  3397113
1593800  4015345
25035775  5373198
25036865  22910044
25036865  25035664
25036970  919244
25036532  7899525
25036980  14374674
25020483  601503
25037244  262816
25037351  2973202
25034339  9516567
25032993  849211
25034620  25035204
25032243  91362
25022756  3277961
24286276  13944956
25037907  1679727
25038049  398037
25038035  1690057
15815219  13869627
25037346  3076414
25038340  1014861
25038273  5914422
25038455  4269498
25037771  14205780
25037771  14241978
25038734  3772290
25038734  2554839
25038759  218384
25038801  13840429
25033697  14504385
25036881  660501
17323279  961532
25035974  20705992
25039396  17596938
25039383  8049556
25039178  2208690
25039609  1960730
25039642  572897
25039724  6177719
25039140  15745042
25039858  1431810
25038748  11915288
25038050  13869627
25037308  4261133
25036958  953918
25036087  13905578
24999758  6126077
24999758  2720618
24997444  90178
24996919  8208632
25040058  9508518
25040174  24091729
25028107  10856213
25040368  5428676
25040466  1680528
25034477  3152241
25040663  13840429
25039786  2921745
25036019  8009882
6318996  2921745
25040775  802134
25040847  750486
25040820  13507496
25040862  10984771
25040994  22463691
25034761  1607336
25040898  5519368
651462  636102
25041775  7899973
25041714  6343166
25041552  11750450
25042478  18649106
25042456  185844
25042091  18903304
25042645  5545283
25042667  5002358
25042716  10929453
25039796  7677919
25042742  4176328
25040575  218384
25042859  1472633
25043069  10660711
25042702  23249843
25031205  1645007
25043359  12549836
25042083  588004
25043729  920353
25042071  3730035
25043723  18833271
25043503  15773765
25031681  3344628
25044004  7928839
25028335  14667060
25044439  8900166
25038527  6001784
1784506  2199897
25044515  24370861
25044537  448981
25044618  3076414
25044853  1005857
25041658  8810390
25038727  7913631
25044977  25042845
25045656  6322949
25045118  25039550
25043051  2018026
25046080  24988467
25044134  2554779
25046242  10280801
25046422  1248081
7435487  5343006
25045378  24582989
25047136  24644436
25047136  24978679
24950003  24933943
25047262  784929
25047262  4686583
25047419  6634358
25047419  4059932
25047462  21178077
25047462  10677306
25047685  11922383
25047297  11327249
25047103  3248670
25043840  8806212
22613829  10150899
10399789  10150899
25047994  4660142
25048188  962132
25048314  8208750
24940096  16358973
25048323  14028959
9170883  6157178
25048400  18302784
25048673  27928
25048829  4885713
25048902  18682206
25049437  11321491
25049386  16661454
24999281  14530113
24989728  11855363
25039963  1051365
25037870  2321150
25049974  513832
25024218  5510715
25049939  24998107
25050114  21317476
25050210  6961356
25046676  3800551
25050267  3523628
25050503  15482884
25050137  4616202
25050567  20926
9422664  9421948
25047827  111102
25044234  2016901
25044233  25041745
25040513  25038292
25039801  17536504
17967813  4632485
17967813  5514149
25049380  7999148
25049097  9519207
25046693  5346459
25048158  18176591
25038711  9086309
25051482  11912233
25044394  6411656
25047298  2224380
25044924  20372128
25051136  9858448
25051791  203198
25050704  5131647
25047012  9788492
25047092  25042368
25041567  25041745
25046953  23171673
25052137  8923114
25052101  22276121
25050786  2448843
25052728  677812
25052675  4308989
25048182  218384
25052427  9218936
25052756  4964144
25047748  22605529
25052963  10528270
24764460  24743726
25050012  18754685
25053348  13456996
25053163  6332392
25053504  784929
25053512  13840429
25046684  2063480
25053584  85992
25052511  4796254
24974526  6284384
25053924  4660142
2074885  6584635
17684783  6584635
5245568  6584635
11044825  6584635
11046338  6584635
18947016  16046246
3391791  10693845
14415024  10693845
1280903  6584635
12377734  10693845
25048576  16574189
3349332  10693845
22129151  10693845
23823534  10693845
19210665  10693845
13667533  10693845
10160051  6584635
25054667  4660142
21490243  6584635
19289907  10693845
21187662  6584635
14661231  10693845
25054836  4176328
23412743  10693845
11537336  6584635
23383973  10693845
25054595  10164741
25042827  24743726
12544521  10693845
25052287  3473639
25054669  10090612
25052500  3506007
14142677  10693845
25043790  4792364
24219702  10693845
20557809  10693845
25055151  7308929
25053372  25034619
25055322  2354609
25054635  25049851
25054975  9770416
25054381  10059885
24861693  24743726
25053668  19707935
25055955  201323
25055725  3514784
25055945  15112125
25056246  13392463
25056584  1592665
25056666  2467945
25056860  12769982
25057045  4660142
25057069  5467395
25056330  8377410
25056630  8228980
25053783  5033047
25055508  1026723
25057241  4592432
25031158  9935324
25057325  4723747
25055858  3067901
25057480  10307744
25057585  1568091
25057536  22145053
25057829  336057
25055076  25049892
25056970  6578832
25055976  12769982
25055976  4261133
25057936  11465609
25058056  463299
23965105  24081405
25058342  218384
25058428  4189766
25058343  22745662
24967267  22745662
25058638  22830301
4064048  11542218
12447079  10693845
25044885  22096187
24510556  10227448
25054066  5317550
25056533  4913673
25055559  24728588
25055559  24638964
25058156  2303972
25058914  1271880
25059251  10019367
25058060  10178292
25059569  6982179
25057062  4191381
25059524  16704290
25059611  3076414
20951545  14321808
25056507  25039006
25059821  1867861
25056953  10934664
25059895  25022411
25059633  18090324
25059861  4660142
24114089  1621395
25060142  3306568
25059605  3870057
25056206  189780
25058973  17943264
25060236  3577641
25058728  2181464
20996718  18329760
25057927  1085801
25059187  18514190
25057034  14220321
11083598  3139780
25060353  1004525
25054300  5732187
25060581  1790975
25060570  1329672
25060795  7331725
25060784  14953867
25060855  2973202
25056282  14977392
25034028  18775724
25061093  4261133
25061020  8898925
25061289  949433
25056943  17286566
25061578  23446377
25060917  19037361
25061460  11738726
25061837  1459377
25059199  8767166
25061909  13883917
25060615  17466561
3128374  80091
25061952  15581687
25061959  23667086
25055797  4212675
25062316  5490095
25062502  3586871
25062564  218384
25062752  588004
25060651  3767365
25062204  12016282
25062776  13168463
25062920  3059044
25063234  5306640
25063374  18665216
7183388  2161388
17860684  17836273
16936132  192048
6927242  2631001
25059262  22171526
25063625  5640728
25063583  6665187
25061647  25022724
25064205  12204453
13492857  18479418
25064308  15112125
25064293  670563
25061649  25018205
25064351  24451490
25064623  11347971
25064019  14473190
25065179  23759202
25065301  1191054
25065301  1590723
25065303  1359018
25065313  5627284
25056466  23243273
25056349  2686260
25063150  3795739
25065817  5389508
25009061  2918414
25065910  22719900
25065891  826948
25066038  513832
25054525  7475309
25065326  4252349
25066294  3595515
25066540  14220321
675816  472103
25066439  7017281
25064130  4660142
25066970  20390355
25067021  994331
25067273  11321491
25064677  8790093
25067792  9207488
25067815  2733255
25067809  6487366
25067808  12806278
25067866  11217878
25067881  2589736
25067944  205853
25064273  20517434
25068238  17728705
25068174  3642919
25065562  25049231
4997783  4997167
25068424  14220321
25068469  451415
25068374  8028957
25060234  1716308
25060234  1359318
25067905  19605150
25064385  9288107
25062983  16660039
25068598  4952689
25068637  7554039
25059452  7451406
25068939  4261133
25069017  6269765
25069113  2802055
25015194  24203492
