4073821  2560375
4081410  949433
4081474  200640
4087025  3761716
4087040  1361591
3596474  3073812
3618009  2282051
3622303  31044
4041238  419163
4042995  1757296
4043263  989129
4087875  4087838
4090434  2529834
4106795  2007695
4107095  96285
4107095  4097464
4107145  351845
3623668  1235410
3630084  618403
3633835  3633549
3637079  8269048
3641180  1186957
3644381  3596990
4049045  4048949
4062583  914715
4067412  4040602
4074696  2629027
4081299  3190034
4131487  3499672
4107682  2747285
4108617  2934563
4108818  821085
4109218  2580933
4121585  191691
4121585  2865302
4124307  1352855
3646903  750486
3649754  1673841
3652605  142948
3652605  998552
3661186  1508906
3665380  633780
3665380  3178448
4083975  2846301
4097577  3760152
4098632  4098333
4106333  3988275
4135112  4135040
4136967  1716962
4137903  2068088
4144506  4143990
4145072  1175888
4126680  1732348
4134553  572853
4135975  1272680
4137911  33264
4137911  1012573
4138983  287060
2596584  421373
2610224  203854
3667295  3675007
3670360  3456763
3674197  415801
3675819  3675410
3678784  2616397
4145844  913020
4148350  134845
4148350  2479557
4164077  1775865
4172114  4124415
4112834  3934619
4114255  3391464
4118620  4700063
4122360  4122209
4130703  1348892
3681642  2671457
3684450  592160
3688994  3647824
3691838  2813168
2620891  288441
2626643  2634380
2629501  77718
2631087  1744522
2635667  1035016
4147708  1763136
4155860  2308134
4160876  3993239
4161211  4160857
4170971  297586
4177037  2648
4177837  2465999
4180738  4176844
4181559  372865
4187405  4176328
4192219  4162834
4193172  176264
4197801  1294901
3702498  761194
3713830  3713834
3714130  924389
4134647  1792815
4135132  2301810
4136919  4138472
4141497  676824
4158209  4087110
4158209  4157494
2637403  199023
2637403  2625405
2640590  873207
2651543  1223873
2656023  9591
4180195  212444
4192578  916051
4192578  1241205
4194350  2144697
4197971  119098
4199607  4199224
4201696  284324
4206240  4206500
4211256  263191
4224173  895827
3714280  1486818
3718424  3927
3719896  3669315
3722011  3577641
4196857  646628
4196857  2198713
4200202  3927995
4203009  377164
4212134  4208235
4212534  3339722
3726248  566303
3733500  3733365
3736794  349717
3740538  122670
3742717  1567138
3742717  2139224
4159047  1644
4161017  130794
4162974  4162834
4168688  214615
4171262  507436
4237534  3339136
4239941  176264
4242100  1195872
4242499  1538420
4228904  48884
4229538  1088376
4231225  1711
4238028  14967
4243293  2570410
4250781  1835358
4171428  2652094
4175810  4175715
3750498  194616
3751284  3633483
3753413  2726300
3753413  3429921
3753713  2910983
3762916  3762828
4244757  4244680
4247080  953598
4248516  4235635
4258562  527766
4262564  86513
4276787  2073235
4276787  4265988
4277887  870460
4278223  81584
4289436  3124818
4305782  4304246
4264877  1580647
4269958  3832552
4271579  4322367
4274452  4274227
4275523  3263480
4288477  4288493
4294143  71513
4188310  3916314
4189195  1077600
4194628  1527803
4196781  203069
4210655  4205574
3763709  3763861
3766267  1417782
3770625  3166840
3781114  111248
3783915  3570167
3785608  1306778
4306618  79210
4309156  1085162
4335264  1629828
4346360  304268
4346360  415953
4373332  572547
4373332  1665250
4377946  1345019
4383511  846309
5126357  41244
5127658  5103528
5131619  5127640
5133759  5133731
4302496  130095
4303418  2373213
4303418  2397804
4306911  5917587
4310755  3893087
4311791  4385444
4223440  4203038
4237910  4186663
4238799  3009380
4385749  4389005
4388055  1862130
4392286  3448691
4400225  163229
4400423  4071919
5138921  4741284
5144320  528399
5156569  2716069
5156569  5020479
5159095  5156014
5160282  5160264
3787573  3786715
3787816  3787608
3793139  1137575
3793146  3655530
4314328  184618
4318693  472906
4321451  3748
4333798  3502925
4334720  4334429
5162571  5161828
5163222  507441
5174203  5173262
5284828  5284305
5209663  2973202
5211510  5211954
5212271  2912144
5214611  4176328
4254375  4135415
4254941  554314
4255460  240212
4259723  594604
4411672  1410563
4422266  1097901
4433564  4400699
4436006  1892599
4437527  72552
3796147  775872
3801027  44288
3801034  21558
3810494  896777
3811516  2865604
3812916  2610088
4335505  3595117
4338127  1634268
4342408  1819142
4353054  2337795
4358383  1247989
5215245  9481963
5217653  1324581
5220700  755465
5221627  5220669
4438244  849211
4440652  2692892
4442658  194465
4444579  3009380
5287057  2332681
5294781  5273197
5302274  1188640
5310155  2455384
5311098  2534094
5314935  3601602
3815860  73663
3815860  949504
3816903  2295119
3820847  3802349
3826963  660644
3826963  2922954
3831200  1915659
4259923  4211381
4277754  802722
4288033  33199
4289973  4289838
4291156  40480
4358384  826782
4360155  2895551
4360555  1685860
4365671  4365116
4366457  3744776
4374346  121203
5180002  5179083
5185099  1717489
5190579  1089132
5190579  1433713
5194609  75102
5194609  746871
5198671  338206
4450895  3510377
4454439  4447924
4454456  2691235
5228056  861517
5229392  4273978
5230162  995593
5231864  3426265
5231923  5231334
5231932  5110706
5231991  5216386
5317716  610406
5325531  4267002
5335664  1114287
5335993  5163684
5348159  5339595
3849334  1626446
3849334  2362097
3855257  674788
3870976  53849
3873427  101265
3873427  858978
3875220  1827314
3876635  288739
3876635  1202687
4458734  3552260
4458883  2040887
4459083  2020882
4459821  3225891
4459821  4080265
4471387  1993638
4377804  1825892
4386042  299659
4398609  13251083
4398860  4398631
4399981  246422
4403725  1691473
4292075  2818179
4296321  3006407
4300550  4300462
4322678  1502799
4322929  4273723
4479592  767999
4483470  1086465
5349397  5348468
5350597  2002025
5360929  4765371
5366507  524086
5370653  95419
5377739  2057923
5245193  4912827
5254158  1969232
5260310  449101
5262573  4266799
5263718  5255731
3878764  27894
3881672  1591994
3886895  420429
3887481  932520
3893797  1609894
3898134  2718610
5198722  3802943
5200757  2657627
5200994  993112
5203283  6317317
4405748  737257
4410877  4410113
4411613  949433
4414235  1465662
4484155  3560461
4485957  4485129
4500948  2033914
4500948  4489138
4504192  3906065
4508355  492184
4323329  686301
4328979  1587855
4347129  2174112
4351358  1977934
4352375  4352383
5383498  273313
5392381  5046575
5394494  5363397
5394960  1501170
5395330  2800187
5264152  425717
5270972  2264980
5272201  4967448
5276579  3160431
5278996  3221577
5279621  4441551
4416393  821204
4418665  4415109
4427090  374651
4427875  4427187
4439722  1897727
3899220  3899162
3900692  2054710
3908144  1685689
3920105  3888488
3920455  461742
5208513  48701
5209717  5209548
5211839  3268390
5224139  29482
5227484  5227156
4519515  213680
4523895  3066863
4535529  372885
4538571  4533514
4546525  4541615
5404590  3615140
5407764  180172
5407764  5385675
5411163  1842587
5468798  5468379
5468821  162571
5474973  5473944
5478651  3553143
4353162  475152
4361318  2042106
4370159  4368583
4376426  767999
4376426  932520
4386369  3854997
4465244  1068834
4486100  598552
4489157  5583507
4499654  1757547
4504920  4370899
5282863  5282608
5286539  165092
5291896  5291286
5306863  5306648
5308735  1733375
3922291  3305096
3930122  1484147
3930158  3516129
3930215  3929672
3932087  3679306
3939589  517417
5479787  2189537
5479787  3662531
5486982  1796177
5489656  3688708
5491526  3304308
5495263  1186048
5411206  202073
5414207  750486
5414280  5399632
4546925  46586
4548246  3737139
4552041  4543943
4553177  525212
4561865  974596
4562201  28380
4505520  55139
4506992  1517303
4509013  3639537
4515179  1508266
4518573  427479
5539435  5538966
4388658  3693058
4389862  289186
4396010  3438626
4402630  563708
4409582  4066618
4416219  624922
4420444  4384837
5693937  1549943
5699517  4470386
5699517  4626551
5724315  2709339
5727098  929327
5727566  2832010
5727566  2979341
5727791  821873
4991003  105770
4995140  1760975
5311548  4904762
5317925  872230
5321635  2336700
3950171  3871886
3952686  2150983
3959981  2355952
3959981  2461866
3968212  992115
3977293  3338123
5420189  1043468
5437201  166044
5439209  5438753
5449246  5449068
5450339  426609
4564273  620137
4577092  273354
4588473  4052940
4590345  3737139
4593102  3879868
4593687  4080265
3988275  3031610
3988275  3837858
3991390  117561
3991390  2166322
3993505  742623
3997006  3984318
3998878  1962741
5453013  2608065
5459329  5458357
5463473  4106817
5466515  3278763
5470225  1138460
4436956  909323
4437343  101774
4437343  1005525
4451830  4447488
4452732  582336
5848481  5807239
4518588  4516578
4518823  3877995
4523618  561588
4537708  176409
4595859  555726
4595859  4594278
4613860  1494812
4620710  814878
4626375  1412081
4627464  492716
4542824  4542676
4543910  419184
4547217  2407540
4550425  4550313
4554770  4547511
5906752  5887571
5907454  397933
5908926  218284
5908926  850650
5910330  428634
5914525  3403909
5914525  3941384
4002879  242841
4008395  3892908
4008595  2651112
4025893  3115982
4460139  3621215
4460139  3737139
4465053  4391033
4469546  2282051
4470214  3970290
4473673  306313
4481110  4481035
5539907  3041211
5541976  4972698
5546741  554013
5552957  5471765
5558070  1064782
5561967  607817
5572310  2815839
5471638  169390
5475875  2661722
5485108  3210198
5487280  507923
5505221  2523765
5326417  5270241
5327017  75809
5328830  5327441
4567123  2100907
4575126  4573305
4576984  229446
4577369  3350641
4579891  192721
4579891  4124049
4629519  199486
4633344  4632528
4638794  4638325
4642723  305611
4644625  870460
5761228  5760017
5764386  22814
5496208  5492931
5501588  5470193
5504260  4618930
5510446  1089737
5513847  629240
5519334  562303
5700204  4164279
5703561  1416697
5704731  4476110
5707505  736771
5708192  60971
4030766  2369226
4040540  189751
4041619  4040602
4043841  1957732
5710700  3662945
5712034  5674003
5712919  1043755
5713857  309424
5718135  5713268
5718837  3499663
5738569  200609
5740359  769621
5741577  5731248
5742892  5742615
5747861  1169822
5575821  1692487
5576672  337793
5576889  1758608
5578730  87794
5578730  1067236
5582037  5578266
5589843  5574371
5594673  5601772
5594805  1449500
5598331  1372470
5506834  5505418
5507136  391005
5507163  2784441
5509342  201282
5509342  2629211
4645595  3393610
4650611  2934563
4670597  1262063
4670782  2425728
5517130  5502697
5522803  1441562
5524375  1340283
5529221  5528272
5529957  5529839
5533206  3037767
5331438  5331279
5335382  347920
5336475  452218
5340530  149055
5344308  561046
5350413  4473608
5352596  5327543
4579941  784582
4587744  4439946
4589366  3482389
5521499  822487
5525945  517795
5528930  1011339
5529087  423627
5529866  5484080
5530659  1041074
5719137  4301481
5719537  2032826
5721796  2098319
5721796  3786207
5722045  4593527
5729382  234683
5731103  5730498
5733275  12719859
5769151  5769068
5770538  756590
5776218  5776206
5776453  374396
5777675  5752514
5779376  3608287
5798246  1567718
5352898  820557
5354123  400798
5360352  5360497
5361845  5361672
5850685  5845357
5853634  3879176
5854931  5854379
5859075  17533
5863730  4955769
5864734  5856329
5866027  397933
5915159  5942721
5921860  5131497
5922911  2025858
5923583  190560
5931203  5827719
5533701  3490196
5535114  5534648
5536350  5536564
5536850  161738
5536850  1141848
4049214  4039969
4053151  1860998
4053151  3072307
4672569  541487
4674875  990016
4676513  1523479
4691840  4588978
4694812  1475950
4700998  214741
4073114  4036341
4077008  159017
4082338  1976025
4088590  590822
4088590  1089018
4598090  4487055
4604827  3653986
4606513  1240852
4612415  4612097
4620117  4619903
4627806  245963
5539885  6806
5547573  830218
5554266  2973202
5561877  4025104
5602662  5575535
5612439  2120900
5613422  5613378
5616430  5498299
5565062  413477
5567200  67093
5571907  2973202
5574379  1888542
5576024  1188129
5578466  5578148
5580940  5549974
5582833  192369
5582833  2039904
5584205  5265288
5798432  2418473
5806920  4211099
5806920  4618930
5813671  5787541
5815443  1138460
5818852  894859
5932739  5909589
5934496  5937757
5935615  390481
5937402  234241
5945507  5917678
5538088  5536843
5541487  44961
5544497  377164
5544497  398395
5547012  4133366
5556306  5556064
4093763  147181
4097464  4025768
4098736  4098442
4100772  206438
4102744  1490909
4102744  2557295
5748908  2044676
5753727  5753906
5754195  4012349
5756928  4069982
5758314  5566418
5761326  5761204
5230960  5233126
5246667  905654
5254070  5252077
5261725  204310
5828112  5827989
5832006  3577641
5833477  3820666
5833928  4007482
5601051  12573816
5603359  5375449
5604095  178434
5604561  1118400
5604838  8269048
5607410  3577641
5734749  2502857
5735600  470542
5736385  92859
5736734  2237291
5737570  5737446
4110318  562303
4110318  693210
4112397  3432760
4117963  424292
4124579  3575901
4125551  3582608
4705578  2929281
4713532  175951
4713766  1914456
4715287  4635913
4715287  12051205
4718646  4688512
5947783  3771717
5949753  228005
5949753  273908
5954633  5953761
5365496  140460
5365496  3998603
5368674  5367981
5370546  2596837
5371273  1105169
5374788  160694
5378995  1600667
5620524  193182
5625557  5625274
5628565  4711557
5632474  659369
5632474  2060346
5738172  5725128
5741501  5548140
5742001  5742255
5743973  4667518
5744207  2419749
4125658  3542717
4127223  4124807
4143699  4142919
4144742  905551
5610041  5564292
5611390  5443640
5611747  2959441
5613092  5613070
5762501  805107
5768142  57483
5768721  2027
5768721  410593
5771511  2020882
5773890  203863
5616093  3355606
5616627  2754493
5622709  5519561
5644937  240212
5646486  49564
5646486  5389585
5648815  4685191
5562152  5370113
5569674  4343402
5571503  5570727
5579636  5569396
5586922  5575641
5591166  5033536
4744869  4744751
4750600  388242
4750600  4749378
4755950  4755767
4767831  1592876
4776219  487258
4780650  360259
5603891  5289328
5610552  620137
5610686  2664002
5610686  5610476
5611288  5161544
5624949  543482
5382637  109023
5382637  5357932
5388385  74884
5390802  5377411
5393844  821085
5397311  496096
5400694  3663745
4642795  4642345
4654377  608963
4665524  3506678
4667431  1457431
4667431  1738568
4147400  2412299
4148979  2010058
4151144  3081987
4160154  599527
4780952  3238388
4784743  4773825
4790895  4790200
4792048  959889
4793267  4791602
4793584  4734706
4796092  400212
4797847  1008019
5403025  3737139
5407105  1428144
5413764  4216489
5418610  2011775
5431169  1151676
4484169  1676897
4493912  34920
4496686  1929492
4518997  708698
4525200  8063494
4528659  171964
4536147  4536139
4671225  690251
4672711  59016
4677241  49974
4680214  2785964
4687701  1512864
4542414  4002
4543099  4234455
4544252  2027596
4546273  556363
5871052  1080247
5873958  5375890
5876196  5840869
5876757  4550505
5878970  5828263
5881071  3232909
4551353  615702
4552591  337664
4554646  1582097
4554880  4554435
4571107  588004
5270217  5193699
5270749  8515936
5277738  2437144
5278973  5189616
5281963  2842357
5284554  5284351
5834263  5826157
5834914  5825641
5839644  5839526
5845610  6144433
5775294  2181729
5777702  5777510
5785233  2181729
5786394  5791025
5787948  5787265
5788691  1072932
5792878  4606708
5792878  5251734
5747332  3617326
5749940  2155462
5751659  11105131
5752695  5752596
5628270  4462454
5629036  5076622
5632837  5630293
5635788  5632147
5637560  4194207
5638387  4724904
5639968  3009380
4699784  480555
4703964  47981
4703964  1472135
4704063  1119134
4707358  1997482
4572294  2266416
4578144  229446
4581688  1409553
4588372  4022669
5635917  3930975
5652462  4343624
5660236  5651668
5662708  2376471
5665601  5665547
5666269  5665299
4160847  26971
4161390  74113
4169185  871
4176466  39492
4176916  1078908
4178695  689677
4179038  4179031
4800355  200640
4800355  662891
4804663  4530527
4810330  2170271
4811851  40480
4811851  589919
4813089  1442608
4818018  4376426
5441772  5434960
5447256  3595438
5450655  2321880
5452561  108518
5453463  176324
5455803  4236652
5455803  4550197
5456237  4580263
5967469  451415
5967469  941103
5968656  1213901
5972915  1704407
5974387  1062912
5801566  1111440
5805310  5803886
5805821  1353309
5807293  406121
5807943  2987176
5648756  1493407
5652000  313256
5661224  5341574
5668546  5662829
5674864  4428215
5677200  2379237
5683243  5676350
5690574  5690571
5985534  3973456
5990231  736533
5990550  2863036
5990580  4352256
5991082  3368683
5649117  1651329
5653104  3536796
5654074  3755606
5663698  3966065
4827429  1600572
4830486  4256853
4844005  1919885
4740431  337704
4740431  589931
4751178  80802
4768975  147181
4768975  2011664
4771398  4172722
4772919  620137
5686758  5686541
5687176  2887930
5688461  2960646
