25064859  24203492
24896248  24203492
6390297  2802055
25068984  16170256
25069226  10011340
25069350  4842759
25069350  4261133
6433207  5752059
25069346  6894789
12945907  6455359
25067193  4062022
9208728  7996695
25062436  18552005
23010150  15023037
25067017  22111158
25070062  21865244
25069280  25029285
25069760  1292575
24904702  22016224
25069304  22838230
2352447  643906
25066828  19417246
25065760  4796872
25069478  21176190
25070076  513084
25070557  4414339
25069723  8028957
25070864  2699086
25068371  24767978
25071100  2487747
25070453  6343166
25065780  1144783
25065780  832257
25070278  11568321
25068351  9301225
25071341  2344804
25070854  7395542
25070854  1832528
25070975  8241525
25071822  218384
16370481  15400781
25068425  454908
25071458  6343166
25072084  21560812
25069264  14706330
25072375  25051612
25069504  4655143
25071127  10711561
14521182  24222457
25061767  23041983
25060302  1941826
25066576  19801081
25070339  3148863
25072701  4616202
11721622  6455359
25062914  1977934
25073170  14058013
25073436  826948
25073642  9085839
25070751  8149569
25073536  7008542
5487961  314824
25073104  466345
25072580  806944
25073689  2233824
25062803  191215
25074304  4176328
25074467  21400818
25074710  5788037
25074561  4660142
25074127  25072573
25075009  129077
25070855  4384309
25075014  1552301
25075014  513832
25065117  2949606
25074954  5257166
25068774  1991361
25075332  2612802
25075454  999050
19044294  9241845
25074185  19803062
25075665  286813
14113892  23822170
25076257  12530406
25076171  8466744
25074213  25072874
3623662  2210349
25076910  25075914
25076807  15653105
25076794  25073790
25076933  4185507
25073353  15796138
25077456  8567114
25076401  21376602
25076150  19451296
25077997  218384
25077258  1241478
25071482  5978510
25078080  12769982
25078343  7419194
25071920  2736389
12864766  12576062
25078579  1916711
25071130  7922097
25074624  21567291
25074624  7786994
25078704  12430516
25078689  17441810
25078797  1150381
6694715  34571
25078940  723195
25078765  5053244
25078908  3476642
25079368  2551999
25079423  4636146
25079632  8483472
25079789  1188944
25079498  23038694
25069976  403421
25079963  949433
25077211  25058636
25080396  2517589
25078219  7642442
25080640  961717
25080676  533767
25079678  10470053
25057340  7582271
25080953  2847386
25080479  13847297
25073700  426258
25078707  8110286
25081037  4017212
25079040  5809788
25070286  9357613
25066001  2068088
25078245  24872475
25067991  3770348
25077885  16349476
25081364  20710198
25081401  12369615
25081572  25079788
25081439  3800551
25081690  3067335
25081647  5359456
25082162  8708826
25082126  12284168
25079208  1446461
25073502  12573816
25082359  25040744
25081126  14473321
25082643  2973202
25055879  23970532
25082688  20790900
25082787  7400677
25077474  13077320
25082919  240178
25082426  10402690
25083243  588004
25081479  574594
25079338  10090467
25082569  24853323
25083621  2167916
25075745  24176061
25075745  10852988
3436169  125619
25081567  929683
25082685  18606253
25083666  5231371
25083899  15235526
25079174  25010899
12355084  932148
25082317  8591255
25082543  3677753
25078143  2024198
25081901  25072846
25084193  7959247
3392906  2753956
25083869  15206559
4836139  855759
25084567  11321491
25083464  25084659
25084291  52353
25084766  9277661
25084795  9936011
25083988  19522202
25085180  20279484
25038088  25035637
25081964  15012833
25085754  4663385
25085896  25049851
25086013  6343166
25085881  2167916
25086021  1614723
25086096  2167916
25086178  2780566
25082750  24906858
25081785  4210042
25075542  478531
25086663  12948853
25086673  20842877
25074763  22944631
25082884  10554405
25086880  4249432
25086938  19875161
25085804  25074836
25085897  5731224
25086741  12329042
25087875  826948
25087362  25001809
25087630  22414921
25087988  9808689
25086544  724968
25088016  7825739
25085306  2970525
25088581  9227747
25088770  3687729
25088718  23809327
25088398  7812178
25085682  21782813
25080747  4388666
25089080  978932
25089199  11922383
25089534  24214632
25088548  18108483
25088413  3280410
25090041  24463356
25090173  2865289
16450675  15535899
25088781  1735374
25090638  25069611
25089155  20990127
25081748  4799669
25090635  1449181
25090635  8093336
25091122  4660142
25091073  4261133
25087603  10160664
25090876  513832
25077854  21714290
11774876  10729276
25091516  495021
25089851  12573816
25091635  605845
25091759  14209955
25091874  85190
25091886  25072311
25089988  23634043
25092085  9156176
25087358  25007423
25088685  1728727
25088685  4307863
25092202  890935
25092112  2051833
25092366  2518509
25092580  10695544
25092853  6368280
25092844  21633115
25092866  12107739
25092906  38549
25084598  742810
25090625  1763613
25091407  21139420
25093112  2689567
20667535  20953879
25091555  218384
25080840  2154062
25074100  1204630
25079718  798967
25093466  255341
25093586  203198
25093485  19785518
25093651  9782084
25093670  1120689
25073200  486757
25093267  5152346
25093743  21378085
25092688  24393495
25093028  10955196
25094022  2379143
25093074  5385714
22144939  17537909
25059042  17537909
25094215  13879489
25093857  278668
25094054  9873873
25094447  3061
25094652  4484167
25094658  1633012
25094702  1068629
25094755  4589237
25094755  16884000
25095138  25058767
25095090  3373529
25095197  12641223
25095249  24070918
25094703  24644436
25095027  5037470
25094913  2717480
25095676  25094866
25095176  3665072
25095409  14154290
25095755  1451009
25088523  3988788
25096092  17776940
25096287  1686174
25096308  1451009
25095753  1742787
25096387  19491491
25096344  24457831
25096498  7672334
25096533  352670
25096656  16813684
25096699  4261133
25096480  332030
25092216  2629357
25096949  12769982
25092221  17973970
25096187  9713792
25097225  14364001
25097342  14028959
25097342  12340871
25097563  14175205
25095897  2822951
25095703  744319
25097635  2345902
25097552  622374
25097618  11379412
25095022  6742087
25097559  2258172
25097649  18523745
25097896  18600331
25097978  3499214
25098017  7918806
25098056  4261133
25098096  3728062
25098145  826948
25098028  2602013
25098055  375351
25095622  6331365
25098194  20563772
25098143  14077523
25095298  17382128
25094740  795746
25098367  4732544
25098385  5133649
25098428  464864
25098454  14150823
25091487  15148585
25097200  15345698
25097200  23047052
25098446  24644436
25098512  2947218
25080526  3327469
25098703  336859
25098829  22899497
25098864  3895478
25099232  14220321
25098204  13651195
24979000  24980487
25099583  3079415
25099628  4948322
25099709  3246928
25099728  16616457
25094325  2935759
25090806  8634156
25099745  4521426
25100075  9777122
25100032  3099219
25091458  588004
25100089  3048745
23921717  23899997
25098268  114543
25076932  3595515
25091567  23446377
25100172  3059044
25100206  3985214
15242849  16434537
25099095  8380042
9300486  6020719
25101326  1041623
25095100  21692646
25098089  1535631
25101383  40480
25099497  3137629
25097907  14994941
25084345  5347917
25093340  2842982
25093497  23446377
25101495  457826
25088128  25085693
25099334  14798403
25020826  25099153
25089033  1672202
25101842  1050989
25101626  4172722
25101625  7847442
25101728  19122715
25101964  3775191
25099831  14574045
25098453  23503740
25097632  25099230
25102260  4322153
25101207  12947419
25102452  6441218
25101304  1293147
25102366  21394671
4020548  1232040
25102497  203198
25102579  21363542
25087723  8213
25102672  22669956
25098130  3568233
25102664  25052444
25103128  949433
25103128  376278
25093778  218384
21201499  10050465
25094910  23446377
25103292  14028959
25103157  6701164
25103160  1974483
25091930  13514184
25088936  593388
25103469  14818084
25102858  16511042
25103456  16176155
25103093  9508518
25103738  6223333
25103723  5966274
25103936  203198
25103518  15636266
25104142  5951496
25104099  1004478
25104149  17294446
25104193  6343166
25104346  1335935
25104362  5017292
25104394  5389507
25104241  9530921
25104470  388242
25104625  949433
25104600  10871406
25104664  2667095
25104732  92720
3776859  2667095
25104865  1317162
22138007  2667095
25104393  3149324
25104376  3577641
25102269  371
25102710  2167916
21373034  1343890
25104231  12422945
25102779  25093821
25105049  23503104
25103756  1520608
13675476  1520608
19018300  1520608
9983170  1520608
25103186  12448947
12863928  1520608
15870331  1520608
25105347  4065985
25104618  4529815
25104911  6113387
25105455  1359018
25105362  18945158
25104044  11251586
25105590  22780430
25049852  11656532
25098159  8222495
25092653  15108932
25089063  5259714
23437047  12573816
25064763  7757549
25105671  11947314
25105818  25103876
25061404  9644267
25105863  3650411
25102884  25099434
25106271  25079124
25104550  380813
25106339  23740548
25105976  13840429
25106402  8028957
25106676  24841356
25106457  12810206
24779672  912711
24779672  21294
25106959  2608665
25106106  60174
25104118  25103941
25107714  13058823
25107726  25103631
25107812  3615721
25107571  8347670
25107883  4660142
25104243  12426951
25099898  18760339
25099246  1186107
25097212  40480
25097832  12769982
25105430  3231040
23043671  3109302
25103517  24971920
25102250  4908678
25108642  1671605
25098429  4133674
25108741  19528304
25109033  218384
24317723  4361553
25097062  3784341
25108783  21881992
25109177  9503726
25109087  3730019
25108768  16427636
25109499  2631001
25109535  17559631
25109646  13668154
25109552  3901630
25108916  20748897
10384601  188414
22867839  3577641
25109919  4896076
25108409  24130690
5839634  4852867
18623506  18624484
25100596  15414259
25109173  6030586
25110390  14220321
25109934  3577641
25110479  14107516
25110546  4176328
25103374  20563772
3638953  2997754
25110259  3809823
25110690  317311
25032007  16041671
25111072  3021054
25110945  5373198
25111142  513832
25110345  4269
20979465  25109006
25108322  25105901
25111018  23667086
25111491  495021
25111501  203198
24894890  513832
25111477  21410341
25109666  10551922
25111694  5690351
25109572  3350762
25111898  901115
25112022  8028957
25101988  8571902
25112111  11882926
25107361  24912952
25047590  16515031
25033967  25031784
25110832  2402008
6923683  379558
25106529  24948175
25112170  4065026
25109065  330374
25107030  7456477
25112868  25112402
25112872  1716296
25107368  16508968
25110434  3793650
25109932  24002369
25108834  4221467
25113119  2338975
25113337  9881611
25113006  11296361
25113330  845021
25113305  2384423
25113687  23294658
25113688  7119231
25113752  12506706
25110483  25106343
25114063  11202920
25110347  3695224
25110347  2234204
25114314  25112943
25114398  3254428
25114412  1359018
2300285  5821
25114264  5187530
25108775  25100828
25115410  16208206
25098469  18714309
25115735  16542761
25115999  742764
25116182  7992216
25115973  6211145
25116319  25111729
25116465  12174008
25116711  659602
25116801  20563772
25116529  4660142
25116456  24585326
11047175  10905053
25105630  25115789
25117749  519520
25117590  8634156
25117929  707335
25118125  7097079
25118074  11832914
25118207  25079715
25112355  15209831
25116752  20181323
25113380  25112843
25117189  10236920
25118313  5386482
25112708  2973202
22548938  1443704
25118666  9655181
3927520  992533
25116295  923350
4165203  982677
24633424  22572904
25117002  10272699
25119052  203198
25119539  6439579
25119495  3127429
25119574  20665227
25110336  17766420
25119662  24834566
25119938  37073
25118060  2503364
25119295  20563772
25117342  17713640
25120263  4564158
25120187  3362474
25119802  10808671
25120294  6491463
25120412  17445585
25120328  3455312
25120593  4660142
25120723  24644436
25120080  15825768
25119881  11665397
25120848  15247075
25121083  15112125
25120068  4935632
25121284  10773025
25121338  3465377
25083939  9040669
25121526  12769982
25121555  54036
25121460  12769982
25121320  3755606
25121638  826948
25120806  2851404
3563153  6439579
25121736  8574356
25067994  15911300
8333193  3405195
9030297  9029218
25121806  21708485
25121982  134746
25122049  750486
25122017  1319903
25122503  513832
25121843  17700147
25025722  229425
25123109  25099965
25123203  4660142
25123339  6366021
25123385  610245
25122146  7141038
25123538  218384
25123579  1414365
25123723  166221
25123543  15405108
25114981  23439917
25123949  8760561
25123958  3745768
25124061  4481318
25117119  3577641
25121344  25108806
25124435  25123696
25122026  20258417
25119284  25117060
25124220  6394741
25124793  10211145
25091421  8072185
25125032  4176328
25124674  18113270
25124674  24797999
25119819  21818427
25125000  25107863
25125355  19468506
25124522  5365629
25115974  4852037
25125771  15344022
25125382  13694394
25125076  9945620
25124580  16282083
25125974  13961534
25123821  1341358
25125149  7946686
25126371  4261133
25126476  6969881
25126472  279170
25126573  17772534
25126766  22047158
25126782  11685305
25126795  5386482
25126762  15431365
25126888  222877
25126844  16336425
25126906  24165355
25124301  11197549
25117978  885937
25117978  1644273
25115218  25058187
208381  299703
25111678  14146148
25127512  8028708
25126484  14972199
25125186  5818312
25082909  14291170
25127060  15597709
25116273  2334712
25127768  8401886
25127694  3595500
25126869  6115896
25124643  1483928
5186967  1443704
25127833  4421706
25127807  24030348
25128245  39476
25128119  596481
25128119  3368578
25128411  1867861
25128605  164194
25128656  9393038
2221555  1443704
25128844  11584508
24567827  21137476
24707506  21526082
25126023  6270004
25128587  25071556
25129244  6373826
25128981  25124876
25129282  12957537
25129246  16292304
25129643  20158998
25125272  4810841
25125923  1359469
25130225  218384
25130306  5493212
18088779  831552
25130502  10801894
25130505  17296252
25130406  24644436
8824971  1186535
25131011  6109369
25131266  1732348
25130988  2441027
3940266  1186535
25115036  4129674
25125757  14086324
3926768  1186535
25131194  2158395
25132062  7025756
25132166  17794569
25131644  12979510
25132897  16678929
25122925  22512868
25128682  60174
25131027  23353173
25133056  4660142
25132761  4533440
25132952  22352838
25130578  25109497
25133105  18036863
22671882  22679868
25133388  21691675
25133460  15101333
25133672  1068760
25133334  4660142
25133590  2348205
25116846  24963318
17695297  906402
25099964  2140419
25134009  9848295
25134031  9584719
25134134  203198
25134246  7268000
25133569  1191054
25134253  17804933
25122587  4249622
21404249  1641392
25129296  5856205
25130166  12190166
25134917  24539521
25134996  3574831
25131228  15247518
25135216  2973202
25135228  2644299
25134778  2612948
25135554  2265357
25135562  588004
25135562  1458633
25135777  750486
25135731  1709166
25132709  18996323
25135713  24865677
25136103  513832
25136084  4926622
25136060  17520145
25136595  949433
25136496  15567010
25135985  273313
25130259  761969
25135548  5212751
25137293  949433
25136968  24644436
25136659  24644436
25119427  17734230
25136397  9763619
25136383  7850458
25138631  7487918
25133984  7072989
25133984  6807788
25138942  742764
25138991  6211023
25138981  4660142
25139067  14480724
25139106  1378619
25139148  3750053
25139221  3076414
25139403  7783308
25139462  8049674
25139462  1507939
25091824  24910616
25139825  5357349
25139995  588004
25127207  1197634
25140411  25061988
25131220  24929832
24569075  11111067
25140743  19975022
25140808  12769982
24308257  24488444
25140830  24412322
25140817  9779624
25137862  2612802
7314823  4224765
25141044  19805654
25141128  25111752
25128965  25132893
16312311  11825534
25141351  292357
25141418  19751556
25135797  1732348
25141016  10658472
25138039  21522875
25140876  19896870
25141443  3192978
25141767  218384
25141906  6302172
25141722  961816
25141908  8705844
25142088  12573816
25141985  23222472
25140747  19618604
25142062  11132868
25142468  5912791
18559268  17212275
25142566  1409225
383944  192109
25142717  3041906
25142740  1643227
25142997  15701950
25140916  158706
25142943  24441474
25143238  9565481
25139348  3737139
25143467  21895756
25143619  750486
25131958  18899040
25143433  15297814
25143594  9052757
25143820  4261133
25143811  16352833
25144072  5805843
25144463  610458
23648608  6875479
25144610  18302808
25144981  3709597
4225531  3031181
25144904  162551
25144650  6902629
24977066  4470936
25141596  8006901
25143481  25127598
25145546  2973202
25146038  2150138
25145575  23667086
12840742  2533517
25146244  25023385
4575134  6801577
25141006  25140558
25146732  359494
25146886  2447791
25137304  12533262
25140752  22787209
25146826  85992
25147191  1451009
25142558  16791343
25144632  25144807
25144632  25143676
25147446  7513227
25138053  1050709
25147670  5178292
25145686  2997767
25147711  1111440
25147711  495021
25142584  21105528
25147181  24791625
25147112  388057
25145549  24183812
25148252  18145273
25146458  20930462
25147976  15745042
25146692  23353173
25145446  7519618
25143980  3577641
25149389  60174
7911312  7926161
25139998  12497940
25149333  24189086
25149805  128478
25149830  11462021
25126267  2320069
25147720  23353173
25146497  341622
25150286  14480724
25150413  4166135
25150018  4660142
23873927  23020647
25149599  1276538
25120502  25105095
25147917  24950578
25150627  25096165
25150680  739654
25130958  17575949
25150916  60174
25146884  8576902
3023264  2997062
25142254  12433561
25151297  4684454
25146348  5919996
25151783  6054033
25100625  25091778
25151862  1986896
25151871  18050071
25150019  5353278
25145888  13401937
25152160  704758
25152339  9508518
25152695  21666210
25152075  826398
25152794  336859
25152811  13291554
25152550  14445891
25151940  2384167
25150923  19209781
25152949  17851687
25152559  12860938
25153033  13782084
3408055  808736
25153622  7627098
25153670  383947
25138939  1048112
25153804  25152523
25153901  2460751
25139095  49547
25141711  11108632
25153719  25145625
25153562  2681494
25154299  9087217
25151161  25150213
25148466  19562103
25153832  3342941
25152946  1644453
25154593  25142486
25154354  2264249
25154650  7604636
25154955  2627706
25155011  949433
25154458  48916
25155217  1144783
25153802  3701646
25151482  22559236
25155508  10848341
