24538383  6129006
25725009  17364127
21580661  25721884
1361404  1071356
25725513  3082914
25725254  2940367
17516599  2597841
17465566  16545917
25725693  7462322
1359018  203198
25725844  5373198
25726205  16152547
25726214  388996
25726184  302047
25726333  25553293
25725248  11753809
25726137  16738954
25726485  14971394
25684454  18996827
25719846  7745164
25720905  17601615
25726778  3076414
25726903  19896870
25726701  21895756
8587634  1060008
25727033  25724769
25726905  4898733
25726670  11922383
25725193  12896985
25727152  19167452
25727434  14220321
25727444  477572
25726950  25285792
25726950  25660816
25727722  3561043
25727493  180986
25727909  10604409
25727887  5370539
25728101  11922383
25728400  14220321
25725203  919680
25728779  19943401
25728869  901115
25728649  2167916
25729149  2364982
25727828  17941143
25729421  5161380
25646959  16128423
25729553  4658867
7273014  6993325
25694543  14220321
25729466  17060632
25729783  8634156
25730270  11723881
25730374  6969881
25729626  943398
25730508  909449
25730333  16823093
25727268  993853
25727268  13233431
25730691  167304
25730053  17642535
25730666  14028959
25730781  2513051
25731361  718429
25731427  16211915
25731521  2943556
25731665  1682231
25731612  512166
25731803  14028959
25731776  4660142
25731830  1145850
25731395  19871253
25731916  4535570
25731621  20427927
25732804  14649291
25728732  6239131
25732961  992115
25733045  1120140
25733045  13756653
25730301  10407523
25732850  11486256
25732196  3395174
25733081  25727720
25733213  1585611
25733587  19896870
25733387  17197353
25733720  20279484
25733750  13942701
25733750  11871520
25733995  3755606
19380363  18770265
24888072  122267
16063671  277258
19245694  3265244
25734220  4190703
25734220  3844374
25464998  25368596
25099998  1657017
25348076  4843640
25734310  290884
25734295  4115294
25734295  25420988
25734608  4289282
25734642  23067256
25734623  2421911
25734397  11922383
25734887  10162580
25730590  4750512
25735082  784929
25735173  12573816
25711969  25735380
25735432  25695700
25735248  19837916
25735340  8391697
25735380  25714636
25715104  12530406
25700473  12530406
25647345  24091979
25735751  2828284
25735971  17853112
25735976  34413
25736037  5436188
25735417  23417356
5339590  1912599
25732029  4261133
25736121  25714636
25735991  3568222
25735991  21496477
25736174  7627098
25297996  4421706
23567924  7663709
23522271  14887438
25536845  3154488
21152572  2428186
23680232  2108192
23680232  204476
24604064  2655925
25421718  8028957
23315082  14220321
19692368  1878974
18358898  279170
25737180  3244094
24311496  1545501
24911847  1021324
23908263  7813194
21601132  7617373
21894940  4767971
24530735  8028957
24868456  263232
25565068  3504932
22121564  15423352
20498966  1037
17327091  9749630
19213078  19187535
20095008  4923350
24728843  23049776
25733766  4994458
18090934  17840893
24308438  513832
11920486  1885849
25737610  8329103
25737619  5265202
25737487  873454
25737873  1216172
25736545  347949
25735977  218384
25724725  12334551
25738265  146576
25737343  6747316
25738400  3487263
25721832  25736924
24642097  4848067
25736764  20441035
25736154  2558591
6747316  10813930
25739425  4964144
25738755  1326570
25738676  7478336
25739870  1140089
25740152  5470533
25740173  949433
25733036  11215598
11810159  2201216
25737317  8081701
25740247  12769982
25740460  33978
25740542  1274572
25740720  4118025
25741155  519520
25741164  9151706
25741290  25741196
25738442  25663053
25741533  9069379
25741910  22296125
25742180  24877247
25742250  12061137
25742285  141525
25739269  2695746
25739269  11392183
25742466  17555005
25742454  18494689
25742548  3737139
12570312  4312319
15707588  7478336
25738729  10670002
25743100  1230386
25742528  8748444
25740393  417657
15966240  11564506
25731883  23367555
25743596  4906977
25743747  3577641
25743323  10592547
25743290  12850143
25742909  6199392
25744068  25644539
25744381  2480637
25744459  472906
25744323  16707137
25744516  3129899
25744472  11961749
25723311  16010413
25725378  348201
25744680  8028957
25744582  6946855
25682304  8459067
25679947  6633520
25671080  12431999
25663033  21626208
25661959  6726889
25744646  10266512
25742089  11922383
25744844  11332042
25744153  6397515
25744957  17364127
25741443  4261133
25745401  2320069
25745604  4531772
25745604  69913
25745093  7142097
25745638  824349
25745587  218384
25745788  13650293
25744566  2419343
25745940  4410067
25745954  25665500
6305795  9546324
25744197  25742284
25741771  676824
25726729  25745476
25746438  2973202
25744032  25028807
25746709  632475
25747047  242813
25747102  11831188
25747203  1328223
17238284  3257393
17238284  2474018
25747573  413898
25747709  28098
9170116  2657935
25676649  15380205
25608184  19092488
25606304  19092488
25542669  15760670
25324222  189855
25743875  3268167
25738523  4653768
25748330  7050925
25742841  10536350
25746026  14718231
25742692  11135695
25744154  525212
25744154  8496494
25748376  1425777
25748333  18578969
25746007  16670931
25746007  23294091
23294091  16670931
25748702  5760757
25748744  20279484
25748814  13451989
25747703  1515969
25749459  3384504
25746490  16225437
25749476  2717480
25749702  279170
25749823  513832
25749741  1729824
25749904  2788080
25749542  396145
25749542  356809
25750141  2788080
25750209  2084353
25750236  336859
25750460  5341689
25749102  423172
25750467  1085218
25750792  17731744
25749786  25524899
25751051  25365547
25751129  11478244
25750143  11709862
25751208  9085839
25751185  4020419
25687715  6491463
25751742  25749737
11194209  8000420
25745654  2008911
25747533  182287
25738939  3022454
25752151  15738259
25752181  157944
25752150  10914730
25745640  21292586
25752573  8831323
25752770  25714636
25753272  23440600
25747635  17753325
25753291  25752720
25751614  718091
25753512  18037737
25753630  13980362
25753476  203198
25753352  4660142
25753117  9425706
25754093  3577641
25754328  7940337
25754353  25694760
25754617  268929
25740672  24150559
25754720  588004
25755090  5210535
25755129  7127268
25742797  13399659
25755607  25752870
25755266  18591440
25755315  12454662
25734355  8438511
25747143  16105277
25756074  11321491
25756126  13926555
25756038  5767325
25755648  20279484
25755821  8115722
25756253  218384
25756090  4108313
25749646  1415095
25756381  1133770
25756530  25706216
25756793  13102045
25756276  279170
25748952  6999889
25756967  15812779
25757093  3543456
25757116  2158395
25757256  9450864
25757111  735204
25757312  13840429
25757024  15231359
25757649  11961902
25757465  15541404
25752344  2013728
25758062  322715
25720584  24447276
25755462  4382185
25733130  3212099
25756860  11292556
25758243  949433
25758046  24831580
25758612  15551779
25758201  13079650
25758520  5015420
25750193  20661835
25758931  10479763
6789437  5270272
25756692  1582285
25758972  25752748
25759102  2466828
25758235  7512106
25754141  25753473
13518169  279170
25759514  8587341
25743425  9809436
25759408  21771566
25759506  3168311
25759029  519107
25754813  529098
25759229  17236242
25759229  6792812
25755905  11876549
25760029  8222741
25760442  1365689
25759471  19654557
25760100  336605
25759888  3540930
25760530  480769
25757410  6805482
25755613  2987876
25758093  10715211
25757381  25752691
25757105  23297979
17810078  17713435
25759371  3099219
25760137  25753704
25758092  21990937
25760233  2810693
25761649  4176328
25760856  2539207
25761622  205573
25761907  4176328
25761907  9644007
25761703  588004
25758935  25756669
25762122  14824163
25753642  20478094
25762403  3737139
25762510  1264709
25762565  10780858
25761237  12182592
25763095  8028957
25763078  980202
25763127  529085
25758480  779986
25762424  2238730
25760075  1506446
25762559  25761008
1894329  1424202
25761038  9554544
25759663  16108207
25764246  5004233
25760694  24405731
25760971  1068760
25763745  241622
25764351  13450044
25757417  19723811
25764561  3535284
25764100  5270272
25765110  949433
25764455  16748735
25762872  87359
25754916  25753473
25764006  13666747
25764990  2973202
25765493  5369954
25754834  4995911
25765049  4948322
25765878  6343166
25600526  18858614
24351613  12396143
25766245  3655893
25766637  4459928
25765615  14406214
25766736  513832
23300412  16348489
25767040  5847443
25767491  949433
25767275  279170
6067722  949433
5115628  949433
25767440  841500
25767774  2398947
25764214  21059612
25578024  25396711
25768284  20593501
25768307  5206888
25768209  949433
25768469  3545450
25768642  25754942
25768693  336859
25767488  527811
25768966  5204055
25766848  7350558
25769176  153724
25768413  11922383
25769145  247483
25768531  25755685
25769375  9056021
25751734  1173973
25769708  203198
15793913  8003989
25769458  17551280
25769580  4292673
25768538  5675490
25769818  23140263
25766393  11063673
25769923  600207
25770055  15272129
25768087  16516971
25762190  21795882
25770210  24057171
25770171  203198
25756104  201323
25748042  46155
25770466  2440692
25760788  11385604
25770588  203198
25770530  1433204
25769684  22202569
25770564  15059162
25770819  11631363
25770633  936541
25771175  18959411
25771438  12403212
25771144  6456137
25698960  11341073
25768986  1294117
25771673  8996963
13456996  6993325
25771385  22897629
25764567  25762042
25772191  12573816
25771334  25692289
25771896  2084265
25772066  11849692
25772284  6644997
25772393  10236234
25772393  14028959
25772481  40480
25772484  1487606
25771890  5579536
25765885  19338032
25772515  8170450
25773171  8028957
25772558  203198
25773168  949433
25773089  970597
25773260  1175208
25773195  25765883
25773510  21984824
25773656  10775367
12007231  1179672
25773498  10813930
25766935  10508846
25773161  15588800
25770412  25748025
25774305  15465550
25774419  11168076
25768163  25770739
25774575  24001778
25773208  489340
25761008  25759447
25759447  25758236
25774557  12475850
25774692  11922383
25774313  4929717
25768869  22719211
25774449  4062022
25773372  4243831
25774645  14822184
25774699  75759
25771710  16813220
25774866  22151071
25775284  12065885
25768706  13547007
25760262  21340630
25763913  11918977
25775354  109023
25772929  1858867
25775109  1459377
25772668  14770312
25775587  7457260
25775689  2192806
25774125  387592
25773973  1239938
25775662  512166
25775330  658763
25775769  9046675
25775047  3682821
25775983  260666
25776076  6555781
25776097  20002503
25776097  15112125
25776458  251391
25776296  2480148
25776659  1168807
25776741  851926
25775134  24051314
25773776  8197554
25776971  25768236
25776964  5780478
25777351  8675206
25754808  18758711
25777320  25754942
25777519  2966129
25727486  3139879
1022127  453161
25777740  7916186
25776880  25425315
25777773  23446377
25778248  874205
25772446  7947849
25775011  17364127
25778009  14220321
25777069  10505273
25778492  6438086
25757880  25756900
25778665  25756900
25778324  20306981
25754098  25611356
25772228  1212914
25775096  11868837
15099826  2795023
25772021  17497006
25770965  25633662
25779010  4660142
25779009  23323313
25779044  1680528
25779061  1009954
25779202  23246543
6907194  2795023
25778543  15465550
25779112  25765644
25779519  18787602
15610091  3905946
25770107  13993742
25765661  23312898
25740113  16491238
25779743  25679935
25774212  5743285
25767439  236073
25777783  3608287
25779867  18962771
25780156  3481828
25779345  12475450
25734128  11317172
25780441  15572737
25781229  17323779
25778826  24159301
25781261  14220321
25781421  1289881
25781385  25762882
25777232  18308480
25781395  2340498
25781580  7475914
25780998  13262548
25781919  3076526
25782286  16364414
25782354  3737139
25771360  16752799
25782729  1359018
25781383  8907490
25770240  15078638
25783265  4719326
25783428  24549952
25783515  11649621
25781184  25781433
25772637  25780721
25783942  19158339
25784067  25644127
25782967  4752481
15005059  6969403
25777966  750486
25785006  152975
25780213  25757369
25784633  25779781
25785059  1044085
25785157  5854795
25777033  13982248
25778785  24802814
25784417  19998309
25784661  2213879
25779508  2983248
25780945  20859584
25770826  2923272
25776268  3040680
12940606  199527
25785504  14338078
25785484  10934664
25785861  3422673
25785750  7055213
25785977  8655817
25786089  21633115
25786349  2971315
20019333  432786
25786663  1359018
25782035  13966259
25785351  6343166
25787213  1046865
25787337  6659974
25787420  24587218
25787626  7406961
25787626  13852946
25784461  307674
25786994  11263747
25784984  18565796
25788136  22108492
25787973  13521334
25788440  8028957
25788586  3181080
25751708  25736609
25788844  10270970
25787281  274626
25788917  4660142
25789065  14259708
25789121  25766537
25789548  13994594
25789675  23446377
25789749  1641219
25778173  25088252
25783273  17880171
25790169  613183
25790379  1280667
25790389  18913676
25718724  208493
6389666  208493
12921792  208493
25790789  859634
25791016  87422
25196734  2459916
25790826  5758660
25791593  25409387
25791557  22836378
25791666  2185029
25786683  4261133
25791704  7407558
25791843  5775866
25791895  25062937
25791726  1071858
25791116  219585
25790414  10749995
25791885  2432669
25792317  500606
25792641  153890
25792824  25734518
25792794  20819501
25792794  2906268
25792953  4135317
25775903  86049
25793206  18499633
25793216  564
2755848  402522
25727102  9403185
25793408  14301967
25793499  588004
25791255  24273729
25791255  22839466
25792697  6942366
25794087  4660142
25794116  19915261
25787711  849813
18169802  17154707
25474405  17154707
25793957  17154707
25785494  4747637
25787704  8375653
25794535  123559
25793997  769621
25783541  25774658
25794490  23294658
25788343  21185260
25790986  7364150
25794963  25475822
25794963  13956522
25792988  1026069
25795116  285061
25792693  6027271
25777183  3210873
25795468  14028959
25795638  4660142
25790967  11984759
25795680  14858262
25795972  949433
25794426  14712223
25796091  949433
25795887  10251149
25795573  7486085
25796172  1822913
25796427  25759046
25796758  246564
25796191  12880606
25796927  5804256
25255547  2820453
25255547  25258350
25797259  14933771
25797141  24644436
25786150  12065885
25797545  41479
25797943  24752981
25797769  6441218
25797769  4570366
25798100  13563620
25798080  1763156
25797841  18736954
25798348  12957380
25798310  6071799
25798454  2464959
25798403  171251
25798529  13915121
25798710  3728062
25798779  8888491
25796572  15025092
22394526  19461521
25799103  25798603
25799137  13113783
25799137  2973202
25799407  480214
25799468  8028957
25799109  901115
25799138  1024435
25757433  11775594
25799143  17035478
25798601  13517526
609972  2485466
25798355  17283826
15872066  17283826
25799707  16578628
25800317  218384
25800342  529085
25800448  12769719
25798864  25756593
14540135  14533388
25775458  25692514
25800950  4261133
25800421  240178
24788769  8619505
25801238  11246
17437009  8733131
15557487  19214977
25800998  25789781
25793263  8356501
25801883  1355728
25793833  6418985
25801984  8790210
25793400  2056221
25801870  2596230
25801949  11178434
25802021  10098738
25802064  2640738
25802106  1917576
25802106  8191124
25799640  2118656
25802132  8611485
25802165  4660142
25795475  14858262
25802038  3832988
25800500  13265504
25802551  57854
25802647  4261133
25802547  826948
25802487  3342941
25802488  589575
25802865  400113
25800730  649718
25791309  8888491
25800632  10570043
25803249  14220321
25803255  3907299
25803325  6612717
4320857  424752
25802695  4399528
25803334  1634750
25803592  25802128
25802649  11934570
25803732  12370521
25803901  3059497
25804006  2505328
25803991  15676447
25804155  571945
25801805  9602901
25804319  4746249
25802992  24493228
25801237  501816
25804798  3153969
25804928  9949935
25801360  20716939
25805052  6822000
25802056  4694737
3860152  3854113
25802815  7612075
25805369  7168993
25802885  13268608
18409899  2680478
16677473  2680478
25801154  22549255
25805637  20616408
25805296  1714841
25803226  25529320
25806018  798545
25802028  20360056
25805927  12573816
25805020  5342375
25806282  8650410
25796051  21335868
25806357  19226816
25806831  178325
25804816  12769982
25806748  13681977
25806826  24337224
25800271  2973202
25807509  19671962
25807841  784929
22598850  18396338
25802605  701624
25802175  4767848
25808821  4850831
25769396  6697753
25808792  8004237
24824575  3762468
24676564  3236871
23574746  687948
25763912  3776682
25761049  18742998
7912650  1134319
25808581  6862696
6150097  1897555
25807856  4291912
25420386  305244
25809176  14770898
25807310  5803305
25809358  11434056
25793161  25729322
25807435  570642
25809788  20279484
25807515  332872
25807410  456211
25810330  15745042
25808499  5655674
25809931  8243157
25805041  1077357
25810069  487258
25809774  21145028
25429723  21295872
25810773  232535
25810819  986006
25808196  314095
25810619  24900903
25810259  15592906
25810884  10877913
25796700  8035029
25810923  5564418
25810849  1396066
25796965  571394
25811252  19596610
25811798  4255472
25811815  17528280
25811860  6725781
25811903  7218760
25798508  11312316
25808330  25804975
25812271  23905333
25811693  22519784
25797444  1296646
25806687  21326411
25812288  21101774
25784346  19612348
25752541  19977596
25729700  16819956
25812330  4142222
25785946  16577120
25812929  19896870
25813005  4445108
25813078  8009773
25811954  698773
25813175  155291
25813373  11922383
25809133  18027811
25770320  19105551
25813741  13766779
25813674  478898
25813774  23809785
25796885  1433204
25814029  6641076
25814064  2612802
25814119  4261133
25810237  18573059
25813702  109553
25814007  5410037
25813815  4251284
25814151  2361921
25814253  11922383
25814830  940905
25814846  25791550
25814906  5052543
25814902  13330840
25815028  14220321
25815000  19173442
25809172  25784081
25815165  19896870
25812620  21706003
25568634  8068038
9816299  1202079
25815665  5710485
25815161  25812908
25815161  2306159
25815805  588004
25815447  16021454
25815447  1704407
25815846  9257505
25815858  21955230
3650081  588004
25816026  4300120
25816110  16736119
25815321  22202569
25816125  40480
25815822  21834833
25816307  12769982
24796366  24798173
25816316  2905292
