25960546  4920878
25957859  364952
25960474  18063751
25960594  10742572
25960406  5398919
25958857  14784630
25960946  12573816
25960616  2076299
25960807  25960091
25960766  9253200
25961031  2973202
25961028  4660142
25961046  1759457
25959139  7156949
25961072  12769982
25961143  588004
25959329  360748
25956358  13311700
25956358  4992047
25961418  3627107
25961006  6847697
25961369  1451009
25961602  22745662
25961413  12366565
25961683  14650788
25961741  85190
12133686  12573816
25961598  129178
25961993  8028957
25961953  21593
25962157  60174
25962156  3505693
25953343  14349261
16544001  3505693
25962322  21677923
25962338  2690866
25962354  3514819
25952689  25946423
25956852  25946423
25935202  2185252
25962614  449346
25963246  187998
17864742  761778
25963482  2437716
25962975  4227223
25963052  4643007
25963348  442564
25962237  19732221
25960322  2623470
25963695  4563577
25963806  767999
25964068  7802737
25963962  59309
25959420  13438246
25964011  9519841
25947040  905222
25957734  25949054
25964101  15937707
25964609  9942594
25964923  18324053
25964937  8211075
25963182  19030206
25964583  13547721
25964636  239103
25965398  6899024
25960532  14814396
25965505  24644436
25926634  25929382
25753741  2112685
25753741  1240852
25965627  4795385
25957762  15112125
25965760  218384
25965767  9549780
25965880  24770531
25965690  5378768
25966232  13742761
22366462  13742761
25964633  1359018
25966326  16057640
25964183  1587846
25965071  204476
25962196  588004
25964515  1096404
25953417  4718808
25966830  25754942
25958265  25835147
3121433  2821061
25966896  874134
25966849  1359018
25957563  25966833
25967113  14808144
25967216  240178
25967284  1361762
25960479  2325667
25874995  3774755
25967461  218384
25967508  3748
25967508  11183758
25967611  513832
25967648  3594558
25967668  533905
25967683  2602612
25967278  797318
25965969  14426491
25964640  18570965
25955467  3331992
25952308  356675
25947644  118506
25945427  20923773
25939061  5132923
25967865  1582534
25966709  8514954
25966140  25754942
25968821  4928195
25968394  9526688
25968071  940905
25967530  19308102
25968922  6505033
25969291  18649106
25969457  15966812
25950135  4261133
25963167  2070359
25969780  4216745
25969828  750486
25969866  588004
25964324  14220321
25967786  1229968
25958126  5480259
25970244  12861582
25970244  119123
25967146  60034
25970847  4937402
25970031  21231803
25969789  13803480
25970751  814878
25970892  23973783
25970056  6245626
25971081  1143262
25968018  25866427
25966179  19746992
25971116  18873341
25967565  4040523
25971482  4151380
25971535  2265357
25971502  17577016
25971909  17069979
25971369  137487
25971614  22428992
25970086  4071117
25971372  3684620
22617765  2796421
25596842  25410690
24931856  25014101
25931019  19251976
23868884  10827091
25966883  24977805
25972027  4488057
25966036  23111468
25967650  7277804
25973264  15622001
25973286  6209730
25970527  15454220
25973457  18652692
16899255  5380671
23181825  5380671
25973550  17845027
25926380  2561946
2314750  4651437
25973790  9192371
25973958  686439
25972439  5231845
25973930  664700
25972914  18781803
25974542  7008647
25974703  186756
25973118  13766023
25974650  4216035
25974902  4442895
25975326  202463
25975237  4038125
25975534  18554309
25975581  9760335
25975152  6343166
25975892  11107536
25975727  13282308
25971220  8547363
25975736  4398729
25971915  750486
25970536  19435115
25976420  11359305
25974181  25972064
25970368  3514784
25976575  950087
25976774  8399417
25976806  400257
25976901  24644436
25976959  8269096
25977106  20458191
25977357  17587588
25977282  686353
1333830  336859
25977327  336859
25977501  39086
25977591  22047158
25976983  60174
25977596  25965031
25974982  12192592
25977333  11922383
25978100  5424488
25978209  9592025
25945790  25948129
25978406  9622869
25976782  19404270
25978510  513832
25976449  12429029
25978477  759663
25977850  20251303
25978838  3076414
25978699  17074611
25978089  20326301
25979128  24698684
25979531  772461
14785586  772461
25975139  21135909
25971019  9081571
25980058  2763740
25980077  5337683
9163637  203198
25980144  534690
25980105  2352840
25977202  25915147
25976492  15500649
25974937  14016727
25980333  7723788
25979010  279170
25980419  283956
25980489  24642316
25980414  310870
25980414  10704938
10704938  310870
25980052  25777714
25980522  25721884
25980535  13215587
25978311  218384
25978418  3617113
25981232  751681
25981319  25962716
25981362  16704290
25981430  194397
25981430  6869312
25981510  2233824
25981493  5940225
25981518  13431324
25981349  5290679
2470651  2560452
2460117  2560452
25981871  5581913
25977743  24002092
25981968  18880962
25599734  18752202
25982138  21100729
25982340  18717
25982465  5605125
25901624  936687
14716385  2630171
25982825  8083984
25982360  22781685
25983109  5435683
25982842  7139867
25982842  2397984
25983280  20449427
25983627  15017902
25815267  21808341
25789461  2064850
25862414  316265
25882769  24686307
25857901  6789946
25903125  1328538
25867880  17188058
25890152  8028957
25890152  12769982
25917428  24022514
24277000  13194322
25903131  25894353
25885090  25882422
25867131  18009293
25889425  9589431
25887714  7952008
25905519  703396
25828625  826948
25983322  24644436
25864380  3577641
25791560  16150153
25867568  25773370
25910150  8081827
25860684  22677415
25875692  363681
25875692  7961788
25911141  9450733
25928563  6343166
25843546  2388030
25983767  11680579
25983897  1565164
25984006  17364127
25983944  767999
25983289  11977102
6343105  2695746
25984220  12120426
25952924  2530
25545369  25699225
25721510  25699225
25984518  12829705
25984740  1583219
25984773  15953184
25985143  8928403
25985155  7908163
25985564  24644436
25985558  13102045
25985612  4223923
25978223  356809
25985431  2612802
25986039  7056749
25986030  22999116
25985582  1143262
25986450  24150359
25986470  417568
25986522  8817439
25986592  25985158
25985133  23220182
25986640  11769874
25980921  21844228
25985664  4835830
25986691  2938137
25986392  12573816
25986880  370357
25987142  164979
25987228  1599219
25987173  588004
25987405  142003
25987624  409784
25987606  13350297
25980763  11018651
25983391  17443605
25988336  5078239
25988232  8718885
25987592  25874975
25984048  10963804
25988743  17282225
25988245  998245
25986838  20466637
25978922  5170518
25989061  8494909
25989166  11219731
25989214  1938204
25989214  1531702
25989196  14834290
25986879  12094479
25989295  8269096
25983221  4257045
25984877  1970789
25988335  9731649
2705096  473282
25988572  5512442
17940990  473282
25981122  1014861
25979464  3519978
25979464  24786604
275711  473282
25989823  20762912
25966483  18433900
25990453  4176328
25988687  1966010
25866931  2339695
25981489  25804730
17641170  12608356
25990930  1069666
25991072  12573816
3838493  1420045
25990205  871858
24609063  24606998
25990290  2838038
25989173  5249825
25982279  25942592
25984211  2839321
25988891  25968409
25991373  18933496
25989762  18786546
25990975  2973202
25988697  3587328
25987433  10092580
25979848  2051162
5115613  8305866
25990253  779434
25987085  3136338
25991878  8506881
25991505  18896887
25962821  5066012
25989051  7583038
25990304  25977806
25990304  25975539
25975539  25977806
25979568  25977806
25980092  19015780
25993323  1359018
25993535  25686226
25991720  13458804
25993635  325426
25993827  3047375
25986965  24644436
25987532  24644436
25993073  1258563
25994257  11286661
25994068  171970
25994108  791181
25993277  9884872
25994445  2745265
25994445  1240316
25993215  22486552
25994548  14422207
25994804  5585779
23901050  12384417
25994594  3533589
25994953  12423614
25924014  20167755
25994801  3225891
25971005  25951940
25994985  10025032
25994675  25991861
25990984  15459407
25993288  2422113
25994882  13875794
25995396  266115
25987726  2787543
25993033  16748387
25994062  23822715
25995798  1693159
25995967  8110934
25996075  9842720
25994031  23253314
25994836  414906
25996353  11918491
25996591  16233508
25986651  1975128
25996718  40480
25996734  2129693
25992325  4660142
25982664  13728491
25996770  20670446
25990015  17903692
25997093  24644436
25997160  3674930
25997288  2973202
25996415  495021
25997177  11165104
25997688  21148420
25997615  19613191
25997911  6405127
25997859  1258122
25995878  11137625
25998032  24028538
25998246  125898
25998368  21733756
25998191  14368663
25998135  14692560
25998313  750486
25998416  11238953
25997920  4660142
25998412  16473837
25982194  5174362
25998017  389069
25999003  7668636
25998953  11278081
25993730  6362622
25999630  25643348
25999804  10610015
25999660  19767894
25999715  3885275
25999966  7093186
25994727  14078460
26000017  25643348
25993284  14574239
26000244  492519
26000330  588004
26000440  11043026
25999271  42294
3443606  42294
3525581  42294
25999683  23705943
26000787  728605
26000796  12573816
25970013  411752
25994922  141525
26000292  6131119
26001056  24761427
26001030  949433
26000879  276927
25996832  15636516
26001432  21437773
26001702  12849442
26001387  854105
26001724  25646639
26002212  9126840
25994768  60174
23276424  16302049
26002792  2531221
25982947  25488277
26003116  2973202
25998936  5533053
26003287  3959211
26003529  1416697
26003483  309424
26003293  20572682
26003634  6673944
25999774  15980580
26003818  565620
26003775  11641370
26001887  11208971
26003893  14695118
26004263  47981
26002059  6410595
25998947  12616238
26004799  23294658
25995514  16737260
26002877  8907490
26004898  814366
26004874  10238699
26004918  5419
26005036  20424279
25395644  10790613
26003339  5287538
26004703  5803023
26003882  7590846
26005404  8923114
26005217  2559527
25983096  3988788
25983096  1200621
26005076  11835397
25959086  25706216
26005796  21800010
26005874  495021
26006598  215497
25998312  285793
25994191  363681
26005242  12548603
25998893  4420815
26007075  8865766
26007315  588004
26007227  6919025
26007412  19956636
25835893  4188706
25835893  12869310
26007821  6145796
26007860  24361078
26004712  26002571
25997512  3485347
26008142  1657834
26008143  19371358
25997631  1552749
26001829  3605629
25917423  25978769
26004092  14403943
17346681  16514758
25999853  12258225
26006683  20720186
26008540  147267
26007712  23675735
26005968  7394748
25986332  7570327
26004858  10579116
26008883  17141516
26009022  18093928
26009087  20853451
26005822  25708261
26008817  13965921
26003140  9100344
26009477  770782
18222409  5392853
26009598  18827660
26009631  1923273
26010014  123559
26009899  7135874
26010176  2700256
26010176  13670991
26010176  16342494
26010207  5139467
26008390  218384
25990884  14881730
26010365  500431
26010222  2070909
26010653  14738900
26010792  8391455
26001389  26003520
26006398  5865060
26011149  3504986
26011299  2089590
26000205  25524624
26006068  14333681
26011538  23294658
26011723  279170
26011706  279170
26011643  5361369
26011983  242813
26011928  4935632
26008639  4802015
26012123  5554734
26012282  7574649
26010486  2695731
25989892  3561043
26001716  11533771
26002027  24951453
25989436  5971332
26012914  8069370
26005879  25858681
26013000  26011233
26013198  5962819
26013361  2612802
26009231  20389821
26013460  19334583
26013567  4660142
26013145  21229649
26013817  12162309
26013917  23653778
26013494  8222495
26013468  24010569
26014146  25971223
26013732  25815970
25965216  25492787
25995260  15750896
25998888  25984168
26006409  6661108
26012984  2445536
13569214  9731649
15421452  9731649
25985734  9423722
26013419  7960149
4988127  4964193
26014618  17246693
26011305  21338735
26011950  12163821
26014023  16883367
26011497  8203197
26015076  133051
26013989  1077041
26014627  4195427
26006158  10404348
26014083  142003
25961735  23653778
25926231  26007132
26014663  14220321
26011847  25907952
26014728  1014861
22441901  13902775
4659151  2411487
25358645  9226528
26016071  9462448
26015693  24764212
26015978  19189274
26015483  757684
26016203  14818934
26016730  4734116
26012434  25912455
26015691  21881992
26017158  190229
26001670  11809782
26017388  60174
26017498  1597405
26017313  3035422
26017730  2353346
26016736  15454220
26017667  13679047
26013347  2969321
26012942  674618
26017563  19036573
26018268  16908383
26014422  1530868
26018736  10339930
26018600  8482152
26019132  14526260
26005620  25999014
26019086  25817922
26018951  26015310
26019877  20279484
26018709  18877934
26018709  17475094
26016227  18378069
26020077  11569971
26010440  1418193
26020419  406121
26020419  2961983
26020462  9888508
26016132  348109
26020746  3403909
26017835  4708254
26018205  2895319
26020976  4421706
26020901  22655059
26021010  25999994
26021201  1235179
26021262  26019824
26021431  25754942
26021510  559483
26017742  1335291
26018291  9357668
26020648  1520429
26018173  14257467
26018918  9605913
25958940  22737535
26020070  12703987
26021608  20050932
26022771  24644436
26022743  9288904
26022282  23986519
26021884  1514035
26021723  2607112
26016368  12912048
25181342  6296235
26018804  23704058
26006846  993712
26022929  3910326
26023289  4437424
26010660  588004
26023521  6457130
26022708  13719593
26023596  737781
26022342  24644436
26023666  176918
26022378  4071586
26018691  14638018
26023870  1623375
26024063  14976331
26023916  12403240
26018566  22782785
26024284  18494689
26024147  1134962
25896489  25976200
26024546  2551775
26024703  9318674
26023993  12573816
26024775  13383840
26024949  19692220
26024988  15541404
26025195  9273016
12818528  9273016
26025057  9258070
4996904  10877
650919  545616
26023676  9550495
25988656  16057640
26025765  24504582
26025671  5435228
26025920  15112125
26026020  18538055
26025146  11543735
26026065  20279484
26016728  999172
26025985  4969171
26020153  25939660
26025570  509211
14690812  9503806
26026993  4508313
26027074  18822460
26026594  6821477
26027605  20558689
26027641  3338680
13352080  3338680
26016916  9807382
14372371  19256555
9279111  5832368
26027827  25082935
26028004  21626048
26028032  9002771
26028251  381542
26024480  4128323
26028268  2885173
26028492  6215398
26027752  15721053
26028127  24587218
26028127  24501374
26029067  7135183
26026372  920353
26029024  2569768
26029391  26015966
26028671  24436562
26029473  24644436
26029196  1429814
26029533  3481828
26029315  13039609
26029736  1359018
26029634  14744746
26029578  4026021
26028385  9973955
26029851  11922383
26029943  4584793
26025745  7512592
26028735  2263975
26030294  2167916
26030539  6558921
26030482  4660142
26024334  1988707
26030734  20162783
26030841  15575417
26030726  12314564
26030866  14868881
26022217  17248232
26031496  6867076
26030988  4839532
26031264  18455747
26031608  19403463
26012441  495244
26015643  6480577
26015643  390900
26031822  889373
26031841  664031
26020715  165042
26031711  17438792
26032066  16724801
26032023  7053172
26032374  4303829
26032335  6068017
26032384  11302297
26032372  1992486
21772540  21704633
12197454  513084
11478883  5623838
26032616  25981984
26030759  1078118
26032466  869033
26032811  14220321
1641984  2385186
26031684  25989151
26032771  25662041
26032771  8065305
26031793  3695224
26030677  457193
26033116  1928431
26032957  1189832
26033078  3297831
26033629  5549702
25994160  25976003
26033294  1716296
6525858  4986496
26033930  1373164
26031661  7669668
26028914  130794
26034411  14113641
26034777  18195758
26034872  3148937
26035417  2167916
26035310  3423754
26035390  6210895
26035271  19522202
26034664  589575
26035568  9877858
26035676  11728438
26035812  203198
26034592  3045668
26035597  19465444
26027690  16159415
26036170  1106377
26036245  6001654
26036235  456713
26020580  10943907
9965142  9151884
2549464  174430
20784397  2634991
26036813  513832
26036878  3203252
26035429  1139050
26035177  6213807
26036337  12769982
26030046  25441051
26034863  9732625
26034863  4389598
26027735  15459407
26037407  106179
26026608  2882311
26037893  6441218
26036551  25376811
26036123  8708945
26038238  12472026
26038194  17920146
26038330  26036079
26038153  25663053
26037253  15110274
26034966  10402777
26034966  4781353
26038714  3603494
26038473  25790789
26038949  6088287
26035968  14868042
26038457  506282
26038311  17122727
26034741  25198291
26037681  9519799
26037506  4720271
26039665  9069379
26026251  2434133
26039985  13137817
26040245  218384
26040162  23667086
26040406  4302166
26040577  3958955
26040585  25074498
26040661  560829
26040860  18448671
26040831  4660142
26041084  513832
26032035  24591344
26038329  2035497
9866841  541966
26040382  12045568
26041309  15366894
26041407  5554266
26041243  2421994
8533141  4045767
26041419  1126726
26041379  3469080
26041053  11403993
26041401  8028957
26041805  2149785
26041702  1744665
26041850  4660142
26042252  2004072
26042277  6343166
26042364  8028957
26041696  4826556
26042540  25678419
26040964  12303989
26043201  44905
26042496  11725661
23495669  20517898
26043415  14480724
26043437  17364127
26043761  6368867
26031944  21985909
26043513  20751159
26043846  16250464
26043986  14220321
26044100  610245
26043067  241145
26044049  4660142
21272276  5369682
26044321  2510651
26044389  513832
26044382  26043494
26044587  506282
26044723  16485906
26044862  17148986
26044035  495021
26045026  4176328
26045041  2241875
26024939  2839321
26041425  218384
26033393  16749361
26045295  7263923
26045535  8080979
26041913  2840441
26045240  10250772
13778161  351409
26045721  4660142
26045465  3424907
26046162  391979
26046191  4255472
26046250  18877934
26046273  12573816
26046371  9316612
26045982  8404394
26045982  9000785
26046345  5373400
26044782  18400432
26046549  2710713
26046352  26018363
26046662  60174
26046669  546461
26030421  11711034
26046659  3076414
26046875  3076414
26046945  3875780
26047155  24937169
25406621  4081907
26046781  26043310
26047478  2643305
26047316  8723026
26047922  13942701
26047840  2683279
26048214  9944182
26048438  6534490
26028696  10572420
26048706  9936132
1359689  2793150
26043985  513832
26047593  25836131
26048796  3146576
26046918  9122195
26048597  218384
2856976  3545432
6669563  3545432
4882324  3545432
4948937  3545432
