26049315  610245
26049393  11589342
26049766  8934877
26049787  26047087
26049757  19602913
26050031  2793150
26049854  17509090
26041858  2332500
26050169  513832
26050250  2745265
26050281  236129
26050494  4535647
26050557  10376604
26050727  6850375
26050813  9647997
26051285  2042813
4848820  2042813
26051189  21190594
26051662  2620676
26050740  1914487
1762311  1914487
26051541  19210935
26042264  2459994
26052018  18750883
26048454  13755623
26052189  26052116
26052116  26022248
26043310  26022248
26052269  19676386
26051026  8511436
26052750  218384
26052701  14439231
4114006  14439231
26038046  9501393
26053337  2785
26053499  8028957
26053365  15407985
26053852  25991861
26052061  2648764
26054222  6089452
26035677  24884555
26054406  1930459
26054485  15551779
26053975  17870999
5324996  468990
234532  468990
25563156  468990
492563  468990
26054174  4672545
26054634  17997134
26054845  6040583
26054955  2686289
26054266  2486235
26053974  6285791
26052315  9922032
26055250  6958358
26056076  1308432
26054183  18452697
26052475  8028957
26053381  4261133
26050346  2115497
26055238  9344306
26056416  802437
26056646  23667086
26052817  3639086
26057292  7212585
26038963  20443179
26057509  4547660
26057609  5585779
26057609  5071040
25411568  24789830
26057731  11222613
25983338  12769982
26058329  8597333
26058467  446892
26054460  4559661
26056781  8700636
26052956  22944588
26058733  8028957
26058530  26051899
26058807  24652534
26057405  26056015
26054138  26020872
26051332  3269459
26059246  26056549
26055044  4707504
26054494  1759300
26050943  2765462
26059580  6198709
26059489  60174
26055770  24644436
26060484  7860392
26055519  18801793
26060593  9586596
26060763  16566799
26060283  10673585
26048892  9421567
26061247  1359018
26060402  5982058
26061151  25764404
26056272  8114657
26061412  21999213
26061465  16404092
26059487  2808535
26061382  103512
26062156  7793811
26062241  7692750
26059190  669742
26052859  12242772
26060618  15209831
26062239  22054382
26059414  11746581
26062657  3716920
26062738  17733158
26062797  585534
3570023  3441490
26062882  131241
26062905  12370544
26062980  9103336
26062902  381542
26062974  18141978
2872861  9103336
26062789  4678797
26063255  8371319
26063460  26052128
26061565  24644436
26063664  5929642
26063631  1032161
26063631  3737139
26057312  418799
26063679  9678373
26062783  26050097
26063621  9899372
26062124  2353430
26053039  24257282
26064076  11256091
26063798  7699479
26063701  20627138
26064518  495021
26064777  14220321
26065012  2973202
26064377  1460892
26065506  15211137
26065568  796087
26065568  5320404
9228730  796087
26065371  25896559
26065644  750486
26065624  204476
9664011  17364127
26065944  1144931
26059011  25240541
26066295  3753483
26066328  7901360
26066364  11554624
26063585  7518103
26066562  13719593
26066562  6393943
26066672  959752
26066672  857973
26066664  6341737
25902492  6832445
25902492  277044
25831443  25583360
26059271  152975
18270531  10263190
26066870  4244896
26067052  8511281
26065600  1206367
26065122  1661369
26063275  1052248
26067085  451415
26067085  13278590
26064665  6554269
26067625  218384
26067613  15519527
26065734  14267123
26067791  33923
26058011  24150765
26067988  274626
26066104  2634494
26065210  204476
26064009  10082903
26068247  1180860
26068388  1415955
26065828  13301053
26068605  2923957
26066045  25881041
26068857  7343833
26069036  589575
26067205  12573816
3003457  59294
26069520  25799347
26069724  15371468
26066708  1731384
26069878  38987
26069364  12573816
26069928  26041317
26070310  20002503
26070170  9868649
26068121  1691007
26067874  3906065
26070238  7968753
26070851  7511821
24129413  24727397
25962143  24727397
6851624  1554099
25949494  26026019
26071027  60174
22128402  7561013
26068577  26064496
20382671  16519257
26026668  5106466
26069822  8047943
26071357  1524356
26071325  757482
26071665  9001509
26071806  8113080
26066514  13840429
26072236  23294658
26072179  1375384
26070317  19850045
26071619  9886266
26072903  8028957
26072951  5412435
26072796  25285016
26072968  165170
26073021  14220321
26058816  633634
26072773  14382149
26072773  22873396
22873396  5210033
17393231  5210033
19062120  5210033
26066371  14619653
26070906  15112125
26073231  23353173
26072572  6722293
26072678  3406891
26072182  8671366
26073301  25940241
26073469  11709433
26071519  4660142
26069843  1437699
26073706  6441218
26073867  6343166
26070900  23039871
26070484  218384
26074093  13340856
26074004  13840429
26074346  17995706
26074476  9444751
26074095  16225177
26070355  3093365
26074852  12573816
26074441  378365
26071578  9408292
26075263  3129899
26075004  9588331
25630361  22526925
25630361  21591169
20975824  2694640
26075347  6800672
26075241  18073096
26069757  2092098
26075418  840501
26069156  218384
26069242  23353173
26066327  25816552
26074573  18266211
26065253  23510571
26073007  7572335
26073522  18660014
26075585  7984955
26075053  11770087
26075740  7126550
9484820  590747
26076205  1108780
18426757  1645273
26076212  5999209
26076670  41107
26076239  1025935
24245341  1389834
26076904  26076625
26076809  14106953
26076835  2612487
26076986  301134
26076979  2823733
26076936  25951998
26055942  8043027
26077120  1433204
26077089  3093622
26077268  24821400
26077350  2257441
26077477  2305966
26077505  1355810
26077570  7411515
26076997  18120162
26073577  7580700
26073577  4946292
26077630  25097773
26077803  26076989
26077684  9438209
26078182  218384
26078234  1870589
26078243  495021
26078006  8305915
26078553  2331751
26078670  6740459
26078735  11874919
9680037  1107220
26078196  21676092
26078957  6944730
26079037  26076625
26075560  11466764
26076700  4541205
26076110  10865095
26078510  7546493
26079115  218384
26079160  26077607
26079241  1855459
26079281  5058349
26079228  820913
26079216  5767325
26079512  1497539
26079079  25643201
26079694  24150359
26079734  12911299
26079731  513832
26074338  7073484
26080036  111102
26076444  60174
9129966  884177
26079446  14220321
26080624  4660142
26080627  11226970
26080580  457629
26078844  2782758
26080741  25377618
26068507  25628511
26080636  7523373
26081060  8962700
26080719  15255601
26081157  2723397
26081257  588004
26081037  3637936
26081292  5210535
26081571  26075472
26077186  17781109
26081622  24864964
26081692  68113
26081515  485151
26081691  13748124
26081830  240178
26079861  5212870
26079061  493386
26065604  11597901
26081822  4441609
19451429  4789837
26056063  7404792
26052816  1401661
26052506  3906232
26045113  18234908
26043771  2801882
26043370  5707812
26038411  24128192
26037118  136168
26036542  3096953
6653128  1433907
26030006  11623264
26081516  18688755
18855510  6344474
25982993  7632589
26016504  89228
26082062  218384
26071278  26071293
26073309  26002552
26082105  3694197
26074273  26002552
26082170  12737293
26082175  5751217
26082290  4499073
26082248  8736400
26082183  54142
26082968  13218504
6635112  532435
26075469  1652128
26075233  486757
26083064  338206
26083272  10407438
26083254  18887636
26083312  8894987
26081326  588004
26081326  18031221
26083500  2612802
26075470  20194872
26079303  15873302
26050888  9264897
25954647  13892307
26002271  12062920
26000116  3270680
25997185  67631
26082056  7043372
25992795  5891410
25992727  850795
25992727  2612802
26083628  14058617
25982632  2787679
25980497  72852
26083011  5629684
26083938  11774099
26083992  9264763
26070064  2970602
26068648  1792445
26083512  8063057
19329120  2867575
26069599  6918870
26083504  5585779
26083360  4172722
26084290  4205181
26083646  218384
26074139  16665352
5000524  1574654
26081788  13228185
8174584  371875
26083264  3685190
26084525  26083795
26084586  949433
26084586  2935009
26084478  12573816
26084676  12573816
26084680  9182763
26084720  985403
26084727  17255549
26084591  15005670
26084903  8598836
26084886  15938564
26084886  14197269
26085126  8918677
26085105  5700505
19527250  5700505
26085167  6957214
26085276  15112125
26085359  17147249
26083808  25874293
26062191  25984168
26041106  3054437
26085443  26084620
26085462  160550
26085345  14403796
26085755  16430063
26085769  423379
26085825  14220321
26085835  612328
26073586  1685860
26085692  2388974
26086016  7571326
26086014  12573816
26083008  218384
26084328  218384
26086471  3238482
26086657  25682967
26086669  15748190
26085375  2933990
26086789  1409225
26086907  279170
26086861  9732439
26086974  17245397
26085392  11084757
26086914  9766387
26084767  4963160
26084767  410227
26073779  10875374
26087386  9730673
26087396  1808365
26087423  12573816
26087320  7048839
26087371  26084993
26087539  480775
26086217  25881041
26085497  1395115
26087593  14126556
26083922  26077993
26087499  13434543
26087706  4909167
26087711  2612802
26087659  642154
26087770  23676874
26087795  5259714
26085530  19632069
26085530  453208
26087922  938095
26086864  3988788
26088035  23740548
26085531  26083887
26088153  218384
10105185  13278590
26088221  21219942
26088254  25367017
26088084  8587341
25787340  25987302
26044710  25987302
26087301  26086454
26088496  4837565
26082683  1574088
26088260  22752522
26056643  19083357
26088120  3025050
26086600  7755202
26088685  60174
26088909  11562656
26088982  840501
22223270  356809
8811427  356809
12059410  396145
26088948  1394617
8289194  356809
26089041  8174237
9656362  356809
25806471  5404665
25636839  684672
26088296  10289281
26089454  8906722
14189625  8865458
24466148  5547311
26089426  1116752
24262304  5432967
24262304  11922383
16758102  1776915
26085141  2973202
12963046  1776915
26089801  12573816
26089526  8508275
26089845  3801557
26089891  2053843
26090028  8711210
26090169  24378375
26090090  8865458
26090103  7273338
26090191  3214886
26090287  13730554
26080563  452003
26090590  513832
26090684  4421706
26090706  6115896
15500793  5700505
4278232  1771786
26081649  14809978
6813840  1771786
26090798  1771786
26090720  840190
26088043  671118
26063127  2909768
26091045  988363
26090943  4335400
26091043  11922383
26086649  210643
26090965  15039852
26091253  4002924
26091315  13730554
26091359  204476
26087488  18949861
26091438  517923
26091129  10088619
26087769  11725443
26081483  14220321
26091099  15341551
26091182  25875906
26091847  1391793
26091854  5625600
26091864  26012442
26091926  25505754
26091930  1887097
26090272  14220321
26090122  26088937
26092144  17393757
26092502  111928
26092717  4059932
26086235  26085347
26089030  21543093
26088923  861500
26092411  920294
26093281  22130429
2041300  1988916
26093444  18667942
26088583  5377694
26091682  23430854
26093581  2180415
26093827  436351
26094135  12314889
25681518  3687358
26089632  23294658
26094383  1009753
26086262  26080648
26094597  251391
26094548  12811862
26094260  1116465
26088719  6316937
26088365  23353173
26095442  1549631
26095497  14220321
26093936  6824717
26095309  22361787
26095145  1389042
26095826  271440
26095680  267724
26088117  599953
26093401  14220321
26096165  767999
26093892  4463363
26095540  1489852
26094578  582185
25889628  13982314
26096485  20396680
26096700  19280303
26097055  2523133
26097073  14112349
26097074  14211843
26097662  2246017
26097039  15917258
26097631  26095917
26096853  12574457
26096539  32260
20031477  5700505
26097960  18337407
26092772  1101750
26098200  2673850
26095253  5989279
26098445  20823499
26098677  15883361
26098656  2345902
26098495  8798403
26099028  4660142
26097908  787160
26097474  25594935
26099025  1617049
26099208  26093784
6902033  6348494
26097498  18858870
26098775  15479928
26097760  19395400
26099642  4802015
26099642  2707322
4466439  791070
26099819  4574487
26099757  8629173
12015170  3168096
26100446  18193281
26100278  508791
26099399  177189
26099399  19082265
26100313  10840779
26091862  24363384
26100501  21025017
26100501  1680898
26099672  877273
26100791  750486
26100836  19723902
26099094  24644436
26101160  8838942
26101136  3236871
26101352  4338267
26101453  9529558
26101665  12423614
26101528  2994123
26100884  17396594
26101727  3264828
26101769  647769
26102094  9264763
26101911  15432682
26101911  932653
26102067  195951
26102174  2521459
26095968  17067294
26102170  2109171
26102468  5926058
26101268  106179
26094221  1707349
26100337  6584772
20587770  1707349
26101928  16749907
26102731  19061599
26102030  19712743
26101232  13147113
26103087  949433
26103062  14555996
26100852  46155
2710621  1221559
9852145  13240520
26103558  81656
26102800  122102
26103685  60174
26103841  20279484
26104041  3572463
26103851  1736010
26104100  17499351
26104337  26101144
26071914  20673625
26103555  10014839
26104740  6649125
26104108  25536779
26104757  18142745
26104935  826948
26103837  1103140
26105020  5674333
26105083  138948
26105171  3112793
26102862  1924408
26105373  19410626
26105525  5057021
26104764  1000040
26105744  3207219
26105710  9704487
26105860  18243515
26105914  513832
25902082  23147757
26106203  448981
26106219  19076615
26106152  843389
26106339  24580404
26106464  495021
26100989  21559604
26106369  25921204
26106532  14387350
26105426  3970195
26106657  24642316
9494380  10839131
26106732  1368584
26106862  261638
26106593  18798121
26107009  8982489
26106821  10050851
26107236  17816781
26107291  4836710
26107729  4660142
26106899  6576855
26107567  25752937
26102001  564443
26106320  2025282
26107813  2037203
26106728  1014861
26107708  25813939
26088712  936687
10861485  4681199
26018989  18139234
26050766  2094666
25943537  4017424
25965212  14039995
25965212  19757300
26049543  24090016
25899299  25879954
24968124  8305866
26011148  15787245
26029028  24167909
25967816  203198
24661211  24641000
25818197  25678373
26031343  2702928
26031343  4824342
26029558  16410488
25968539  922476
25964721  588004
23245233  23135747
25896144  18780194
25950451  11347971
26108470  5117127
26108545  826948
26105565  18335678
26105953  10668311
26108784  11226322
26107491  6682290
23572067  9705637
26104364  18664579
26109297  2615997
26105215  12125044
26109308  657921
26109206  203198
26109511  9288904
26109546  12592443
26109550  25796280
26109642  7972654
26109835  2360076
26107767  21552308
26109768  182287
26109861  6551379
26110106  60174
26110237  16917043
26110365  16267785
26110338  14220321
26104984  7302604
26110511  19720611
26105487  26101934
22689371  5763394
9490482  7993722
26110208  5605125
26110683  7409539
26110694  16451413
26110375  12142238
26111125  9125015
26092467  10660797
26111136  513832
18581597  5743083
26111346  5203022
26111134  17094990
26111759  1692839
26110582  2885173
26106681  2840521
26111937  750486
26111985  1889260
26112011  19200188
26112400  513832
26112433  15666048
26107996  8640424
26112533  559112
26109534  18760747
26106740  14296625
13212136  4902658
26113104  12614308
23959337  23749279
26113382  5262634
26113429  10809438
26111660  15477527
26111909  7372038
26111909  6978631
26113438  13596419
26097535  12769982
26111567  22338145
26114435  19872387
26114537  492994
9460543  1513485
26113146  1910194
26114660  12810638
26115533  4261133
7646974  2074240
26116169  5822985
26105910  1191113
26106208  8819211
26116239  784929
26115741  647769
26116430  14160498
26116436  280712
26116322  459652
26116714  684672
26116811  4660142
26114902  26116833
26114791  194852
6633164  6784463
26116801  13228185
26117354  19896870
26115356  389204
26115356  796748
26112019  13059083
26115294  24585326
26117988  949433
26113173  26110914
12914971  5972151
26103795  26117104
26117980  12584249
26109625  8934772
26114407  4220295
26119171  22864764
25663792  25678870
25663792  25243575
26117888  5240789
26118776  17428587
26116152  4418708
26096781  12528186
26119772  4176328
26119844  26108827
26119117  9294446
26112874  60764
26119307  18158864
15938697  16225177
26119200  12373950
26120274  26097239
26115766  370962
18519779  4616202
26119896  4616202
26120647  23293886
14845593  16225177
26119385  26087731
26120636  8791049
26121175  4616202
26121242  17364127
26121073  16401294
26119173  19912267
26121334  94361
26121429  507923
26121581  18713321
26121481  3404975
9445661  987072
26121019  10481990
26121351  20343129
16873889  951021
26118842  3224834
26118418  23507853
26118454  391979
26118346  10017528
26122073  4660142
26117751  3970746
26116750  17202128
26118785  1906445
26115530  18490026
26121845  513832
26122305  1884812
26122236  13359818
17249500  1482586
26118106  12573816
26122551  19883815
26122642  14671206
26122830  19043776
18264178  16225177
26109676  5516917
26123003  1267869
26123054  5464919
26123051  4221333
26115494  8772630
26123390  8084687
26123361  3596089
11156206  20354779
25038769  20354779
26102556  16225177
26109444  10382929
26122029  924285
26123933  3821827
26124075  9942594
26123271  1822772
26121259  26123489
26124502  2606368
25678870  25243575
26124728  1398582
26124783  17437016
26121729  2090033
25692976  25563108
15507729  4299062
26124526  14911158
26125412  23625005
26123059  23158015
26125593  12573816
26125602  14220321
26125787  12573816
26125884  2699086
26125424  23667086
26125888  714475
26126208  2867575
26125586  26115884
26126494  3186246
26126561  25337374
26119992  26116296
26123943  6914664
26126822  25754942
25993936  14965747
26126218  13445571
26127032  5432756
26127475  2029651
26124388  11979017
26127730  7056749
26127638  19751354
26126583  25701979
26126908  2283374
26127551  1359689
26127814  262427
26127652  1163761
26118857  10090254
26116284  40480
18428897  6047391
26125049  10943137
26128273  2642750
26128450  24644436
26128574  18420024
26128905  5334380
26128990  13643417
26129049  13244055
26129277  19822405
26129356  4172722
18261152  8253653
26058827  14871748
26129544  85992
26129469  1586421
26129745  13089234
26127439  6751920
26129742  1606842
3732715  285665
26128863  1975737
26130048  18045867
26130133  25721884
26130444  12573816
26129633  19999388
26130453  3063787
26090888  26054996
26130596  4570366
26130718  26119618
26129315  1433204
26129315  7330048
26130025  424341
26130858  7076478
26131052  8752321
26131065  17846375
17846375  11577665
26131200  12905999
