26131125  13788068
26131205  4660142
26131112  13801311
26116202  15853732
26130864  12234628
26131453  5256848
26131433  26131074
26131767  3209569
26131579  5093398
26131897  26090562
26132178  23482343
26109179  26132239
26127771  21223277
26126538  19012495
26120172  14977078
26132482  1775859
26132524  982963
12304082  6882124
26132653  495021
26130579  1414365
26133165  513832
26133230  8534274
26133330  7928562
26133433  16869020
26132966  5818486
26133776  20895880
26133637  19147884
20321631  3853726
26132421  6795070
26134179  383947
26134204  203198
26133971  4261133
26134307  1100354
26133921  16943909
8659304  16943909
11713157  16943909
26133960  1353022
26134833  519107
26134833  1736548
26135128  14220321
26134785  12953127
26135318  3063787
26114901  22681705
26134877  2434041
26135103  123559
26135729  24254283
26135625  3651198
26135469  1411044
26135237  2785964
26134687  4267475
26135728  26117531
26136356  4660142
26136480  7479777
26136759  750486
26136740  16959576
26136620  3580754
26121681  7104985
26134439  933447
26137109  2728278
26137281  11597421
26129497  9347909
26133593  280712
26137561  1922040
26137291  3299604
26137887  17323981
26137677  18782324
26138471  4796872
26138539  3737139
26136822  3318333
26138649  4112289
26139261  8100993
26138925  3831676
26139312  750486
26139392  434597
26139604  26136244
26138931  23446377
26129935  19547118
26137226  7400422
26133818  2839321
26138515  1996666
26139692  12859942
26136674  19686153
26140110  15487136
26128079  16775197
26139878  25952270
26140502  10807164
26140485  10557157
26141229  111368
26140371  25725378
26141448  4847752
26139932  26036762
26141831  5848337
26142005  8028957
26142298  4751361
26142340  988658
25991961  11059679
26142717  4660142
26141546  19523913
26112213  23667086
26142846  2790001
26141571  26142233
26140353  3471157
26142186  4261133
26143082  9210073
26139286  3666516
26143390  4261133
26143491  9785103
26143103  21683119
26143477  1585390
26143604  6017281
1765686  204476
26143801  1373164
26143836  26141506
4533345  6132949
26143502  18891486
26142016  26139964
26144029  124167
26143357  5486283
26144222  588004
26143520  12556513
26144217  12573816
26133456  25925942
26144588  398395
26129093  23490152
26126672  8832716
25974340  11835870
12368868  373615
26107920  4622057
26141078  21852218
26107484  5916270
26104003  104420
17850686  4322367
26144524  1479206
26144098  17105276
26144831  7364150
26141488  1881922
26144309  840501
26145017  4546111
20924393  11278387
26145058  18722753
26089705  26076560
26140607  18725411
26140607  4809194
26092892  14606988
25959566  161738
25959566  4713216
25914586  9694165
25652163  19285892
25623669  25621134
26145341  1644517
24784722  1761744
24385132  15015026
26145512  133973
24347977  24275282
26145545  513832
26145616  6612385
26145852  18947016
26145884  4073713
26139564  24644436
26137044  24644436
26143746  25881041
26145679  2100490
25211229  441018
26146086  16370371
26137513  14790014
26145634  13275417
5535908  3762430
26146349  6500313
26146414  22513425
11715621  4322367
26146551  5695145
26144633  25436838
26146916  21955256
26146895  105031
26147449  4343596
26146862  12573816
26137741  60174
26082618  16451413
26147535  7428244
26147307  2973202
26143767  4660142
26143767  7927211
26142650  21021655
26147675  12328056
26147835  7056749
26147784  2973202
26147461  13840429
26148322  513832
26148124  625799
26097095  19955785
26148390  14208369
20690850  16675865
26126278  6624892
26148325  7165395
26148664  11701399
24236214  16211871
26148767  337704
26148864  513832
26144974  6049175
26149180  26148320
26149387  7731213
26149398  215497
26147743  26147043
26148354  21290404
26148917  4390763
26149630  20002503
26149653  2158395
26144771  6493605
26149832  7582546
26144980  218384
26135608  6239647
26149675  25586889
26149364  572897
26143969  26147496
26150277  6970346
26149351  12031007
26150372  6245741
26150518  4912788
26150571  3422223
6625293  2695538
6550103  2384631
26140244  4261133
26151081  60174
26151046  21795183
26151176  5046026
26151301  6021720
26151301  625799
26151357  6437957
23087435  7073396
26151523  202463
26151489  6439915
26151560  23667086
26151726  869033
26151700  513832
26150593  25778469
26149968  4026021
26152184  16874110
26152269  1969141
26152382  20279484
26152612  5605125
26152794  22263372
15179441  3232048
26152918  12769982
26152748  22333584
26151235  5351483
26149969  26148320
26152491  1039713
26153318  6259713
26116454  843155
26149073  26147552
26153254  25865975
26153345  17354864
26149146  3721785
26152773  8729976
26153710  14220321
26152846  14908057
26153816  26133382
26153914  2901102
26153515  8882885
26153949  14026361
26152414  2559527
26153901  2773511
26154208  19831298
26154293  21764786
26154339  20449427
26148001  2779251
22443913  23353173
26154340  616601
26154441  8028957
26154487  5243754
26154555  8967303
26153181  3546745
26154558  5786649
26145837  3268167
26149185  400255
26153987  4493482
26154743  26107044
26149426  2528318
22826775  4570229
16494183  19976307
18108071  9195756
11963462  696626
26155587  13724063
26155524  12276913
26155659  920844
25934113  180741
26155836  11703635
26155629  7076063
26155861  11932578
24454367  11932578
26155151  1328025
15480345  12271218
26141495  141146
26150915  8675706
26150808  19097365
26146905  2614416
26153481  26153239
26147630  16756876
20792499  11580023
26156289  20798477
26151544  13187778
26151571  12410242
26131668  26113459
26149149  21540221
26139938  21862327
26153317  21881992
26069189  18043931
26155723  14447637
26156962  155291
26157096  23740548
26157122  26149412
26157199  6366408
26157216  24654263
26155174  22489398
26157440  3305561
26151349  6081439
26140132  18332846
26153724  22059165
26157860  24436260
26158030  9233000
26156178  8332934
26158180  6320113
26158297  4296888
26157001  759663
26146190  17410559
26158467  6847697
26155238  25059951
26155240  2626567
26158698  7979567
26156839  15357976
26158672  11623594
26158716  10091825
26152172  11578936
26159483  21449152
22775928  11728209
26157979  600978
26159934  20989496
26160122  1458724
26157641  16209863
11538802  2618597
26159115  24728627
26159872  24231786
26160429  5392853
26158697  3966714
26160083  23337745
26160268  1395229
26161186  1083159
26161348  12374345
26161440  2158395
26161311  2968380
26161211  8273321
26161715  26122804
26158152  12769982
26161908  3737139
26156875  9122195
26161849  9466212
26162077  23853579
26161976  513832
26162081  17157685
26160668  2711858
26160001  6394874
26162814  513832
26162844  1426986
26162889  22272624
26163254  341723
26162982  604939
26143600  648992
26163258  18498986
26163043  15212008
26163914  513832
26162422  22937618
26163798  2081640
26137477  9785655
26164055  460644
26164258  14220321
26164280  20940979
26163461  3645650
26164388  4660142
26164437  179713
26164554  4378435
26164516  26035493
26164068  20521967
26163224  26161501
26164370  155864
26164630  9466212
26164396  4660142
2417643  649834
26165122  2059605
22266118  3932618
26161014  89228
26161014  9735863
26165168  5373198
26126406  14527980
26165139  26164894
18563433  18620977
26165258  25837543
26165343  588004
26165238  16272156
26165512  1504717
26165385  5583717
26165548  24000419
26154674  18004327
25981400  25978696
26165603  16352833
26165922  6487366
26166172  26164630
26166170  9815760
26165981  85992
26166272  23345554
26090143  9506360
26166312  22681907
26164531  826398
26166261  22851485
26166491  14220321
26166716  24644436
26166663  10455677
26166789  484137
26161545  13942628
26163644  26142570
26166171  3238482
26166842  23294658
26167585  14324451
26163974  232535
26167336  625799
26167238  10018900
26167650  23353173
26165723  16970982
26168050  11662028
26166747  12887372
26168199  3401900
26168389  59895
26168285  1331779
26168635  26151808
24834876  8924173
26168826  5297248
26168397  2793150
26169121  23667086
26164882  1871736
26166378  11883058
24245254  20039765
26164523  26099592
26168109  21161801
26167520  3437585
26169502  196027
26170062  18607837
26170162  778534
26170408  9023465
26170596  2106292
26170141  12573816
26170887  7056749
26123570  17752231
26170899  13042008
26170821  4252936
26167326  787681
26167306  2340085
26163203  6817148
26169416  3030859
26170947  4660142
26171697  5214127
26169715  1237725
26169715  876522
26171876  6491463
26171992  166221
26172145  24302630
26172181  5054995
26140366  26097325
26172313  20196621
26171474  3313590
26169448  4915361
25901273  6521141
26164166  26157093
26162098  7045729
26160908  16405687
26172352  15858192
26163630  4880038
26166805  8236
26080829  14176123
26172690  3828723
26080839  26051322
26079831  1654021
26077788  2091815
26173011  2801601
26173186  14060250
26154053  26152385
26173228  7330420
26156623  25428634
4549272  1898466
26173325  17259877
26173641  7457260
26171615  3314535
11981422  5407250
7434505  5407250
26173254  7073484
26174022  1011732
26174178  16785069
15062954  499456
26174536  2642777
26169438  3460382
26174862  513832
26166018  2134333
26166098  26160075
8965630  2134333
26175085  5929711
26171955  733384
26174622  3056834
19781206  18850678
26176060  164194
26176006  2959998
26176113  8748444
26176153  805384
26176213  463299
26176185  9379673
26176203  15926142
26176396  218384
26176495  930807
26176803  13070760
26176862  20968912
26174755  4136830
26177201  14220321
26177200  2973202
26176459  5002529
26176298  23392111
26175573  1361350
26174383  26171433
26177516  3750632
26177505  11274555
26177621  3076414
26176293  8027368
26178023  17389793
26176813  10250772
26178073  13577578
26178092  767372
3085394  1734618
26177604  22242936
26173037  26173643
26177535  2026510
26178811  2167916
26179070  23466826
26179079  276516
26179413  926822
26179448  13447554
26169449  6244939
26179715  10312963
26179857  1638766
26179739  17491062
26179502  750486
13970257  16100
26179960  2701182
26179946  1414469
26180049  2932392
3057598  1109061
26180501  10534126
26180365  2556051
26180801  2345902
26180659  762200
26180747  1132941
26180864  11238953
26176874  1732348
26180969  295833
26178922  6383914
26180626  9562218
26180497  5095349
13814128  9562218
26180938  3076414
26181185  17389793
26068769  5230798
26180856  775049
26181121  14911158
18425307  9562218
20530556  9562218
26181596  25206567
26181823  19749077
26181737  510357
26181870  1162381
26181865  12857191
26181915  11922383
26181961  289010
26182068  24755463
26182151  2790899
26181999  9592241
26179374  694921
26181946  5006229
26182333  2318288
26180936  683041
26182203  133601
26182543  14220321
26182607  15020826
26182614  24227874
26182760  14220321
26181164  25842869
26182846  321068
26181375  11973304
26182997  13654168
26179637  323972
26183164  429529
26170285  21494755
26183750  7642442
26183825  2687679
26183913  1680528
1041897  931687
1046739  487430
1489877  487430
26183883  2939914
26184235  2973202
26184846  12573816
26184861  2167916
26140007  18840785
26184960  4660142
26179381  17671725
26179381  14245712
26182058  7714543
26185269  9229414
26185448  26185263
26174433  26164965
26185560  513832
26185581  4255472
26172734  3362801
26179631  26174606
26166923  357307
26185799  1602586
26186111  1861489
26182359  26121538
26186197  7154742
26185823  8675206
26186417  363681
26185494  24795311
26155559  6626397
26186730  1313120
26185614  15112125
26141641  12573816
26135591  1887097
26114216  26113064
26114300  8703047
26090697  26080704
26088985  17992121
26081192  12763122
26081133  3933614
26079554  10011318
26079477  21895756
26078981  4176328
25760013  25736532
25735280  194465
25639597  280033
25590403  12573816
26186386  12355378
25549508  13196589
25509282  12573816
25444717  1685109
25381450  5481378
25343765  8228072
26183510  23104051
24340219  5259714
26184570  24291146
26184573  17816782
26184835  26183112
26187243  291978
26187214  8028957
26187045  2906925
26186527  6461479
26185379  493386
26182670  7606217
26187052  19022773
26187434  25210620
26187496  26185774
26187591  974038
26187859  12573816
26182944  696839
26188038  664957
23018450  21747631
26188121  25799634
26188248  3528324
26186459  3872063
26188316  17792327
26182859  3276035
21223016  14129272
26188407  7650071
15969330  18844706
26188442  279170
26179826  6772658
26188263  21708485
26182431  5361457
26186689  10420137
26188383  5093398
26188661  1903788
26179118  26175380
26181566  7820225
23711175  18844706
26189015  12502071
26189056  14220321
26188712  170415
26189291  513832
26189218  8194713
25703568  8004765
26189423  10182714
26186055  12732422
26187317  1906445
26189654  1292109
26190003  976753
26189209  25225900
26189852  2193226
26189613  26188901
26190180  6605640
26189524  25924283
26190144  1210672
10717685  5867199
26190360  14028959
26185211  4915462
26190691  24103522
25973768  1513485
26185097  16239239
25902159  14220321
26189418  21328689
26188772  10314891
25765962  21960378
21562422  1357711
26191499  25963074
26191989  1185524
26192057  4616202
26191875  342409
267807  9257833
26192346  4108313
26185527  40480
26191763  40480
26188678  5297096
26192489  17394802
26192763  218384
26193017  25542055
26193178  495021
26193279  140131
26179078  13840429
26192539  9856847
26192084  3685970
26193444  6620165
26193456  203198
26193581  12769982
4364263  1107551
26193862  203198
26193717  11922383
26190192  15209831
26193119  20279484
26193119  9644044
26182893  526173
26193898  218384
26193858  1360183
26193522  6343166
26185112  1237725
26194313  1197575
26189439  10059885
26185853  4427608
22553314  3786111
26190859  1504717
26194450  4660142
26194568  12573816
26193582  26024328
26158273  26161633
26189106  6068398
26183254  16036139
26186477  25894645
26184409  7877529
26192215  6677035
26194785  1591087
26194290  129178
26195032  20449427
26193045  17698249
26195142  21073082
26192934  1214365
26192581  8135188
12832947  7438612
26195014  5258159
26193606  13799670
7564043  467336
26193879  3437786
26190267  3797389
26195580  550195
26195597  463506
26195652  17364127
26195586  1556911
26195710  20993849
26069497  11394148
26189914  17554068
26195923  1267869
26195911  6128131
26195891  605845
26196040  513832
26195180  487430
26196210  9381711
26196109  129178
26194065  12530406
26194996  26192505
26196575  19784454
26196522  24339807
26194131  418898
26196950  290884
24722714  871858
26186756  953918
26197123  3746615
25547768  7976593
26170130  5615681
26197889  18572604
26196185  22511612
23904676  18528432
26198023  6441218
26190551  11224854
26198128  40480
26194755  14713881
26197948  20872200
26195514  203198
26195488  182287
26198131  23294658
26198272  20158998
26196014  26194350
26198645  3820178
26198965  1686174
26199025  26196924
26196924  12573816
26199066  20428636
26199190  12573816
26199139  19162331
26199210  750486
26199029  24053432
26198827  4787332
26199633  13871617
26199683  894263
26199422  26192346
6931783  785358
26199711  8807927
26200121  588004
26193401  26194616
26200383  13174988
26200364  6343166
26200227  16266931
26198254  218384
26198427  15711098
26199587  513832
26199587  14150628
26200694  1732348
26200875  17006956
25440562  19162331
26197816  1051379
25762277  25759046
26197923  5333374
26201002  1858569
26200704  4660142
12015253  5891538
26200063  18397962
26200063  26198471
26198471  18397962
26201472  26196097
26201735  279170
26201000  19970009
26201899  25661120
26202113  313970
26202370  12573816
26202466  3709597
26202466  111102
26201615  5342375
26201997  218384
26202699  4485716
26201658  14375340
26202805  8452130
26202769  3716920
26203102  6843030
26203088  2973202
25900019  21647389
26203194  750486
26203194  3919134
26203318  12573816
26203231  26200682
26200286  2111722
26201397  8638621
26202317  18863422
26203719  4436401
26203777  2217001
26203713  26202541
26201924  18404108
26203952  513832
26202348  25884081
26203956  25121827
26204207  26194024
26204171  677812
26203705  1111155
26204335  9711652
26204390  1107220
26204578  20563772
26204660  7056770
25044299  15844500
26202795  19933581
26203319  3320764
26204906  5078239
26204633  56648
26204313  3020751
26203972  26203633
26204304  1371012
26205151  8752837
26205198  5078239
26205200  4660142
26205307  5078239
23178197  2843366
13074420  8000119
10400373  2843366
21833854  2843366
26200810  2267545
26204980  356950
26204896  1748641
26205415  24644436
26203443  19444718
26205738  240178
26205744  4354071
26196980  1125476
7687342  2843366
26201389  10496846
26205591  4660142
26205812  26204793
26205750  6666382
26205861  240178
26205916  2091589
26205272  4176328
26205808  13033037
26205944  363681
26206087  18691643
26205352  3746615
26206247  4618415
26206393  26198856
26206386  25968409
26206594  7888560
26206478  2362580
26206867  26205730
14428546  2843366
26203740  9090378
26207059  20279484
26207076  2612802
26207094  5658849
26207110  2254710
26207150  25202543
26207265  513832
26207294  495021
26206897  332872
26207560  819536
11672518  15844500
26207589  12665994
26207684  10803685
26207222  5069099
26206907  2732474
26208346  8464807
26208381  288861
26205164  7052422
26208609  26207973
26208668  1959040
26208563  308695
26185907  13238142
26170077  20659943
26159007  14090113
26208882  1798817
26208814  1124788
26208940  10364383
26208491  4660142
26209001  1038191
26208996  21962641
25886173  1442411
26209361  513832
26209445  20002503
25040034  11965818
24953181  40480
26208224  1955505
26206600  3420009
26209303  26203810
26204819  4982026
25474027  25473737
26209268  198199
26209738  1436703
26209549  17874717
26210047  14220321
26210054  14220321
26210180  9824074
26206979  4282151
26210713  2784183
26210767  92859
26210809  1240852
26204159  9869150
26200701  218384
26210920  24851249
26210452  8329826
26211405  19896870
26209340  11854403
26209367  24174947
26208853  11578816
26211617  10914982
26209389  26103498
26190478  2895319
26210932  3028306
26209789  15860236
26211604  397692
26212040  3328235
26209832  11671859
26210913  3246137
26212245  1135366
26213031  2652319
26213029  26000752
26213058  3336392
26213136  2460501
