26212764  10780948
26213072  26182869
26213666  22937618
26213637  541966
26213728  826948
26213989  10899384
26214121  2973202
26213812  5618664
26214261  1551389
21945779  14507958
26214425  1069666
26214253  288810
26213913  26182869
26214537  471115
26213966  2301285
26214553  5721524
26213284  244882
22345703  1509589
26214715  21814825
26214179  9120270
26215203  3094866
26215160  2051192
26215416  288867
26215434  6588732
26213322  11177554
26215503  277569
26216071  6211023
26216209  15745042
26216158  21076876
26216608  22910044
26216565  542938
26216710  22073740
26216838  1299871
26211821  4417962
26213236  4626174
26217172  10920355
26217100  14028959
26217195  6107206
26217260  25324262
26217595  2360995
26213732  1342738
26215911  11625595
26217663  3272964
26217831  1450774
26215742  14218307
24705650  9366816
26217876  13542055
26218121  5997027
26218121  11950819
26214949  15728176
26214615  20486230
26216294  7821284
26218417  26217285
5911236  72768
26218281  4097234
26218593  467815
26218596  5838918
26218644  1251999
26218228  18744830
26218582  770207
26219008  409784
26219012  1132941
26218526  9301781
26219210  4660142
10271796  495021
26219321  4261133
26219249  1711990
26218821  10739835
15018193  15061047
26219257  7780696
26219240  11938801
26219442  21185666
26219432  25931469
26219498  1590723
26219493  2356687
26219511  2076988
26219657  21481541
26219661  3266290
26219678  1726630
26219613  1485621
25197945  25357914
26219825  1373164
26219867  12423614
26219858  1441532
26220221  4933958
22587510  14220321
26220316  2348416
26220729  23069734
26217962  11541154
26221075  3575458
26216908  19626985
26212062  22306434
26221037  9104084
26221133  5277571
26220365  218384
26221081  3591784
22009405  20838062
26218754  1109022
26221768  510213
26221892  2973202
14510225  966225
26221782  18963293
26220398  1531093
26222541  14187963
26222578  3430315
26222049  11461607
26222759  11482470
26218291  153724
26222961  3595515
26217117  19732011
26221320  7717851
26222415  8919627
26221823  2548987
26221823  4153339
26218703  469059
26223316  16738218
26219174  11602337
26223315  12769982
26223510  2004508
26219183  18194255
17367035  26220389
26190240  26181357
17686354  6940108
26206274  26185985
26201039  26185985
26223463  661561
26223881  21978850
26223867  3408805
26224000  26221073
26224072  9874802
26224205  513832
26224397  22003802
26224477  13840429
26223345  7868936
26224544  9963401
26222464  18687876
26085283  26080648
26221990  513832
26221664  15052998
26224667  10688006
26224847  13119639
26224455  310870
26223983  495021
26222739  13304471
26222739  10312963
26221418  3595790
26220736  19261987
26216740  588004
26210699  2555697
26224122  4842332
26208941  10182714
26205592  111102
26201984  26200971
26224839  11680192
26225301  480214
26225466  272900
26225669  495021
26225136  686439
26225434  15710538
26225736  3107624
26209993  1413445
26224959  24644436
26225773  26210236
26216782  2657178
26216248  12573816
26224814  16854005
26225756  1137060
26222993  8969823
26225771  2990414
26225771  818255
26226159  588004
26226159  22989508
26224724  3764072
26211822  23064765
22592819  16321515
26226023  14447477
26227078  2973202
26227323  610245
26227390  4261133
26226641  18365049
26227354  1125730
26224963  14879204
26227469  2973202
13503079  6527633
26222891  6366351
26227146  27581
26227892  2141929
26228241  279170
26228441  14220321
26228124  3109302
26228574  2973202
26228548  3034186
26228492  21037571
26228364  17067039
26227610  4261133
26141834  15147617
26184745  16336271
26141732  17495418
26102655  1768198
26151795  1682567
26123901  9655181
26079643  2450954
26228854  413898
26144306  12879023
26144306  3539265
26128629  14900763
24869927  826948
26100009  5224697
26100009  18994685
19837113  19819699
26191490  673153
25994918  5561815
26189472  7937286
26125640  3249524
26160963  8118964
26159132  18561529
26228931  26212716
26229317  22237408
26228192  3724112
26226522  15624667
26226870  5431351
26218899  11424540
26229685  203198
26229101  7360403
26228445  767372
26228445  513832
2550903  16317807
26228424  2390912
26227383  12556767
26230051  3786823
26230210  7808021
26226269  11844072
26230334  15112125
26218361  4660142
26228799  26199130
26230401  10419116
26230398  4660142
26219704  41039
13229328  11947603
26215670  436351
26215670  1796506
1714550  205529
26226629  26069072
26224606  3831144
26230341  4386675
26231034  8025841
26224922  265122
26227980  6455633
26229657  487258
26231160  20237474
26231428  279170
26218987  18093890
25522708  25191805
26231755  6189956
26228357  18397962
26230294  4230602
26231873  658951
26231939  25969746
26231388  2114377
26182381  23408539
26232641  26229781
26232846  10991505
26233040  13046602
6902754  2040781
9749095  2040781
26233240  513832
26231732  3076414
26218980  65865
26230404  1014861
26233485  949433
26233602  14220321
26233791  3655316
26229894  3408985
26234375  290884
26234342  499405
26231385  21442322
26234986  60174
26234956  8576296
26230477  2973202
26234059  2767628
26235286  2332681
26234716  1074869
26229804  16870835
26233312  16358905
26235366  5564410
26220432  5125438
26235667  3076414
26234897  3384506
26235976  513832
19316851  503427
26236069  10899384
26236224  218384
26236360  21931786
26236384  6211613
26236797  2856513
5257923  1014203
5206666  1014203
5415821  1014203
26236970  17364127
26236549  12606326
26237173  12079087
26234593  21315863
26232527  11221829
26232329  2032403
26237311  8587341
26236789  3087140
26237480  16520000
26235241  12532339
26237466  2803351
26237586  971106
26237647  25772664
26237896  11244464
26237896  2070359
26237853  833032
26237783  562303
26229947  12925063
26237869  4853213
26233645  23900506
26224453  9706286
26234118  207976
26238180  984878
26237925  10324594
26238434  4976344
26238275  8591703
26238634  218384
26238725  218384
26238789  4660142
26238952  16742973
26238697  19876116
26239310  25254091
26239318  17832583
26239445  10108942
26239566  2333054
26239566  3003145
26239564  7156932
26239038  20003224
26239808  11386586
26239845  5121027
26238938  13973133
26235991  295104
26239853  4935632
26233455  13887889
26240219  428543
26240254  25754942
26240329  13277667
26240615  154577
26240818  4324441
26240908  19298405
26237036  17087192
26241231  20525513
26241226  3977223
26241365  10896854
26241380  8675206
26241632  279170
26241585  411103
26241763  23667086
26229643  2899209
19561400  6474523
26241230  8146926
26232031  4823352
26237031  12749200
26241875  12198468
26238579  1053424
26239795  8184706
26239795  17215065
26242132  6528325
26242245  279170
26242355  644920
26242412  15311158
26242674  17917719
26242746  2973202
26242887  1267283
21572529  8028957
26242978  24644436
26242645  2950029
26240298  12573816
26241857  24641744
26243457  9808689
26228584  26226906
26243848  8363622
26232911  6730405
26243563  15729454
26244031  3480320
26243746  11922383
26244002  6510664
26243861  279170
26243723  13515845
26244487  706949
26244433  15624667
26244670  3933614
26244941  20627145
26239080  5700618
26244803  44715
26244987  25045379
26244868  10541844
26245252  15112125
26245331  203198
26089403  513832
26245254  1806278
15628277  2051162
26243571  3422516
26245571  7027288
26245616  14051916
26245664  4046118
26243928  409999
26245619  20427689
26246573  2901102
26246610  25562465
26232344  20713360
26235759  158172
26247089  3979639
26247181  57483
26247272  540066
26247461  681653
26236934  9232889
26221073  1088622
26218580  5956493
26217745  12573816
26247703  14548753
26247714  894263
26247809  17646034
26247817  1674032
26234657  25583938
26248050  2301789
26248036  5812220
26248251  10963804
26247761  1197928
26247761  11338862
26248742  25796280
26246621  4261133
26248847  26112410
26249100  5691795
22067852  8563535
3154876  7156955
26243220  4660142
26247869  4660142
26247918  7471830
26249460  6337897
26246647  24088596
26242619  26238990
26249651  2340411
26249709  19041165
26249809  2605032
26250011  203198
26249965  979975
26249652  16680395
26250082  513832
25963740  12598242
26250232  4441551
26250741  55611
26247484  1449362
15467347  15323250
26251023  3455405
26245545  5210535
26251082  3434278
26250924  13262548
26249746  23624455
26251163  9703012
4617098  3172332
26250051  26205173
26250382  3577641
26251403  1456566
26251119  14952113
26251772  21599419
26250680  2785485
26250633  10048130
26252082  8326301
26252131  26035493
26250863  26235515
26248011  33746
26250495  21368429
26251560  2305770
26252564  3908955
26252877  2543784
26252668  26035493
26251039  320542
26252976  9316437
26245142  5174362
26253142  9821222
15433527  15252829
26211034  16332867
15052959  6372211
26216394  11889625
22710330  2480288
26253149  6775514
26252774  108403
26249590  19268421
26243108  980855
26253105  26250870
26222427  15821751
26253732  1053467
26254070  2438065
26254157  3796025
26252573  12119891
1915077  6449772
2146749  4282413
26253224  22745662
11129840  4282413
26254695  25263521
26253683  20746429
26254982  949433
26255029  12573816
26255156  3384504
26255156  3783007
26255187  16736119
26254860  1521784
26254202  1391548
26255886  17003799
26255915  22610042
26256025  24644436
26255921  24644436
26254873  16751348
26222801  26213806
570684  291518
26256290  15623189
26256405  2528318
26256367  1964731
26255246  4261133
26256712  554063
26256796  5187530
26227137  86049
26257036  26252166
26256998  21526112
26256383  24644436
26257458  8260622
26257266  16827262
26257994  2830296
26258009  2051817
26256269  603572
26258224  494143
26258255  18084554
26258255  1347791
26255996  4660142
26258325  4660142
26258606  14220321
26248299  9566187
26258934  631233
26259123  25933252
26258635  22202569
26013392  11835155
26256812  6850611
26259242  13810993
26259497  11362119
26259547  8028957
26259626  513832
26259601  4255472
13779274  10060110
26256085  279170
26259728  901115
26259906  279170
26259716  12573816
23980938  21055952
26257180  26252328
26259890  7220436
26260025  542938
26260218  4660142
26258843  7003337
26255689  218384
26259946  3541713
26256948  25262248
26260482  7709452
26071037  19726643
26233360  4687271
26259700  20467360
26259796  1948176
26258220  1458724
26258561  308703
26260829  25367017
20708725  45494
26248455  21496182
26238915  4256107
26261162  4425318
14703318  965053
26261195  19421180
26261369  1643227
26258550  9547855
26261448  20630173
26256569  5814590
6850611  16206629
26261627  21092095
26261579  13102045
26261844  3881809
26261960  12573816
26261358  10713942
26262240  10557213
26253943  15977157
26254063  23562759
26262281  18184538
26262155  11632902
25078518  24464866
26257338  3403858
26262421  1835430
26262699  8925820
26262403  6843796
26262622  571945
26262813  9755990
26257492  3034741
26263065  1126338
26263065  10036156
26263065  3772290
26263083  2158395
26263129  6467716
26263464  15993356
26257768  8936296
26258949  7745609
26263503  571945
26262914  5015844
26263382  3949980
26257568  1634748
26257062  6181704
26256668  9053131
26263959  13013535
26261550  4021115
26254153  26251071
26264184  23667086
26264130  176264
26264302  2054022
26264379  9751579
26260949  1732348
26264359  4406389
26261466  7289361
26264308  18151577
26263601  7017281
26264478  19876451
26264726  22105910
26264994  4261133
26264814  16061562
26265202  23740548
26265289  4660142
26256753  7034685
26265429  441831
25770664  10377453
26265519  8170084
26265320  36656
26265933  12573816
26265986  5915874
26266456  14220321
26266483  1600526
26266518  15078935
26266643  268814
26266747  4660142
26225423  21895335
26266413  2173373
26266192  13324368
26266817  25829283
26265046  1448804
26267103  513832
26267092  4488035
26267121  15045640
26266846  13620
26260411  17870881
26266060  25980763
26260934  26152642
26267348  16137416
26260233  26261731
26261612  21887856
4941519  5270272
26267721  10963804
26266855  11016078
13919906  5270272
16010827  3262605
26267141  18901333
26244399  2123577
26268292  9845011
26268289  2726855
3363839  3372335
26253605  10230341
26253953  9400615
12296308  7268437
26268387  20864823
26222450  26267640
26268638  2885173
24980871  11889401
26268754  154314
26268577  4810354
26256466  153724
26268879  25345748
26268808  26022113
26268977  3797617
26268980  6101311
26269174  11318977
26269234  24018247
26269405  1080207
26269468  6313858
26268129  14222123
26269621  744676
26265600  9145383
26259959  991074
24895412  10851318
26269862  21043627
26269912  49596
26232686  25754942
26184979  3178690
26270129  3173320
26270279  22937618
26228030  25272919
26270425  4176328
26263089  4222177
26210052  26209445
26270930  16674761
13135447  3554377
26268612  7352493
26268908  9995490
26269867  18953879
26267551  19828385
26264022  2571049
26271280  8062496
26269978  26248899
21633155  26260815
26263735  5743856
24218790  2143476
26263917  7674786
26271998  1796390
26272156  26270950
26272227  381542
26271030  7805760
26263616  17667874
26272539  17364127
26269273  19515153
26272883  4754823
26273047  2438938
22999529  332030
26273203  22745662
26273017  26264471
26272673  176476
26273893  10643379
26274291  4660142
26273844  26247345
26274523  17364127
25617140  2991623
26274430  927552
26271963  26265883
26272790  2966426
26274101  1248423
26274981  1682054
26274992  3553092
26273585  3648309
9231929  3781182
26274899  10673585
26275112  22937618
26250712  4605118
26274860  8907490
26275322  20907265
26275670  5805602
26274628  804706
26275747  26273458
26275453  5302302
26275710  253492
26275244  3536893
26276044  16715373
26268205  20262036
26273063  13022299
26276354  26275761
26260478  413819
26276148  12967373
26276614  5335273
26269766  10884120
26268878  26268026
26276586  279170
26276401  2720488
26271351  19082202
26274963  3501516
26277490  13206698
26277490  991978
26263352  19468515
26275483  8354975
26274127  2661536
26277935  4772287
26276626  4660142
26278207  5658457
26277237  4852037
23951887  1531876
26278499  23667086
26278158  3006246
26278526  949433
26278909  24593783
26278943  2390662
26278943  339699
26278386  3013449
26269575  529085
26274503  423379
26279202  4261133
521502  510972
26269267  209840
26267701  826948
26277165  963936
26277165  218384
26279644  1451009
26279626  1158777
26271723  468615
26279486  20718577
26279929  2081418
26280007  11386586
26279664  12953127
26280350  46155
26280411  177506
26280411  1661273
26280377  2722159
26276428  17319643
26278721  4235426
26280708  11197220
26280541  10014147
26279106  861778
26276906  3694487
26280868  19246103
26272718  12597519
26152454  26280652
26281262  356809
26276366  14949257
26278247  7843355
20310209  23114015
26279502  24673375
26277137  16847978
26278907  12857340
26273892  4126326
25764724  4083221
26281817  12342117
26281866  12769982
26282013  1132941
26282217  22624540
26282224  3737139
16519814  3606596
26269866  23580685
26282320  4660142
26282324  3718657
26282466  255147
23289991  1465405
26277550  4856917
26282776  18634337
25261025  19462189
26282759  2487747
26282640  20326115
26283073  1680528
26283107  8207029
26283102  5210535
26283223  2265357
26282815  8907490
26281655  26281990
21097253  3889992
26283316  20018758
26253059  7457204
26283298  11922383
26278465  8560718
26283507  26264050
26283502  18813828
26283558  17904808
26283734  20738329
26283898  5161951
26283928  13073147
26281699  1044334
26280115  14235183
26283228  21145028
26284173  23667086
26284541  18212574
26284519  26284052
26284614  1021324
26273050  26140189
26277198  17271968
26284840  2577233
26284767  26182907
8462381  2037203
22158662  2037203
26285212  10199897
26284655  12573816
24705454  19944111
19988096  19944111
26285171  20368179
26285250  13410464
26285447  10604074
26281944  20956401
26285662  949433
26280084  4660142
16082295  11641629
26285189  8962909
26285189  18790192
26285787  3908335
26286216  11292778
26285965  3870086
26286011  495021
26286182  11105131
26286296  12660200
26286620  5256645
26286862  1716013
24540862  19595719
26286977  20288789
26180277  19614621
26286224  14941084
26287026  12573816
12594046  2292629
26287167  513832
26287201  5707806
26287389  4660142
26287327  26266365
26284561  26266365
22864520  20077487
26284831  11688171
26284831  22864520
26286868  218384
26287715  21562973
26287858  3398604
26287952  15112125
26287943  11922383
26286294  9470448
26288269  2241875
26288353  310870
3239686  1182189
26280879  22259733
26288504  686439
14939010  10507294
26288640  3709597
26288863  16885091
26288431  24810501
26281220  7056749
26288900  495021
8447127  10127685
26288464  4724980
26288602  1367623
26289548  236129
26288670  821536
9452917  42566
26290292  161738
26290103  3709597
26284998  12251750
26290557  15084984
26290496  236129
26289630  7295584
26290046  236129
26289918  988158
26290828  5228924
26290800  804706
26290778  23667086
26291081  513832
26291081  7520432
26291183  9085839
26291231  10455677
26289677  5210535
26290794  14560714
26291372  218384
26291638  588004
26291675  22937618
26291930  15952147
26291799  26165659
26278452  11324850
26268918  1014861
25682509  7342035
25682509  6241513
26287706  9713294
26292269  20279484
26287562  1016043
26292296  6383151
26061553  12538724
26284472  26217257
26292460  1334613
26292736  22937618
26293008  6262310
26293334  47045
26293345  3106452
26293405  8561872
26293264  15627883
26292234  23742153
26285960  6494721
26288275  3514784
26286399  22975262
26293950  6262310
26293835  2619617
26284864  12573816
26286957  10133722
26292154  14738605
26287515  23353173
26291150  513084
26291150  26198427
26291150  10787942
26292122  5205491
26294304  2958684
26292900  26011233
26292283  5605125
26289595  22112387
26285499  10799976
26294800  4261133
26294967  4660142
26293085  18211645
26278661  2659952
26294612  2141520
5512212  3774417
26295402  25620636
26294669  10013906
26295756  2950332
26295733  22615621
26294095  15478954
26296030  2614249
26291446  5257459
26296135  60174
26294221  25518093
26290629  3774417
26295280  8891881
26294782  3556261
26296588  4225437
26296655  5201138
26296726  5707990
26293924  7979623
