26295008  1182189
26297048  409784
26297087  18917740
26297085  16243021
22517039  19164377
26296250  26161240
26297180  1092099
26297041  2081932
26297265  2723397
26297363  26294834
26297471  4255472
26297453  6603275
26295537  2893954
26296465  17252096
25784074  3811678
26289602  23455887
26297524  11772657
26297930  495021
26297891  3792803
26298196  236801
26297932  3642157
26297751  4216745
26297480  10285700
26294182  3434348
26284300  12399205
18589767  26288234
13999783  26288234
14179646  26288234
11211286  3495926
26279503  4969171
26274162  901224
26272488  882420
26298623  26136518
26299095  3384504
26299150  594298
26288234  4843212
26299324  588004
26299372  201323
26296850  4616202
26299110  394809
26298884  2276271
26299819  1584062
26299783  14220321
26291949  992450
26298887  24676652
26300696  24644436
26300791  18571223
26288735  3626901
26288735  3634599
26300896  3842122
26300508  22459726
26287298  10176152
26292252  2817869
26301032  24025340
26299516  2946338
26289955  16248400
3390396  27509
26283152  352052
26298103  4053262
26299227  952914
26301176  513832
26298474  3582671
26300148  1245554
9870563  12258814
26301827  2973202
26301875  203198
26301410  19553265
26302050  11123055
26300514  15637965
26302063  12573816
26302701  3628798
26302743  203198
26302900  26297321
26303011  4660142
26303063  356809
26297547  10812316
26303109  40480
26302406  3061
26296360  8745215
26303235  7248439
26301815  26281665
26302630  8634156
26303929  767372
26303945  9273016
26302949  10195343
26303867  4176328
26302806  19212508
26304463  2973202
26304284  6832554
26303213  5036700
26295046  25810301
17680595  9273016
11795429  9273016
21212128  9273016
26304707  4106809
13548168  9273016
26304685  3785736
26304600  5210535
8764943  4827977
19273332  9273016
18364385  9273016
26304663  2973202
26304968  2167916
26305041  18422021
26294570  7559066
18180180  12950479
17334052  12950479
26282840  4033113
26305113  203198
13390220  12950479
19073944  12950479
20138763  12950479
26305275  20771400
26305275  4243577
26305275  14323376
26305644  13300029
26296909  14949738
26276125  8865458
26306311  9488390
26297978  23409138
26306814  2589949
26306869  24644436
26198350  4303513
26307018  14220321
26306956  7027288
26307164  60174
26306163  12451954
25875713  7864448
26307502  14447477
26307503  24184003
26307394  9009333
26306910  25747377
26303298  27745
26297317  6761366
26307477  198431
26307466  21055360
26308487  6697753
26308211  10101332
26308689  3661428
26308609  4945703
26304671  3002787
26308816  20043379
26304422  12882212
26308856  240178
26303270  4165859
26303456  3982550
26301454  3156059
26309155  1922094
26308793  12281020
26299678  3577641
26290624  7019454
26309224  10264190
26307632  7424864
26309429  20487033
26309418  162032
26249802  7241069
6657343  3626901
26308883  26256433
26309494  1177081
26309678  13840429
26304834  6576313
26234382  15755113
26231071  2864303
26221886  992450
26309979  1200214
26310337  23274222
26310296  24136874
26288291  13185647
26310226  18093928
26310599  513832
26310583  2364629
26310819  2973202
26310895  1510778
10918598  4955732
26307145  495021
26307896  17189847
26307783  1108693
26310934  4129102
17790923  2967337
10751825  214308
9229836  166044
21424514  10020022
21424514  81934
26311479  3642157
26311422  2664301
26311507  45494
26311621  541487
26308203  23899009
26311851  513832
26274449  25754942
26311133  4425289
26311935  23667086
26312124  1047021
26312241  203984
26312112  2731500
26303810  884974
4244023  936028
26310931  7126077
17555408  57383
26311989  7887072
26312687  3846296
26312793  36901
26312775  513832
26312961  6802483
26308296  332973
26298648  8070367
26312518  26311821
26283363  1778401
26311489  17732897
26313825  824349
26312145  75785
26314016  3209909
26314092  22937618
26313771  1244555
26313771  4329396
26313939  5256533
26310476  9132987
23190106  21656420
26314444  60174
26310324  321418
19779790  441147
26313888  513832
26309565  26200218
874169  4810664
26314568  71328
26314647  5121495
26314676  16298816
26310991  2973202
26311927  13796928
26312090  3407777
26314288  8028957
26314911  4033483
26315166  166630
26315110  3508906
26315110  287871
26315266  19447435
26314974  3342941
26315324  8028957
26315283  160930
26315444  20563772
26312646  2403122
26311891  2680478
26315494  1417373
26315536  1711990
26315448  7916480
26315660  13189764
26315673  3545018
26315654  19453525
26314871  10045147
26315761  1936399
26314955  4911577
26315594  26207803
26315982  26291016
26315959  287871
26314926  13437402
26315539  4436591
26315578  16020858
26316080  26314541
26315487  12769982
26315114  15101271
26316157  1783629
26316167  14220321
26312537  4575725
26316258  17942508
26312378  9809782
26315144  24586110
26313186  588356
8430336  3068534
26316876  13836243
26316993  17813423
26317094  12573816
26317143  7056749
26300498  22317351
24197534  20498794
25010114  20498794
18902096  14587415
26317546  1179532
1335886  456644
8643558  456644
19431500  456644
22670164  456644
22973072  456644
23239572  456644
17466675  14046838
17947348  14046838
23843671  14046838
25358390  14046838
9707664  6318208
11861703  6318208
13781267  6318208
15159283  6318208
16278346  6318208
16945867  6318208
17114786  6318208
20260328  6318208
21514146  6318208
21908960  6318208
24222388  6318208
24222388  9682993
26317054  6318208
26317603  14162648
26317895  750486
26313292  23353173
26311123  16847694
26318165  26318017
26318172  12573816
26318222  768431
26318179  9854995
26318243  2973202
26318167  6441218
26318673  16856647
26140306  4887300
26139551  992450
26318691  5361513
26318770  778678
26076942  416548
26318098  17090429
26318779  27581
26318907  15112125
26318983  750486
26015367  1652128
23902801  18379238
26318966  1799370
26319214  17688511
26319188  6270004
6762959  15112125
26317619  16222802
26319302  588004
26319281  7544544
25998386  1652128
26319282  7911776
26319363  14652680
26319157  218384
26319469  11957977
26319547  23294658
26319565  12573816
26319603  4910036
26319713  7338193
26319773  12573816
26319919  6208964
26319987  24453303
26319478  21270013
26320267  686439
25923267  1461907
26320460  14220321
25873815  992450
26308905  5273050
26320390  24012641
26320588  13921910
26320812  23446377
26319396  1452721
26320899  1132941
26320899  1367883
26313917  22110187
26321273  1452721
26321143  25630018
26321413  4969171
26321540  4479683
26321536  11174682
26311831  1292575
26312814  3161816
26321745  14220321
26316302  25931469
26321813  26258081
9210525  209513
26320555  390900
26322112  750486
26322207  8798403
26307749  25963647
26305882  983163
26322388  513832
26322025  8422455
26318268  25067416
26322509  1313120
26134098  15415157
26322776  9174947
26321128  19716790
26322956  8111446
26323042  1162766
26323042  12026820
26319775  16369798
26323093  513832
26323169  971039
26323169  4841373
26323139  1889724
24691862  11415160
26321906  9519841
26323499  5763247
26323055  26273125
26323776  7202157
26324226  12573816
26324345  2138390
26324367  4862327
26324357  20441352
26324347  18486598
26324513  13600128
26324544  13927465
26322843  26315977
26320070  274626
26142933  3719616
26104333  1475297
26325037  3016213
26324726  26323397
2633776  3016213
3016213  1630631
26325099  11587560
26325276  1904160
26325399  132988
26324629  5210535
26325613  8028957
26325792  383947
26325865  2911915
26326086  20853451
26325752  203198
26326159  610245
26326287  2058639
26326364  4477850
26326399  513832
26326363  3577641
26326605  3737139
26326644  1373164
26326891  17554824
26325076  2547402
26327298  26325896
25346703  5446316
26318136  318239
26327608  4660142
26327826  19813760
25981766  26182422
26321506  16732021
26327989  18092917
26327998  18283008
26318275  5918079
26327964  2168610
26324560  24612395
17700902  3861455
26328279  13102045
26328261  14028959
26327848  19391415
26328389  1669821
26328370  12573816
26316458  9483364
26328505  1257744
26328658  1873983
26328658  7145514
26328724  2264357
26328724  5210535
26328607  17059816
26328913  5082452
25060154  6132796
26328925  15718869
26328983  12573816
24197761  333532
26327333  26316559
26329112  279170
26328950  23386472
26326676  22609421
25679310  18241029
26329317  15138785
26329363  3006407
26329044  7124486
26327904  26329068
26327128  26320874
26329702  1641219
26329736  4793604
26329813  513832
24909617  9519841
21661931  9519841
5031143  9519841
26329880  17364127
9224503  9519841
12338165  9519841
14325788  9519841
26318426  2427473
26329905  310870
25771009  25718545
26330098  26101314
26324147  6343166
26330117  68645
26330183  20485332
26325487  654310
26330182  23538539
25713695  18241029
26330172  5658089
25673734  26321597
26330483  2973202
26330587  339923
16389929  18241029
26322373  3836784
26330608  9356320
26330591  3378773
26330559  8618200
26330685  216875
26314897  22647847
26324687  26101197
26321366  724148
26330486  187761
11701222  9519841
26331090  14220321
26331077  24644436
26331223  513832
26329313  22737535
26331281  8273313
26331352  11922383
26331065  1483497
25800807  25784959
26331555  10391903
26328891  15921700
20182264  15474902
23649724  5480694
26182080  8354048
25719437  1200621
25078259  3672731
25078259  14507658
24666219  12446990
24355317  10616514
24754299  18414059
25583220  45953
25911133  25904576
26199001  3230420
26239061  20686336
23515122  1351830
25126191  10503606
24398922  388057
26248986  2693776
24165779  750486
25391097  901115
26253730  17380186
24264178  7151543
25878187  2165665
26229328  12138236
25940817  205853
25940817  1470488
25704635  4535330
26212396  2244322
24862316  17604497
26012396  1255903
26058681  279236
26085440  1658294
26040859  8993292
25924931  23376103
26108239  7567391
26299218  203198
24740495  3634599
25805307  2142796
25727847  4067093
26065727  7978018
26252021  1240852
26070493  2220423
26246625  3090369
26331852  12575990
26331316  26149028
26332101  2973202
26332223  1582534
26332181  22597781
26332221  25552822
26332296  3481828
26328403  19556867
26332299  17023519
26332299  25401505
26332464  17594483
26332492  495021
26332598  11174130
26329691  26202119
26330093  12895795
26332608  21529607
26332703  513832
26332792  3459098
4363015  218384
26289081  20059061
26333724  17939572
26328326  7682373
26329271  10121693
26334355  20054047
26334052  21150154
26333250  2514439
16280380  18241029
26324548  25661662
26335000  477572
26330901  5210535
26330454  8114657
26335360  15209414
26335483  2295290
26335454  25219394
26335544  12585317
24441660  2601047
26332652  7151236
26333668  11613825
26335490  4660142
26325711  4360920
26334256  11922383
26336090  20940979
26336139  53827
26336556  5001608
26336885  26335071
26335048  26121352
26336825  180172
26336993  180172
26335890  26334593
26337140  999172
26336517  10134310
26337292  3038392
26327850  6862682
26337937  20002503
26337970  1817300
26337625  12570834
26338037  835941
26337915  428109
26338260  1652128
26338617  6270004
26325605  26273245
26299039  26264424
26337867  4967808
26338862  26326711
26339024  203198
26339079  15112125
26339065  112970
26339532  4488035
26339525  4660142
26339581  5404941
26337363  12592913
26339656  14227914
26338535  21227697
26339873  6343166
26335926  2140503
26339447  6343166
26340045  805107
26340595  3032246
26340640  4772425
26340640  5220061
26340838  451415
26340972  24644436
26341088  15248815
26328869  7665673
26341291  9991393
26341476  21442665
26341479  148451
26338428  1715614
26337941  17169198
26330808  7011619
26340404  2952667
26339593  6548256
26341970  13052522
26341853  180986
26342095  20940979
26338533  18327314
26337643  8430474
26342151  9245969
26342091  10680943
26342199  26284507
26342405  3818193
26341083  3853947
26342033  20279484
26342629  4660142
26342938  20853451
26342932  13019151
26342362  22314277
26343288  14220321
26343070  201183
26342847  5478920
26342460  18871277
26343386  1599050
26343708  18337407
26343754  6724515
26341777  832860
26343543  513832
26343997  7939257
26344020  9907722
26343879  15738752
26344218  2143476
26344058  12573816
26344229  15294465
26341791  6596399
26344494  218384
26336984  17179801
26334560  3310614
26344572  6384118
26344850  4244896
26344850  26342246
26344882  44778
26341171  2118656
26344491  21881992
26340142  12822762
2604119  12822762
26191804  25781422
26345301  3954516
26343227  8356923
26345501  5658457
7584489  826948
26345616  1132941
26345749  65865
26345899  3705318
26345975  7470202
26346006  11744280
26336935  6366021
26346423  5043497
26346580  3737139
26036961  2422468
26346582  12859942
26346734  3903537
26346492  7027288
13405513  1350423
26346441  9349571
26345599  137783
26309600  17048682
23519571  14220321
26341449  5433940
26344684  15285880
26347660  26345840
26346799  26337003
26348188  310870
26348401  9945072
26347238  12822762
26348641  26346396
26348371  336057
26348763  8028957
26347297  15096269
26347297  18259393
26347802  14220321
26348879  1153535
26348940  17915005
25571453  25579014
26349224  17508413
26349144  25754942
26323503  26278698
26349260  14220321
26308480  17686561
26345104  5762491
21429799  19366401
26350029  20825745
26348395  1216744
26350487  6334323
26350228  4660142
26350478  4176328
26350637  818255
26350513  21744724
26337611  26321195
26350783  14028959
15727135  3749735
26350873  203198
26350901  24644436
26347364  26350700
26348443  12375831
14252103  15617625
14663537  5784231
26351180  10637623
26351350  7409502
26333764  23667086
26351632  5619202
26351499  11922383
26351728  13390588
26340031  20048824
26351423  8513540
26351715  11468589
26351938  19322345
26352341  76595
26352329  11500088
26342317  2471935
26352336  1008019
26341082  3928193
22363247  1787574
22363247  24644436
26352883  276927
26334680  2613432
26353516  12547009
26353793  513832
26353694  2317021
26352624  47981
26353482  970249
26354402  10428993
26352997  4812146
26354516  12573816
26354355  10440662
26347531  7366775
26351031  3507042
26354828  7891073
26328692  25632356
26354560  4756049
26330607  14749328
26354948  949433
26354861  901115
26355305  1167361
26352609  2201925
26354199  7548612
21718076  12742343
26355523  14220321
26355568  4291467
25618176  26244425
26353491  3615721
1955433  988363
26349852  513832
15271070  9701734
26355985  3871984
26356161  12556767
26356153  3277503
26351894  18727033
26355197  16063394
26356231  670980
26347479  3777633
26348444  712392
26356582  2764017
26355464  834912
26357134  9264763
26356829  1575141
26357248  26354807
26357426  276585
26357404  2515047
26357983  1181010
3630403  7665673
26335959  17764092
26358492  8028957
26357989  201323
26357989  26299372
26359360  5248919
26359236  12636788
26359439  8093057
26359595  2534089
26359667  19275955
26350510  25765040
26360074  2365921
26360243  1132941
26359763  15491661
26360175  6274339
15580588  9555370
26348143  4791470
26360490  13033037
19784377  2722630
26308026  26287997
26298543  2446764
25866464  1497569
26263530  8374959
26360761  3038033
26360844  926916
26356839  25671760
26360902  15201071
26358486  21955256
26361413  13377996
26360259  13321921
26361318  2973202
26361152  7052422
26357834  20910166
26319463  26344674
26360842  22937618
26362393  3459098
26360015  728432
26362378  20493062
26362553  4535374
26354233  2161388
26363082  10066642
17383015  3463551
26362983  23047052
26363132  24715864
26363147  5170008
6549117  6725890
26362449  19020857
26363310  1527049
26361346  3406891
26356624  12502646
26356804  23323929
26363751  4824342
26363766  495021
26363801  24173440
26347256  1369004
26298300  742764
26298300  16358973
26364136  1108780
26364458  1299837
26364220  26313133
26349585  19325314
26362386  22844360
25977700  5620324
26362583  26344453
26361713  89228
26349630  312443
26360608  4935632
25955200  17267417
26345200  26343808
26338393  3472515
26356757  26289998
26352958  20673625
26364011  483091
26364099  16970982
26357023  16745793
26365229  19828015
26351587  6114067
26353870  26345332
26362853  15154083
26352842  23180332
26361253  21236009
24205777  14201625
26363785  15759136
26365857  14432039
26352618  23372389
26365756  7802821
26366157  4686543
26366119  14028959
26366377  824648
26366017  3274354
26366435  356217
26365119  4660142
26366360  4907843
26366507  20050932
26366607  8865458
26366264  4824342
26366835  949433
26365355  18023479
26366892  12553274
26366912  533905
26366232  949433
26365961  19422443
26367389  6258387
26362168  8186291
26367517  1617049
26366857  2193012
26366652  5337683
26364353  192465
26363992  17386646
26362507  7387529
26367720  4013950
26352111  20036725
26357276  23194292
26367587  236129
26367812  22783778
26353825  15521451
26362450  7161821
26368181  766893
26368244  6452959
26367839  19042894
26368536  7986978
26368536  387424
26368566  26260950
26368380  929964
26368562  7602078
26368867  423379
26369101  2465921
26369147  123559
26369293  12859942
26369469  1625234
26369524  2118656
26367079  199099
26369074  26238796
26358115  2206911
26369565  25187488
26369855  724772
26369359  18999660
26358344  52797
26370035  5226212
26369076  10406552
26370112  513832
26370410  1568091
1610582  110575
26347757  12170357
26370534  4660142
423860  8028957
16579328  11348303
26335955  802225
26334325  23215311
26370899  11301825
26331761  10191749
26370702  750486
26371121  7604814
26371001  26368577
26364561  26352551
26371292  686439
26219424  26064668
26302126  19436859
26236480  9060223
26371559  290884
26371575  19300236
26349922  241145
26372009  23974937
26372124  3716831
26372035  17502488
26372275  11720845
26372516  26165358
26372936  12573816
25984938  24007650
26373001  1661273
26372587  10528212
26373132  10845122
26373132  13675000
26373529  17307275
26373208  23667086
26373524  26296665
26373640  182287
26373906  2305966
26373950  15366894
26374016  26947
26371345  8200174
26374337  149055
26374337  2901102
26374227  26373234
26367174  8466744
26368233  2554470
26374329  4806571
26373250  451415
26374545  11912843
26374743  13102045
26371526  14162648
24357165  8580830
