11926906  6767748
26462012  6343166
26463281  897935
26463460  5688712
16996551  1504459
26462751  26378561
26461010  26460613
26462835  26461089
26463758  26452485
26463523  26459587
26463580  1126338
26463850  23667086
26464323  4483828
26464553  3404975
26464547  2592764
26464614  513832
26464702  26069034
26451813  6651930
26464865  26461089
26464904  26450291
26465073  9772036
26464287  26461089
26465380  4660142
26465360  659602
26465425  7321855
26465279  6182151
26462084  19252664
26466153  121387
134958  121387
16529701  121387
26466521  26462337
26466636  4828237
26466578  686439
26466329  21567291
26466830  1769489
26467029  17299581
9470316  2041778
26466383  9093032
26467223  11476190
26465278  8971887
26466290  3353968
26467428  2167916
26465242  24644436
26467649  12375833
26451407  27928
26467709  8149155
26468034  1557571
26468153  15150147
26467403  22937618
26467943  1238613
26467943  2575048
26468550  4459379
26468468  714791
26468638  4643074
4810272  7076169
12032345  4010281
7076169  4010281
4010281  4643074
26468969  1616885
26469253  203198
2148960  336859
26469323  10947248
26465504  19410626
26469408  154314
26469176  285793
26469917  4641072
26469963  17255851
26469754  5549594
26470138  5054435
26470299  8309998
26470511  26466764
26450480  325872
26470502  26076511
26470647  60174
26471212  9180029
26471246  4166616
26463790  4746824
26471110  18801556
26471049  13147278
26471660  2681548
26471764  1659097
26469137  7887413
26471788  8081701
26471850  26454982
26471770  2430756
26467741  10445121
26470514  13914066
26465182  1609637
26472071  857420
26472243  7745609
26472276  11189374
26467105  7887840
26472338  171970
26470353  5259714
26472468  5527114
26472387  1373164
26472515  10455775
7737673  3199824
26472640  12573816
26470192  1070244
26469545  987142
26469545  8024924
26472809  3059232
26462645  1044455
6881878  3239834
26472972  11561754
26472898  23444870
26472436  912540
26457593  8752837
26457593  12573816
26471437  15022392
26473193  5263385
26473113  528820
26411050  23386277
26473278  13002895
26472257  4939854
26473400  1519736
26473507  26472879
814501  3713970
26473739  4244896
26472774  2152334
26473933  22937618
26473896  152975
26467653  22559039
26474342  15454220
26468730  26191310
26472119  4755566
26474594  26472497
26474668  7962312
26474345  1761744
26474345  9202224
26469649  26441383
26475043  2960056
26475202  3502311
26475284  4824342
26475362  1765485
26466497  5902371
26476056  2973202
26464337  19150440
26476228  415403
26476347  2485423
26476264  2630054
26476338  26476146
26475409  3802192
26476398  18048946
26476310  11660397
26476457  17131911
26476547  218384
26474826  15980898
26476649  19837916
26476395  1138460
26476748  3084675
26476682  4660142
26476923  3875437
26477012  1623375
26477151  4660142
26477134  19377262
26472103  4258512
26477610  1922677
26474576  26397284
26477650  25111831
26468561  15310261
26478236  513832
26478495  8028957
13009937  9314078
26478577  13050848
26478839  2876024
26477513  16113876
26479604  2100490
26479094  5252943
4466878  4660142
26479755  19723811
26480242  1149958
26465858  21415348
26466673  26466780
26480459  588004
26480531  10830004
26480597  6054033
26468954  44917
26463498  26332014
26467185  26439242
22070025  3982470
26478075  748276
26474192  26256692
26471283  11922383
26480621  8438867
26459756  26398016
26480376  5713894
26480760  26459756
26481779  2618272
26481893  13477820
26482067  881085
26482127  26480428
26482129  14892095
26482109  21680629
26482216  10606281
26482291  14687318
26482860  12769982
16684463  16672672
26483028  3512471
26482987  26480835
26474508  9728882
26476671  14880665
26481068  583336
26482071  9271276
26472919  24451427
26356542  416548
26483326  203198
26483342  750486
26483463  2722159
26483440  16338281
26483501  1395361
26483475  9508518
26481576  8044506
26483688  1132941
26480776  2848332
26483993  1014861
26483420  26481120
26484367  26004403
4095252  386731
26479893  7010611
26484628  8490129
26473728  9560600
26485261  11150684
26485249  2056445
26485249  25605603
26485423  16645083
26485492  192876
26485297  513084
8654154  10833894
26485813  153724
26485869  1475123
26485385  5909864
24087078  16756336
26486252  18105598
26486367  3615721
26486150  8809131
26486576  7949752
26486658  8675206
26484904  26482372
26486744  4660142
26485729  8881171
26486829  1697996
26485679  9329446
26486962  2973202
26485464  899103
26487100  5208679
26487331  6441218
26487272  1720320
26487206  26380993
26487796  2416486
26487891  14840345
26487854  3760816
26488129  749641
26488233  718554
26482174  2698269
26477437  2933
169220  40730
26484632  3374878
26488345  17681670
26488445  15850840
26488379  24644436
26478058  21266850
26487670  5849670
26488625  4504278
26489096  26477475
26488885  21222375
26489059  3220163
26489441  8566336
26489049  12573816
26487225  26482745
26487225  247245
26489352  2353014
25664580  5667888
26489367  5926058
26489122  7987395
26489273  12483064
26485413  203493
26489728  19837916
26489465  6378808
26489465  2282777
26489791  5620324
26485524  1403788
26489943  16836065
26489914  115008
26490121  4228356
26490246  9073504
26490368  16092353
26490339  20603403
26486622  3350960
26489736  13615562
26483949  7265176
26490394  1479386
26490371  13404877
26490626  12672528
26487282  16941455
26481427  26022085
26491009  15444256
26490974  1523479
26490994  12451431
26490668  1395270
26485316  23323929
26491147  4660142
26491221  19075671
26491254  7954183
26491258  17364127
26491258  96759
26481407  26443403
26491485  1299871
26491529  12125904
26491592  26464320
26491486  23278307
26491670  4205166
26491763  16170828
26489837  19265920
26491436  4660142
26492822  26472289
26476016  21224803
3333469  2937086
26493295  62503
26493306  22768682
26492536  21168766
26493699  241145
26491508  24093693
26449606  6981810
26493461  25796280
26494024  8520497
26493884  10349206
26493958  12573816
26494285  24644436
26494261  26344546
26494261  21053965
26494437  15100552
26494369  41453
26494446  3577641
26494337  4616202
26494470  10668499
26494507  180172
26494507  3810570
26490291  1186107
26487444  1186107
26494792  20279484
26476020  3839372
26495076  17998162
26494859  18446359
26495471  5759131
26495733  203198
26495553  1360869
26485826  12299162
26495974  451415
26496125  17294363
26496249  4060212
26496029  14514461
26496708  6415382
26496897  153633
26492197  12910691
26492197  3381756
26495942  13654374
26496824  26392579
26497168  4660142
26496482  7120312
26497303  189645
26497319  19493252
21474678  8917921
26497762  6094575
26497964  26495879
26498126  24365154
26498201  23175809
26477283  10446986
26498311  2727582
26496008  14527980
26498842  14220321
26499213  8028957
26498984  21472051
26499355  12892091
26499656  824349
26498378  4450045
26499845  7912464
26494948  15458609
26477679  26491934
26500218  4261133
26500257  40480
26499778  8767981
25697358  26499445
26500405  26486279
26500492  513832
26500423  2435163
26500715  18354727
26501451  26500845
26501614  2831879
26500188  5605125
9439480  710551
26497454  4261133
25208000  19197448
26498265  5164930
26492445  24350175
24451368  24011816
26356671  1399127
22497088  111461
26315609  363681
26315609  5887709
23955543  2260317
25438494  9590448
26364828  17977490
25243330  1831152
26386153  12139812
26408088  11114533
26440858  347949
26307203  18614171
26378431  6343166
26362366  16921168
25867393  3832657
26413051  291031
26410446  1596782
26215765  21922305
26502000  18913105
26501236  25139599
26495418  7226548
26501589  4181668
26502024  26486319
26502310  588004
26492976  21881992
26502140  4747577
26502426  6056124
26501069  7932060
26501904  26501276
26502592  2319091
26494745  5180222
26501910  7182485
26502789  7854762
26502839  12646313
26502997  1175882
25618034  11051202
26502899  4986521
26502961  2923856
26503181  251402
26502471  26012094
26503345  16616590
26495546  26500585
26502949  11052162
26503800  7354786
26503796  477572
26503739  743812
26503990  6185152
26503297  8202228
26504143  16265704
26503141  292095
26504183  4402639
26504259  721714
6725249  5419
26503235  6312597
26504594  23958814
26504790  3143657
26466691  8289574
26504818  12630891
20925208  12630891
17578101  12630891
10562867  12630891
24715702  12630891
25416006  21572407
26505217  10477714
23990057  22877684
26505376  60174
25525959  5290141
26504645  3363005
26505364  21881992
26505149  22015174
26504458  3988788
26505955  1847789
26504343  14138872
26505805  25409276
26457775  5076906
26506198  9635178
26506302  11121028
26505628  14502554
26506435  13701347
26506578  149600
26506586  26137695
3791283  14793922
26506596  1508572
26506669  18078766
26506789  495021
26501611  3158254
26505992  4754011
26506720  13756342
26490050  24761082
26506975  4596447
20123606  6810425
26505743  3003373
26506911  26495343
26507132  2422468
26507111  14928972
26507406  14220321
26507229  19103052
26507485  17299581
24132645  23189650
26489349  23189650
26490313  7278094
26506441  56107
26507669  22593867
26507645  9034721
26507281  6229024
26491522  4024197
26508160  16112470
26508160  11462936
26507479  26505364
26508239  24644436
26508155  3024197
26505824  1563081
26505831  13045788
26505953  5852863
26508028  2914220
26505015  5339088
26507876  22321886
26508727  12573816
26508837  19999665
26508868  5541387
26509325  14220321
26509412  26034805
26509387  576265
26509560  1948978
26509613  495021
26508559  21881992
26509529  3142495
26509793  2655925
26509721  17832608
26504545  8156258
26510062  18243515
18256521  7651221
26505944  1766216
26510582  119123
26510642  24029781
26511124  26509905
26511266  24644436
26505685  4878841
26508111  20457195
26511184  22350510
26511448  26442059
14720163  16502467
26423506  23667086
26511558  147181
26511414  16361691
26511621  12573816
26511979  9581745
12421288  4691132
4945177  7990
26511038  2303278
26512365  6735453
26502814  23858959
26512538  23117354
26512729  1771786
26512404  21610147
26503987  14826149
26512892  10559539
26512947  4660142
26503593  25881041
1436424  4535328
26513089  9815762
26501452  25611464
26513129  26512539
26512777  26512539
26513269  6343166
26513288  26512539
26513367  2973202
26513647  26512539
26512952  26509578
26505835  18539233
26508519  2436688
26511214  19761487
26513853  4660142
26512062  26341556
26510585  3058897
26493530  4955433
26514487  9016051
26514556  3766711
19369558  717019
26511064  717019
26514756  513832
26514813  4261133
26515253  182287
26514994  2947623
26515027  5605125
26515269  26511010
26515505  394816
26515456  26043494
26515775  16164725
26515848  18851994
26514611  19151537
25445586  1338123
26514787  25111831
26516317  203198
26511077  25111831
26516453  3750678
26516565  24536533
26516776  1044854
5781362  3025838
26517447  5768998
26517649  1132941
26517321  17474390
26517699  1975128
26517710  23294658
13938460  3508605
26517253  15678261
26504835  495345
26518164  507138
26517932  10404348
26518320  503093
26518248  24000710
26518588  23740548
26518702  22243269
26518379  17244157
26518877  25790710
26519165  12769982
26519109  10240161
26519000  10629229
26519315  938429
26519374  2949891
26519206  5007530
26519512  15804443
26519076  723998
26514453  924265
26518861  2973202
26504044  9
26519794  2198680
26519531  18812638
26519932  750486
26519950  1387459
26519681  12614164
26520557  4261133
26520564  16391680
26520750  1112801
26520847  8641889
26520888  203198
26515617  5662249
26513360  8802860
26520942  10431987
26521043  11656532
26515868  11569566
26511951  11149526
26521181  383947
26521174  23667086
26521373  12769982
26508424  17838786
26476984  7501678
26521604  24302630
26505676  26520785
26521645  2844565
26510937  26466303
26511520  8566196
26521782  6501808
26522147  20940979
26522335  4660142
26522324  3127507
26521270  1165028
26522657  24539521
26522440  40480
26522840  4216745
26516576  15911817
25530253  14438187
26522027  18533787
26522589  26521720
26522511  2450954
26511436  9849776
26520944  12680754
26523053  169625
26523353  23667086
23306502  4952941
26515647  24960054
11727381  5935168
26514351  11727381
26523703  7548546
26523730  1927610
25037234  25052123
26515470  26513343
26523650  1834826
26514301  886076
26512004  14893614
26524056  286419
26524394  24539521
26523335  487906
26524798  1151582
26523124  25529893
26524776  25816659
26505076  17061948
26525837  16893043
26525837  1359018
26525800  1870103
26525800  10527914
26526136  4660142
26524593  12019491
26515109  501943
26526420  4901815
26526474  1584062
26527020  13809872
2519914  516730
26525418  9944182
26527209  588004
26527268  513832
26527287  7515266
26526675  201323
26526675  1819142
26527589  1839422
26525606  2479500
26527506  3333665
26413421  687998
26524189  24048857
26527698  3755606
26516927  23078897
26476037  26302993
26482959  2591083
26527404  8095088
26528109  317760
26528214  12389947
26526852  26372449
26528459  4660142
26528606  17364127
26528779  6658752
26528711  2122711
26528950  20002503
26528953  1018001
26528971  9854995
26529193  26527351
26529413  401304
26529532  3334927
26528336  16413977
26524370  26529475
26528633  2706129
26529619  26504826
26529716  20035101
26530079  8018973
26530079  2218388
26530250  25282317
26530166  3892580
26530585  25569369
26527852  833943
26530613  218384
26530720  2100331
26529464  2349633
26519167  2522235
26531299  9826970
26527815  1139762
26531285  19271381
26531415  171251
26530463  11076067
26530463  1885557
26531190  16575235
26531645  6977858
26490556  8391210
26530655  11393817
26530199  1492799
26532048  34413
26532040  21138243
26530523  3610804
26531830  18538977
26531543  15680173
26526090  11502268
26532260  26531699
26532128  15340281
10003143  7064289
26492166  13345334
26492166  1436703
26530732  6198392
26488936  12019766
26489296  575196
26531526  5563152
26531691  11922383
26532729  6134039
26532826  2087370
26532918  14220321
26532780  750486
26528892  5786271
26533183  66540
26419608  5440039
26533334  12573816
26530509  23637835
26330477  4567089
26369075  11759992
26522560  2116260
26519330  12431665
13896324  12573816
26534209  11950819
26534374  11764713
26531166  15534104
26534179  22822393
26532957  23353173
26534818  23417356
26532929  12076409
26534982  25039666
26535019  23667086
26529089  18111231
26535426  6862813
26535557  5040491
26535679  798545
26535986  3418128
26533776  5930383
26536199  26492286
26535931  26495469
26536143  610245
26536309  26492286
26525902  17642535
26536653  585396
25628355  16161994
26535476  740358
26526659  9436219
26536195  2591098
26536981  14220321
26537366  513832
26537464  53849
26537600  1394617
26537600  2820453
26537468  1373164
26537468  10963804
26161142  507757
26537099  16088862
26537578  620137
26526899  15035420
21138868  3508605
26526811  23105433
11093943  1192783
25956419  798545
26538280  10088661
26538009  24588347
26538421  3041763
26538480  22912121
26538647  15112125
25921537  25921450
26538247  22605044
26538157  24644436
26538947  6994364
26504495  26382176
26538403  364253
26539478  9426993
26539479  20076003
26539509  14300449
26539546  3130311
26539408  1035980
26539831  26539051
26539051  26533676
26533046  6017460
26528646  10753881
26527646  17364127
26525601  1144783
26511466  12568183
26540073  627435
26478243  11487811
26540346  23667086
26540502  10457264
26540584  203198
26540622  15159014
26540701  1256796
26540746  901115
6303896  994143
26535527  5600659
26540672  14379946
26539724  17445813
26538279  11475263
26541347  182287
26541582  8028957
26541617  952914
26541676  123559
26541200  23353173
26541215  23417356
26541976  5354933
26541704  23667086
26541931  4660142
26534273  26433709
26454965  4539253
26534426  18327314
26535022  802722
26535432  4459379
26534934  3748
26534550  892089
26538514  26079859
26537649  1496180
26529626  26512850
26542129  24704065
10091827  1337196
26535693  3975290
26540145  7056749
26540145  5032356
26535667  5758084
26537719  16282083
26542727  843632
26537450  16895021
26543133  901115
26542909  25944213
26543273  60174
26540625  2770321
26543479  193182
13450548  6543539
26543404  750486
26532415  24473213
26543543  533905
26543713  24062509
26543891  979256
26544197  3282373
26544109  25371556
26543471  25398544
26544654  14220321
26545085  1293777
26545184  6644440
26540467  20897020
26545869  1547150
26539993  4841718
26545753  2658554
26546196  21881992
26546375  26123254
26546469  750486
26546623  6588390
26546808  1903356
26546808  201323
26546703  12909916
26543873  5142103
26546014  8844845
26544506  9564489
26544506  26450883
26532851  920413
26544827  17478693
26547578  588004
26545262  4660142
26547552  26546945
26547148  9503726
26547581  17044587
26548104  4660142
26548150  24900875
26547756  26512447
26548177  8551768
26548413  26546750
26541225  2167916
26547509  3009477
26549169  5041494
26548990  10874985
14921472  12454681
26549229  1875956
26549343  2188199
26549291  3382473
26549795  23294658
26547583  3405799
26547653  22397861
26549779  12953704
26531377  4013701
26530786  2878983
26549916  13873920
26550307  461203
26550260  13460888
26550410  4660142
26549442  12573816
26550695  23446377
26547527  7258606
26550689  4660142
26550897  8686331
26551001  4660142
26550895  5210535
26551180  21062479
26551351  15055990
26551387  17835280
26551308  21779576
26551403  2745265
26551462  40480
26551529  10804886
26551562  513832
26551051  12573816
26551427  14028959
26551652  4081753
26551766  12573816
26552117  14220321
26552217  5431351
19137695  11938380
26552371  2973202
23410997  11938380
23410997  19137695
26552320  1239938
26541953  15913788
26552720  854128
26549374  17930787
26543266  7485670
26552996  5255535
11784109  170956
26552992  7082364
26553568  8234340
26553357  23353173
26544295  4469929
26553502  6270004
26553794  23667086
26553566  26499330
26553579  6127694
26554038  8608587
26553996  9347722
26553418  3342941
26553931  14046838
26554010  2325472
26554062  10225098
26554298  1947263
26547231  26512509
26554439  5767325
26554539  1132941
26545686  26015072
26551894  662191
26554424  7496727
26554738  13059083
