5644429  5026197
26555124  513832
26555128  1449324
26555479  48239
26555724  7785886
26555623  10378738
26555349  2036970
26556096  949433
26556087  3225891
26555371  1531207
21750418  3508605
26556191  11977102
26556676  18739239
26556777  9264763
26557051  218384
26557074  1101750
26547025  12408015
26498178  285775
26557259  6343166
26557397  17475166
26556148  24644436
26557504  2973202
26557369  26556747
26555674  7370792
26555674  8564532
26546657  14702902
26557656  21895335
26556162  3033407
26557782  805107
26557065  26553803
26557936  218384
26558175  1168931
26557770  20279484
26557937  26078981
26558333  13981846
26511409  19489999
26558498  60174
26556068  513832
26558541  1313120
26557213  455612
26555181  6581605
26555543  1272648
26554722  26538139
26553314  24437564
26552639  12254993
26511185  3643939
26548469  19773221
26546809  3228376
26544273  6787095
26540591  15981319
26538936  1128723
26538278  8935367
26538000  3779604
26536388  7509643
26534169  1923795
26532111  14493599
26528485  3049790
26527771  1484347
26526847  5418118
969285  127803
26550479  18775787
26558581  2973202
26559293  577575
25622847  25600252
25634566  1256762
26559377  4386823
26559424  3905013
26554933  10248137
26559542  26438388
26559659  203198
26495106  15854685
26495172  21268558
1747001  469357
3286874  1981349
26543718  5762409
26559906  946813
26559859  11169445
26555840  10660435
26556306  3371839
26554901  3950166
26517907  20850123
26560129  272900
26511276  26479530
26558416  13228185
26560350  4600190
26560571  2238730
26542442  26401359
26556270  6973672
26560872  203198
26556729  17537909
26499577  9827715
26559408  13572220
26494482  416548
26561189  60174
26561209  9787172
26518484  2812515
26558574  750486
26559430  17774928
26561618  9862761
26561033  14503605
26561722  513832
26561434  22937618
26561973  1716013
26562077  2248411
18507205  18505170
26561395  6915325
26562314  17256182
26558425  1601151
26562362  1066226
26562381  2592092
26555539  26352059
26562430  15592811
26560607  371
26562590  2856513
26562620  14220321
26273995  14677880
26561554  4271186
26534196  24111672
26562759  14220321
26562828  848872
26562988  15589152
26557265  13764638
26563149  12747066
26563109  1392171
26563326  22937618
26563011  25973428
26563388  22662488
26560215  12769982
26563589  7044144
26560349  23760253
26563653  3694114
26562850  19997231
26563815  2704314
26562777  26560034
26564100  2784514
26563412  14421855
26564577  13836307
26564696  8519181
26560614  16899760
26564763  2687679
26564921  13017106
26564622  3068929
26564622  24146303
26564788  26563561
26565044  5899829
18676054  19038799
18582750  5703552
26560838  25881041
26565261  22733132
26560122  359041
26564684  8865458
26565430  21090041
26329315  11986972
26512807  2030711
26565705  2932392
26561426  11068800
26563658  311696
26565917  1162381
26482787  26481884
26566047  9232562
26566382  10432086
7162500  10769815
26560759  26454824
1864666  646370
26560912  12407035
26566759  5226285
26566759  750486
26566804  7165395
26566243  8528557
26566810  3048154
26566755  59667
26011061  26557783
26567087  14220321
26370471  26287923
26370471  24955138
26348474  26287923
26567343  2973202
26558991  26473593
26567440  1406131
26560494  3359716
26567669  11864483
26567964  10796160
26567858  44965
26568065  26567561
26567716  7798098
26567609  12868386
11318680  7273668
26568257  2830139
26568267  13933087
26568390  26554115
26561213  26553687
26567253  11267015
26568575  551038
26559584  26558330
26564069  9505189
26553496  26536873
26558085  22597415
26568601  2393179
26568861  12128066
26567263  19366090
26569060  369602
26568888  153724
26566842  26567678
26569103  18862743
20933578  20932571
26569643  26563122
26569836  4948322
26569847  2244783
26569744  10877494
25668957  9813556
25668957  10105411
25681020  25682841
26567359  7211029
26565534  6121203
26570280  3505701
26570352  3143657
26570352  13522095
26567013  12859942
26563783  21881992
26555159  3952122
26570607  4754763
26570587  733384
26570400  5484347
16352966  21881992
26570782  5431941
26570009  956036
26570389  40480
26570949  218384
26571067  19047835
26571125  15000544
26571257  513832
26567233  1320745
26571339  25432575
26564629  3406891
26571408  26561654
26570567  23353173
26570624  15942654
26569555  26569092
26571566  4046967
26571821  16286605
26566042  19790839
26572148  5093460
26572186  4660142
26572203  2605032
26572068  26319613
26570519  5503900
26572678  23435782
26572783  6343166
26573204  3076414
26573076  950087
26573549  24034043
26573320  20279484
26573732  5666109
26573667  845021
26573792  513832
26384692  3791629
26573985  523703
26573891  7723903
26574037  13684796
26573776  16284888
26573750  5493510
26574055  10389083
26571604  12490325
26574133  16801382
26574331  1394791
26494901  7319048
26574315  845021
23863157  1397708
26574365  16382567
26573788  22605044
26574528  1370238
26574210  4155944
26573717  13050641
25450566  7037410
25450566  21697048
26569545  21590080
26566388  18596412
26504010  20054047
26573859  13014635
26556931  19738283
26574361  1041866
26574936  23516637
26574979  8615422
26574202  4063965
26575005  14842272
26575045  7852910
26572263  6993325
26574073  2973202
26575101  10093271
26575121  3327848
26575186  12769982
26575248  2115497
26575210  15632364
26573665  26570937
26575392  10219497
26575474  16959576
26575486  13840429
26575572  13840429
26575603  559186
26572858  15617164
26573072  21747254
26574364  12024958
26575654  25754942
26574893  11292215
26573843  24351741
26574944  12573816
26576223  12423614
26574351  3818193
26576201  653466
26576298  1132941
26576492  1014861
26576477  4343202
26575602  8275417
26574469  16265808
26573801  950087
26577066  750486
26550314  1342898
26573893  3800551
26577254  8594954
26577605  26574125
26576695  13663721
25337996  4660142
25212279  4660142
26578228  14220321
26574456  26569092
26578421  513832
26577258  1109061
26578514  4177102
26578533  9859830
24578454  3518914
26578687  19617125
26578402  870173
26578501  6182563
12339119  5455445
26578853  5455445
26578661  7409502
26578978  1321137
26578826  16713037
26578649  6590119
26579047  2448843
26579133  4916222
26579133  234723
26574634  3717793
26575928  10616234
26579052  4467538
25891603  25888927
25781072  4291151
26578765  6554536
13675079  1041866
26579205  3415830
26579565  21110329
26579565  12392424
26089184  26579729
26579753  9248655
26577745  1975128
26580040  2973202
2796796  1041866
26580123  4255472
26580431  4216745
26580470  12292029
26580125  2307097
26580549  6478113
26580729  326390
26580616  16918959
26580821  4885713
26580763  24003642
26580132  14404815
26581234  26341853
26581139  19528119
26581483  2301285
26581088  3701291
26580870  14801559
26573844  19659259
26581822  5829977
26581936  17149868
26575765  17415046
26571451  13200381
26551409  454315
26574575  8328074
26581084  4892166
26581084  332365
26582182  353379
26582264  16056914
26582239  20701612
26555854  924451
26565609  4399305
26580217  6127503
26582721  4422016
26583185  8774425
26583185  3384504
26583250  24812679
26365629  26370323
26583278  890807
26583035  8030485
26582782  472301
26583603  8199760
26547774  26146668
26583578  495021
26583495  15201071
26584004  953146
26584224  3076414
26584248  2314542
26584328  2382532
23673036  22970573
26584331  14283124
26578037  513832
26583835  6783561
26584500  26582513
26584729  26582035
26543398  90838
26579300  8852280
26580751  22278761
26585109  1260181
26585233  8028957
26585461  23966465
26508315  17950598
26585531  9466265
26581585  20219977
9002424  9914979
26585430  14391784
26585634  1532461
26547862  9265375
26585688  12912632
26585805  1056728
26585939  4660142
26585899  16484884
26586033  3577641
26585605  972
26585970  2934904
26586098  5788108
26585583  4935632
26585323  8086584
26556391  7892809
26586262  2114757
26586409  10370033
26586500  2005250
26586536  13024360
26586355  15308545
11994696  2456442
26586798  2000656
26586859  8865458
26586691  3422673
26586887  2973202
26586987  16824510
26587178  16910344
26587228  18492326
26587187  1546485
26587501  2399710
26580387  455518
361336  400314
9857180  400314
26587656  337704
26587942  1817792
26588172  7092107
26585788  1323946
26586930  15426411
26586767  4635936
26585858  3898588
26588817  4660142
26588970  7230081
26588981  2148493
26588855  594853
26588345  2488
26589184  3577641
26588774  28637
26589284  24028421
26589711  1373164
26589595  855126
26589748  11950819
26589536  5886439
26589685  467557
26589557  4138202
26589768  2661169
26589023  5181405
26589833  7222906
26590134  610245
26589802  706750
26584990  3813294
26591368  4068556
26591408  181530
26590780  26571729
26591446  22084783
26587256  22289767
26591410  3230133
26591252  8448473
26591421  2531221
26591281  25750495
26591699  18146267
26587720  18893402
26586638  12355931
26591971  1789892
26592038  3347688
26592224  4052770
26592247  23129748
26589347  4343596
13922002  13603575
15831819  9279453
14938048  14937541
23041985  3422673
26576975  20673625
26592320  513832
26592733  22419222
26592928  218384
26592931  10152872
26593182  14220321
26573749  18774821
26591164  8902270
26593180  3260576
26593525  3789894
26592996  3059044
26582540  21073747
26593223  11950819
26594095  4660142
26594313  218384
26592225  9508518
26011387  25884801
26594679  14247373
24009747  10433467
26594254  461203
26594775  5470725
26595248  10129533
26595367  936687
26595551  513832
26595576  18573016
26595863  4261133
26595886  19148407
26595894  3783282
26596121  24644436
26596137  22461543
26585742  7864371
26596412  12573816
26596563  18342917
26594277  6784463
26595903  3124080
26597047  513832
25937078  25834818
25949835  25952518
25947170  25952518
26596203  9203847
26596881  20563772
26596576  218384
26597391  351409
26593864  26552587
26598120  363681
26356360  16692854
26356360  6358806
26595354  10303714
26598158  32414
26597906  2973202
26598102  4694926
26598332  12573816
26582504  8513740
26598450  2973202
26598450  9481963
26598683  24644436
26576320  26598869
26598923  10827872
26598920  6398820
26569649  5486789
26599155  2937227
26599579  14220321
26591979  25644127
26580348  13840429
26580092  12573816
26599917  1416697
26590199  25668796
26599727  3446216
26600052  2129230
26600052  11603894
26593617  8947441
26600323  20704468
26599510  12881552
26599510  23622695
26569165  15796924
26595117  4660142
26600530  12953127
26600455  11779310
26600677  7842397
26600776  9858861
26601344  11150155
26601546  17364127
26601355  10677429
26601812  5195836
26601902  240178
26601944  763438
26601212  26540174
26592627  26194535
26598694  3592939
26602501  25706216
26596627  114543
26587953  25246800
26599730  20736758
26601538  2000908
26597959  7868936
26602851  12445010
26602835  949433
26601321  2083791
26599153  15634352
26601174  824349
26597106  26595121
26599701  8693106
26599007  4272251
26602812  4009756
26595469  24167791
26599356  3657424
26603220  4660142
26603124  8174723
661148  14892174
26603203  7054180
26601753  122102
26598436  6316937
26600997  17582006
26603474  6441218
26593605  757059
26603211  22937618
26603546  26201426
25695683  25696429
25695683  25695022
25696429  25695022
26603848  12769982
26603888  23353173
26604081  12713564
26602083  10083681
26604337  1394265
26604325  301809
26603951  26138079
26604437  3747547
26604555  18681155
26604777  203198
26603283  4463087
26604251  7648980
26605139  8100469
26605648  3577641
26599818  11808329
26604000  9501604
26604474  8531926
26606115  556133
26606071  7825748
26606133  2749406
26606162  1494671
26606024  6997292
26606059  26008728
26605844  8641889
26604465  1012131
26605759  3455985
26606512  495021
26605595  1698797
26576224  5985019
26565667  9801630
26606709  488963
26606665  2973202
26606723  1986896
26606426  949433
26606426  4176328
26606426  12264561
26606866  14220321
26606620  3968679
26606939  22358
26606940  4706499
26606964  8381439
26606677  13364177
26555498  26398790
26607272  513832
26607294  5441680
26599758  2193634
26607521  12630891
26607954  15516036
26592464  15460600
26607945  11709336
26600092  1850439
26051900  26055890
26608190  24245324
26604538  3207611
26606244  15603813
26606418  15015975
26603820  6096299
26608660  12484386
26608932  2587345
26599545  7694
26609207  8759868
26603240  3156378
26608091  20279484
26608466  8858102
26606977  14447637
26605372  17950598
26609477  20279484
26609355  3727615
26604010  18854927
26609346  26574937
26609904  57483
26609964  5662108
26610076  1416697
26533130  12035242
26606719  708700
26610277  15800296
26608249  5724398
26610289  312443
26610289  10364391
26610416  5506888
26610508  9260009
26610566  12257398
26610501  14220321
26610869  17974904
26610943  6343166
3732258  14220321
1955248  14220321
7545649  14220321
15822828  14220321
4413386  14220321
25182009  14220321
25182009  3732258
26610681  26587368
26611304  20222555
26611376  1470488
26611431  2632137
26611570  3800551
26610310  24622475
26611509  25950808
26611641  15997186
26611836  6093874
26611843  18517400
26611603  4570366
26609090  2711522
26612040  3747982
26608057  26605689
26611969  2478552
26612096  763579
26610084  15112125
26611660  26092979
290214  14220321
26612277  2749450
26612429  26437426
26613209  1732348
26613235  4570366
26613462  6527229
26613536  12573816
26613739  23294658
26613972  12941287
26614151  498400
26614542  2400935
26614686  18036647
26614703  1334376
26614659  11356001
26614768  15138593
26614870  23667086
26615166  4262240
26615166  13238059
26614289  24237129
26615510  15693671
26612126  23417356
26615700  4347684
26616198  20940979
26616071  1889014
26611523  19995248
26614885  6821517
26616440  4261133
26615462  26615417
26616342  24644436
26558539  26152642
26615861  16812875
26617132  4687208
26617224  3637936
26617282  973260
26616734  18112616
26617597  24424160
26617901  16388510
26616956  6958358
26618075  26556019
26302300  26116602
26618460  24150359
26618490  1143262
26618750  19555676
26562627  26146668
26618800  2929347
26618824  5202070
26619008  12573816
26617533  1268314
26617533  7942974
26619082  26597161
26619272  5918582
26618973  6418210
26588933  26575285
26616958  8700619
26619547  3942721
26619452  20967220
26619251  108866
26619590  5926103
26619475  26617805
26619889  22937618
26620125  26533274
26620614  3615721
26619263  16924347
26615436  5120478
26621408  5827290
26620926  4244896
26621234  3989016
26612652  9364685
26622184  6452239
26621425  22113519
20135229  203198
26622463  4176328
26613947  26557651
26621731  6921792
26622911  5265259
26622930  9081426
26620088  2291524
26623076  5838711
26623142  2902560
26619772  446892
26618903  8534274
26618443  3168275
26607928  26612115
26617456  15235526
26622016  16501
14226228  182278
26621360  917163
26621981  26438991
26623568  19025054
26564355  5708425
26623928  5872803
26624007  26608005
26624122  11194513
26561162  26574680
26622551  23653778
26620254  22900985
26624267  2364982
26624344  18211915
26623037  23768933
26624901  1039029
26615240  26613756
26612675  11485271
26624845  6413627
26624709  7253694
26625304  2505328
26623200  26331548
18480823  15418863
26625788  3863817
26610410  26625549
26625924  2009228
26625683  9229645
26619462  26612115
26626493  12896804
26626106  7056749
26626694  23853547
26626857  3799317
26620781  19271381
24991785  7034754
26627014  1723182
26627430  12573816
26627358  2612802
4538993  4582462
26628353  3139676
26628507  6718102
26627387  1007211
26628333  21935099
26627207  13074319
26627207  213476
26628712  261638
26624336  15297809
26628943  9121902
26628578  10367698
26622112  8810580
26629053  9466265
26626643  26579644
26629728  5435090
26615498  26550959
25945037  2973202
26629252  6777609
26629983  1740726
26629977  6582322
26629378  24441101
26630126  11715855
26630221  23036062
26628944  2309694
26629790  451415
26630876  11500088
26630220  5052311
26631214  5054132
26631258  3174358
26631320  9697099
26631354  3382409
26631201  10945572
26631493  4153881
26629772  570642
26631639  2303713
26623084  4052770
26631551  23946398
26631916  15723059
26631426  17710897
26631443  3368578
26632067  513832
26631848  16832749
26632223  292615
26632370  12573816
26632411  3567835
26611003  8082932
26611003  23419128
26633047  4728698
26633655  890807
26633774  3076414
26633595  18980915
16750333  18980915
26619318  19843784
26627349  106179
26633986  12648373
26634162  6381229
26632277  7873155
26634143  2612610
26634228  4261133
26634328  18782297
26634359  11922383
26634255  18736954
26634527  4312613
26634274  16913094
26619749  24110396
26634691  6613110
26634970  14220321
26629661  26626393
26635415  26633452
26635465  3577641
26635821  493536
26635645  2987919
26635762  14220321
26635479  5342270
26636083  25796280
26631215  26608956
26635177  14597884
26636649  57483
26636954  218384
26637083  312443
26637112  14260340
26637445  24644436
26624750  21538615
26637574  8760322
26637360  17698836
26637712  4660142
26637754  4261133
26637315  477572
26638110  152975
26637670  707380
26638184  12769982
26637537  9835881
26638136  24051314
16457370  1872110
26638272  2973202
26637814  22827566
26638271  20389255
26638264  2896013
26638264  3832592
26638235  14220321
26617552  5234749
26638758  24853
26638678  10406552
26620931  8626786
26638718  18499458
26639095  22740300
26638798  2393194
26639198  25855137
26639281  20279484
26639499  400212
26639456  2573135
26639619  10160664
26631739  186799
26639610  4191386
26639719  25862828
26639793  274626
26639825  2206378
26635009  1259949
26640182  7664779
26640163  4660142
26640579  1076881
5071040  3930210
5071040  4105331
26640581  1515437
26640539  2941169
26640497  2410342
26640626  16388959
26640745  1132941
26636901  21006682
26640477  332365
26632741  1777901
26641153  26378824
26641036  1216114
26641468  958848
26641597  15479928
26641556  13638289
26641626  26641412
26636842  26640828
26615928  17554068
26641735  2295290
26641539  1267283
26641867  251868
26641924  4479683
26641929  207000
26641851  20541241
26642156  26639296
26636654  7248718
26642625  10699492
17611445  14652465
4642135  14652465
