6321403  14652465
10321263  14652465
26634025  13942814
26642324  2350495
26643111  6658752
26643390  2973202
26643373  2397004
26643467  10398931
26639800  901815
26632104  1894149
26641323  26267194
26638220  24492483
26644226  3011383
26644449  1126726
26644784  22040556
26645169  14931963
26645210  8294088
26645224  295104
26645624  13392907
26635297  7837456
26636891  26572537
26640867  999172
26643536  4890480
26634180  14953848
26646210  2973202
26646761  3724106
26646865  26613592
26646763  6613110
26646845  9206618
26646355  3009477
26646238  3772410
26643634  4421706
26647335  21633115
26646908  734567
26583536  9936132
26647511  220231
26647350  3476779
26647350  24460696
26647734  20351947
26647837  306313
26647493  1554099
26646750  13286514
26647903  24534229
26644618  17933917
26648260  10342012
26648427  10782054
26648401  6343166
26645343  1814095
26648482  6244217
26648873  16948567
26647704  376278
26649024  7074
17742372  373370
26649282  1132941
25327225  15382509
26649066  21118725
26649066  11443996
26649604  24886229
26649437  26435530
26648580  8823290
26649828  1520800
26641928  7906332
26636347  13242436
26650335  23740548
26650538  728360
26650443  19972676
26650472  6800481
26650658  520250
26650246  949433
26650745  406230
26649525  5342270
18047720  15687370
26650459  25111831
4727424  2699209
6226417  562457
26649937  12105691
26649937  10554405
16150243  5453729
26651490  8239782
26634502  9340497
26618870  15590450
26559637  17348539
406833  169303
26651541  10221290
20901969  374326
26477464  11643747
26651908  16234854
26651262  25596737
26652437  3832988
26652791  1393582
23543971  2131444
26652980  4246077
26653012  25740573
26653249  610245
26645380  26645067
26653258  6843025
26653375  96317
26653395  8511066
26654070  8098917
26654029  8521819
26653846  3318565
26654253  26652079
26654325  1747452
26653594  6343166
26654575  4660142
4764266  443010
26633431  18306362
26655022  26608655
26655041  311696
26655139  23446377
26655227  5592994
26654788  26401442
26654788  8286550
26653824  15666048
26654188  6970346
26653350  26633262
26653542  5560334
1087246  371875
1903959  371875
4385380  371875
26652054  2851404
26651058  4917664
26650514  7162405
26649460  371875
26648889  26633996
26649179  1162491
26645656  3224834
26645403  4869154
26643942  4024429
17555713  12181637
13630236  7533899
26655600  6939685
26639743  2450954
10794706  121499
26649993  24624404
26655736  23724668
26650515  26530541
26633768  95760
26655859  8098917
26401442  8286550
26655900  14706330
26655868  495021
26653276  11308367
26656156  10255724
26656359  2851404
26656359  6439579
26656373  5090418
26654856  3501516
26656751  15479928
26510241  26503569
26656639  6847697
26656436  4491520
26656929  12953704
26656691  26144227
26656493  6795361
26656828  25796280
13015456  6795361
10386566  6795361
26657075  19075671
26657114  23294658
26655882  22857877
26656924  4660142
26657492  1373164
26657609  4660142
26657672  24644436
26657565  8466744
26656914  3464498
26658090  400212
26658224  513832
26635706  26102115
26658239  6044640
26658327  218384
26658312  19015587
26658532  14844687
26658570  2802726
26658651  14220321
24474895  24205168
26653524  11296361
26658802  12189057
26658926  11922383
26657622  2259890
26657622  1335786
26651390  16235957
26656767  495021
26656175  16883875
26650653  16799624
26659301  4261133
26659840  15559897
26603607  6939685
26659641  4605118
26660255  14619052
26657017  26646893
26506173  18147171
20187453  6462143
26660832  4548684
26659969  14120878
26660899  60174
26654031  22208579
26660600  13506624
26660951  14079445
26657951  7852132
26661104  4138012
20862713  16589853
26661424  5397726
26661434  23417356
26661303  3538649
26661511  8028957
26661407  11412410
26658747  26466591
26654801  7738437
26662120  371
26661749  3076414
13673600  4201860
26660269  26615576
25746403  8442706
26621977  26470771
26620195  20140576
26662162  14220321
26650192  885009
15758814  8522851
26662169  1776915
26658937  26653179
26662701  495021
26659735  24889279
26652097  8884297
26652658  16316132
16423776  4201860
26654639  10714785
26651427  1690654
26662867  26662401
26657519  1313390
26644017  10119717
26626909  14030146
26663009  218384
26661089  23740548
16881045  6224178
26655703  4660142
26663288  513832
26663389  8462895
26662467  24775139
26663636  4598802
21596440  10855701
26663714  1243199
26663907  1918297
26663760  22922834
26663672  507123
25574824  25800325
26664075  14672753
26664009  1996122
26664262  26389899
26162872  5125323
2451879  1652396
26664174  121162
26622808  1344221
26664454  24776262
26650809  8281441
26664510  5710391
26650091  5901378
26663995  8675206
26664585  10802046
26612238  26608968
26528923  26513249
26663786  2973202
26664950  260666
26665202  218384
26662956  291978
26665244  24644436
26664921  236129
26665401  741553
26664848  4465476
26665509  5171529
26665655  21443023
26665684  8522332
26666007  5971312
26666073  383947
26666041  4841436
26665537  6353849
26665752  17197353
26666400  14365318
26666101  736590
26445042  6837463
26134280  12404699
26480963  18322548
26357196  1120689
26550843  17897081
25653432  16541264
26666452  14323933
26666482  2559527
26666482  926822
26666697  623104
26666768  6328718
26666970  5605125
26666384  24062509
26667171  3922599
26667351  7460836
26667233  3148558
26667545  4356993
18334279  4356993
26667455  17627868
26667474  5519328
26668198  12208751
26668258  513832
26668285  20563772
26668892  5431941
26669407  11809666
26666593  20360101
26669558  6921105
26669653  495021
26667017  11805352
26669689  26652391
26667417  4552769
26626678  11608160
26647331  7928113
26664011  20080861
26669376  2612802
26669520  18595695
26669520  5729068
26670260  26669400
26670347  4660142
26668859  7055146
26655270  8258102
26671162  11155340
26670968  2756116
26671322  569137
26671376  16739473
26665113  26654672
26654672  26611059
26671620  6487366
26670726  4575698
26669721  3161816
26670382  203030
26666359  6203411
26646015  10758897
26669614  26668341
26672272  2603895
701432  569137
26672295  7230893
26672645  1704407
26672319  60174
26672732  23717397
26667551  19252880
26667551  15673099
26666746  26655591
26653968  15989618
26668635  10120944
26673532  2710032
26673638  15112125
26673673  6500732
26673623  19307341
26670222  2973202
26669161  1537207
26665933  80476
26665714  1610757
26673892  2393179
26674438  26660200
26659202  13210194
26655362  3573872
26667522  20474612
26674774  13581694
25286957  677609
26674349  2167916
26670810  2588181
26675215  26672371
26668899  122105
25080692  3615721
26675810  1042219
26671183  16188420
26675853  26655215
26674163  26532395
26675931  13737091
26666718  11400225
26671733  2149589
26676025  1680528
26676295  3839780
26676130  921789
26675505  979256
26676913  22882771
26625311  6895522
26677173  19883815
26675503  25815902
26677048  376373
26668473  12783217
26677288  9859903
26676931  26665470
26675192  26676696
26677345  11922383
26677682  218384
26677784  15904656
26677509  23652665
26675694  21388797
26678206  9808689
26677110  12530406
26677110  20027305
20027305  12530406
26678476  26631419
26673769  14302849
26678562  6186770
26678603  11065358
26678429  6705532
26678763  6639141
26679165  16296670
26679268  6487366
26679158  12142172
22574497  16202721
26677706  3577641
26677706  1732348
26677124  4371059
26676415  15859024
26679498  6248809
26672123  20547819
26672123  20005278
26675456  5797626
26675228  2516599
26674094  7742305
26679549  588004
26673715  12251750
26679888  6248809
26673038  19557642
26674879  26673112
26680104  113780
26679338  18751119
26679190  16992145
26677844  13729301
26679417  6333464
26679829  2817869
26680361  15428964
26679763  20077487
26680639  26667092
26680754  198199
26680885  7724883
26669882  2270517
26660669  291740
26680658  6458990
26681072  480214
26679609  8442706
26681617  26535314
26680675  20860931
26682014  272900
26681790  419119
26681313  1214234
26669903  22521423
5340461  1773550
26681933  750486
26680099  13311805
26673571  8636617
26672938  7289136
26672191  14946091
26671983  16807212
26671805  26637955
15814595  7368522
26682570  15599639
26671125  14694712
26682012  3142260
26682820  11151519
26678255  5384762
12668337  8749225
16233  220236
26670444  4261133
827368  5448545
26669807  469357
26669439  742271
26682962  6027271
26682875  4660142
26683319  14220321
26635922  196017
26683257  12026061
26680766  14345805
26683471  6441218
26682552  9314783
26680353  1520608
26683070  23504699
26676015  282451
22806946  26305416
26684070  359494
26684388  1920775
26682036  866465
26684720  26642378
26684766  9480936
26684860  1228299
26684590  1489932
26685113  7566626
26685148  10333016
26685206  41406
26685203  7362504
26685258  1000747
26685188  401847
26685630  15249626
26685630  3800882
26685422  26319613
26682934  12015571
26154737  22977051
26685991  21120285
26685991  11889178
17425827  3871119
26686281  4244896
26686003  23588957
26686632  588004
26686372  26685980
26686621  701732
24783562  4574693
26676614  7655127
26686371  3889992
26687298  7986954
26687174  3975236
26685692  7549694
26687307  1241844
26675641  19001933
26598024  5011557
26687167  576169
26687654  949433
26687652  12573816
26674750  24982358
26683825  13596454
26687619  4114940
26687827  16156995
26685602  260441
26682636  25891416
26684291  24143152
26688081  123559
26688072  238547
26686536  26643902
26644384  25961334
26687799  6576773
26687478  19707632
26688521  13764623
26686128  13942701
26688512  3417595
26671426  5718457
26688794  1373164
26682503  992450
3646153  1560827
6884142  1560827
26688883  9169774
26666321  1560827
26659375  920086
26656453  7120586
26689076  2690866
9643116  262351
1943940  1943874
26689290  16699593
26689410  26688840
26689458  6566512
26689392  15338758
26689648  3270680
26689764  2580136
26690180  4540820
26690032  26689736
26663704  486757
16005707  1098643
26649401  3639426
26690650  4176328
26635258  10927399
26690334  8089685
26690931  12378140
26687583  25881041
26691405  1113381
26690036  26319613
26690243  3625837
26691940  18895915
26691850  26229854
26691800  8220041
26688946  3059333
26692166  218384
26692156  15599127
26692488  24644436
26692348  13024458
26692152  6169217
26692662  26607614
26692997  588004
26693020  14601624
26693216  691168
26692835  26586435
26691581  806000
26692209  24457681
26693504  750486
26693820  46155
26685700  2885385
26677953  11561754
26693869  1063843
26693999  26689920
9707112  9658476
26694103  17027566
25000180  22525772
26694351  15479928
26694493  14220321
25797355  10976897
26694648  4484305
26684929  10420112
26694800  2638622
26694866  11557241
26694946  5419
26694579  17364127
26693517  14220321
26695150  7261619
26693283  26640315
26690594  16415384
26621841  26516098
26454254  26516098
23350654  17992686
26690329  4014294
26688033  201593
26688033  5093460
26695337  804115
26695541  5203407
26695598  4080010
26695705  15112125
26695714  12573816
26687977  16736804
26695993  26689398
26696095  152975
26696109  1550150
26695557  4660142
26695609  6051302
26695573  26499611
26696274  14220321
26695957  1126726
26696428  13567509
26695874  20273394
26696671  8073673
26696624  2528318
26695335  26697030
26697297  26696325
26695046  13193248
26696325  17959728
26697590  184537
26697475  1373164
26676853  9314534
26696464  11023929
26698031  18572550
26697252  26645243
26698587  12769982
26698629  86513
26698819  6635441
26699060  12573816
26699053  25526480
26699160  4261133
26699024  26689511
26699166  26285539
26692347  24512071
26699876  1474894
26699793  7760286
26700124  949433
26654862  787895
26700030  287871
26628719  7999917
26678134  3891798
26698220  26687157
26660734  16498680
26694711  271526
26610950  26631942
26700619  2573135
26700713  1614723
26701025  845021
26701125  5109112
26700793  2745265
26700828  1895476
26701215  651038
26700885  13791987
26701345  18736954
26701324  596162
26701442  12557376
26701450  12769982
26688025  12769982
26671244  12769982
26646341  277224
26474134  12769982
26701608  5894892
26700383  26695133
18854749  2464966
26699684  25031477
26702082  2430206
26702200  7834058
26702186  8028957
26702399  2611246
26698944  5294885
26696390  20036436
26702821  15327508
26573688  6322084
26702970  1559770
26396343  10222835
26703174  3986361
26360042  4128323
25843589  9371658
26331511  4810664
26331511  1887097
26702808  5410832
26703394  684672
26702981  24609062
26685325  26670985
26703752  26685325
26703752  26670985
26703272  10644914
2264229  2277348
26694083  18974904
26704179  5495383
24105669  24711508
26665420  2048513
26703932  12573816
26704482  2707322
23991727  6785068
26703357  16579397
26704568  3135946
26704872  19590865
26651448  4526830
26704880  3985214
26704979  8466744
26704644  1239938
26702747  26550959
26705334  25951206
26705336  4216745
26705141  60174
26606780  26705578
26705103  6144227
26705737  1196586
26705604  8028957
26705996  5741187
26706150  8738388
26706278  26695992
26706343  26661274
26706248  1707693
26704144  9849950
26706059  2973202
26706312  14241133
26706701  25523313
26678110  8738072
26706974  13748124
26707014  336859
26707062  3539523
26706835  26641164
26705704  13534360
26705193  26701946
26707108  6578832
26707451  4717789
26707565  5605125
26702678  22125806
26707574  4660142
26707870  11118135
26708156  2003534
26706269  15839169
26708425  8028957
26708568  203198
26708771  16876698
26696369  25397132
26708324  2476378
26709194  932052
26709215  17364127
26709208  339699
25234820  22013444
26709171  16888615
26708865  16380842
26709295  571945
25289018  22013444
26705356  153724
26051632  21747921
26709423  4935632
26704242  21834833
26343667  22013444
26709550  886863
26709580  750486
26709499  3076414
26709641  10490610
26706103  21121324
26704621  14092319
26709670  3577641
26709139  23695653
26710056  60174
26705538  2427336
26710197  26670091
26708570  194852
26710256  4660142
26710270  1778440
26710259  7580352
26709230  16599183
26705589  3687065
26710495  4660142
23231741  15262142
26710604  2580136
26710959  24196820
26710938  3755136
26711242  14365731
26711471  1917576
26706506  3406891
26711732  203198
26711829  21767576
26711931  12138221
26712194  3577641
26712287  2930405
26549429  26566532
26712820  495021
26713157  3340802
26713012  1408361
26710896  22404177
26713589  22937618
26713034  25537905
26712352  26577378
26713672  123559
26713806  4261133
26711942  6583502
26713845  5933230
18835542  4261133
26713871  25566581
26713851  98650
26714045  845021
26711050  8830753
19944644  5601777
19944644  260666
26714545  22581345
26709982  3768869
26714919  14220321
26703481  4938833
26715112  203198
26715214  7814027
26715329  20333600
26715452  201323
20902235  20144529
26709151  7996695
26714961  12160233
26713079  4176377
26715287  25958116
26715657  17350775
26715897  500504
26715978  16824510
26712224  12716111
26716102  8028957
26715689  24137904
26716243  2167916
26716241  24644436
26716056  19409801
26709730  3138946
26717136  11157478
26606590  7017653
26717438  25861596
26717373  15148456
26708843  513832
26716042  7615645
26716867  8688295
26347506  11309557
26717973  17748692
26714944  8281886
26718090  3705318
26718004  840501
10809136  2901102
26714723  26710692
23935418  1078118
26716293  542938
26718429  25889593
26715025  7438287
26718630  3911244
26718444  3966936
26584504  6935598
26719339  721090
26719319  5997027
25377874  120001
26719728  1816673
26719450  846994
26719988  8101585
26720105  1023261
26709342  25828995
26707361  8633433
26720590  513832
26720756  7898831
26720807  6682997
26720890  15832335
26719155  218384
26720819  513084
26720718  3406891
26718442  7674708
26721441  3615721
26717636  5595593
26721590  610245
26718214  22231465
26721967  23667086
17333925  6083248
26722306  12769982
26722118  4884011
26721856  8581880
26722079  7063276
26722390  15303283
26722622  5142103
26716113  5129702
25864980  10443461
26722613  21814825
26709100  26707108
26722950  26721290
26722167  576265
26723164  3404301
26721606  22191551
26723227  9635124
26723586  750486
26723657  8028957
26723676  1132941
26722817  24019236
26716085  9406301
26723650  388242
26724063  17286566
26720782  7411504
26721014  4108313
26724541  7603017
26724515  11698534
26686660  171251
26724724  1369004
26691308  17226570
26699524  1908687
26724885  12573816
26724046  10746622
26725338  12573816
26725354  25796280
26725354  12404699
26725510  12573816
26704045  22180918
26725544  20355439
26725711  22663908
26726032  60174
26726021  2973202
26725742  14319347
26726192  1094872
26726095  9488129
26726304  218384
26726291  203198
26726470  306313
26726715  1783912
26722496  22937618
17318007  4343850
26727000  23177175
26727001  23667086
26726980  9494225
26726832  23392111
26727242  2070556
26726554  290061
26727184  12777782
26721826  1847789
26707733  26727788
26727788  5554734
26727788  26707733
26727928  7545428
26727130  279170
26728304  26686830
26728222  14001477
26728436  25967606
26727492  5016512
26727913  26634201
26728975  10416918
26729290  400212
26729929  3989965
26729812  387959
26729120  24082161
26721151  1682681
26729321  26728275
26730470  439630
26730614  1299837
26730531  19786107
26729985  2446764
26730759  26730477
26730778  75175
26730885  24692496
26730275  26697549
26728536  46155
26731293  157318
26731105  2595068
26731130  376090
26731539  14848934
26727372  1568091
26731614  4069925
26731794  2515477
26731712  1575141
26731884  1970660
26732121  648814
26732121  5943850
26732243  20590656
26732436  2954790
26726197  12410695
15186441  7765498
26716884  4738439
26730822  7380190
26726276  9655181
26714802  25812747
26733371  6518107
26733371  26733238
26733636  18668556
26733738  3700496
26729774  17311039
26733033  3209807
26733928  847066
26733865  3438002
26734212  10193085
26727252  513832
26733333  26600229
26733333  26718496
26734343  14082604
26725469  41107
26734193  23363412
26734693  4800419
26731641  4568645
26734351  2197741
26734277  26731343
26733611  26356306
26732246  218384
26734516  24644436
22956976  2754086
26735059  4255472
