27023699  333889
26850663  27024558
27024824  2309964
27025211  13106493
27025125  22233030
27025386  25754395
27025287  10835101
27025547  12769982
27018790  5210535
27025666  17499351
27025908  388242
27021465  371503
27026216  11554188
27026157  8028957
27024881  16506429
27026342  9636953
27026398  17949508
27026571  27008343
27026708  215497
27026643  1534147
27026778  5605125
27026847  14220321
26997005  6175752
27022826  14471332
27016958  85649
27011854  20614282
27011345  12400105
27010481  23787217
26994310  5830175
27023816  487073
26988958  18031702
27025553  98650
27027174  3728062
26933660  26904068
27027063  5605125
27027395  21708192
27027322  8751299
27027363  27026885
27015770  25367017
27027603  7031326
27027764  11011304
27027828  812571
27027634  14826149
27024236  27026373
27027425  18502101
27028870  5748216
27029001  1114024
27025790  7663709
27029038  7053652
27029633  218384
27028934  14889103
27030283  4261133
27030505  23185162
19194323  9844925
27031358  218384
27031294  109383
27031618  10270351
27031691  11006518
27030871  20805667
27031873  26439494
27030475  21184234
27030694  859634
27030694  24098403
27033274  26826806
27032841  4660142
27033377  10039657
27019880  26485851
27033772  295104
27033854  4762262
27031317  21161569
27030462  1905607
27034279  20072380
27034375  23667086
27034980  1452721
27034994  9538626
27032692  23584120
22468793  22426435
27035956  560829
27031803  4848067
27035991  474679
27032935  3391729
10621287  474679
4646827  474679
27033429  9201166
27036208  1098022
27036219  25329903
27036370  8275499
27036555  1372876
27036424  11018076
27036589  46788
27036702  1755199
27036785  5832094
27037087  23446377
26151431  5959652
15340294  1545717
27037493  1313120
27036245  5997027
27037619  109086
27037814  19584758
27035035  6259339
1058853  460935
27037890  1183903
27037996  6750531
27038054  218384
27038059  11589590
27038160  5284646
27036496  9621355
27038229  7674786
27038332  2129693
8635345  5636601
27038031  6742501
24016624  9360280
26957684  2555816
26929981  26901540
26902602  26901540
27038647  5445491
27039076  3893986
27039004  529098
27037298  26315748
27039217  26337003
27039029  10798228
27039218  1847789
27038738  15745042
27039365  22899752
27039429  2939914
27038440  26994583
27019225  9569943
27038767  20976545
27036077  24644436
27039985  3543454
27040135  3316193
2790899  834303
27040470  1642333
27040415  23087376
27040543  12573816
26974730  26994583
27031107  14164386
27040751  40480
27038992  19428471
27040493  6137823
27041045  4660142
27041066  16122911
27041111  8073278
27041207  4660142
27041064  17470790
27041300  9986048
27041153  2610497
27041166  5713142
27041504  513832
27039634  11366330
27014224  27041457
27039976  4606885
27041583  26260790
27042080  18676800
27042120  1207406
27042580  11844072
27041772  12654772
27041546  27040861
27042388  11170823
27042546  6677072
27042907  5419
27042924  3988938
27040334  4519485
27040930  24535200
27043119  8002820
27043055  9064636
27043292  2843928
27043357  203198
27043448  23446377
27043490  1928909
27043530  1912434
6810691  13395114
26744651  6558921
27043683  12573816
27043640  1602934
27043785  513832
27043830  21883735
27038265  5766318
27038265  3422673
27041279  10928218
27043881  27029118
27044755  15557151
27043824  1745299
27042361  2647
27044851  2090706
27041951  26973445
27045401  3401136
27034655  26724124
27045624  10764576
27046021  218384
27046128  5770093
27046092  4660142
27046145  14241133
27044138  9079347
27016423  27008755
27038366  27036684
27043020  5852452
27046957  6138127
27046789  495021
27047045  582331
27047053  2973202
27047185  541954
27047221  3382996
27047552  14220321
27037500  155584
27047101  12734721
27047680  4012998
27047673  1107210
27047913  12075562
26866194  26597756
27048484  17459867
27048309  1206073
25414009  14712223
27049033  17717276
27048882  20436835
27049226  27031774
27048762  4594733
27048762  10849612
27049289  20279484
27049462  15501123
27049619  10382929
27049640  10502102
27049191  6750569
27050234  840501
27045289  27026984
27037830  27007459
27050794  9252354
27043146  20336288
27050859  8399140
27049960  9781328
27049591  7781893
27030392  14909997
27051052  12573816
27001712  9505085
26991023  203548
26975280  1716013
26967869  3735804
27051291  5812132
26963904  83439
25403736  15204060
26845249  26876967
27051790  24488101
27051565  3632149
27042868  24592004
27041013  27039748
27052434  20556869
27052595  8674010
27052595  1408996
27052518  11839060
27052726  8073278
27052908  1132941
27053149  5769669
27053186  15099220
27053269  23740548
27053479  3342651
27052775  57483
27053576  2365921
27053584  513832
26830248  3016326
27051911  1705147
20968965  925738
27053771  513832
27053662  25780502
27053453  1001307
27054266  40480
27054288  24644436
27053957  6210027
27054714  1379934
27054722  23447261
27054795  10291949
27054864  14730312
27054825  1217088
27042803  25076276
27049044  626541
26462182  26475907
27034358  24603037
27054657  4235547
27055484  8321871
27055484  2389030
27055133  3840730
27055636  4103300
27050819  26198860
27052150  13711945
27055179  5523840
27054608  25721884
27055896  15530039
27056071  2797647
27055889  27033674
27043220  241789
27056506  513832
27052317  2505681
27054448  26695346
27054058  13405129
27055697  17291680
27056694  13477689
27053932  19720611
27057118  430346
27055905  16281037
11738612  20336402
27045792  12578965
27054465  26854277
27057348  1334398
27057348  4594180
27057826  7749146
25739394  23758922
27043585  8028957
27058403  27056554
27058858  5161951
27058725  218384
27058739  8844766
27058863  8562286
27058904  20667635
27059140  986006
27059715  2292850
27059741  279170
27059719  27035876
27059861  27053628
27059891  659025
27059995  3257393
27060312  6637679
27060426  2937227
27060546  1732348
27060658  767999
27060658  2643421
27060773  11792990
27060732  17800354
27060485  23446377
27060894  2031824
27060942  6441218
27061155  203198
27060900  15567178
27061239  1363239
27061355  7111610
27061543  19926089
27062141  814878
27062225  1581610
27059571  11809502
27059571  26825335
27062767  4660142
27056460  24644436
27055358  2167916
27062418  279170
27062732  4172722
27063014  4261133
27062930  901115
27063066  26970928
13960678  17173034
27051567  13960678
27037095  21476140
4309746  1694036
27063521  2793324
27043742  15745042
27063627  13719593
27063746  3422673
16961921  5208679
27063928  19261987
27040749  5208679
27040749  16961921
27064065  14220321
27058154  2261079
27064113  15859057
27064148  2315948
25989374  11965269
27064067  755347
27063625  1685854
27061003  7114519
27064394  27016803
27064508  18005593
27064353  444181
27064155  470020
27064577  13704160
27061607  802764
27064055  16713020
27065265  11459543
27065505  4660142
19670057  1026483
27065602  3829841
27065728  4660142
27065812  15479928
27065814  26987791
27061755  27042949
27065803  1423696
27065793  283752
27065976  2626803
27066169  513832
27062668  298760
27066157  437589
27066199  7092765
27047540  5178012
27066258  5161193
27066595  513882
27060945  15027280
27066644  17833195
27066944  1424510
27065537  8571257
27066668  9552486
27067325  513832
27066831  12549915
27067785  13625560
27066389  5117991
1448783  1479361
16048405  10033425
27068006  12573816
27029740  27027288
27054659  17901504
27068271  4660142
27067946  4226606
27066292  3272071
27068554  15479928
27062394  7306965
24338355  11560753
27065680  23353173
27024772  4398966
27068567  7779697
27058623  13850715
27065013  27043541
27055625  3064864
27069283  756055
27031381  27019501
27069087  18860895
27068372  11790104
27069432  17731133
27069432  988158
27069894  2263660
27069992  14712089
27045896  27028913
27070810  1867861
27070833  3615721
27070727  8028957
27070802  26446599
27070982  513832
27068819  16755545
27071100  12354171
27043477  20373626
27070726  12524570
26955490  2078942
27071248  15112125
27071241  8222495
26171304  27062891
27068484  3608287
27071824  1625234
27071585  6847697
27071969  4660142
27072366  26638732
27069811  18315441
27072128  26152642
27071364  27048766
27072412  18222286
27071042  351409
27052838  8788802
27067342  15757750
27072757  1976546
27018303  24889638
26783748  4026479
26637123  26583536
26524077  7364969
26825954  6437383
26892019  1764380
26831494  872565
26753457  3462955
26897554  3224878
24634406  21602801
26675570  2072687
26512161  24363384
26495745  726761
26495745  2541392
26539365  112055
26629466  513832
26826603  22716900
26844149  26806402
26724781  715650
26480352  218384
26755026  25776531
26696709  947810
27067879  2474018
27066739  9661936
27066547  1657883
27073326  13606143
27073331  27068925
26679801  26791028
27071109  27000833
27073678  180986
27073758  3780866
27073407  21734602
27073915  1397329
27055020  2394246
26956205  7212966
26952029  19165171
27074330  7223359
27074330  5095968
27041541  2583228
27062670  20734774
27075015  19151
27074883  785358
27075100  1019793
27075405  17427713
27074200  20258417
27062973  19111143
27075365  17364127
27075499  8710185
27075876  6115896
27076076  14876340
27076131  9264763
27076074  2614072
27066647  26995876
27076144  16596794
27076259  8028957
27069447  21958083
27076574  22358
27066030  2408631
27064878  4528047
27074372  1788312
27065804  9728632
27073951  1016278
27077070  27076239
27077070  27072270
27075001  7961029
27055903  19770246
2728239  197675
27064896  26654349
27077782  22937618
27076505  12953127
27077864  10161413
27068051  9081553
27074472  3499668
27078135  19164933
27077746  3577641
23650321  22368393
27078355  12225171
27077903  23650321
27077984  3737139
27078644  4885620
27079001  4309950
27079274  18942258
27079264  5921609
27079455  5605125
27078186  433337
27079502  24033148
27074457  15036386
27077685  8654155
27077475  15367131
27079765  12082196
27079930  8143537
27079095  26325759
27075634  13463509
27069768  729752
27080130  5785902
27073170  21895335
27080492  4189766
27080519  3919850
27080505  26979764
27080798  5404599
27075086  15165859
27080994  12573816
27081069  8907490
27081127  1074781
27081189  14888075
27081299  11995756
27079327  1665391
27081197  2011142
27081197  15027301
27080686  27057132
27081801  2344411
27077795  40480
27082120  25234881
27082360  3988788
27082303  6847697
26880073  5856427
27082446  3076414
26842098  11434977
26548260  4476777
27082293  12769982
27082293  2973202
27082523  16715620
27082537  513832
27070399  14082287
27082619  495021
27079713  24236967
27082414  3012488
27080713  10095456
27082972  8032659
27082440  1936399
27082760  5464183
14055197  4868815
27071591  3577641
27081933  119123
27051409  775904
27082853  26440879
27083351  4660142
27083422  7571326
8122170  8400340
27083471  4660142
27083504  4240080
27078331  1328223
27077879  11126918
27083688  12535320
27084033  14573881
27083821  212321
27083405  4577259
27083829  23666840
23279292  10964681
27084330  27044406
27083785  24505190
27084375  661561
27084458  27073037
27082573  8336858
27035115  4261133
27084595  717218
27084844  9477906
27084667  13944956
10084710  180172
27085137  7395542
27085055  279170
27085295  13282386
27085298  5048849
27085227  20078107
12713620  9675154
27084937  21567291
27078820  9508518
27085696  564557
27085269  14220321
27085269  6847697
27083205  1625234
27085972  3960954
27085958  3509714
27086033  949433
27086045  27074236
27085956  11208446
27086106  24644436
27085715  7710400
27086089  1972006
27080588  495021
27076801  1014861
27086876  5478800
27028793  5041494
27087687  105034
27083034  21881992
27059562  1621364
27086250  27085349
27074825  17177912
27088419  5036700
27088265  6548380
27083017  2112965
27088036  11169445
27088391  26976895
19789543  7996695
27079243  13897431
27088937  6588589
27089089  6343166
27088599  6469753
27089150  4176328
27086979  15849209
13760860  486757
27088488  27088258
27053826  19149042
27089329  13377996
27089322  503093
27089417  5484227
27089353  60174
27089479  20801582
26926799  845021
27089283  4176328
27089568  24921193
27089796  2973202
27089659  13517621
27089700  279170
27023524  10033078
27044406  513832
26892643  25268386
27090260  24074334
27090174  26342837
27090174  8206565
27090277  363681
27088776  750486
27090530  3485475
27090442  27089568
27090510  1520608
27087346  12337319
27072422  27065693
27090902  2474018
14290113  849308
27091353  26958909
27090843  312168
27091755  27080425
27091553  10604298
27090704  24644436
27091737  2354210
27091737  5871722
27092107  4716040
27092255  23353173
27082149  4616095
14277981  2386025
27092494  2267476
27091835  21116622
27091993  20955465
27091780  279170
18456331  7073484
27092572  7053538
27091412  12573816
27092997  12573816
27092483  14967080
27093017  27073404
27093185  14220321
27083905  4660142
27092251  6661530
27087987  1220807
27076820  3087361
27092972  3190870
27092614  4240080
27088913  27091585
27094118  10833916
27094174  17067294
27094394  4660142
27094138  6083179
27094451  24715864
27094497  16098046
27094679  79797
27093759  6463052
27095150  513832
27095082  5561138
27095184  26920142
27095294  27094209
27095351  1712227
27088385  2435156
27095615  2505328
27095477  218384
27017279  22335120
27016873  2733922
27093658  2090706
27095861  8649828
27094978  27083957
27096080  7165395
27083957  27075573
27096109  24602094
27096052  9288904
27096304  218384
27096272  1975128
27096307  1167875
27096440  14164223
27096787  5311124
26834773  4931376
27096931  4660142
27097040  409784
27097250  784929
27041433  46155
27097649  9408832
27097730  18330692
27097838  203198
27098115  420296
27098061  7600661
27097909  858171
27093014  12573816
27098538  501460
27096880  19235385
27098676  1453171
27097600  25986331
27098737  98559
27099180  22937618
27099016  18378537
27099299  1764809
27099404  27096374
27096762  3068929
27095476  6067244
27099104  121203
27099642  4660142
27095272  17629611
27096675  9096470
27099731  5909223
27099983  16388959
27100492  255414
27096130  3076414
27096777  513832
27100905  27087373
27101168  1011455
27100467  869033
27101242  1395270
27101790  10324594
5044073  510357
27101717  494035
27101845  4617220
27101793  22036724
27102107  45135
27101649  4944278
27099160  24002369
27101882  18060790
27098287  17568062
27100603  24643522
27103235  9140873
27100568  13405129
27103314  10765755
27103329  20892115
27103383  3758982
27103487  14555402
27103174  16666472
27103651  14213723
27101206  10648809
27104074  971459
27101965  547805
27103835  12573816
27104310  2871181
27104280  25262248
27101123  21895335
27104636  23667086
27104608  4660142
27104966  218384
27105117  799446
27101779  11321491
27104709  266924
27104709  1923876
27099850  4540068
27105403  16719460
27105635  1197575
27102180  27086377
27105668  1809241
27098373  2496710
27106070  23294658
27103375  2051959
27106207  1588976
27104964  6366530
27106367  826948
27106714  6847697
27106765  10706737
27106942  21567291
27098822  13784201
27107142  10297066
27106330  4911532
27107336  21069668
27088814  876446
27107044  4809719
27106150  451415
27107994  8028957
27072511  20222388
27108032  2167916
27108026  2081836
27106180  638030
27068758  26442363
27107357  24142829
27108399  1726630
27087744  27092406
27108327  1294117
27108513  27107407
27106309  10991894
27108636  4660142
27108514  26469143
27108762  451415
27108789  15785405
27101479  27099971
27108953  4922145
27108970  2323292
27108884  492184
27108704  22183010
27108991  17527870
27109161  12151306
27109052  4217037
27109362  15486
27109439  307674
27109439  1861682
27109330  25796280
27109608  4965739
27109390  24539521
26785655  9234830
27101898  27099574
27109604  10706737
22594337  12573816
27108201  7645068
27109347  18343689
27109574  3642035
27110187  26472955
27110125  6084360
27109852  19527965
27109829  17220959
27110112  20404231
27110558  5643691
27110558  23250
27110683  4065815
27110923  16941330
27110981  2530663
27111005  5015844
27111489  4660142
27111416  23193835
27111455  180172
27111269  14220321
27111631  218384
25996159  4668218
27111731  4295782
27104355  17567624
27111728  3877027
27111437  1020053
27110606  7837456
22132034  8515053
27109592  4009756
27109592  18029487
7708157  1081381
27106023  26889360
23051736  5323634
27112091  5712100
27104263  273238
27104263  451415
27110621  27101508
27112276  750486
27110533  25877835
27112079  8466744
27112488  4660142
27112443  4660142
27102630  2232089
27112858  4969171
27113179  2612802
27105827  263965
27113246  203198
27110427  2292703
27108034  14423995
27113596  27110512
27113277  798545
27113676  5931291
27113768  22108492
27113764  3538858
27112794  11480545
27114083  22108492
27113497  17084566
7184521  4408110
27113812  17800734
27114439  2973202
27114460  26349894
27114335  17552789
27114726  5827290
27114548  24038713
27114658  13640833
27115167  4297095
27115142  153724
27115198  6338217
27115225  16982449
27114856  14220321
27115340  4244896
15667530  8835888
27115729  21062390
27115855  645994
27115874  13669845
27108813  18725150
27115898  26986363
27115973  7493369
27116046  2516096
27116066  1669821
27116136  4660142
27114614  2166862
27114821  2973202
27107643  4695815
27116639  27094850
27117093  9052957
27117492  1938626
27117538  6834487
27117572  7286681
8188401  7443222
27117948  15274874
27118095  27116779
27118539  3737139
27118724  9062014
27118778  513832
27118874  12573816
27118563  10342766
27118951  22463691
27085657  4832096
27085657  24062933
27119461  8663290
27119621  23677255
27119942  1409492
27120095  2588149
27118022  26842682
27120681  656224
27120745  381542
27120802  22416645
27118307  19276438
27121617  8956701
27120218  2060219
27120074  27102858
27122070  19896870
27111849  20008501
27122450  21033150
10415133  18912
27112685  513832
27122618  1044654
27111738  10961697
27122300  1250643
27123272  51165
27123828  2973202
27112124  26260950
27122330  20015971
27124180  60174
27123953  3443672
27120528  3955688
20048278  19620897
27124495  10022025
12558957  18077082
23481989  9134423
27124570  6343166
27121217  2083112
18502772  5006547
27124933  5006547
27124933  18502772
27123858  236129
783212  5006547
