27221257  62504
2871894  15656
27222375  288810
27222512  19299166
27222612  513832
27222523  5605125
27222770  13033037
27222897  14313844
27223090  14313844
27223254  5467129
27223343  2839524
27210096  9440380
27224091  3148415
27206914  1729054
27224221  203198
27224549  20677167
27224567  7683359
27224676  60174
27222792  589652
27224753  8228281
27224912  676824
27224986  4616202
27225080  11006702
27224644  18337239
27222639  4653831
27225428  3144610
27219769  10345250
27225584  4053593
27225974  6563613
27226267  4660142
27226351  23353173
27226423  588004
27226334  10030688
27226563  22265086
3160937  3976569
27226933  2956943
27223627  23353173
27212109  27209971
27227106  3131136
27227055  19089933
27222969  27202576
27227373  16723533
27226567  8646345
27227447  1387954
27227253  5609564
27225796  11203171
27227477  20373626
27227643  26193653
27131664  18994685
20400947  6343166
27227673  9270410
27220152  12768625
27220084  27217892
27227372  1007697
27216947  884235
27227926  180401
27227689  8321096
27228259  588004
27228275  610995
27228307  336859
27228090  572897
27227834  155609
27228498  4660142
27228793  381542
27228906  60174
27229132  4178249
27229132  19189274
27227087  2591098
27229313  14338078
27229455  24245324
27222522  13840429
27222522  16497071
27229554  40480
27229804  2320069
27225128  1732348
27224620  5082345
27224673  1831994
27222542  16694586
27223493  6622664
27230343  20279484
27230473  4650462
27230808  13450044
5393167  2014925
27231066  147181
27231165  2104481
27207383  8022530
27226956  18934498
27231533  12769982
27231493  25931469
27097145  98650
27231681  9137157
27231624  21881992
27231934  11321491
27232050  564
27232157  20279484
27232124  6106179
27231754  14493116
27231754  17936078
27232557  25713718
27232717  14220321
17020234  20279484
27232926  1703320
27231438  20187928
27232941  12859942
27233090  400212
27227910  25764169
27232979  17539304
27232955  12769982
27232168  17398075
27233325  1218905
27186923  23589684
27229339  7131670
27229441  8653126
27233645  1150646
2795768  693952
27233696  279170
27233769  24676081
27233574  27115878
27232648  4327236
27233745  21755085
27234117  767999
27234341  4261133
27234311  120876
27233583  20878932
27234439  336859
27230618  7194688
27234552  27176188
27234454  22561926
27234656  4012998
7700054  7694323
27235370  501194
27231617  14164292
27235859  4637873
27235914  10781420
27236011  26738648
27206972  13067567
27234154  7423853
27093755  20563772
27236314  18603372
27233334  19042116
27236626  60174
27236777  23565971
27236820  18517400
27235893  218384
27237147  3034941
27237287  6890572
27234029  495021
27214202  1223305
27170216  7134129
27237701  1559955
27226183  27194162
19170595  11688171
27238491  3984074
27238775  7437945
27238511  60174
27238966  3312611
27234570  13008589
27226758  20321673
27239286  4660142
27237449  25765485
27237449  3262727
27239556  19968012
27238439  3228104
27233321  1518072
27239862  15084671
27239939  4558791
27239633  6548593
27240106  15889131
27234184  9136244
27240178  9244481
27239364  945006
27240224  838978
27240436  27240456
27240495  4660142
27240688  2745265
27240925  2071252
27241074  4261133
27240595  19972497
27240307  2847181
27241026  13286233
27241290  20563772
27240568  9162450
27240764  14177571
27237630  27240950
27241439  4862193
27241803  5620324
27241860  1121441
27242002  23446377
27233048  23740548
27241859  2114534
27242030  96196
27242137  7103064
27195232  6885837
27242136  5514349
27237699  26054907
27242343  805107
27233896  268736
27243011  1711990
27243051  415953
27243073  8696506
27243308  6481668
27243381  5089601
27243469  10378855
27240077  12334551
27236847  10937065
27243774  2852381
6814758  2505067
27218534  7316656
27243920  6058394
27209415  8580304
27202463  19577759
27244307  7364150
27244533  4646998
27243120  14112708
27243120  4079115
27244632  1862130
27244989  11835397
27245105  542804
27245414  203198
27237941  2832385
27243915  25086097
27238916  15136955
27244161  11285388
27245333  8580273
25211878  3196049
27245299  89228
27244025  24123518
27245832  7836867
27239856  2973202
27239856  2593094
27239911  134934
27245704  21881992
27242717  3406891
27246289  24049673
27243987  27167295
27243355  5902090
27246458  17489695
27246492  3097644
27246580  8710619
27246743  18604875
27246720  4660142
27245900  9371961
27246559  9548089
27247045  4660142
27247278  166221
27246828  3921922
27247311  8116951
27243418  23874260
27247580  9732709
27247703  240178
6688223  240178
27247962  3155603
27247116  218384
26731941  23758922
26731941  19199684
27248201  4261133
27245838  22519784
27248352  9722127
27243392  25129611
27242547  27213734
27241667  3597412
27248415  2647
27248628  15959534
27240584  7667654
27247465  27121601
27248924  27230219
27044936  9763619
18097871  8198721
27249122  176964
27248879  2167916
27249300  23353173
27249371  7436581
27229906  27226663
27247710  4044729
27244947  14925073
27242264  9270410
27241922  17293914
27241619  2588265
27237936  218384
27238307  1981497
27231456  5150637
27249543  2161752
27230694  11104118
27230419  212614
27249208  5687540
27249264  2167916
27250088  9538875
27250045  27246046
27250110  13638898
27250128  12573816
27247635  27250613
27250641  27248682
27250954  22536569
27251573  8028957
27251615  1686425
27251594  14667558
27224089  27080516
27251723  515844
27250709  642154
27189181  18259301
27251614  7745609
27251920  5855135
27251691  2763323
27252095  17094487
27251517  5229809
27252140  5620324
27252344  24633273
27252451  11246
27252645  23294658
27251334  10828807
27252717  7106439
27252816  19241187
27250269  21344481
27202408  22652225
27251556  17147249
27248995  7657647
27253946  40480
27250711  23740548
27254251  12401915
27254455  14220321
27254625  27250660
27254589  12428727
27254406  14220321
27240888  452902
27254819  13760343
27255037  3270680
27253915  19556867
27255339  6083531
27254498  11339210
27255417  5838711
27252862  20857734
27255512  10914576
27255545  26457096
27248138  673407
27248138  61212
27254674  7478336
27254674  5041494
27188303  3393612
27255838  477572
27251435  4945178
27114463  8658457
27256261  13418669
27256436  92859
27256446  1014861
27256297  17409975
27256484  6343166
27256476  19891499
27164313  13588530
27257239  236129
27257477  6733652
27255249  1987506
27145668  13058062
27255311  27076460
27123110  5404775
27254350  9257505
27258309  16213293
27258424  1354924
27258427  22311516
27241492  9405985
27258579  993352
27259140  17572619
27259288  739241
27259211  27053493
27259406  513832
27257124  27218649
26338855  6569207
26338855  20753529
27260240  3065154
27257941  3171781
27260424  501194
27259506  4097127
27259622  2864840
27259087  14406300
27220402  17748545
27224584  27243529
27259974  19173020
27261155  6768793
27261176  109383
27261351  26938441
27261347  12057254
27260436  10954681
27246733  181855
27260896  1413445
27261440  12487074
27262024  27208558
27262154  6431672
27262730  203198
27255665  23722052
27262801  26297180
27262155  13634826
27262895  658953
658953  513832
27262964  8679755
27262972  4057440
27260607  2218093
27259893  593671
27253527  13250061
27263173  40480
27263009  846994
27262444  4716503
27262413  13569036
27262372  25192313
27257008  636561
27263438  17960186
27263439  10027847
27263458  7352254
27263770  218384
27263683  23332302
27264090  12573816
27261557  19226965
27264151  18176594
27262259  17602507
27264288  1319903
27264540  24378452
4822052  4129882
27265253  18502101
27265357  23446377
27265519  3131136
27261607  493490
27261607  223952
27261607  687363
27257346  1283270
27252930  491399
27265848  4244896
27220388  3730244
27213748  23380456
2635120  14556733
3673804  14556733
27266329  27139007
27265311  1660124
27266384  12597465
27244856  27264749
27265022  26833763
27266784  16439622
27266886  513832
27266782  728360
27263130  27253029
27265803  162159
27263991  3935574
27267078  25385867
27215853  27216946
27251256  4125607
20292373  12206120
27267570  12942133
27245897  5141126
27266398  9707857
27265800  7595874
27267341  130794
27267989  19147
27267791  19503290
27268164  8519788
27268276  2196641
27265160  22335655
12540918  6926433
27265024  26087296
27269479  21859987
27269890  105034
27270378  8813051
27269335  5117127
27270766  266115
27270766  1151464
27271046  4470700
27270991  27267814
27271382  24644436
27271833  14338078
27270772  24641592
27272034  11498441
27272325  1144805
27269474  178333
27271456  23197594
27259372  7966559
27268391  21178092
27264507  218384
27272928  17129947
27255734  27250118
26337609  26333153
19174525  2010892
27066538  2655925
27272999  7410949
27269701  8708632
27273577  22067535
27272603  26526095
27270136  7972655
27273861  1379553
23015729  5235142
27271366  4625598
27273810  11922383
27273312  8083984
27274349  27238594
27274450  23667086
27275003  6996603
27274396  13102045
27271159  5769785
27270089  2201925
8594699  262427
27275172  1452721
27270641  11483647
27270641  2647289
27275850  1132941
16338157  4742754
27275477  4742754
27260271  18539881
27275813  7407873
27275513  5605125
27275903  26569986
27276194  6774825
27275051  176964
27276504  7278835
27276507  4660142
27276667  26244069
27269059  6561650
27266185  19726119
27268437  24008184
27276620  3382384
27276009  19803058
27276399  14978807
27277301  23667086
27277228  23392111
27277707  16577120
27277742  3076414
27276064  27273790
27277969  8598836
27278111  203198
27278212  16710800
26233336  24063055
24596729  24063055
24063055  24006206
27083848  24006206
27278345  2973202
27277710  2562775
27278416  19896870
27278702  2508732
27273972  8540646
27279191  1207406
27279468  27202434
27279353  27276943
27279486  4694850
27272497  15209414
27279562  610245
27279808  574941
27280053  5748656
24717701  12135518
27280306  21617098
27280209  2602802
27030579  2633400
26767773  4329396
27271542  7121303
27280530  3109473
27280556  24644436
27280681  5605125
27280226  25004700
27280671  271347
27280937  2973202
27281067  12719859
27280988  15574977
27280988  12865701
27280982  4092624
27281199  14220321
27280488  27278368
27280947  1108780
27281441  4945178
27281331  25561387
27272708  25505754
27281923  13840429
27281967  1743715
27282015  3354453
27282484  1961308
27282283  11792916
27282458  350292
26616449  11656532
27280333  3318902
27282845  3033407
27282859  495021
27282753  2958825
27280465  17035478
27283016  14933173
27283469  4261133
27282237  16467579
27283645  13188260
27271211  5523111
27283361  3034390
27284085  8116808
19926641  12381563
27264852  27162374
27240797  27066023
27225388  4622330
27206713  27277466
27207359  27208238
27198535  12573816
27160669  1151582
27284921  9508518
27282252  1978412
27285033  2048244
27285268  16627641
27281699  6613110
27278444  4366730
27285351  3033952
27285644  8002603
27285870  3107543
27285975  218384
11724395  3107543
27286049  588004
27286057  2393345
27286191  14220321
27286273  5600537
27283252  773814
27282891  2290181
27169770  14736328
27165592  3486458
27163411  1604091
27157537  12769982
27150494  24248606
27118113  16711022
27285262  6688113
27287053  4172722
27287018  10048766
27211284  15757036
27287549  19591958
22576365  3580855
27287872  24395105
27287652  4660142
27288152  27224577
27288010  12769982
27287976  16881085
27285684  1355791
27284166  986006
27283078  94456
27283998  12711072
27288588  4660142
27284073  1949560
2958825  18547501
27285700  500431
27288614  22937618
27289183  23446377
27289136  4348802
27282339  27081942
27285446  2591098
27287970  16196338
27280329  60174
27283801  2411270
27285496  7577437
27287608  24535439
27289452  3684923
27289659  272900
27289766  17364127
27289830  3205730
27289948  25254091
27290012  2353818
27290079  2670982
27286310  6343166
9346089  1714297
27290263  1036347
27287686  19418486
27289947  10367698
27288126  12146772
27290554  4176328
27289855  218384
27286500  23383722
27290897  26737018
27231254  547821
27291745  3126324
27291616  14132723
27265988  27287972
27289218  11652000
27291691  182287
27291838  26856193
27292074  736629
27279226  1853891
27281289  13530617
7434621  3779932
27292450  17813423
27292593  306313
27292929  3506050
27292975  17299581
27293158  23155754
27288425  12293134
27293294  16122380
27293264  4316665
27293572  27281496
27284522  15615881
27294313  147468
27294505  18139306
27288782  396145
27294389  16873897
27294501  2269840
27294674  6343166
27294802  8503636
27285633  12271269
27295073  25198442
27291865  153724
27295463  4879946
27295527  2806039
27295747  218025
27295992  4221333
27295655  322938
27296153  3710589
27296337  1711990
27296326  16764791
27295716  203198
27296512  2917645
27296605  513832
27296660  12423614
27296727  749641
27296597  3186688
27290317  12824900
27297018  1114024
27296906  24303735
27297045  117250
27297416  6847697
27297503  4660142
27289091  26431676
27285776  15130311
27297850  16706935
27297941  401656
27287954  998066
27298150  203198
27298172  27297914
27298304  23509312
27298402  19663789
27298680  134934
27297913  23983916
27298646  1196991
27299097  17364127
27298925  3859944
27298974  14753147
27298974  5845871
27298767  10088909
27290203  27288511
27299176  2545103
27295454  27288511
5374311  4042434
27299345  185966
8338902  4916240
27268299  25172731
27299816  27276795
27299447  5983396
27299936  218384
27299949  12836128
27298253  23468227
27295049  19957432
27300690  25771684
27289140  18466787
27300618  15621145
27301242  1073958
27300153  23353173
27301306  10119896
27301948  3615721
27294993  26994972
27301910  22820101
5515659  3434278
27302087  27301932
27301905  12021068
27301604  513832
27301970  3332026
27301777  24468894
2533842  527811
10857133  4923896
15100952  4558160
27288432  27269446
6724967  5531263
13154050  2767460
27302682  890128
27299458  3530590
27301776  744145
27302832  25351925
27301955  18082
5993102  947215
27303275  10380835
27302744  23354069
27303398  767999
7044545  5694933
27302970  25427590
27119003  3841526
27301203  11578070
27303781  2852748
27287090  27289287
27303634  3745907
27304221  8073278
27304341  122102
27301015  217776
27303473  18321244
25596892  15269301
27304676  5145926
27304619  2518057
7229046  6023548
27304853  2973202
27305216  9206618
27305007  2612802
27299455  27304516
27305437  2356949
27305407  57599
27305803  2973202
27303184  372693
27305835  23068890
27239125  5210535
27306151  218384
27300801  24021093
27298801  17903577
27281931  24869481
27306086  347441
27297339  25585316
27287274  10771388
27306609  13811922
27300003  222557
27306675  610245
27306666  3754553
26819079  5431941
26388304  5120768
27304110  27305883
27306969  2541401
27239878  27240702
27306994  937627
27307079  4660142
27307152  423379
27306328  15489818
27287284  7247250
27307150  11
27307150  18685
27263820  4399611
27307231  8028957
27307602  11707703
27307812  10790457
27304338  1763639
27307954  3767979
27307870  5431941
18008018  665944
27306447  346058
27304333  3283778
27299683  12090170
27308123  513832
27291887  5365689
27308231  5942360
27308284  7814293
27308480  8803674
27307806  9161534
27308656  22048759
27308862  776508
27306235  25864269
27309106  8108688
27305337  17290238
27295079  2973202
27309267  5446565
27309367  7723492
27309308  5585779
27308857  8940438
27309862  260857
27279410  27258013
27310273  7857872
27310273  60174
22324455  22248992
27306561  1432245
12136459  3147615
27310504  27304177
3630670  5347949
9429034  5347949
27311331  126100
27311314  8264134
15844371  5347949
8000143  5347949
27311497  26931757
27307096  218384
27302327  17026959
27299933  13035834
27311215  10331305
27272014  21863748
27311617  1552225
27283381  2447454
27311925  21444338
27312273  2456148
27309410  19287364
27312858  2076299
27312309  8617806
27313085  27274411
27312950  4389644
27313462  12462615
27313912  15041329
27313896  5893183
26903134  603201
27314091  10838596
27313885  16441013
27313603  12434626
27311083  9605913
27308732  6115896
27314112  12769982
27314268  26932137
27314480  242813
27314721  5970093
27314979  37538
27315003  6344950
27315074  6225216
27314986  17364127
27315279  1680528
27315911  27313881
27316162  6921803
27316438  588004
27311542  13013989
27316568  12769982
27316843  9484295
27312436  16192087
27317039  582506
27311055  27310320
27313432  12330581
26848029  15992234
27317253  14220321
27317079  949433
27317242  1144783
27317134  15330716
27317134  16388959
18748201  17123384
27317508  4518641
27317669  610245
27317639  25583346
27317376  3571627
27295132  8360209
27317777  19664287
27318311  11922383
27318637  3362920
27318094  14220321
27318765  19095796
27314645  221894
24707058  19166687
27315042  3657023
27316278  8073236
27315713  6457057
27304800  27313890
27312878  5788561
27317967  26065765
27309365  16446564
27303238  2532729
27319176  21895756
27317673  18397962
27319253  7019454
27319253  23283188
27316800  6685752
27319349  14220321
27319091  174153
23283188  7019454
27222185  794663
27319695  12293134
27319832  5481539
27319841  20456694
27319245  26080776
27317912  14876733
11591784  42068
27319518  13831773
27320136  241145
27314193  3687315
27317994  107701
27320631  15464982
27320771  4350084
27320224  20036077
27321028  2612802
27320969  14678593
27320827  7328033
27320836  18167335
27320806  13042353
27321251  4597926
27320615  5003039
27319999  5346186
27321388  4660142
27303876  16352371
27303370  6058450
27303098  2354609
27299990  976669
27321378  467613
27321430  1497586
27321555  12131190
27321594  4459928
27316857  27294466
27321707  5365629
27321568  8934772
27321568  291978
27321927  8104692
27322030  1680528
27322034  3443672
27322034  11719044
27322055  4922145
27322088  6698075
27320767  5978517
27239773  3753869
27322673  8028957
27322377  18066076
27322856  15997567
27322853  17944871
27323070  20336996
27323074  27078075
27323196  4261133
27319417  2361691
27323020  17942508
27323149  21296110
27322339  16179923
27323557  4261133
27323590  13905741
27323562  7015471
27323562  345399
27322658  21125159
27323554  9769868
27323470  27314697
27323627  19648833
27323947  23667086
