27411115  10220795
27412366  13365553
27406223  1980738
27412409  23667086
27406406  4371757
27406406  1792512
27412434  12573816
27411637  7219640
24470133  1947889
24470133  14615305
14615305  1947889
514688  86477
27383298  86477
27412381  2189376
27379005  21723697
27378785  5282999
27376791  13012881
27378238  2902394
27412942  7338393
27364709  26537692
8628683  1329922
27359529  18124125
27359809  3319586
27355001  15918382
27358659  15408607
27357359  6620165
27356485  966323
27412924  17041669
27410458  1280263
27413243  7073672
27407986  8028957
27413287  4660142
27413413  26067249
27413442  513832
27413527  8539713
21206931  11360904
26036888  10263190
26036888  18270531
11360904  10263190
27413517  10263190
27413949  27581
27414204  27413364
27414210  17385895
27414390  10739390
27414484  3577641
27414453  25894974
27411774  17554068
27405638  27387365
27415249  40480
27415050  3314140
18332790  11398882
27415411  11398882
27407074  26443403
27415470  4859208
27379089  22472060
27414626  22211230
27415589  27414419
27406253  5831065
27415689  20563772
27415922  27407132
27416175  4660142
27416175  14295782
27411252  23294658
27416498  4479683
27415098  26046775
27409206  16478112
27416106  7056749
27416486  6687630
27414742  25791255
27243893  10909039
27413122  27352741
26823622  26819129
26846394  26815853
26845759  2201917
26878701  218384
27417248  7381661
27417415  217074
27256398  27258221
27417509  11840896
27416965  14649657
27405217  7497404
27412819  2794191
27415999  17150542
27414946  1520608
27414909  14139931
27417398  2639373
27375785  27295293
27416852  4157303
27417816  27056512
27380403  19655651
27415773  12769982
27398503  23168997
27418009  18070154
27408488  10188937
27416734  1014861
27418604  27404740
27418491  2216239
27416537  15880298
27417226  17332360
27417226  4159746
27418765  5672796
27417978  7761074
27418899  218384
27407415  20590396
27419195  949433
27419624  8028957
27418996  9277661
27408081  17884177
27408081  14717388
27419254  5210535
27419759  12281775
27419985  14220321
27419862  27404363
27420060  12093192
27409092  1206878
27419865  27400692
27420667  5506888
27420728  25881041
27420815  15112125
27420945  218384
27420950  407109
27420979  8266922
27421116  9508518
27421253  3346230
27420342  27377080
27420878  16518912
27413023  15615703
27421925  27419207
27422352  5187530
27422418  24125328
27421852  4976530
27422014  588004
27422852  3076414
27420088  419019
27423448  5232734
27423550  4020419
27423735  24588246
27423717  20120143
20120143  21279455
27367400  26470912
27424162  272900
27424164  6803387
27424164  4064910
27424298  3876049
27424807  2375587
27424844  4219057
27424844  8924173
27425003  14220321
27424491  11959758
27425187  26285539
27425183  14561402
27425689  4660142
27405842  27396172
27425774  750486
27425745  16751348
27425874  2973202
27426008  27342149
27415859  27396172
27425734  17419386
27426196  1276929
27425968  21139300
27421173  27396172
27421173  27377080
27424679  13336281
27426531  3454576
27426754  14888822
2944511  337704
27412096  22737535
27423622  13894866
27416280  11806239
27425355  17089427
27427391  27423678
27426753  1218149
27427474  27008343
27427396  7676845
27417669  14317626
15568718  14624757
27427175  20977972
27427680  15470672
27418678  218384
27394596  27352744
27427905  997946
27424744  25802689
27427957  3179385
27428142  27425779
27428356  203198
27427842  2459851
27428647  203198
27428554  14746750
27428831  9380077
27428986  2545103
27426514  22085733
18764094  27341944
27429498  336859
27429774  4660142
27429741  7734860
27393458  9997143
5487454  2325826
27427692  14279977
27421456  1616003
27421073  5409259
21333510  1922040
27417472  27396648
27415785  6090913
27415813  6287030
27429918  12769982
27414841  4752796
27353938  11637342
27344392  15481092
27343423  5053521
27342896  19147
27339261  5613898
27316789  2896106
27296594  2292126
27279269  27274438
27270124  22328889
27244998  3851520
27237041  1810638
27227417  258793
26997642  7217627
26992157  4351585
26930272  2646606
26929144  16612666
27429967  15454220
27425370  27420747
27416585  27417887
1714121  746531
27428667  1214365
27427894  25721884
27427130  298750
26894226  4660142
26796168  3218910
27430363  19036029
27430553  261015
27430558  17548199
27424154  27289579
27430634  23294658
27426037  15141762
27430791  4836710
27430894  27343038
27429763  2885660
27429453  27405862
27431373  8830772
27426314  4106544
27429601  8970767
27423346  27353941
27431607  659796
27431589  2950971
27431487  4936221
27431809  27430241
27428869  5512060
27411688  2973202
27432202  495021
27432040  27430811
27432358  60174
27432327  1280263
27432594  9457832
27084559  11039064
27429928  3741672
22880829  10252065
27433187  10252065
27433410  8644253
27433418  19777612
27433589  13355233
27433737  14028959
27433789  5552462
27428058  21084088
27432929  23294658
27428064  5739853
27433926  2973202
27431630  11573974
27433448  1716609
24782312  2126620
27416584  25258921
27396253  17554068
27433494  4952820
27413997  27424801
16376394  1061678
27424801  27413997
27434488  344380
27431735  25066925
27434591  15754299
27432242  23417356
27434802  7999148
27429322  6318611
27431337  16210822
27435075  12769982
27434735  20563772
27432567  3058919
27431138  1041342
27430261  7804955
27433122  3762012
27428222  4421706
27435519  218384
27335587  7205128
27432674  1732348
27353386  14142434
27435690  18335482
27435779  3887476
27436015  123559
27436187  212198
27436444  564366
27426739  27423346
27432966  986006
27432966  1132941
27433173  513832
1597866  10792603
27395832  1943881
26710320  1165084
26597011  26618662
26472570  11001822
26279632  1469764
26055692  15191984
26045001  463299
25986000  1846068
25691301  1559770
25606010  5754218
25570937  5982682
25548693  1711880
25535361  18448121
25535130  10647855
25381330  4368154
25377458  25223033
25295020  14920434
25060948  489258
24997326  18542357
24689583  4660142
24390704  974877
24291351  16578844
24226312  7987264
23780271  3008192
23905734  4946316
23786587  12013448
23523626  6463142
6629423  2547428
27436982  4786771
27430557  118884
27436878  27435857
27436749  19491491
27436946  14943817
27436910  1344414
27437246  4346117
27437135  1741820
27437112  1881922
27434971  8803018
27430696  4261133
27437049  27396172
27437663  2950074
27436282  14144279
27436781  19768620
27381346  8729786
27438036  24994593
27438442  23667086
27438443  18477398
27438462  16661454
27438547  11922383
27438190  241178
27418632  18687876
27436634  1297231
27436634  6201306
27428178  27390370
27438971  949433
16844793  9616957
27439143  14465187
27439049  4744536
27439265  961717
27439577  21388624
27439532  3504870
27432627  11520492
27439691  22937618
27432337  5755241
27437298  7019912
27439712  448271
26932373  3975688
26940223  11461607
27427242  10414806
26967371  6742882
1672142  923299
27440220  11788195
27439680  11299992
27439680  13110825
27440286  2535124
27440286  2784514
27440319  750486
27440414  55677
27439858  936186
27440642  7690568
27438313  3501516
27440786  4660142
27415674  19529829
27432306  11310877
27441216  3384504
27440961  7780758
27441349  209513
27441349  867866
26880834  24985825
27101198  18775874
27079322  4269093
26116630  5760150
27418643  21887252
27416549  1662473
27414260  18929864
27411734  4000854
27394405  12431994
20297157  11393071
6551822  5791211
27441802  18404108
27435672  16457693
27442112  588004
27437229  13955163
27442581  13311094
27442492  7911776
27442834  3941357
27442999  218384
27443008  4660142
27437026  995593
27443110  12462318
27437955  10834140
27441078  218384
27441621  3105249
27443185  3583724
27441371  24644436
27441533  3207365
27441391  27398991
27444142  40480
27433801  7019912
27444331  15939002
27444279  12573816
27444378  27439701
27444241  20279484
18977792  21899586
27439297  21487578
27439575  3342159
27445273  3737139
27445018  8031939
27445357  2973202
27445452  17334759
27445455  10390406
27442815  13499111
27444394  14387690
27380686  2887978
27445612  182287
27445682  920353
27440511  3936275
27442329  20600721
27446019  10014147
27444185  10934683
27430569  15003518
27446462  860339
27446390  24027116
27446714  2025789
27446814  1134976
2694566  290884
27442905  22737535
27445082  26260950
27096942  27419253
27443054  22335655
27446445  2891790
27447132  2901102
27423367  4061345
27447352  27137310
27447509  12530406
27447728  14028959
27442597  1117761
27447833  27441433
27444805  10111215
27441390  2652200
27447575  2784514
27444717  25077284
27448022  3080960
27448358  20773850
27448299  6805482
27448622  662488
27448671  7165395
1342216  65673
27448585  27176117
27449057  10477859
27449417  14220321
27417611  1387612
27449831  5780112
27449866  236129
27449925  14674057
27395354  4594733
27450381  27429150
27450263  25082248
27450728  23119433
27338870  27449119
27451136  10220322
27451136  26975141
27451037  2607289
27451335  14700472
27451524  27448236
27451551  11922383
27424703  10760379
27449702  26141506
27451520  1193654
27451580  27450507
27426932  19742805
2606280  683425
10892185  3675835
27451393  11849692
21810240  1944656
27451327  4265988
27451948  4358728
27450891  27449338
27444628  1005153
27450605  14321038
27452584  2973202
27452604  32875
27452381  24130271
27452799  2153180
27440772  26821319
27452848  17187066
3008695  2761723
27453154  23353173
27451010  20863288
27452946  21315308
27453303  4660142
27453098  492384
27453558  21611795
27453744  15616254
27453805  2554519
27453842  23667086
27392219  10601570
27453721  950087
27453934  6487366
27453983  5855811
27451590  24027053
27452688  6036462
27453496  9062182
27444372  6557154
27454406  3664077
27454433  4479683
27454608  2770321
27454585  16579005
27454659  39576
27454049  27453111
27454645  24644436
27455056  5187530
22703564  13900399
27453225  1817792
27455293  767372
27003617  3130079
27453111  22735852
27455245  19896870
27455299  12693197
27448768  20729239
27455727  8356842
27455755  27405430
27454478  884974
27448460  297514
3390750  45030
26125920  26123513
27449298  19859620
27456275  27455666
27448490  79923
27456008  12769982
27455577  25885358
27453374  21380623
27456783  9887360
27456759  22392384
27453386  5241954
27110636  2835559
27456990  588004
27455422  5605125
27457207  12573816
27457305  11103216
27457508  12573816
27457531  1319615
27457107  27429729
27457662  16836516
27458033  203198
27458092  27456053
27456882  766893
27458731  24471704
27457969  9620278
27458940  5346853
27459115  9249456
27451654  14075029
27455672  513832
27458348  4297949
27120151  8107001
27459461  295104
27456847  24644436
27456642  2973202
27459781  495021
27459769  23294658
27458206  2483849
27459977  24024754
27455996  1449035
27455560  27428905
27458261  27428905
27460397  6249151
27459150  17471913
27460311  236129
27460667  7644131
27459455  5073350
27459063  5413765
27459831  27458753
27460838  513832
20869951  11322182
27461289  14433935
27461301  750486
27459297  10298291
27461366  1711915
27456700  24947331
27461335  13547824
27459652  24150359
27461565  15577124
27461628  5855811
27461195  26702944
27461728  14405178
27461581  20077487
27461581  22864520
27458449  16798796
27462081  513832
5798431  203844
27452694  203844
27462303  24644436
27461959  1299871
27461757  23667086
18257280  12998430
27462509  4681176
27461887  17589533
27462824  24213436
27462692  2899699
27462863  27320527
27463097  1373164
27463510  16460616
27456393  27454145
27463683  701166
27457891  699941
27463842  1613341
27464165  1132941
27457898  7337626
27464298  129178
27463758  24644436
27464439  20739221
27464508  4660142
27464464  1565600
27262773  673523
27262773  8090486
27464776  17233547
27464642  22735852
2079990  7574490
27459964  27334981
27464959  10393886
27462154  27421619
27464960  2725533
17397797  308695
27462748  203198
27463765  6441218
27462801  27461269
27083480  12573816
27465213  217776
27465592  27457803
27465718  9292156
27465511  2301285
27465856  203198
27463730  686439
26637748  805107
27460022  3003145
27465827  11893555
27465836  11729368
27466227  5365055
27455295  1980355
27448238  9942594
27375892  14443263
27375892  19186898
27458465  19695658
27466476  513832
27466535  2367398
27466535  5224252
27466472  6019206
27466389  8819842
27466389  1113408
27453958  10220795
27466640  13840429
27466708  24644436
27466897  24644436
27465264  25627798
11642875  24578536
27463934  27437630
27467637  2354210
27466785  24675073
27468004  750486
27464412  9240556
27462392  111102
27468030  2729752
27468065  18271170
12862416  2321150
27468251  11282592
27468206  54142
27468206  1613230
27461379  14884523
27468282  16831733
27468282  9825071
27466711  3577641
27370055  4206634
27468734  6115459
27468839  10262937
27469520  2594415
27442985  68624
27469164  17693136
27441870  2962280
27469960  513832
27468430  513832
27415049  27244597
27464071  17392857
27470338  27468029
27470022  19502040
27467727  399641
27466288  50467
27459628  24235045
27468981  24303376
27191282  27198558
27470723  60174
27419943  27417208
27470916  27470048
27470606  27441076
27471032  23353173
27465877  3544155
27471057  218384
27471184  14636446
27471167  8705427
27471251  2111857
27471251  1949122
27467070  8128395
27439312  27437483
27471527  13766209
27471562  182287
27471620  14220321
27347045  20539295
27472033  18818406
27472008  10851273
27472076  12769982
27472141  1359018
27471970  13990919
27472233  195207
27470187  14071666
27472209  2973202
27472407  1457716
27472431  1575141
27472516  4172976
27472470  25099153
27472343  27045753
27472586  3796025
27469966  19949887
27472472  200469
27472984  8028957
27310631  12923572
27473088  27471200
27472969  4176328
27472130  4528085
27473236  2589949
27473263  12573816
27473279  4015417
27473394  24170217
27473261  21881992
27473457  5777131
27473457  513832
27473464  16413609
27469241  17130395
27473717  4660142
27473875  9264763
27473934  4289331
27473991  17976823
27473999  24026510
27473889  23396591
27473953  5143817
27474272  1585513
27458410  22866901
27474433  16082420
27469394  19755944
22440184  20521098
24672469  24658332
27474010  4465547
27437518  12166854
27474528  5907031
27474892  274626
27474480  218384
27474671  13595935
27474959  203198
27471908  14028959
27475065  2249108
27475241  1451009
27431696  9178024
27475050  27470723
27469515  14861160
27475422  14267707
27474546  26297654
27474340  12115258
27474448  15143837
27467910  16310298
27470625  358783
27470565  22187279
27470521  480214
27474512  11596693
27469949  1641219
2806682  16600708
27466919  25052729
27475334  19001844
27467744  1610626
25282385  12333789
27475787  11322801
27475287  13003850
27474686  10697196
27475934  667951
27468139  316780
27476307  240178
27476363  12769982
27471741  13106095
2272019  505167
27457857  8617067
27463749  24548999
27303038  11366349
27460754  27458804
27476465  15002306
27462430  27460302
27449956  1495407
27449956  12121090
27464619  3026767
27466716  25359247
27465691  784929
27465003  500431
27464452  24762229
27456707  19179829
27452982  5232295
27452226  7302824
27449780  11551861
27431246  10392620
27431246  16113237
27449382  21030027
27449273  11365632
27446823  7952239
27446823  21997637
27444339  9709209
1118369  741227
27476742  1216172
27473237  843972
5988562  27476554
27476990  513832
27477203  22718744
27463888  27194820
27477263  2941169
27462553  27093908
27477308  9844925
27477547  1995198
27472479  9383791
27477636  13213978
27477349  27475967
26963024  19860795
27471328  43802
27477792  6789703
2843073  1694036
27477884  274892
27377769  27475268
27473741  12573816
27478150  2450954
27472500  18267146
27478142  758912
27471734  520611
27477709  12298326
27477159  3963201
27478251  7184573
27478634  3793791
27477037  5369318
27478666  8327456
27477783  27462918
10217390  1991380
27478198  21934089
27475539  240178
27478715  4660142
27478559  2163017
27478974  25548198
27479067  10051782
27479186  4261133
27474634  218384
27479362  8236380
27479362  12335358
21001620  9744602
27474641  2462385
27478130  2418189
27339983  27339266
27479588  4213989
27363820  5004920
27479720  7074
26295095  24045307
27479722  10805125
27350157  17640624
27350157  2794201
27479747  2228048
26726710  773442
27479290  15494568
27479790  5250244
27479832  1491519
27479859  15274632
27479829  998245
27475339  19150017
27479960  1120833
27458814  5334268
27478971  23640594
27479857  780541
27479857  104599
27466314  13537206
27480192  7972150
27479750  979256
27479750  5503900
27478831  12186750
27478754  602070
429632  78619
27478944  209133
5180713  8263130
27268197  8263130
26338205  24871532
27477966  409046
27477966  4411057
27436528  27407773
27324354  13190314
27479648  10297168
27479577  8144026
13059502  5539354
27480565  6709405
27480669  25308978
27456020  12742436
26729838  12818978
27428877  2622777
27478770  4896623
27478312  8028957
27469872  4978578
27460713  16852813
27481190  7031326
27481301  10278640
27478778  9391838
27481572  17381043
27481541  4173254
27478914  337704
27472091  26431676
27468131  7964598
27467047  16402854
27481746  9367450
27465512  6219597
27460829  513832
27459054  7325676
27455742  7869810
27450019  5328518
27447250  3069382
27442402  9468187
27441459  3881
27441459  218384
27440029  1024886
27481922  16460990
27481759  22481248
27481956  22984438
27482049  477572
27463083  22396536
27469334  3652743
27481906  2301285
27482290  12423614
27480225  8544771
27481079  15546292
27480621  7059140
27477258  15844349
27482576  4660142
27481318  1068720
27480637  4695044
27480634  11543010
27482431  1848500
18990281  14164610
27477413  11048622
27471007  4261133
27466673  4502633
27482986  4261133
27483504  513832
27482476  6633626
27483174  12605498
27478133  24644436
27381990  22297141
27482955  160970
27312943  6675066
27484116  601838
27465635  25273573
27463389  12897374
27457913  1996518
27449839  5290299
27448784  1335851
27448391  1373164
10299682  5333680
16343849  13964637
27484489  14850553
27426765  13355233
27484684  1301346
27484684  1641219
27484673  12769982
27483382  17270876
27484843  364253
27484948  255341
27484948  10966331
27485004  1566936
27484298  20679716
