27485102  5302893
27484200  25938274
27481324  14568396
27485426  60174
27485523  4660142
27483492  27376358
27484366  2113940
27485642  3737139
27485522  2594829
27480633  5769669
27486003  13128428
27485769  27450350
27482693  25445807
27381629  5805059
27485344  12805633
27483693  27372638
27483693  13761367
11318806  7685510
27486569  27477802
27482474  5827612
27486825  57483
13497636  7685510
27487001  5881677
27485449  5715235
10306340  1155194
22435730  12757015
27487014  23782051
27487371  4479683
27487371  409784
27487325  20745145
27487448  1646590
27480126  4194439
27487850  16855352
27486963  20620198
27486159  25849281
27479177  1338728
27478608  20832589
27478608  6343166
27486654  13276021
27487986  1213576
27487796  23516761
27488164  361
27484053  27478633
27486010  27478633
27487394  1289633
27488088  7039580
27488276  8053698
27488604  22564167
27488768  6177309
27488683  10193073
27488731  2843236
27380235  27458649
27468773  27445138
27488802  21066167
27489475  27486699
27489281  15316613
27487173  6972860
27489577  18776322
27489109  476968
27489866  14220321
27486837  4080497
27489006  1610626
27490021  27480787
27490058  2089258
27489202  2996806
27485623  14049480
27487615  11856150
27487877  1547026
27484654  12654631
1214928  2026335
27438258  151850
27437387  601790
27490118  15269682
27461554  27366895
27488790  4676047
27422446  2247045
27422446  11619616
27349572  15098980
27490807  2612802
27480546  14878788
27491029  8049612
27490554  27282335
27490554  27337793
27489588  23204580
27491253  27445138
27483585  14517652
27483585  24421628
27490123  27491303
27491444  16491870
27491546  10160770
27491797  12769982
27491786  6435377
27491764  4631540
27491361  4736754
25581764  7138491
27486328  1096449
27462190  17402484
27229620  23766259
27492335  5951496
8129260  2136599
27488374  26821319
27492521  860187
27492769  10618676
27455127  27454015
27487362  3561648
27493000  3422673
27487641  360751
27369343  3337789
25703244  25564969
27493704  2813857
27493728  4651757
27493652  5302893
27493700  13499111
27490284  10752055
27447942  13420958
27490239  15953075
27493768  310870
27494143  5649097
27493491  2051402
27494421  513832
27494421  767372
27494089  14028959
27494504  4660142
27493910  4660142
27492539  11565423
27490365  19184019
24302191  19184019
27482737  661561
27480886  4127363
27494590  24203492
27461512  3260015
27456408  10594643
27448856  15853746
27494252  24006975
27442524  2719954
27442524  8990948
27439095  3757858
27494696  27490259
27494814  19386849
27494486  20678360
27494928  14737104
27494820  8028957
27494521  7828534
27495265  513832
27494862  783662
27495312  1313390
27495274  27137310
27492595  1100371
2889046  839577
27495530  12820724
27493726  27489694
27493799  588004
27493650  5605125
27492338  24550963
27492733  4421706
27492216  4984612
27495711  279170
27489349  21801525
27493136  4060545
27493582  3906137
27492976  8759433
27491293  26130704
27495750  15865627
27495719  4764978
24018847  11218897
27486991  4706499
27495911  24644436
27476686  631441
27494606  14492830
27496094  7220681
27496156  12769982
27496200  23294658
27496280  409784
27496122  11252780
27496343  2167916
27496361  4238433
27496446  2534089
27496671  12769982
27496525  9250624
27497108  1975128
27497245  3634670
27497267  359788
27497360  960866
27497320  17606691
27497331  610245
27497304  5898851
27497445  312443
27497425  336859
23008253  8585184
27461016  20061809
27490275  60174
27488003  21487329
27497596  14220321
27497665  27440280
27497565  2946165
27497679  18546295
27496552  27488080
27497719  4662215
27495961  4261133
27498134  12769982
27498175  218384
27484355  27494663
27498173  13140043
27498334  279170
27498440  26903938
27486309  18296755
27498450  136097
27488759  27348487
27498518  1584370
27498518  10865025
27498824  2523765
27498871  25875018
27499072  3910671
27499422  4454551
27498289  11308367
27499377  7004261
27498299  27487593
27499523  25021571
27498137  16090869
27499173  1860393
27499144  1597736
27496973  23640594
27498698  2969222
27500240  6343166
27495919  9152792
23127687  5155789
27495522  25721884
27493884  6878246
26781643  25245932
27500961  19833272
27380775  8391475
16893515  16633956
27501216  1825720
27494787  27490262
27500732  2673855
27501217  23667086
27500499  2551337
27501489  2419749
27494632  18496421
27499022  14556605
27501811  16641119
27380935  12573816
27501950  1114799
27486389  22536385
27501863  671815
27500312  2602612
27500691  15521451
27502341  2381572
27502524  588004
27502505  5864166
27502695  27485322
27503113  4968406
27431236  14570989
27499994  10479679
27504083  8108688
27495968  24760955
27504255  6734579
27496465  11804332
27504282  27501626
27504616  27457270
27498745  12143777
27498960  9605913
27504737  10727538
27504669  4660142
27457895  15590450
27505061  588004
27505173  2934563
27017579  20348007
26424978  26297151
27504905  26599782
24554718  50096
5945775  6934659
27502755  16150311
27505081  3938534
27505587  1005153
27505750  1696877
27505312  21208031
27496167  1568042
27504602  15240931
27502911  1250643
27501624  14342355
27504801  11939770
27504719  20940979
27501018  27460920
27492455  10773695
27506033  21368629
27503105  712046
27488486  2764760
11217017  5004233
27506220  1881409
10611018  7263291
27506262  14003606
27503866  4024492
27258055  3577641
27503047  574594
27506459  9745389
27506387  3144610
25292822  1228299
27506605  18645155
27506605  10885044
27505358  27505010
27506870  941584
27506595  22937618
27505590  4058414
27506145  4385914
27506541  3694487
27426372  22740774
27506991  5382524
27506073  1660124
27507045  2973202
27507339  4836710
27506701  7479721
27507220  2381572
27506053  13778650
27452257  27392952
27507037  11652197
27507632  20589178
27502975  14244163
27502590  4627197
27505687  15238714
27502750  27507498
27501957  4538180
27507803  20670500
27508589  1922677
27508619  14220321
27508471  4945178
19227243  6750546
27505134  6420194
27408004  24081586
27507242  2721351
27508847  24680497
27508854  415403
27509127  12842371
27509206  8673378
27395483  6160415
27509302  6160415
27509056  5468871
27509374  2238887
59099  5382925
27509578  3294072
27509634  4488035
27509762  4030436
27509350  9561295
27509736  8440816
27504207  8729319
20350221  512054
27504068  2556190
27509993  3230133
27508122  13506484
27502727  12266502
27510168  4353203
27503427  15186093
27503325  561553
27510624  27500121
27510738  13628791
27510789  5667888
27510727  20665948
27510990  13102045
27510852  15880395
27506826  27359816
27511514  27500121
27508641  2126607
27510761  9018016
27511429  22752003
27504109  27500121
27509516  3719915
27435985  27434087
27477290  7469082
27512242  17377641
27512242  218384
27509170  22907777
27473706  27180301
26543863  5080988
27512638  307674
27512340  26178152
27513038  24644436
27513127  1711990
27513200  750486
27511216  11942961
27496186  27137310
27496884  7114990
27513477  4261133
27513327  495021
27513588  14630984
27513645  85190
27460508  625799
27513732  9421505
27513247  25971636
27447192  15051553
27513940  27513659
27513923  6739871
27509965  1206193
27509965  27512595
27513999  7131457
27513999  1637807
7131457  1637807
27513820  3831676
27514368  17967423
27512920  27514288
27511996  14775921
27513896  25505754
27505657  7598579
27514590  6343166
27513970  10574526
27513679  6952363
27513288  563544
27514482  24159478
18798676  1386696
27514700  27513140
27514719  1386696
27504457  22998763
3108777  787722
27514685  4750225
27515286  166221
27514740  12570834
27515356  128445
27499809  27202043
27514006  8201716
27515716  1305734
27515825  6791533
27515819  27495525
27515902  21293336
18017246  3002251
27514603  4609698
27515950  454315
11028075  10474287
27515800  20107701
27516551  4261133
27359921  15745042
27352353  885009
27516652  2852381
27516774  27454390
27516791  4588100
27517202  5211961
27517247  312443
10091310  9258344
15899952  19196238
27516174  371875
27516898  4843158
27517474  6023548
27512655  21718701
27517059  743164
27518016  19773669
27518228  4842056
27518497  8664976
27517779  2664045
27516836  750486
27518247  223918
27503586  27461799
27501826  27241575
27518856  27482726
27518557  27498866
27518880  17760831
27518866  18573016
27518667  5683486
27517372  2281087
27516790  2119480
27517097  109383
27514640  4114095
27498624  27418944
27520079  479142
27520079  10040069
27511319  19726509
27520338  750486
27489869  3450965
27520681  17925218
27520516  15549429
27520594  348410
27521057  1113729
27521105  2450373
27519657  6952581
27521329  2051723
27521610  2333835
27521667  8785841
27516377  18093928
27521111  19310061
1991346  933367
27502102  1419708
27509190  7574115
27522306  588004
27515087  21881992
27518524  18696998
27520418  15400775
27522741  17520964
27522741  25483854
27519648  1163667
27523094  26347777
27515144  242608
27523357  14610090
27523521  6050031
27523469  14220321
27523093  4851573
27523509  6630875
27524072  17762201
27524070  1532366
27524298  409784
27524294  4049162
27522746  27522446
27524796  40480
27524765  22937618
27524719  391005
27519436  27278966
27524954  929276
27525144  1520429
27524923  9142523
27525002  154536
27518251  3579361
27525369  11152536
27525369  1508975
27520813  1130351
27524838  13585789
27525771  14220321
27525720  2368470
27525124  3920049
27525985  567138
27520457  4787104
27524007  5962808
27525188  4168327
27525325  403967
27520669  8512802
27526088  27191518
27520959  24122850
27522791  27420645
27526236  13032777
27525624  12423614
27526376  27523093
27522058  16342271
27526367  24835774
27526481  500508
27526486  3737449
27526535  18302603
27526187  8812459
27489359  27474872
27526241  176720
27526634  16578609
26984781  26567377
27521836  4151128
27526893  176775
27526801  8608587
27526792  6226018
27526427  4438147
27526772  2004666
27526453  8863549
27521616  16108621
27527078  2486191
27527121  10182714
27506240  4417962
27527232  1687171
27527379  4176328
27527463  4660142
27527265  4185340
27527265  65035
27527562  4660142
27527642  15413037
27526078  542510
27527618  13719593
27527618  6842795
27527532  14682356
27516282  27513166
27526977  5455528
3500738  3388109
15971842  7780002
27508982  2529441
27527768  10373318
27522823  2850369
27522823  20222732
27525223  27527749
27526681  748727
27526347  2034576
27525753  18501081
27520098  182750
27527072  2005209
27528428  22154255
27527826  20618323
27528890  749796
27529091  5468871
27529268  13033037
27528418  12559843
27520382  8960605
27529387  13102045
27529408  2009555
27528277  5272825
27529423  12400567
27529411  17221381
27529548  4769968
27529705  11441666
27529441  2346754
27529812  18884840
27528794  15825768
27529706  12514382
27529869  541954
27529851  6246159
27530068  2958684
27518662  27441398
27530118  23667086
27528907  3418128
27527598  16577120
27530247  8608587
27529628  164319
27522102  27500121
27530363  16540164
27530337  2371118
27528023  4880685
27530602  14220321
27530280  18357822
27528730  4708028
27528216  5278197
27530779  3384504
27525761  27521411
27525867  22737535
27530922  7053652
4327355  19263277
27528686  19821753
27530664  2309459
27531032  14220321
27528913  20897261
27530899  14794427
27531115  4537963
27528650  19001528
27522719  9007181
27530083  6135115
27528771  5788037
27517273  13921456
27531457  1334143
27504413  16577120
27514327  27496412
27527917  18259692
27531770  11384407
27531522  10759177
27531641  24473213
27530900  24644436
27531893  157944
27532108  11884168
27532385  27530778
27531337  1075443
27532528  2973202
27530355  6702099
27529136  10092869
27528729  6964270
27527794  79126
27527828  12348734
27527639  665299
27527057  15859462
27526610  1418466
27517912  27517171
27524381  9581929
27532028  12530406
27522129  1360253
27520583  2521459
25998500  1199176
27511940  17934740
27511813  1028024
27511606  2470487
27510220  25452370
27438737  4588915
27503044  15923901
27501990  2855597
26159836  803921
5984361  14211973
27532809  20034297
27532809  8485006
27532922  588004
27532785  8299545
26842638  60174
20619179  6308794
27401022  15211479
27531014  10087113
25518467  1457305
27533172  8302674
27522902  21623623
27533097  10579027
27521991  27532304
27529035  18786829
27533518  261963
27533018  1470488
27533659  9288904
27533814  23116911
27533849  13273002
27534039  2600191
27532225  27516421
27534127  23294658
27534253  2593637
27534308  18830899
27431613  10527653
27534460  209812
27534536  70324
27528737  26247467
27530679  3709204
27534788  4573918
27534728  19925155
27531806  27528636
27533367  26198860
27524756  27353668
27534605  24644436
27535367  27526992
27535593  2699086
27525404  5229809
27535650  1125730
27535622  1924136
27535746  13905741
27535815  10810369
27535824  27533599
27535805  14186565
27535961  4244896
27536097  3158730
27536097  11640507
27536123  12146445
27536017  154136
27536017  2314066
27392711  4691782
27536437  3078441
27536457  8004237
27536361  8189416
27536657  513832
27536675  5652344
27536763  17950999
27536955  4508145
27534406  10481651
19322975  14330383
27536689  13570285
27537132  11922383
27535685  27536965
27537298  24644436
27537173  3577641
27537462  218384
27351711  4836683
27486447  1425487
3134679  3136204
27482950  744672
27537670  413439
27537623  18556896
27493092  6045384
27493092  19603450
27537725  16685126
27537736  10693845
27537852  14178264
27537902  4261133
27537922  2973202
27537811  19747921
27538169  3428536
10234894  45135
27528975  4017034
27514108  2378607
19603450  6045384
27538349  2454295
27538477  335311
27538697  8380289
27538856  23446377
27538840  11178426
27538984  7129842
27538981  4028313
27538403  5944749
27537910  5832631
27537507  20563772
27536442  4399138
27533155  4660142
27537716  2814128
27537608  2844516
26315049  4706499
20157323  22093662
27534971  26889540
27535665  10775894
27536952  13333580
27538962  23859939
27539353  6893700
27539353  20519992
27539733  1132941
27539078  3556687
27539772  9927163
4667316  2936000
27540156  19605150
27540151  434287
27540290  342964
27538437  33761
27540686  11610797
27541397  513832
27541713  2280394
27541787  18042176
27540614  12524537
27534840  7886453
27539930  3550337
27541933  24812679
27541793  3695224
27542014  4660142
27540235  7670355
27542303  4804398
27542169  27176541
27542577  23211641
27542578  8294618
27542765  3144610
27542214  20582312
27542367  27540769
27543108  7074
27535887  11495606
27543564  4660142
15024933  1700081
27544142  21317192
27544084  4660142
27543049  1700081
5117132  1700081
27543580  16035300
27542036  19471285
27543274  23013941
27542644  661561
27543167  7092107
27544502  26505374
27542298  3041543
27542298  2096283
27542936  17709140
27543559  15547985
27544478  22654550
16569546  2936000
27544601  1660124
27543846  5811122
27544691  8700636
27542728  3967515
11882235  1700081
27540127  21033199
27529574  24591898
20400352  2936000
27544352  16108103
27545179  4487546
12893584  11253316
27543402  20633380
27544399  1328025
27544399  3552461
27545585  72167
27522162  16745793
27546020  7165395
27546046  453023
27542785  7279477
27546332  2079457
27540191  27522942
27483993  27485346
27546919  3442394
27546310  25951980
27545539  12737860
27547010  5949179
27547023  25924535
27547133  114543
27547133  2939914
27547572  218384
27546185  16632524
27547646  18425225
4267625  1649828
27547985  14200427
8079671  6090041
27548206  8553175
27543037  7431341
27548096  9624242
27548272  5341202
27544147  1816030
27547442  7350288
27548307  12953704
27548545  610245
27548130  5967564
27543473  21917630
27548403  6761403
27548829  632475
27549400  27546876
27549362  15112125
27544996  5740307
27541516  5203792
27549605  17226762
27549766  19795972
27549800  11956806
27549953  5274362
27549985  1357240
27302209  8899067
27550476  2667446
27549820  3933614
27550798  26938441
27544902  986006
27551136  6320995
27541890  728360
27551483  11118135
27551498  18032068
27551498  18782324
27547676  11543735
27551634  6348494
27550101  7508504
27550191  16588064
27551797  14027807
27549378  1063406
27552065  15599679
27552065  27517111
21051486  8650472
27542138  18329621
27544285  27500121
27552210  23250
27549391  721090
27552294  20828050
27552574  1964821
27541460  27539968
27552304  14334188
27552975  10640821
27552653  23667086
27553398  10440113
27553501  14301935
27553114  2982748
27553590  14183546
27553634  6231973
27553652  6612385
27546325  3126830
27553726  14028959
27549924  27533747
27553607  26918594
27542426  21072355
27521326  5839359
27554074  27552660
15965043  10063770
27552098  1990948
27554245  9765942
27552841  14877134
27554153  25726493
27554504  11030307
27553239  27516421
27554797  236129
27555034  3577641
27555042  23353173
27555340  5875414
27554067  9455271
27400983  2018550
27555396  24417205
27552452  27351744
27555558  226976
27554523  7586702
27555857  203198
27556044  361752
27555537  750486
27556271  1525664
27555247  10366481
27556506  3052442
27555602  27411492
27556757  4357031
27556284  2449798
27529285  8133974
27550768  764298
27550428  13914404
27557046  23808928
23808928  2631001
27549546  767999
27548168  8206736
16341620  17027781
27541873  9801524
27545021  1516876
27544917  11001760
27523688  27542683
27544257  3522460
6020210  6060471
27541737  4084402
27541647  8050825
27535915  13420305
27557130  1888779
8111125  4895465
20335522  4895465
12386651  7578857
27556343  10931605
27552792  11970196
27556766  16152547
27555169  275207
27557437  9880285
27557431  5240990
27557173  12829705
27557630  3052442
27557630  9055169
27557482  4176328
27557835  60174
27557818  272900
27557684  2973202
27557019  3577641
27553924  14637621
27558159  610245
27557166  24644436
27558003  27549514
18052930  27557727
27558477  4988645
27518587  9439725
27298896  27296641
27558799  27415205
27526751  27506701
27559301  872544
27559362  2745265
27559497  203198
27355645  7015471
27559730  2117255
27477826  952149
27555962  4308441
27560304  21487187
27560688  7635191
27560850  3028491
27560930  34510
27561607  8228281
27561350  18972845
27559472  16631436
27561699  513832
27534981  27532393
1281150  152834
27559725  3087361
27561176  18717090
