679994  570960
1031199  877295
1036080  1035765
1051456  2187
1056921  1056879
1064074  446835
1079750  252683
1079750  870853
1046993  198478
1047358  74884
1081689  12681989
1097129  856154
1102710  209170
1103495  1898
1112069  67117
462978  15142
475312  304916
476584  445950
487578  65512
487578  321299
487807  65512
487807  321299
487807  487578
488250  390900
885213  871
885213  26845
885213  645008
900653  231847
900653  350248
904533  904505
906644  906371
908039  620745
909745  353643
909745  909746
1121980  1072701
1123201  332111
1128617  1006276
1138428  613954
700361  215255
705309  30251
705309  83073
705309  135826
711993  412380
713383  460586
713383  592931
725676  172818
725676  321618
737290  379041
737290  641619
912762  745443
918935  36387
918935  64856
924219  15496
924219  924222
929142  74884
930210  3859
490222  6301
490222  6325
495668  9051
496804  48496
496804  145096
509129  393462
1087201  147646
1087201  1031821
1087401  492184
1089509  4769
1095376  371356
1095376  539138
1116582  1110658
689788  689778
700467  697286
704343  540078
741720  742210
794932  125326
811426  2690779
813048  731802
813048  734891
814477  17903
414690  190662
414690  311119
414690  370385
423228  5938802
437018  388673
438904  438073
445642  401726
445642  442660
822279  822104
840120  574881
840413  840126
841860  5119
841860  78955
842203  584507
665234  1305406
686783  267945
686783  392280
686783  405717
691506  662283
694814  160218
694814  243217
694814  610728
487681  487245
504193  494594
527232  6166
527232  116292
527232  170129
527439  260484
529379  67299
844450  836725
844918  839268
848705  381542
856593  16432
886055  587676
886205  877449
1151695  148298
1151695  271561
1151695  677264
1152032  17532
1154268  909323
1162791  647259
1162791  901115
1165935  681602
1172187  1000561
713438  155260
719769  719509
721041  203069
721041  322484
721041  589184
725770  132777
725770  516291
725770  516768
516058  1008432
518132  453880
519125  369393
519825  519828
524282  79501
656362  18557
656362  67131
656549  214741
656549  324875
681200  189921
681200  678254
686897  194261
686897  341971
686897  477399
725921  335889
743320  743323
744539  172443
744539  535792
744539  631410
756586  90578
756586  570850
758545  131468
758545  276022
758545  566082
943446  943391
959924  959918
988127  52312
990667  231
995624  854807
999632  948683
705028  704353
705028  704869
734244  723195
737835  1873873
740677  54539
740677  87422
742766  119064
746327  448963
769340  143847
784682  182258
788375  307528
788375  406016
788375  738298
788958  610728
788958  721246
592144  584787
595305  247770
601422  314095
610714  264290
612450  2572
612450  18557
612450  209329
696202  696113
704149  3626
704149  451718
704149  538390
705392  163026
705392  423823
705426  387339
705426  621884
717628  619895
729617  321618
696043  359424
700087  36707
705567  704353
708911  298976
737148  737091
737680  132777
737680  450866
738177  727516
741692  6173
1127028  1126791
1129785  1669
1133680  238079
1142854  1028053
446728  348210
465119  4736
469256  315470
477794  191536
886455  1304
886455  876473
889906  889891
893207  893209
907972  907660
908065  910055
910098  801757
1179740  450161
1181912  1179317
1184334  315760
1194765  1176594
1197237  220630
524541  79968
541287  539029
542532  23102
542532  72394
542532  112687
548612  115256
552256  552184
552256  552226
552256  552256
558063  53598
760532  737610
760666  749297
777978  918
777978  70577
777978  143397
777978  777924
781222  780961
790533  790483
790533  790568
1000495  783651
1007154  1006684
1011132  713043
1011400  394601
1026363  657795
1032213  157208
1032213  634029
462491  462180
463109  2916348
463628  156121
463628  431285
467972  467793
468372  468266
692096  6703
692096  135535
692096  246808
695823  176989
701486  168837
701486  443010
705413  705357
728226  717900
558265  538498
594038  593613
611579  611378
613760  326390
613760  606074
621848  40533
744700  646804
745261  80622
753515  17903
764790  764779
778026  321618
778026  653038
479323  385893
487647  487245
501608  501603
523929  523912
532346  110259
779664  18985
787977  28932
787977  360818
787977  534601
792155  144254
803898  365671
803898  520079
803898  639035
803898  725372
808969  1160857
808969  4272528
789779  2084
789779  132587
789928  156752
801126  842
801126  282150
801126  570451
836639  326318
836639  531762
836639  806753
838277  203824
838277  453880
809702  700205
809702  808904
810353  810322
817420  617414
824157  2062956
837559  822487
840867  146297
844463  420122
844463  500304
857048  68372
857048  603696
869765  91445
871505  2669690
875028  561949
701738  7074
701738  215255
704046  481803
708556  1383
708556  244345
708556  473561
708556  652292
708675  36707
718401  113547
726404  258120
734075  17434
739006  90578
755618  726249
763406  61449
1145347  19147
1145347  93989
1147034  1146928
1150642  291985
1150642  403754
1153900  12573816
1154036  440156
716399  72121
721086  721026
731112  491429
879925  758673
880810  69909
880810  880485
882818  273615
883184  28932
883184  65491
883184  360818
532980  515461
533516  337704
534184  467176
578329  84282
578329  238579
578329  410022
578329  432944
579090  191691
579933  138367
591004  1910892
594062  587709
1042343  1026359
1045415  1039909
1070526  534690
1080111  1080072
1081315  362730
1205075  31326
1213799  168802
1219029  1218947
1231498  1231427
892395  287489
892395  318888
899632  116819
904461  72394
904461  262145
908469  183112
916076  879913
916578  849836
921990  17903
629036  576431
630372  59895
631506  24901
631506  53455
631506  561588
635007  301240
635007  520225
635209  279995
912570  448023
912570  889926
923348  271398
943940  943834
944072  943834
944608  629927
934392  934323
935562  25375
935562  205901
935711  246192
956971  827371
958707  888224
765229  551667
767286  764429
767286  767251
767935  767951
780520  744981
627643  401928
627894  217618
630133  84556
640429  30877
640429  230510
640429  248400
640429  627463
644088  16770
653733  388711
653733  442667
755285  391483
761484  760397
764994  764991
767785  18428
485688  62694
487509  3446170
498805  5611724
502081  462978
1242994  195096
1242994  1228176
1245537  1144153
1250732  1250559
1251768  1014861
841505  758906
852350  187983
854673  334518
854673  390703
854673  465627
856996  398802
1084668  941584
1089412  233720
1095623  929146
1097568  144254
1097700  77485
732318  279038
735285  166044
744550  744391
747517  56867
753233  675433
768314  44980
813015  812635
817602  158633
837683  11831
837683  86582
837683  228164
839730  835060
841091  841209
780718  54539
780718  87422
782913  144001
782913  337344
782913  441441
783926  403539
783926  403619
783926  487904
791144  556874
791144  718638
767921  57183
777711  163434
798971  194616
808148  184537
808148  240212
808148  807939
812560  871
812560  161541
812560  740053
818023  3088
818023  20965
1252790  780190
1253975  1237729
1259291  10384284
1277990  1277157
828366  828218
842057  574881
882399  61151
891074  130654
898694  1788950
901149  833946
962485  587676
971292  271398
974002  601621
979431  145657
994258  405568
1000457  999632
905229  302270
905229  366418
905229  629239
909224  242294
909224  602758
909224  846651
912883  26625
918316  100420
646241  43116
652300  1524604
653191  653128
655308  79923
958937  956869
967079  214122
983405  72696
990157  3088
990157  4769
1280983  189430
1285413  85553
1285413  521298
1286364  905551
1287486  80646
1288522  412813
1288522  1288237
1294152  601621
1013510  1017166
1026176  980361
1026895  3553
1037340  1040324
1055141  727898
508398  2379610
516354  515553
517107  242822
529540  99688
529540  393001
530943  6438502
1056426  276907
1071636  3748
1074695  1074591
1076899  818159
1157430  1052645
1173806  478476
1176864  1176055
1188146  1157178
1188982  702272
862510  207592
862510  426396
862510  631825
881696  107705
885861  885859
885974  194147
890420  193862
890420  600539
1101512  6988
1104213  944081
1108859  448162
1120530  1120315
1087480  154109
1091756  106896
1112782  54566
1123044  461203
1158808  1080247
1166611  1166496
1296695  1280118
1298732  781534
1304647  46541
532066  255147
533233  1644
544248  107936
556883  556616
1173448  329289
1181553  1179197
1184293  972611
1193317  2483
1207238  18054
555760  438821
563762  367290
579324  264042
1207859  2056
1207859  322977
1209178  147938
1209178  238265
1253064  22873
1253064  284769
1253064  1122921
1264781  271561
1264781  655657
1267704  18450
1194947  1194440
1208252  767486
1208252  1202841
1214168  1213870
1228272  1228270
1228272  1228278
1305734  209428
1305734  992115
1316780  2284
1316780  43649
1320460  1315263
890956  1557183
893011  472796
900950  264277
901301  710852
901550  135203
901550  760628
902873  264290
909459  574463
994701  636493
1019862  283456
1024810  827486
1035131  216173
1035792  1007458
784313  784539
785900  334174
795160  40480
795579  90715
795579  325653
795579  432246
1043973  1043198
1057784  199799
1057784  4180261
1066365  1644
1067344  936684
1072431  804700
1326925  335293
1334078  1334055
1336771  574463
1336771  1065989
910174  910084
913418  879913
919034  6785
919034  16432
921255  510055
922444  503564
922627  5905
922627  693242
1120849  81584
1120849  975532
1120849  1111607
1122921  388242
1133535  54607
1144088  1120575
924765  17903
931251  2572
941711  630911
955251  162149
957938  532892
963269  963268
971427  230510
923545  92159
923545  646533
933739  367884
936096  341118
936096  401232
944150  943940
1340380  1174718
1349004  2284
1349004  43649
1349004  1316780
1354184  99683
1354184  231128
1354184  307471
1355570  1200266
1363443  631187
974099  12328
974099  86394
974352  476907
974635  944291
974635  968480
1366852  33199
1378819  692853
1380056  1320512
1381591  52002
1381591  1318545
662607  613803
662607  615008
662607  625613
662607  661447
665012  616906
677112  9052
797094  2187
797094  3376
799804  483741
799804  497094
804375  137783
823023  93326
823023  535369
829284  404040
659109  658949
662560  96196
662560  319452
662560  321143
662753  662577
669003  205059
678806  501231
1381842  1040006
1383849  1493950
1392323  2808535
1399226  1399004
1400461  78756
1416774  744766
1416774  874134
693210  446589
693210  464287
698626  67299
698626  514953
698626  520830
698626  540622
698626  601438
705442  284797
705442  483997
708509  665250
1122202  1383
1122202  652292
1122627  774159
1122627  1068195
1128145  1105815
1135438  1135376
1156119  32168
678852  6327
678852  24692
678852  325653
678852  456535
689211  683013
691466  151974
697686  97006
697686  142470
697835  191302
702834  36932
708464  598980
737394  143701
744913  299304
746036  2896
746036  8842
746036  348278
750112  1702052
846069  42805
846069  266569
846069  328262
850358  451066
851519  365569
869610  72121
875587  97381
792828  4689
792828  485174
796504  83073
799179  669698
807939  184537
807939  240212
812301  7089
812301  746627
835347  655012
835347  835060
1273520  157354
1276864  2525
1292138  67894
1305327  1199190
1306344  2067472
839709  346620
843367  271398
846911  977796
1315772  1136110
1318980  46898
1320448  1057389
1322290  1321872
1326183  173400
560291  560276
560291  560291
562964  366418
576204  68675
576204  148905
576204  220609
577390  577358
577540  515844
849166  70946
849166  103155
852442  126781
860348  688456
868368  221442
875992  50447
880485  170921
880485  410609
880485  442352
979817  102567
980202  616584
994221  482392
998235  22358
1004132  996921
1012354  835092
894610  767277
902332  112702
903961  5094928
909981  798567
910313  281034
1236159  9439436
1237031  1236993
1241476  671118
1255830  1050106
1263853  201323
1268933  3088
1268933  20059
1418345  683425
1423790  25952
1427584  391523
1429491  292265
1440352  822323
1158860  510269
1178430  38499
1187004  507818
1187004  599911
1198911  11113974
1201112  270380
714166  7252
714166  708047
718839  708620
727572  727567
730880  95098
732979  410002
1208153  31693
1210922  379093
1210922  1104478
1219571  61250
1220639  1220638
1221014  812599
1229306  177
920775  920766
930603  13939
930603  452864
951829  170194
951829  460938
955271  125192
955271  161477
1239884  490969
1247154  936936
1247154  963936
1247665  1247065
1253438  1192413
884429  36707
884429  124122
885266  202079
885266  388711
885266  442667
885266  504014
902545  791533
906272  906176
600639  318398
600639  588884
601300  332365
601300  601300
601300  1862036
605987  360160
615940  171970
616994  357904
616994  387797
831220  831217
831347  4966430
833719  213680
837872  120283
843288  23250
1455678  685629
1455678  804453
1455678  1193812
1468682  1468580
1470003  86394
1470003  538390
1471454  1041656
1029387  1034621
1036454  766809
1058331  1058205
1065434  741040
1067672  742226
847225  388242
851905  260749
857185  857080
860470  2056
864473  329613
864473  803225
1074358  27578
1075445  60784
1075445  81584
1075445  975532
1105561  1096404
1122858  203069
1131833  87771
1258611  1258609
1261101  1058852
1262480  273313
1276391  1276134
881385  851370
884000  60174
888235  72010
896795  265601
899767  450835
627647  7489357
638361  271588
649550  629414
654923  582919
654923  654452
579781  382992
601366  601346
601959  602227
798368  392280
800925  502218
800925  792764
801961  801959
802197  9033
802197  144833
584624  86268
586245  230171
586245  328166
586245  433978
591226  54886
592630  592862
597609  15784
598714  143405
733079  392993
739538  91846
739538  673964
739538  732476
743748  240152
743748  258285
743748  639592
749162  45908
749162  100420
753801  745549
1269634  70577
1269634  203953
1270370  949433
1270555  41233
1271591  1022607
1276757  383164
1293634  339639
1310145  171970
1327753  1327592
1351353  13699
1351353  242926
1351417  1351354
1352421  890535
1352421  1110331
1358637  17988
1363015  58138
1167258  91527
1177554  1177221
1186846  1171106
1196631  136168
1196631  260273
1201720  1190802
1471654  1240852
1472426  802722
1484257  2179286
1486230  131303
1366074  166221
1366176  1043293
1366695  321246
1374881  6270004
1375183  1343053
760987  345577
777265  6988
777265  167827
777265  496058
782824  653228
784594  177506
784594  588004
797162  424842
797162  655657
797162  677264
800463  16340
1279217  684648
1292367  29155
1297308  69913
1310887  574463
1310887  693112
1133103  86582
1138436  1163319
1143114  576538
1147845  1068195
1148145  209199
1149045  150566
1165908  192369
602122  602227
608542  441309
611967  471928
614840  14593
615843  1711
615843  76364
615843  616168
708553  641996
724686  42805
724686  661870
736872  150446
740423  13014145
745878  57483
754520  506743
608647  447898
611469  611197
620336  590868
620336  608721
629203  105648
643207  642784
652481  335197
652481  609118
804316  137783
806479  279157
807115  6019831
810759  174968
812397  78955
815712  133607
815712  177950
815712  463618
950051  5611724
955250  702234
990512  638216
991333  991335
619320  297037
631220  262657
632474  482574
632474  497786
