5074658  265762
6234943  6234858
6243181  2764781
6245690  6232390
6245958  1515489
6246690  1589234
6247844  1261567
6296241  5220061
6299556  3040415
6301160  4551263
6309550  864791
6311617  2202435
5589157  3466989
5589408  32260
5595424  5594449
6267748  307291
6274450  6209309
6276808  795746
5581529  5535040
5591253  3745523
5592140  1138460
5594346  3274044
5595882  267892
5601183  1241819
5601183  3737139
5603519  1247113
6165565  605434
6167101  1769584
6168843  739682
6173687  684950
6173887  1240852
6173887  6120248
6177474  4216875
5606914  6538779
5610960  8702
5613415  5607489
5619984  79960
5619984  2154220
5077631  2681999
5077648  5077282
5087425  56011
5087425  628657
5096666  5091780
5100274  1957099
5100274  3479330
6315936  6315737
6322479  4693369
6357337  6214468
6362485  586363
6322577  5098664
6323449  2726994
6325998  135474
6325998  1912325
6331746  138313
6333609  860761
6337294  3673998
6097075  2846045
6102106  3445347
6107986  3009380
6108924  1286212
6108924  2255430
6109724  6108333
6112266  5272433
6177697  604831
6179646  5571907
6179646  11674312
6180539  3009380
6182711  6181954
6384528  1172931
6385647  4654878
6389808  4721997
6394654  374399
6401206  60455
5595909  1118154
5595909  3226138
5598032  1686337
5602844  512720
5603898  2185320
5606252  3457967
5606252  3951017
5606587  54566
5537129  295112
5537129  4672997
5537616  58670
5537616  1829342
5541560  1458923
5542059  5504785
5545554  2507960
5075530  693788
5076716  64745
5078245  5043281
5081410  379185
5083132  2575153
5085647  5085352
6251473  3617507
6255281  6253486
6256553  6114072
5087462  558304
5087512  4458065
5093342  468881
5094657  4138368
5098765  111102
5098765  3903058
5108475  5099683
5959919  69913
5960596  809227
5960596  4765201
5962327  6015054
5963204  5960856
5963638  818415
5963638  4305011
5626785  4852993
5630363  3815116
5632065  2288937
5645554  5506538
5645703  5454454
6029927  6027882
6035750  692851
6035845  411103
6040196  6029240
6040432  3220821
6339293  332030
6339970  9410
6340570  94591
6349585  5828275
6352627  6352075
6106713  113547
6106713  4533847
6116455  6075731
6121535  541487
6123343  113547
6124411  6124157
6042404  1464883
6042502  1138460
6043474  158474
6045369  2544565
6046748  4393760
6256804  4810803
6263202  2819492
6269703  7299993
6274469  6263713
6288406  5873775
6288892  4855406
6289173  430707
6292249  2949956
6112802  595631
6115474  6115105
6115623  3319207
6117697  5163668
6120154  44288
6120739  334630
6356941  965093
6364370  1700459
6368905  6368386
6369475  3300051
6369548  677530
6370041  6356994
6277944  3034186
6278580  1098175
6288290  3009730
6293220  3163637
6294255  1131630
6294841  6044701
6186857  43249
6204875  957502
6206720  6204956
6209462  205853
6212629  4660142
6212629  6213271
5648075  96428
5653191  2307675
5660258  307179
5660994  5234919
5115220  5113629
5116899  3798
5124930  995593
5138391  4732215
5139620  4721449
5142578  70577
6125072  18932
6126015  1062578
6126433  130734
6127612  2615712
6128287  2217688
5107294  5107127
5113897  3536463
5115803  2129230
5119994  1202839
6304668  6302640
6305871  6270118
6307007  693997
6313274  6304532
6213899  6223360
6214608  2818179
6222787  58851
6223366  3402806
6223768  8261135
6129173  48
6131495  4487871
6131495  5669477
6138776  4862178
6140716  215252
6140916  2515703
6403865  6386199
6407975  924485
6408979  6410862
6411451  2205738
6412404  6335888
6147918  526011
6150540  6088361
6159993  1350216
6160325  4859353
6162133  5087992
6162383  6162093
5545639  4640133
5545839  24692
5545839  66037
5547861  4589813
5549347  204465
5564187  5550104
5568017  5558278
6372717  6364443
6376032  1138460
6383379  843277
6384856  1219199
6163776  2172943
6166516  715031
6167999  4803340
6174204  160890
5144343  1884972
5150916  5150786
5152424  5152212
5153517  689852
5155689  1458418
5156861  5157147
5617683  5062614
5624589  2626827
5629652  5629071
5635064  1819142
6047248  2752725
6048813  6017960
6053100  6053094
6055942  1552170
5661545  4530084
5663687  3104921
5666059  5180339
5667161  1339601
5158740  5154848
5159683  228181
5177167  4518598
5177474  5169553
5178353  5167362
5179389  556133
6122041  6095435
6122677  1805586
6124149  4706584
6136296  6169623
6056842  1097908
6065423  627916
6075385  739689
6078929  1582209
6079665  1472433
6413842  556133
6421194  6407938
6422649  6420999
6315295  206880
6315295  9384246
6321698  2435216
6323570  2058076
6331190  4124957
6332462  1105434
6337692  1911532
5576520  5576025
5577391  217065
5581771  5569396
5589909  5588885
5126967  3577641
5126967  3946506
5130541  5128198
5148474  3001177
6224125  75752
6228105  2444633
6234462  4400628
6238899  32529
5672728  5672548
5680080  1797621
5680865  5678532
5682771  1986207
5683607  1126726
5685009  5684929
6341968  2814453
6343975  6343550
6352749  6328547
6360237  287474
6366954  249467
6302293  334532
6307109  1085097
6308045  6290422
6312004  563600
6312004  2416662
6316047  5168433
6388166  6385271
6396917  1946091
6400925  496096
6401427  6401315
6408847  5450748
6413361  6416889
6416735  4933441
6422628  6027398
5685230  601300
5685230  2993027
5686032  5016100
5690795  5741187
5696675  412341
5701372  3570434
5968343  3242109
5971083  4121470
5971390  1643924
5980652  584714
5990335  5990292
5180718  1004478
5181918  162149
5192743  1759987
5196251  5185750
5196937  2032045
6177280  6174472
6184925  667540
6186372  5251267
6189966  5661671
6194471  7208609
5591431  3271249
5597111  5595368
5599534  5153811
5607858  1585390
5607858  1630631
5607858  5491026
5635450  1137575
5637590  5636220
5641752  1171344
5650958  4297570
5659718  56648
5660050  447898
5660403  5659985
6136381  1106202
6142331  982452
6143018  1989177
6144539  6114389
6422760  6421437
6428835  1600630
6428903  2220916
6146075  6144773
6146677  1143704
6159296  894490
6082678  339620
6083473  565150
6083473  1559737
6083473  2148149
6084043  1152511
6084216  393479
6084216  8191124
6089296  154136
6094205  4322367
6370766  3407399
6373374  5719201
6373374  6286549
6381930  2381544
6382497  82437
6389717  252355
5151031  3815090
5159770  1056504
5165454  3202305
5165569  5163733
5171504  1003841
5172623  449851
5172623  636829
5180094  5164001
6249004  6249536
6257483  6257236
5996751  2559271
5996896  91362
5999593  885955
5709745  1499939
5710866  5235739
5711502  2915247
5711651  4049718
5712987  4113753
5663075  2733249
5663075  5659534
5664429  5658842
5673639  5671786
5680873  5333161
5681191  404318
6000406  2016406
6002576  79825
6003180  743123
6004614  109023
6005350  95631
6007124  3319276
5181613  5181017
5187931  107132
5191692  5178988
5192296  5154346
5202873  4637375
5209369  10108578
5216121  877597
5219022  3064732
5219222  5203031
5686943  836469
5693177  2087682
5693942  2673651
5695146  835590
5696435  5695217
6423283  6411169
6424053  4075802
6426491  6063115
6429269  879860
6429269  2333560
5697822  4303311
5700579  2284396
5700579  2707724
5713348  4684622
5721367  5685690
5726030  4846568
5730345  194812
6316784  2063480
6320914  3231893
6325807  913228
6325908  5916854
6161151  4729406
6161217  36636
6168084  6167156
6169875  1021172
6332760  10595913
6334281  2118000
6334381  3387127
6334718  338586
6341084  3896286
6207857  6193980
6210983  5933019
6223058  676824
6224126  5272433
5714174  5711978
5718033  2194808
5719639  5719384
5609779  1395528
5610666  925210
5614845  2586389
5615146  8801486
5615945  4664662
5617117  4179349
6429452  5970067
6433613  3491223
6435753  6435245
6436119  1343816
6391771  6391244
6392125  6378548
6392457  1391321
5224252  2367398
5229768  516730
5230111  5228825
5232819  5232483
5233512  5232908
6016105  2882490
6020215  3189003
6020215  5828965
6020960  1132941
6258321  3224809
6261493  6261107
6261736  6248725
6271396  2888508
6095441  4000713
6098590  72104
6102334  228164
6104229  86394
6108616  1544274
6109343  6095815
6224283  222414
6225623  6199813
6247740  5949360
6250266  1494800
6252363  6097319
5734245  5734203
5734496  102631
5734496  3577641
5744692  2454302
5747383  4502092
6396920  1200691
6397052  2774343
6398391  5452288
6401050  3747679
5757324  3032750
5757943  5511386
5758915  3145607
5761704  5761602
5763025  5758599
5730659  209199
5730995  5654319
5731681  967096
5733250  36707
5766820  5762643
5777514  4126934
5779137  5778005
5787574  125306
6429580  6350390
6433281  2709821
6434153  633607
6441548  2100490
5620862  4421706
5624370  276516
5624455  4611822
5625455  653090
5628600  894490
5236420  4794770
5242822  1657066
5243572  888
5244122  801768
5247766  2151212
5248552  1114287
5249731  5235206
6021653  175962
6024461  2421911
6025104  3489151
6026644  5910262
6028605  6028111
6175472  6174029
6189576  6185735
6190312  617826
6193439  588004
6193439  2100490
6272966  322938
6274131  4744187
6274731  1707780
6278448  585234
6283821  168736
6031549  151005
6033953  2154699
6034230  6030109
6039446  1592569
6040271  1143262
6441846  2973202
6442816  25147
6443952  6447082
6446428  496487
6118403  83073
6120248  1240852
6122549  6057110
6125262  330737
6452503  2577084
6452971  363658
6454950  492115
6458226  2004669
6463965  1488402
6466709  175739
6341370  74884
6352280  1151582
6354823  2438726
6358031  312443
6358882  2861839
6410423  365129
6424246  6337431
6425064  401656
6430544  1805324
6433138  3678792
6260440  367633
6260826  6261040
6263073  2383401
6266867  1061334
6266867  3602827
6269475  3093008
5630435  5630256
5638024  5600706
5641232  4684622
5643740  2538252
5644676  3724044
5647198  2843755
5801378  5802005
5803035  2235158
5809102  3203511
5814182  5789583
5820400  604410
5821483  5820586
5650741  5648998
5656108  5656095
5656322  3491105
5663059  1036707
5665682  39159
5251117  1780198
5255790  761194
5264871  5077914
5264871  5197402
5267136  5264605
6295087  208105
6297359  3355319
6302618  1568685
6302618  4051603
6304018  2779484
6304511  983586
6041016  291871
6043415  5459893
6044649  5614562
6045887  5347341
6046891  1464919
6046891  1694378
5271873  5271669
5272166  3109158
5278418  3820666
5285134  1206105
5285570  3719616
5203626  3834065
5205447  26595
5205447  1504717
5210761  5209626
5216862  5216708
5219066  109383
5821719  170997
5823408  1827314
5824027  3287028
5827637  3173520
5827637  4571355
5833868  415801
6307562  1479319
6309157  15142
6312542  6006017
6318860  6318630
6473257  6445869
6476644  6468268
6483319  21078
6486195  19147
5751587  1118154
5752102  5691437
5757000  5750658
5757735  5750658
6130337  6093840
6130644  4859129
6131214  5057100
6140997  6139924
6144275  692851
6146520  6142368
5761798  4904304
5762216  5307417
5764220  3560161
5766492  5767903
5773393  853514
6047900  5959250
6052473  5059805
6057328  318239
6061136  192080
6069126  3877027
5774733  4176328
5776269  5776085
5776452  371384
5778323  297586
5779110  5144897
5785897  2912281
6437964  6437062
6440171  267658
6445170  6293004
6446723  1165332
5666032  5654853
5671798  5672063
6487540  3239739
6487906  6487797
6494190  6478060
6495653  3588293
6501601  6488818
6501869  2994116
6371150  6120154
6374308  3596718
6374744  3269445
6374744  4958330
6374893  2971266
6439110  6412162
6450942  3389348
6451529  2395661
6452214  1089508
6453231  3405229
5672484  26663
5672770  6166
5677699  5675707
5682043  3097926
6454452  678736
6456758  2902638
6459685  1488412
6465084  6436192
5838597  3832963
5839503  4984600
5840069  4577313
5841990  3737139
5842711  2326835
6318887  949416
6318887  994855
6320023  2647289
6336499  2292703
6338650  5377070
6339407  1779511
6269693  6269616
6269693  6270004
6274105  6267145
6276552  6267671
6278492  4143938
6281307  1237740
5287342  5978470
5288235  5280818
5289214  5288922
5291293  2556142
6069696  419240
6071266  1269603
6074031  75175
6074567  1640889
6076303  3001611
6501878  190421
6505056  6503958
6510259  2941424
6151670  496096
6164138  1183645
6174600  6136749
6179301  2776232
5854107  907830
5864820  1942072
5865875  4189312
5682715  4781794
5683951  1770373
5687024  1178785
5687410  9913
5692976  755347
5702400  2651362
5702400  5602409
5702400  5620849
6447442  1191131
6449464  6109085
6450582  1293308
6451353  1896830
6457019  3985812
5219436  5166087
5222478  5221831
5224350  4073276
5228094  561107
6457620  1009457
6460827  2275896
6464771  2900023
6465307  6460370
6471324  6471047
5702586  5693740
5702785  5700470
5703236  5649030
5704722  4516991
5715939  5715670
6472392  2172943
6473246  2954557
6479662  6302706
6480616  1824496
6487218  4281348
6496642  4367737
6342415  2305869
6344296  2493141
6344930  1002164
6348374  6347190
6359172  2762260
6193505  788218
6193554  5850962
6195311  6163490
6196464  307610
6196464  490773
6382046  6380683
6391556  6322161
6404760  907576
6200742  5132472
6200991  3328631
6208345  612189
6216482  1261558
6221413  6220133
6468207  6205123
6468526  3921922
6473053  232736
6475895  1317313
6476465  6474793
6281618  4091831
6281925  4454430
6281925  4836862
6284515  5360640
6292553  6226490
6295136  4610087
6298487  2514101
6078711  2431629
6078843  2125403
6084259  320078
6091679  144810
6091679  717224
6094696  1835430
5868413  5300912
5873744  1944169
5874580  5805039
5878894  5879218
5886146  923822
5294737  5294608
5294737  5306823
5305483  3737139
5312778  1602934
5314264  919244
5314264  1989342
5322545  400135
5322545  1367539
5322981  23250
5720398  2045702
5724041  4391530
5726899  337704
5732016  1312549
6496877  6496689
6503594  6251160
6505619  6503458
6505701  6499852
6508845  6458890
6513042  905479
6516943  1884859
6519517  6506086
6523202  7047656
6510750  588741
6521914  6521821
6525790  833032
6530420  1138460
6534849  3782170
6526682  1425992
6527682  2234542
6530324  45953
6531485  6531228
6536140  372506
6542692  4047636
6183658  4533758
6186589  6134988
6187766  1399750
5891811  5008804
5895055  708911
5896091  950087
5896091  3991492
5898880  5896576
6363407  949818
6363752  422296
6370166  199333
6373776  3668325
5231919  1217088
5233089  5232576
5249418  332030
5259663  5254718
5323381  2499446
5325896  416947
5335349  512258
5337121  3644144
5339093  3960050
6476865  342774
6479154  4742251
6479286  2067893
6480473  5051970
6484153  3685508
6196483  3219383
6196526  1546925
6202199  6211801
6203337  3241086
6211766  4552831
6225208  6095531
6225644  5853380
6227914  1334143
6228114  954016
6233096  6232938
6490884  1483581
6490888  6488818
6494547  490091
6497823  6497668
6498793  1134289
6501014  1345382
5787351  794598
5791496  5755070
5797226  2377273
5797461  25637
5800651  3678792
6094998  5515528
6096300  6089461
6100605  40154
6110170  13569
6119028  6118912
5342508  5341386
5346302  2197489
5346695  2025159
5346695  2157458
5348403  997779
5359299  388242
5735509  3465707
5736295  2391191
5738531  5384526
5740840  653705
5741240  5609069
5742726  4680035
5744598  1571134
5747205  1966362
6537222  6536077
6544106  6534284
6376518  3403049
6380498  6379383
6383999  1321352
6384399  6383746
6384899  4989668
6386180  5127444
5901488  5909336
5905881  3002787
5906132  2832912
5906317  147181
5907638  2707322
5362564  5360352
5362657  4397025
5363457  4736
5364286  1125084
5369116  3009477
5908323  596156
5908323  3626235
5908323  4955732
5910346  5753988
5910848  138422
5910848  5868750
5911782  166221
5921693  5921560
6405910  4143741
6411125  5022521
6424179  6355692
6427788  648992
6442328  4767667
6442328  6274008
6442328  6393776
6550435  6543213
6552477  158241
6553511  949433
6562067  154136
6562067  923822
6573742  2175440
5375718  33746
5376368  5340990
5377740  245956
5378669  749585
5379469  188870
5751450  3515703
5752921  336859
5756130  1083701
5769234  5769068
5769234  5769151
5771105  5769719
5771106  3828898
5771406  250774
5384849  124143
5394102  2233835
5394102  3737139
5398746  2904862
5399225  501816
5400111  5385957
6119062  6053402
6119930  1135248
6121636  202623
6127652  4980705
6135910  2929111
6212504  6210259
6213495  1760449
6213738  1259585
6214374  6213498
6504758  857245
6505158  4966486
6505545  6578
6506477  6150088
6506647  1175598
6507332  6034813
6508753  363681
6511808  2240300
6516590  6530106
6519045  3577641
6390858  6413488
6397803  38336
6402613  1137575
6404385  5614941
6414379  6413361
6544642  6545134
6554752  1797964
6558177  6542259
6415424  2152334
6416453  4378455
6420733  8028957
5926222  3922986
5928043  2674906
5938656  1711990
5948314  415868
5948314  2338942
5957125  76564
5271227  5270880
5275273  3385982
5275273  5239286
5276022  5251263
5290998  370047
5958595  5407250
5964575  1994018
5965511  5953335
5967500  4836710
5968570  5959097
6234751  6270004
6239797  1015766
6239833  5657123
