27634063  1482480
27628449  13765644
27634413  513832
27634459  506282
26553526  2551921
27631624  26902994
27634390  27595856
27634574  16039280
27634329  847012
27634836  3213270
27634836  1351054
27634941  949433
27635005  127803
27633763  27603926
17340133  11495009
27628655  27574503
27635371  203912
27635371  6821477
27635610  5501109
18306509  12271983
27635478  23551763
27635475  7355187
27634241  25230171
27635711  519520
27635781  27632481
27635784  359788
27635978  14220321
27636160  3095589
27636178  8028957
6520666  965178
27636250  1483504
27627615  27627040
27636227  22467669
27635374  15800121
7862018  6797984
27635581  4969171
27636575  4216745
27636914  5217136
27632115  21720759
27637166  8028957
27637334  78811
27637210  27635480
27616992  27603505
27635023  14678593
27637947  27598792
27637865  173851
27638121  782915
27638113  4382178
27638206  4468669
15936244  1293660
14134901  24722368
27638098  24722368
27634352  6098646
27638564  27630858
27638533  4810664
27638842  2784514
27633968  2973202
27638789  4377541
27638983  4660142
27638847  492384
27639099  14220321
27484548  16682517
27639299  513832
27638322  7574134
27639436  513832
27636024  8028957
27639041  2392379
27639480  19237235
27637363  21883735
27640252  920353
27640342  1144783
27631218  19544568
27640452  9104214
27631328  278259
27640434  4754763
27637844  770579
27640168  11922383
27637643  7342035
27640648  14220321
19677919  691184
27636510  17878751
27640645  359087
27639406  5059692
26794849  21091202
27638660  14292863
27640701  27016385
27640910  10808558
27640187  1520608
27639903  27641035
27641231  27640085
27641274  3106110
27641353  10366904
27640705  2360724
27634009  27588632
27637270  9481865
27641213  11235213
27636307  16202546
27641102  5125919
27641820  841808
27556911  24111009
27640681  12433667
27641812  1267283
27641946  5224286
27642199  8991506
27641291  2384298
27642374  24026510
27642358  23223090
27642552  8028957
27642516  1887097
27640984  13366967
27642495  14220321
27642781  27557309
16027816  11143541
27631866  27492329
27642993  4261133
27625293  24279192
27643166  449560
27643295  147181
27643315  4261133
27425116  27630190
27643271  27599448
27640190  12868176
27643030  26958909
27643577  2721546
27643620  279170
27638305  1223721
27638198  6918022
27643915  3695677
27637103  26632819
27643418  1068280
27644146  1716013
27639788  27637352
27644299  11329925
27644383  8732325
27644805  13600790
27632774  10787159
27644844  12745743
27624848  4706814
27644916  1711990
9941452  2606194
27645239  7911776
26730838  10519558
27641576  10787766
27640229  1991380
27639018  27610061
27641144  1205375
27644534  15490552
27645115  7505267
27637988  625799
27645512  94361
27644835  27640107
27645720  9789613
27644220  3643555
27644343  26861320
27645904  8028957
27645162  4316878
27645675  25748113
27643762  1351589
27635310  13564627
21461205  21208274
27642728  21208274
27646340  9732709
27646447  11662693
27646590  2616906
27646559  4592493
27645003  4660142
27642934  27588136
27646749  513832
27646800  22376168
27646886  451415
27647006  14976331
27647085  27645295
27643375  9127693
27647155  1033424
27537021  5332217
27647856  27646693
27647753  18012052
27647898  588004
27647906  2770321
27647896  477006
27647578  4261133
27646946  7753365
27648036  10939248
27648266  24644436
27647722  2620270
27647465  27640818
27536856  20502191
27648210  129677
27646325  24644436
27648508  24644436
27647746  27620030
27648846  23760253
11718496  24555413
27636649  10185643
6035623  26246730
27649245  13551511
27649116  1732348
27649116  27609818
27649314  2770321
27648677  17027566
27648841  24644436
27649262  7981507
27649464  25548587
27649833  3577641
27649877  14464153
27649966  218384
27630408  18914629
27650163  2943556
27650366  3013052
27650493  3080112
27599671  9442014
27649728  15727515
27650512  10231349
27646376  123758
27636780  17404513
27636780  10334688
27647942  4660142
25975446  25102819
27649807  4421706
27650959  5501581
27651126  2973202
27651176  13104494
27651178  203198
8718093  5369654
27651278  279170
17189641  2123083
2953381  2123083
27651010  27651148
27651207  21838403
27644080  27643554
27651498  9806421
27651581  4261133
27650963  27651704
27651570  21895335
27651682  21340801
27650287  5066057
4944750  41948
27647997  3717793
27646959  1403615
27643242  4616202
27633663  18571301
27632817  750486
27632246  4825683
27632157  26690310
27630975  12788079
27652011  3560960
5575338  4471401
27623821  27359748
27652146  4660142
27626483  178325
27625872  9329446
27623822  9534031
27623822  8108184
27652285  588004
27652591  1043339
27652623  5409114
27652623  7715953
27650053  9829175
27652687  4244896
27652841  218384
27652932  5100718
27652940  2765999
27653219  20061449
27653353  3954616
27652492  4280450
23288644  22997632
27647088  13150863
27652208  8887140
27654557  3810570
27654569  4184680
27654569  2335113
27618126  12250892
27654708  25873566
27654229  5662394
27654934  7261619
27648487  5179664
27651042  27643225
6824095  3173571
27655007  2265023
27654146  14220321
17204479  2740031
27654291  205853
27655220  4753251
27655253  27589543
27655119  27654466
27653447  24062509
27631227  24946980
27655607  19988946
27653344  13255832
27655769  23022028
27652651  3512526
27656212  4287602
17693709  22185974
27655801  8551519
24494251  22185974
27656243  4508574
27656446  18368422
27656420  4660142
27653901  158585
27656558  24643522
27656483  2619584
26623363  409784
27657039  591269
27647992  8335813
27656998  26582035
27656575  4029109
27652054  10620448
18855653  1720180
27656253  1720180
26158434  971954
27657359  860339
27656930  4439409
27657433  17762906
27657464  20563772
27657568  20534593
27657679  10934234
27622069  280712
27657807  999172
27657829  96428
27657775  10623682
27654948  27653686
27657923  14220321
27657968  8028957
27657987  10734514
27658159  172587
27657469  3737062
27658225  12519335
27658434  60174
27658518  23446377
27584829  20158813
27658209  13238704
27655669  783726
27658658  3637936
27658683  386281
27658794  20913711
27658853  5804256
27658930  23294658
27658982  12573816
27658700  2591505
27659142  2973202
27659243  9640493
22888438  7355187
17440315  7355187
19948541  7355187
27659361  24467726
23209430  7355187
27659175  10419801
23712119  27264021
27659422  17902992
27659578  9592855
27659659  336859
27659797  27318564
27659951  140131
27659947  23832852
27660027  2167916
27660172  14220321
27651271  21895335
27652388  2503533
27623529  1212797
26464155  24475792
15396193  27620277
27658226  218384
27660844  27660541
27660986  750486
27661018  1013112
27661095  2591505
27657961  9361870
27661099  12656872
27659268  24448837
27660580  17437016
27655960  3088891
27661992  7477553
27662117  2883594
2899581  5510966
27655272  9661293
27662210  4323985
27661863  22531477
27661890  27660583
27662168  27546597
27662319  14028343
27662442  2529617
27662409  3336637
27662651  2973202
27662666  23353173
27658132  2090033
27660907  25111831
27657240  13540907
27657868  3534310
27662937  5364233
15549320  11244286
27663096  6832197
27663134  6901358
27663131  60174
27663258  9891613
27663100  9001509
27663182  249087
27663355  4795385
27656760  12769982
27663475  12769982
27663478  22165284
27663531  12769982
27663535  4550505
27659984  13618024
27651163  25214556
27660475  992836
21498311  52550
27662858  3442394
27662683  27607190
27663848  27650211
27663952  4660142
27664189  199527
1432540  80875
27663364  107264
27664567  218384
27664716  10614771
27663852  4888189
27636681  27611305
21088223  27340317
27663966  9755479
27665156  16348815
27660964  717725
27660900  6005983
19807795  2118656
27665290  240178
27665290  16348815
27665555  190776
27665412  12573816
27664297  7378479
10334519  11661187
27664736  1135822
27665857  4550505
27665578  11631379
27664101  2393179
21390682  12759638
27666123  3602476
7946589  18000431
27666241  24467726
27665226  17214105
27666430  1313120
27666429  1673393
27666409  1996122
27666491  588004
27666537  27583041
27666425  13336326
27666518  6488683
27609000  25407876
27666790  7044112
27666744  14220321
27666980  8996852
27666999  11855018
27548027  949433
27665407  22519784
27667115  4795385
27664847  218384
27667175  6590119
27666249  1155617
27666314  312230
26888131  13381537
27664229  25631410
27667565  406230
27667565  4791700
27667602  826948
27667751  14220321
27664995  9535819
27618707  23979842
27668059  27667963
27668091  4525920
27668189  290884
27668103  1645661
27668173  218384
27668271  845021
27665638  14283503
27668290  1481405
27668234  26005122
27668253  3059333
27668225  849348
27665482  15068378
27666503  16707743
27668423  13238255
27668555  6586670
27668628  15281904
27424635  24470
26992556  7784319
212198  75401
1769358  75401
567138  75401
27666625  2575760
27666142  20521967
27669099  1996122
27669171  9942594
27668890  642154
27669300  8466744
27669562  15441742
27668626  3367561
27666485  16381298
27669567  153724
27669731  588004
27655470  25760079
27670012  218384
27670044  26308072
27670107  22760538
27670108  19426268
27666500  27584463
27667718  27664341
27670371  13932289
27670439  8557716
27670455  2042813
27661775  9954866
27661775  14632109
27670642  1657883
27670109  22135735
27670936  6697753
27670899  3853767
27671016  4594180
24542727  3042220
27671134  51032
27489871  27454265
27671440  16916036
27671533  1527803
27671520  949433
27658387  1057041
27671958  14220321
27671964  11251119
27668154  22012056
27671724  24042774
27669018  24644436
27672294  2274242
27670969  19548667
27672378  248982
27672405  27007288
27671288  18333052
27672427  22676
27672455  232535
27671206  14714877
27672709  5270260
27672762  6622974
27672878  203198
27672917  12769982
27672907  9032856
27672941  23144030
27672941  6441218
27673155  513832
27669846  27475978
27673298  3901063
27673397  13102045
27673335  23433096
27673070  218384
27673225  1568091
27673510  5373198
27673577  1373164
27673462  6851833
7404178  21593
301586  21593
27668614  588361
27664649  3207219
27668606  1341847
27673802  1965500
27673696  26763974
27673973  17335329
27668932  1867861
27666877  8840303
27674069  203198
27674461  20002503
27674177  4660142
27667524  12697385
12424380  7956519
27674947  22135735
27672322  27369269
27658390  10255516
27670873  4660142
27674997  15858766
27674997  3963716
27675185  17549478
27675189  521310
27666659  23690766
27673304  21593
824213  521310
27675093  2185951
27675496  3432412
27675900  4706499
27672370  1680528
27675864  295027
27674403  253099
27675955  27666812
27675903  9858393
27676069  12573816
27676125  2090706
27675738  12851516
27675989  513084
27676094  5605125
27674611  6102948
27674210  21360545
27676156  5431941
27676039  15109665
27676692  4174694
27669987  2928184
27675610  866380
27675778  9074476
27677010  9964865
27676893  27590228
27677239  122102
27677207  18916162
27677186  6171552
27677409  8228281
27677315  20279484
27677021  2274242
27633392  11922383
27677728  14909997
27677950  14614866
23011532  21861148
27676298  6642865
27677976  3078454
27678066  12769982
27676046  24644436
27678374  8302928
27678338  27677505
27678408  1128315
27678443  9853586
17478993  1793037
27675301  3802788
27678394  1793037
16916036  15819497
27678691  513832
27678466  610245
27678895  16753657
27678948  15364298
27678922  8802845
27677490  12276507
27678508  24008547
27679253  27678017
27679471  119123
27677981  8856757
27679692  25111831
27679716  16388959
27679848  18424123
27679715  768634
27612073  27487949
27679970  1088622
27680099  4421706
27679937  6903557
27680325  18897415
27680276  15047136
27680274  25111831
27678636  507138
27678312  11985796
27680609  23353173
27680662  17870881
27680602  27679917
27680860  14220321
27681002  10106901
27680765  1147877
27675834  6848970
27678406  1951951
27681251  10869276
27681419  13102045
27681447  3802192
27677301  8577457
27681624  574242
27670345  15668132
27681958  513832
27671572  2100254
27681996  17905827
27681635  6099243
27681989  10968733
27657479  6343166
27682079  23109459
27678477  11757304
27682014  19226816
27672559  24725152
27682042  7109420
27681862  26455027
27682059  7027288
27682391  1316681
21355529  21354697
27682015  7485670
27677699  20859584
3164270  260666
27673201  13178397
27672787  16864614
27645674  996954
27669340  4836708
27668057  10402577
27667750  513832
3384678  9920080
27664062  3121232
27664270  3716310
27663306  15167404
19094999  696782
27660499  24430581
27659664  6879584
27656934  20626140
27656934  27387396
27657227  218384
27565208  2748590
27654758  1545501
27653828  318239
27653615  10710193
17858564  13571169
27653476  4737841
26576883  10382929
27652783  19976487
27651028  19433358
27650392  6607550
27650522  238547
27649056  2124046
27682967  2973202
27682957  4798095
27682955  6823079
27683127  312443
27682997  27494084
27679150  15461967
27683196  2231369
27682993  26979476
27683517  8318911
27683618  8028957
27683542  20447102
27683645  12886153
27676419  11556035
27683899  8028957
27683097  4649947
27684099  513832
27684138  3763612
25988461  26906413
27684149  4893436
27684103  8463543
27683085  24374448
27684488  588004
27684811  14475109
27684811  2868047
27684823  27683807
27679415  25039406
27681868  27681213
27685407  3543319
27682596  2090033
27679350  3099219
6690541  2721546
27683837  21881992
27684124  11381673
27683710  14028959
26101483  5659875
27685392  1560788
27686020  274626
27686063  24026367
27685542  11581649
27686197  5071040
27686225  4660142
27685220  25633446
27686273  513832
27675114  27669265
27686436  13431324
27686523  15020826
27686537  844001
27684920  2950971
27686810  10066683
2809594  406294
27686925  291978
27686912  4943958
27680778  27682357
17609279  901115
27687158  513832
27687061  5419
26229801  2705067
27562019  13604720
27536796  5945435
27379720  1339788
27379720  451415
26903219  10247050
27685699  2680607
27678611  23872473
27687834  8147877
27687944  7950335
27687746  14732277
27687385  26120311
27688575  21879973
27688865  6441218
27689000  10720760
27689664  4660142
27689624  4937478
27689072  8051969
27689858  27685623
27690038  6770850
27690261  451415
27690253  1887097
27689883  17947565
27690419  27689105
27690419  8777845
27687965  7297888
27687965  1068650
27690701  14007405
27690788  14386923
17982366  14386923
27691051  4597926
5837234  4833992
27691330  218384
27691439  9612684
27691739  40480
27689594  4897766
27691819  14220321
27691750  27690233
27688717  16943469
27689475  5212973
27654789  22190575
27692155  513832
27680614  20865581
27231871  12573816
27692287  7202157
27689641  4186021
27689169  9255187
27692459  17862474
27687153  24644436
27692611  8837454
27551282  3148195
27692821  9737688
27686150  25721884
26542585  25721884
9813320  25721884
25324721  25721884
27692984  4880381
27126605  25721884
17152668  8077835
27693250  27690967
27690967  8686331
27691984  27687397
27692800  218384
27693536  4386394
27689419  3593420
27693714  513600
27612933  24026510
27693781  23541532
27693800  182287
27693772  1855095
27689060  23353173
23336473  25721884
27506832  27504959
18888277  13286409
27694492  18649924
27694595  17132047
27684067  7389637
27656142  24470
27653948  149848
27661749  3616593
27693031  1020789
20082944  7837456
27694538  1020789
27694857  23446377
27694984  1644317
27694454  2973202
27695037  18062586
27695037  218384
27695078  24644436
27653485  17176871
27694930  21080598
27695307  203198
27695263  899917
27695576  24165532
27692996  12059744
27695607  27670623
27696111  4069982
27696057  5311334
27696289  10853881
27696460  20859998
27696445  784929
14745430  23234801
27691299  417142
27689377  7488643
27683435  25959075
27687674  5478933
27696951  6475314
27696957  417142
27696787  27670623
27697208  2973202
27610374  15079280
27697386  2474015
27697151  20411892
27697445  5696725
27696920  484800
27697596  165170
1081926  165170
27690342  18831098
27697776  11833061
27698250  7246618
27698490  27697776
27698488  7085648
27060219  6845604
27694805  24440832
27693115  23539397
27691347  10179198
27698553  4458837
27698325  27694363
27698793  3577641
27698832  27690251
27698764  14220321
27698846  2232150
27596631  27596579
27697124  27696109
27699420  27698758
27699428  24070726
27699444  27697585
27699484  12769982
27665238  4660142
27632708  15892492
27698533  24263007
27699795  27583937
27699655  15722703
27700113  12769982
27699822  8453887
27700075  24003642
27694983  27692222
27700622  12423179
27698476  14736941
27700834  712046
27700908  15501322
27697870  26593604
27694980  1454913
27701335  2486191
27701429  41479
27700886  12020835
27701651  858980
27701808  2165022
27701741  5890584
27701839  2486191
27701873  4421706
27702096  171251
27702184  4337193
27702421  9047957
27702338  5611963
27702413  850341
27702438  21004684
27702503  8547737
27702974  1242830
3907384  224311
27700761  7362532
27701436  21237339
27703278  14241133
27703029  183702
27703458  27390656
27699247  235504
27703498  14439231
27703413  13422527
27703765  7844789
27704123  14220321
27704263  1151582
27703838  14831834
27704331  4796872
27701414  2471055
27702489  6476212
27705002  1116311
27705168  588004
27705168  27621542
27704967  20940979
27703016  27419298
27705313  17349387
27704983  6343166
27705239  9303889
27705095  2175080
27646215  14614306
27705819  14220321
27705782  21592630
27702868  14843615
27705952  5520390
27704769  16636146
27704036  19557920
27621242  7911776
27706565  4517244
27706519  10407159
27700035  2140787
27706652  47981
27706624  4087696
27706617  5585779
10583728  4616202
4858931  4616202
27705780  2388542
27705204  2917175
27706859  2901102
27706754  23740548
18899037  9506871
27707096  10566602
27707384  22797768
8559381  6343166
27707449  4660142
27707424  6969881
27707637  2845323
27707751  2364982
27707683  14141374
27707630  588004
27432080  27389371
27703573  2887292
27705071  14220321
27668792  25001800
27703848  24644436
27703089  2973202
27708261  3980228
27708425  23446377
27708608  12737860
27705269  6778496
27707605  569603
27708874  345705
27708947  218384
27708964  115692
27709004  5467129
