27779084  2801601
27778559  9449184
27779390  14841945
27778722  2973202
27779215  2973202
27779086  17697908
27780070  4660142
27780219  12769982
27777786  414068
27779579  16402087
27780456  27780097
27780346  8744952
27780535  1571076
27778711  5123585
27780697  8965006
27720416  27701003
27780200  34509
27780867  15479928
27780559  10801631
27774634  26355645
27781141  17749788
27780236  6117349
27781511  27771024
27781676  19455501
27779448  1451503
27781843  23294658
27781864  3577641
27781858  2615128
27782005  24644436
27778908  2726204
27782128  604831
27779165  1464253
27780564  1791578
27781902  3985214
27781975  5319016
27782295  4319236
27780905  19957451
27782383  1568091
27782585  4070337
27782689  4660142
27782794  4535840
14386384  4148499
27781760  3259583
27781760  15783105
27781578  4460900
27782975  2655925
27782889  949433
27782889  4176328
27783152  18571223
27783265  4660142
27783253  12769982
27783191  1070787
27782120  1249991
27783636  2172943
27783600  25351925
27783766  4660142
27783776  432443
27783688  60174
27783741  20837856
27781906  4118150
27783781  4863660
27783739  11656532
27783771  2679193
27776545  27428905
27783729  5940222
27781157  20983012
27784081  16657152
27783376  1299871
27784232  22282333
27784241  553682
27784240  262934
27784324  4152563
27784352  1457863
27784560  1711990
27766896  12152167
19336499  14760622
27780567  14760622
27784638  277771
27776493  27729326
26861426  26834527
27782453  25694423
4903326  75180
27779637  10631127
27652927  27644383
27784962  131241
27785064  24644436
27781788  583076
27785037  2306744
27785089  24599119
27781077  12696125
27785277  15439919
27769325  276927
27785319  11203195
27785105  83329
27785175  25111831
27781301  14112318
27777869  14083950
17866249  9212777
22055473  9847564
27785554  2190850
27781494  24079984
27786034  27500121
27783561  14943421
27511430  17085717
27786045  4660142
27766471  27738794
27786388  2927391
27785710  4216745
27778954  10477714
27771038  14708271
27780379  962953
27786509  24644436
27778461  2973802
27786474  2661536
27786250  9942594
27786250  1644640
27787166  21003463
27786361  13273843
27784263  1656608
27787294  26142421
27787421  27406708
27787574  27777550
27787664  20279484
27785575  585812
27787789  16388959
27787554  15112125
27787827  2973202
27787982  15112125
27788352  11362085
27788326  26872327
27788326  1257744
27784320  10084723
18266952  9847564
27787834  4076601
27788156  18033938
27781747  17212848
27788698  7785374
27789000  12573816
27789009  27787377
27789149  4660142
27782727  27764305
27786864  588004
27789312  13785077
27789356  4660142
22427244  18131382
27789256  13272824
27779675  2591098
4535298  1991318
27789946  7615214
27790072  14711654
27790080  11144641
27790192  14480724
27790182  16860254
27790219  4637873
27790372  9290000
27790495  6711762
27790567  27789973
27790636  720244
27790127  4925099
27789492  14543979
27788474  25853947
27787587  23740548
27790957  7553634
27772509  26743958
27791034  986120
27791070  518701
27791567  18161907
27776843  8228281
27791818  2559527
27791951  4109214
27791951  3039955
27786945  2063684
27792183  6290531
27792155  6137218
27792268  1006169
27792329  1389736
27789505  27787952
27792560  2685854
27792250  1221559
27791996  4660142
27792840  218384
27792859  360762
27789535  22684643
27779296  466345
27793137  498805
27793005  17334729
27793601  553682
27793605  7247272
27783987  18783390
27793449  27780790
27791363  368926
27793966  26665152
27794081  3126191
27791875  2095397
27794053  243385
27496130  1718934
27794039  986826
27792941  13840429
27773839  27776780
27790557  4409082
3061042  85702
27794486  1195826
27792760  3224834
27795011  5538584
27794953  513832
27790525  311734
27795188  27530151
27794819  26432411
26311453  24627616
27790108  27671325
27795979  16297696
27795277  3844801
27796047  105252
27779943  2276271
27796487  14220321
7548775  3002085
27796588  203198
27796691  3737139
27774850  27755014
27797007  11235369
27797219  90178
27797289  6921699
27797380  16217313
27797175  906564
27795369  14641899
27797681  11438486
27796641  25495364
27797501  2091465
27796370  12332528
27720093  8939174
27797778  5211961
27797949  9790908
27797956  232535
27797340  2470022
27797887  21850292
27774496  27776102
27793713  15701556
27798190  1900017
27798448  15340281
27798314  27797419
27798792  6885013
27799219  2158395
27799363  27256006
27799588  4841718
27799284  8459903
27799671  2846283
27799625  2371011
27799742  4660142
27799729  4312613
27799760  6278296
27799804  14828307
27800023  166221
27784811  27780814
27800654  6270004
27798305  23031723
27801028  1235179
27783309  27223353
27800055  5136295
27795229  9627654
27800896  27709097
27801207  6850894
27801232  5582142
27801152  24577087
27800652  11681522
27800424  5754822
27801195  14854485
27801165  1296646
27799469  6212558
27800355  26241085
27770663  8524011
27779257  4968406
27801494  4244896
27799514  4834973
27801478  25421346
1371408  218680
27801646  3133357
27801543  8382402
27801689  203198
27792031  12144138
27801756  3785530
27800844  223918
27800308  16982545
27801853  8220801
27799191  7098509
27801955  4969171
27798001  21557018
27794009  4749706
27798288  9596652
27796687  17946221
27799958  3917250
27802085  1401111
27802209  3378008
27797968  17481479
27802403  4504662
27802670  857973
27798986  14150628
27802382  25178329
27802773  814001
27800937  4672103
27801965  5313322
27802949  2161462
27797922  244777
27795600  21477884
27796575  4844681
27803538  4176328
27803037  7499534
27803279  7488211
27803580  14639965
27804180  4405940
27804217  2161462
27786502  27697090
27797293  22403655
27620873  744373
27803747  7937789
27803012  23521230
27804646  11165967
27804699  21687326
27804684  4829909
27804800  9988937
27799768  5317834
7818694  1006042
27805423  8982730
27805445  3398850
27805320  24972835
15692509  4660142
27804670  4860417
27800710  25853947
27805655  2619051
27805709  4276138
27805737  196684
27805796  25940554
27786923  7643942
27791863  7422915
27806094  1309841
27805525  16660900
27804856  27783641
27806255  15913417
27798877  27766843
27806308  25897219
27806480  8619406
27806925  4660142
27806980  9221851
27807179  14220321
27805196  10027543
27805415  27694561
27777641  1913098
27807403  5121495
27807403  3630006
27807464  3172332
27807504  8642730
27806082  12338068
27807472  8842504
27807750  18476373
27807849  9566187
27808082  18194255
27808095  850802
27808223  27805810
27808005  7364150
27808395  8111677
27808504  5762938
27808710  513832
27808738  12009865
27808619  19581146
27808778  5258159
27773816  24641592
27808214  218384
27803278  15160207
27809283  13840429
27801220  1976116
27809394  27809148
27803755  13525893
27805060  1610485
27793726  2829158
27810374  4660142
27810287  7255956
27810377  27411399
27810366  3621687
27810186  9531158
27811025  1810083
27812287  26395534
27812439  2158395
27812708  21899344
27812554  101439
27808952  14370857
27813304  983030
27813681  21372713
27813482  5637679
27813791  8110934
27813732  123559
27813978  1986896
27813934  4660142
27813982  7567502
27814197  4247807
27814325  161633
27814530  3788256
27814509  24886100
27814678  739682
27803874  218384
27814769  160970
27812154  8232713
24533948  8875818
27814397  27759116
27814991  15420547
27814983  42950
27814817  4126326
27815150  13626659
27810565  513832
27809276  5810447
27815371  1727772
27815394  18430357
27815549  125222
27815587  13807499
27815642  203198
27815775  7135583
27815753  471502
27815947  7814688
27815928  7972061
27816269  20571685
27816421  25694423
27816602  12769982
27816274  12769982
27816400  12417504
27816986  630803
27816970  3985214
27817196  27815400
27817304  483666
27817290  22927653
27813258  3293353
27817453  4055633
27817531  6343166
27817531  5150637
27817482  1107983
27817516  5121495
27817688  6658752
27810019  25916471
27814009  22760673
27818090  40480
27818380  12769982
27818544  1221555
27818415  218384
27818623  279451
27818802  27816962
27818859  16633424
27818105  24561019
27819074  5419
27818820  6123406
27818820  26564702
27819013  3244063
27804248  12329137
27819182  494035
27819326  1281184
27819356  2674174
27819380  27812801
27819238  23955968
27818902  2492077
27816880  6454016
27819648  2612802
27819735  17907258
27819701  24936658
27819809  8947579
27819981  2990487
27820281  10648141
27820093  3793650
27820377  477572
27820194  27786437
27820409  2091465
27820068  7985970
27820406  6705532
27820503  60174
27819802  1942644
27813804  7255956
27810966  9316437
27500062  3310242
27820769  457676
27802864  477006
27819417  1686569
27820872  600494
27820872  1802936
27820387  17552976
27820902  5756136
27820702  1912813
27817433  12387345
27821144  10566359
27789854  27789922
27820965  27806409
27821428  1470488
27821546  14620769
27821646  203198
27821686  20166556
27821699  6441218
27821316  1975128
27821316  492384
27821780  18056682
27821540  4660142
27822030  14220321
27821969  27820302
27806706  892256
27822223  27588136
27812260  9900916
27514072  22176572
27822516  12688717
27822660  18031354
27769849  377454
27817359  16661791
27817478  2126522
27510298  2063480
27822967  3985214
27820337  27796967
27822898  20989496
27823309  448162
27823416  8370483
27823390  25532097
27822887  279170
27823800  218384
27818522  26607259
27822564  4660142
27822564  5073511
27824186  23118784
27822251  17759805
27815188  87753
27823474  16152547
27822262  22180644
27824240  1872486
27824377  9444751
27824406  19158339
27824703  3705318
27824832  392464
27823320  10492037
27820258  10492037
27819004  25879705
23150761  10535667
27815632  16015051
27824876  17623668
27823593  5132258
8968755  2672034
15771864  8889025
27814515  17686561
27824982  2150138
27824856  755918
27808867  24561769
27804034  1311049
27798098  7858817
27797531  27146519
27288188  17187673
27795469  11889178
27795289  1100311
27794542  7225888
27788385  23818497
27825464  1527947
27825527  8700636
27819852  3295672
27823688  218384
27825188  4172722
27825639  27802820
27823334  4987142
27821420  8705099
27825813  14162038
27823960  557844
23218192  22046941
27825897  5712100
27825925  16959576
27824614  22223431
8967539  8889025
27826464  2971315
27826337  1442527
27824863  27812153
27826574  4660142
27826641  240178
21891578  1835430
27826819  4585086
27826819  6821532
27826869  203198
27826594  14811343
18128327  1835430
8442404  8889025
27827115  27802820
27826472  6789236
27823076  25853947
27821196  27771568
27824373  11104830
27827332  3047657
27827531  325082
27827565  26440879
27827821  24644436
27827794  13248326
27817522  6839012
27827560  14985518
27827882  3075254
27827882  12409529
27827990  14876018
27828003  1789945
11997205  11058571
27827071  13309609
27827071  215497
27828454  24420873
27786944  2652944
27742290  21355037
27828562  14920801
22642223  10390479
27829092  5890584
27829130  2274242
27829170  7478250
24654121  4379450
27829449  3507498
27829449  5282999
27829487  1939689
27829589  18517400
27829756  13096604
27823720  12793030
27829458  26378494
13096604  1373164
27829635  240178
27829788  14633367
27829167  7658685
27829967  23740548
27829847  19432452
27830564  206880
27830904  27465881
27830840  203198
27812631  19098952
27498576  10173044
27831284  12865587
27831368  530539
27831548  8028957
27831591  40480
27831571  10522347
27831823  1877788
27831695  3990775
27727672  27824725
27831955  40480
27831622  1917576
27832022  16184428
27832109  306400
27831687  4458169
27832274  14220321
27831854  18193792
27831854  27792508
27832464  11522026
27832493  13841944
27832655  985281
27832600  7969865
27832946  25983216
27827789  10347674
27833558  2546314
2546314  2973202
8750539  2973202
27833776  9549780
27833875  19869145
27833997  8806148
27833948  25616030
27824724  27832273
2609259  1790795
27834656  12573816
20194496  12281975
20194496  2609259
27829052  13326768
27834605  2331129
27833047  2158516
27835272  19896870
27834810  26969534
27833468  10392255
27835184  17965839
27835494  9162933
27835270  18410035
27835819  14341757
27835894  25611999
27676198  27822175
27832361  16317714
27836020  203198
27835343  24470
27831867  24177890
27836309  23353173
27836137  2589711
27836032  252055
27835829  11787941
27775190  279236
27836531  13628124
27836545  2323401
27836307  232535
27834652  8337221
27835090  909018
27834946  21090733
27836915  3800551
27836755  23294658
27836645  7073484
27835133  2781549
27837271  572897
27837188  531502
27837911  7123659
27837974  3589562
27838141  375968
27838469  6384118
27835553  21301497
27834812  26751910
27827167  10479679
27839234  19359556
27837985  9560170
27837632  16108103
27835166  11230625
27838030  26634539
6825306  651535
27838524  19786003
27839514  40480
27829495  20744012
27835153  4310014
27835342  27836992
27833169  27835079
27836024  2309826
27839399  2118656
27839912  13840429
27839942  7385490
27839957  10689369
27833291  27817840
27835575  310271
27834559  21457734
27835087  1235142
27834933  5049576
27840373  359494
27840373  523643
27840409  27837938
27840106  3571909
27840961  7404838
27841334  5561742
27837193  21259565
27841410  16236504
27840952  21414427
27841516  11708092
27841119  9107942
26422194  424071
27841228  25603568
27841658  15973299
27842205  27841865
27839397  21285577
27842214  8712677
27842749  2661063
27842783  18372126
27842874  60174
13520007  13534897
27838171  13013911
27842598  27336607
27841633  4176962
27841014  27550315
27841816  7923948
27843362  356809
27843511  22937618
27834367  18934043
27843888  12573816
27843368  89228
27843917  25445027
27843705  20110805
27844276  218384
27843804  15774529
27844270  166221
27844625  20035101
27844572  27430648
27840460  433337
27844104  12643117
27844792  2633112
27844356  20419415
27845071  704311
27845280  27845091
27845368  9811013
27845398  17374262
27845342  2973202
27845642  6343166
27845683  1373164
27845612  6346674
13232233  1816673
27845744  17947565
27845744  27689883
27845330  11321491
27827884  9532595
27845298  16320549
27832411  27500121
27846166  1120478
27846352  232535
27845940  7799345
27846631  27794267
27846614  4052583
27846614  457826
27846634  3059044
27841020  27428905
27843452  19949923
27842821  14680121
27841968  3577641
27846885  5192496
5560053  4817651
27846471  14374682
27846926  4721449
27841308  27780213
27847207  10073699
27847207  1267283
27823844  15563775
27839288  12769982
27838138  1846882
27847064  3384961
27847324  949433
27847395  2075337
27847115  4660142
27846136  1296646
27847900  11013129
27792494  27780479
19484764  14411736
27847996  2765999
27848029  6847697
27846695  16520808
27848359  1207406
27845503  27843998
27848482  7713266
27848470  23353173
26788086  4233873
27848459  1390592
27846829  7073484
27848456  27426878
27847855  24644436
27848682  18212574
27848908  2032924
27848858  1132941
27849104  25734605
27849278  4261133
27849302  18755341
22412218  19184019
27849524  27348361
27849305  218384
27840089  4227420
27842542  19008191
27848608  9381926
27847742  13467730
27849900  218384
27849753  1756296
27839097  21127553
27849955  3090369
27848329  40480
27849906  10887967
27850237  2438938
27850207  1124788
27850368  3570167
27850368  280172
27850221  671703
27850221  26426910
27850874  14712500
27848492  19380738
27850989  1249917
26765140  3026281
27851142  23496277
27851024  19135959
27851111  26665152
27850351  27659882
27852026  4660142
27851986  20050932
27851902  27844708
27851914  6422979
27852419  5539955
27852687  218384
27852075  19320283
27853138  589433
27853145  18329871
27853254  7815528
27853259  24644436
27853308  9732709
27853477  7386728
27853129  50303
27852345  275018
27351185  19022704
27853438  1785028
27853881  12953127
27853644  938429
27854083  14235596
27854324  27842755
27854200  15396608
27852247  12842729
27854571  12573816
27855209  15999123
27855305  592396
27855305  8228281
27641673  3917779
27844623  15162525
27855551  7486085
27855771  1793616
27855407  1239938
27855781  24812679
27855919  10085591
27855786  218384
27855948  18666522
27529733  17416688
27855077  12742467
27853051  14328621
27853051  5493510
27855309  7785351
27856735  24983470
27382549  17121213
27856722  194852
27856722  451415
27857056  10432385
27857131  446892
27857359  5387371
27854824  13658021
27855885  14046355
27857257  12045568
27854876  10087819
27854933  8899415
27852052  11888933
27854671  2716069
27855558  888
27855770  45004
27855770  1014861
27855982  18239214
27857714  1041866
27857470  1520608
27858032  12573816
27855633  79461
27858088  12573816
27858053  5830387
27854007  174193
26222948  26261024
27853927  9450733
27858608  10336478
27853995  1557258
27853133  15211231
27858695  1109061
27858941  17997019
27857883  2803321
27858578  1105169
27858980  1301346
27854177  2221085
27855649  16523789
27853886  8017572
27857516  523767
27859204  5568859
27856691  2742853
27859577  4150320
27851355  2091465
27852573  8830839
27859716  10398783
27850910  5919298
27859801  201323
27859868  27802270
27859945  600293
27859618  13469631
27860084  9508518
27802270  73663
27860209  8228281
27859941  18106947
27860392  26913732
27860342  19907155
27860601  25583346
27860601  27859537
27860633  454635
27860827  19471005
27853072  4261133
27860874  541954
14036053  939932
27860908  27857895
27860950  9173410
27861045  6441218
23647596  6297550
27861007  6297550
27861040  12769982
27851794  17994699
27861292  4800419
27861253  26415188
27852590  190776
13073857  1598119
27851950  1758576
27861653  14998961
27853333  26539727
27861677  13435217
27858972  27840392
27861943  9018993
27861853  6167136
27862018  9288904
27862128  21366174
27862128  185844
27862237  3786361
27862331  409496
27862344  27799696
27862243  10729185
27859670  814548
27862917  3144610
27862039  588004
27863251  5010288
27863212  4172722
27863229  27807824
9666179  6346674
27863659  218384
27863560  27841221
27863969  8028957
27863985  12730147
27862563  2756801
27864001  14463277
27861613  9607935
27847991  15261613
14406054  123559
27864539  6639063
27864518  874815
27861494  605497
27864725  21471876
27864556  4660142
27864750  1267869
27799689  7818694
