27948272  27949866
27954539  27282763
27954750  27954341
27953972  12562807
27954988  203198
27955217  520237
27953913  27934293
27955316  10205437
27955510  2973202
27955503  24963718
27843459  25695000
27952454  17303573
27955559  24018688
27955585  2637391
27955504  6883276
27954532  25111831
27955942  16968332
27956035  4931892
27955317  17962730
23195399  13166293
27956355  1216791
27956505  8073278
27956515  20590656
27956561  1296646
27956789  20736758
27953425  22039910
27956845  2067974
89178  480214
25536150  26210317
27948760  16207202
27956456  1342898
27956620  5825807
27954888  409784
27956305  14703627
27952884  24586110
27957970  6822594
27955582  5374610
27958213  27926562
27958286  262351
27958158  3577641
27958547  20343309
27958260  451415
27958654  3144419
12572938  21955256
27958684  400212
27958698  14870819
27956132  24359316
27958794  1707663
27956917  11339186
27958721  437025
27959556  1945989
27959067  3143657
27951220  4261133
27950301  14220321
27950889  25884237
27959084  27928
27959624  8228088
27953017  19463138
27959806  153724
27960019  14447637
27958841  19113906
27958939  6787645
27960471  16281087
27960553  1132941
27953854  11773122
27960708  3737139
27957743  22690907
27960913  279170
27960933  12769982
27943092  16794695
27961055  327544
27961378  4459379
27960945  453610
27958243  9504447
27961110  5963266
27961403  8086302
27960416  7934519
27960541  190701
27848735  25829296
27961076  1942851
27961749  1267869
27959990  4548402
27962014  18698302
27962002  2500436
27960722  596216
27962207  254197
27962314  15963421
27961785  3695497
27957681  12154505
27959846  19939368
27962814  20563772
27946399  16060143
27960605  2613935
27960754  1075534
27960459  4162557
27962775  5604698
27963111  24200888
27957212  15965376
27963819  9992006
27959206  13939038
27964007  23294658
27964045  4980423
27953933  4660142
27964290  23653778
27964334  413898
27955623  8829468
27964241  130396
27964301  194852
27964663  18465521
27918363  3395000
27958973  1485668
27964749  27470592
27959915  10344119
27964800  19098952
27965131  457453
27965344  143485
27965354  19481873
27965873  60174
27965848  25129205
27966338  218384
27965973  4685173
27966234  14986810
27966514  495021
27966433  9612166
27966651  721714
27967136  23584120
27967136  27890336
27967162  954302
27952475  9436219
27967474  6441218
27966593  10111420
27967862  1235179
27967951  2717480
27968079  10601453
27967283  940451
27965254  9508029
27959380  20436579
27968329  23212997
27903398  16219799
27968561  2709821
27968562  4660142
27968743  279170
27968808  2546138
27968016  4845410
27965122  3346124
27959257  4526273
27967990  1639411
27969381  16139977
27965788  367282
27958631  5143191
27969421  2343099
21270889  2343099
27962080  16798811
27968430  16626301
27963570  4288821
27966203  4969171
27961162  19540070
27968503  17569012
27970117  14220321
27962503  18323969
27815671  22932746
27942854  8028957
27970696  2770321
27970731  3826963
27970731  17160696
27970836  12769982
27970933  9508518
27970945  11901395
27970908  327324
27971232  24715864
27971141  11899009
27971371  15112125
27971551  279170
27971628  4737970
27971618  27971492
23724419  27966735
27968735  5029917
27971750  7050233
27971758  9822561
27971835  27971605
27971850  1706405
27971850  20144699
27940481  27804227
27957826  27899666
27972467  90238
27972204  25854300
27967268  6682987
27972617  45494
27972642  60174
27972635  27942793
27972919  3888497
27973242  27971605
27973218  3481828
27973294  23958814
27973318  24644436
27966248  22797768
27972961  510121
27973601  27969126
27973628  6270004
27973727  10851273
27973780  406121
27973962  1675351
27959949  17438253
27959397  2605766
27974719  845021
27974626  1969897
27974865  3232024
27971060  1515590
27975010  548249
27975055  17299581
27974256  2489376
27973426  27931736
27973285  2542011
27975463  60174
27975150  4660142
27966341  17775593
27974828  2394011
27975805  14677993
27975571  21021102
27975894  12769982
27961722  27965791
27957174  10386344
24474010  24644436
16346471  24644436
27813622  27808618
27976160  9531691
27975923  24920456
27976491  2506793
27976577  164194
27969062  5830387
27976535  2745265
27977013  27961664
27977228  1451099
27970409  4767055
27976924  27271764
27977700  4252451
27969319  7330711
27978285  7520432
27977051  9932096
27978538  1132941
27978701  24812679
27978810  9605913
27979187  23323792
27979318  9144472
27979521  8257714
27970805  24505688
27979343  15595289
27979951  7301110
27978471  9840808
27980005  5897062
27976540  7124434
27979009  27895731
27978687  4933958
27980389  32369
27980474  1880172
27980294  3042961
27980806  12630128
27975872  10481679
27969483  18511046
27980443  4992096
27980760  21542892
27980499  7617418
27981107  7325278
27981107  27791892
27978192  27955046
27981557  218384
27971872  4716152
27982332  632475
27982093  632475
27982414  6139604
27982434  1451009
27982532  27980097
27982786  19447435
27982866  4660142
27981959  23693669
27982567  5121495
27978750  19068269
27965568  19723064
27982234  218384
27983336  699319
27983420  14220321
27982293  18098647
27983389  5890584
27983710  16098046
27983067  6542169
27969697  3764292
27983808  17364127
27983637  4576714
27983969  3985214
27984192  12769982
27984512  13404695
27979443  27977819
27984681  547829
27983666  23123347
27984628  260738
27984676  18393971
27984706  677038
27984931  60174
27982194  6999889
27977955  27971223
27985008  9387765
27985146  19163628
27984714  10175422
27985537  1670044
27985632  885908
27985711  12630128
27980579  3064233
27986044  23185096
27985867  13702637
27986122  4736
27986395  22267865
27985510  195682
27986563  2324250
27986520  16747106
27986442  628526
27986859  60174
27950927  27690657
27976648  5748161
27947417  1099178
27985140  21218788
27938934  682504
27939499  25471450
27939499  1080411
27985963  876866
27935197  1024049
27987136  9047368
27985268  12281975
27986487  8752837
27986244  27806409
27981943  6835774
27630140  4480278
27894942  2941995
21871053  26446599
27983394  5658134
27987480  4702696
27985248  12239166
27971156  27862483
27987673  940905
27987523  8091303
27967656  24164092
27988441  7520432
27950116  27946780
27987560  2446764
27988794  27260752
27988807  14220321
27988856  24644436
27988756  7591993
27988980  14220321
27985375  27500121
27989190  25040792
27989170  60174
27989090  4503748
27989589  8028957
27978641  15209831
27989583  7576691
27983915  16853130
27989935  4570366
27990156  9671749
27972599  14383736
27990230  4166447
27990302  9620586
27988491  9069379
27990096  8228281
27875981  537161
27990758  334518
27990758  3052442
27990857  2683214
27990904  9464921
26394826  2973202
27254670  2973202
27990867  27988341
27982930  7596073
27991332  25539598
27991211  27945361
27991548  5431941
27988430  20082428
27991408  18132078
27991813  8028957
27991875  8028957
27991791  20426116
27991870  18752413
27991861  3134882
27990983  2918016
27990902  27975124
27974488  4920885
27992435  4057359
27992438  1451009
27992568  27690076
27992682  18862743
27979808  27416758
27992788  27991484
27990509  183367
27993433  12573816
27993523  12250503
27993523  7825652
27990448  16608135
27993895  2486191
27982667  23854724
27993850  1983839
27992975  4814242
27993973  16771122
27993411  9991047
27994073  19103340
27994206  20279484
27993857  7724993
27994442  404232
27994442  3107246
27991122  12593752
27994655  513832
27994617  12530406
27994520  11118135
27993757  4108577
27994872  601543
27983093  60174
27988113  4660142
27988113  23231082
27994954  27993933
27995019  3781670
27991825  2824187
27991825  10076670
27995154  11118135
27995178  1803540
27995181  3262727
27995181  8028957
27995496  24539521
27995474  12573816
27990282  14124588
27994180  1847789
27995676  15077466
27991883  22085646
27996164  22363026
27991896  23716909
27996465  1132941
27996390  24812679
27996460  2087370
27996919  6300937
27984639  27956779
27996788  1148571
27997311  12601895
27994564  4855168
27997464  2941169
27996905  3247183
27995424  218384
27736943  3716920
27997734  9137157
27992135  27237223
27980756  10076670
27997556  513084
27997860  21066167
27998176  20929551
27998182  21066167
27998324  23353173
27998382  7718508
27998357  12637203
27998081  14313649
27998691  3810570
27715182  10582286
27996121  6862684
27998740  1108780
27999008  20870933
27998332  26688711
27995588  3642035
27999161  757675
27993664  23417356
27994100  182287
27998853  11622146
27999719  11950819
27999754  16750806
27999595  4913894
27999542  27761603
27999602  4701155
27999949  21122540
27999973  27236158
27999882  3191837
27999755  7482594
27999968  31875
27999968  42558
27999845  7674786
27994808  11828270
27999813  4418703
27998002  19442230
28000272  20308567
28000409  500431
27999635  1099628
28000501  1180860
28000501  9304
23429145  22352838
28000626  6541644
15091307  15044826
27998401  24644436
28000840  4312439
27982018  23688669
28001800  27749541
27995243  21937640
28001576  8934420
28001576  6637559
27997960  974598
28001399  22720108
27949965  4605527
28002017  4713131
28002017  15042942
28001965  8831501
22499120  5014219
842154  2301147
27998164  7162794
28002493  21180269
27901479  27882838
28002412  750486
28002741  2745265
28002809  3160691
28001149  7395542
28002852  15112125
1832528  7395542
28003013  2770321
28001478  8033779
28003275  40480
28003056  19275929
27996867  9486034
28002928  6171013
28003257  23653778
28003476  27583937
28003047  2688466
28003707  577575
28003828  10143340
28003850  730250
28004000  25111831
28004007  11088365
28003863  14028959
27995103  27993536
28004529  4660142
28004516  26814801
28004604  1108780
21030814  3786189
28002602  3786189
28004739  1296680
28004897  2559527
28004652  637894
28004557  22593592
28005027  5550163
28005201  3679694
28005353  218384
28005455  2808535
28005514  449560
27987099  6545964
27965592  16577120
28005328  27743774
28003167  8169471
28003167  10772091
28003722  4401949
28005763  12630566
28006086  27933330
28006158  15167404
28006115  10865025
28006210  22424233
28006080  6343166
28006257  8170468
28006340  3801982
28006282  12747234
27675288  28006010
28006714  500606
28006613  5803856
28000405  8088958
28006790  4012222
28006772  495021
28006173  18499935
21894956  2034810
28006903  4684454
28006980  22845167
28006660  2953684
28004747  22676
28006558  24644436
28006134  2973202
28004530  16174469
28006649  11927167
28007372  17802661
28007542  7737463
28003793  2344563
28007743  17764661
28007147  8093057
28007874  10547118
28006119  11633610
28007827  6010309
28007816  12573816
28008077  7172158
28007391  8978177
28008177  14209380
28008259  12889362
27997046  695645
28008222  34413
28004753  23403644
28008627  19102831
28008710  4176328
28008438  612097
28005600  20259523
28003847  12986386
28009121  717074
28009098  1894269
28008967  8601816
12581165  8601816
12641474  8601816
22657254  8601816
20845119  8601816
27994554  10191749
28009300  24990294
27995582  1027871
27912445  136793
27415292  7058120
27821562  24345138
28009678  25657123
27998252  9093709
28009840  6236081
22706606  6236081
25572600  6236081
25572600  22706606
21289315  6236081
28009984  14046837
28010126  4269034
28009889  3638851
28009889  8718740
28010180  2505529
28010060  18880654
28010070  16751348
28009045  27985450
28010603  9106131
28010636  20989496
28009802  14840918
28010990  10538010
28011015  217902
28011104  348170
28011076  27073299
28011391  4736631
28011265  28010088
28008124  28006507
28011016  12397118
28011711  680022
28011649  2709821
28010700  2102017
28011957  1276629
28011952  28006584
28012202  16749121
10932592  881388
28009999  881388
28012418  3079415
28011491  8972221
28012549  28000260
28012428  21809445
28012667  14028959
28012660  15736370
28012827  4261133
28012798  874757
28012781  14499783
28013481  4799006
28013260  5005863
28013751  14220321
2953070  2787887
28013850  27909000
28014091  4836710
28014369  6083531
4458169  6083531
28014448  12573816
28014648  60174
28014675  23294658
28014845  2973202
28014888  495021
27997980  18370360
28014548  18680462
28014903  8898925
28014882  2906092
28014460  26064172
28014977  25153477
28014991  24644436
28014121  9101497
28014121  6352740
28011625  22757825
27997856  3642919
28015076  14028959
28012022  10382929
28014316  3076414
28014916  14784861
28015300  56628
27999283  4888942
28003142  4792862
28015557  17449169
28011410  14526574
28013857  1014861
28011449  4061438
28015773  24223605
28015144  501026
28015043  18608452
28015794  18021932
20726018  3381280
28002185  4935632
28016043  3817529
27861839  27411399
28016212  16022720
28016329  8906722
28016448  11966520
16454144  27751221
28014983  5622373
28016690  27873223
28014961  4055633
28016687  8473650
28016920  5587676
28010284  588004
28016833  1634268
28017315  1080247
28017564  236129
28017880  8906722
28018102  25121637
28017858  1240852
25457952  6705001
28017931  27372638
28018076  28016913
28018674  7288613
28018272  15059076
28018729  27690076
28018852  4049428
28018878  443687
28018878  55984
28018900  3280729
28019015  28013041
28019044  5684157
28019313  14220321
28019242  24016962
28018908  23431776
28017689  20906214
28019640  4660142
28019664  23520205
28019129  20035101
28018848  20203492
28016639  613183
28018605  27399138
28019873  750486
28019635  4372515
28020017  26720759
28020033  14329691
28020282  24599119
28018909  3952387
28017225  392864
28018754  16382266
28020843  49002
28020717  19625862
28018730  667555
28017588  17132770
28018317  7774814
28020207  1910608
28018314  28018076
28017779  10570904
28015985  3381280
28020967  6459145
28021302  16302309
28021021  824349
27114596  15739409
28021397  13840429
28021397  1917576
105400  2955459
28021396  27978906
28021420  1580647
28018840  4114167
1288297  931207
28012459  4041244
28021736  3873944
28018082  17718444
28020665  768431
28020487  6164313
28022590  6711838
28022614  149380
28022561  28014460
28022845  960728
28022933  5471158
28022956  23610776
28020582  9029481
28017879  851625
28020908  6592512
28022213  10735099
28023546  11480542
28023693  7161412
28023726  24615693
28023831  6270677
28020705  6323338
28023954  218384
28024022  4660142
28002329  1732348
28023406  6192781
28024217  8028957
28024396  40480
28024300  7827484
28024390  10795857
28021789  15346605
28020462  14011348
28024730  9060073
28020014  27204557
28018407  24644436
28025241  218384
28025338  2026054
28025479  2184133
28025519  1925614
28017464  6027398
28021911  14937019
28025199  1018952
28025726  3436118
24742927  15789036
28025908  6475314
28025952  10486375
27157482  4261133
14370751  14337551
28026502  4807454
28026588  203198
28026588  22610042
28026588  27976739
28026253  11362085
28026384  21037571
28026793  203198
28021702  6045384
28026933  1443091
28027080  24644436
28027034  4179728
28026506  8395168
28026600  7371715
28026759  218384
28016683  24812253
28027703  15667189
28027446  2533476
28027649  20971680
28023829  6126584
28006288  9132178
28028398  1267869
28028365  25111831
28020857  3231849
28028306  27102000
28028459  5235994
28028650  13291117
28028679  5517597
28028440  3142417
28029053  2973202
28028961  605845
28028173  20677923
27845458  238625
28029199  939326
28018255  25241444
28028759  16930352
28029306  14220321
28029398  14220321
28028943  22760673
28029509  203198
28029572  513832
27987450  27968096
28029363  28025349
28028242  9768328
28027917  6487300
28030442  13159337
28030442  6799172
28029911  16266772
28030613  25943779
28024909  24490323
28030850  7546050
28005807  28004610
28030956  4736
28030982  1787293
28031115  26076772
28030872  4830588
28016664  3127429
28031314  18573016
28031482  14220321
28031499  5100718
28026564  2221658
28031632  620376
28031680  5585779
27891064  27649665
28031701  19547091
28031796  10710193
28031203  27970335
28031791  4003232
28031791  4403542
28032085  18110811
28030742  1878001
28032231  413898
28032294  976243
28032313  882143
28032129  16360620
28032462  218384
26852845  14149422
28032790  5895908
28032893  22397105
28032770  15112125
28033235  17484978
28032137  9412672
28033311  79797
28031525  6259354
28033727  9181767
28033698  6219263
28033825  5055909
28031526  27282608
28034048  24644436
28024083  18775409
28034130  177506
28034657  5467129
28034546  6498177
28034761  11362085
28034933  513832
28034410  5589807
28034950  3371326
28035165  401656
28035232  2301285
28035519  28034351
28035670  41948
28035632  27927701
28035695  14220321
28034239  8875706
28036019  28017050
28036048  5703552
28035988  13582985
28034800  6847697
28035954  24725420
28036278  18746693
28036754  8020228
28036666  6434663
28036973  203198
28030072  20627138
28037190  14220321
28037215  24644436
28037452  26825507
28033278  4715820
28035755  28017222
28017222  28015467
28037706  28036932
28038122  16107683
28038112  27459570
28038222  17510778
27988236  4077822
28038952  4398262
28038710  968001
28039625  28038364
27647321  207234
28039273  27275078
28039741  721304
28039593  2052390
28040122  11977102
28040189  11815155
28039898  3875184
28036053  7836182
28035877  8466744
28034393  2283374
28040318  5511785
28040032  25682967
28039341  2422468
28039002  2227292
28038985  2523459
28040692  13840429
28040789  14220321
28040735  17330160
28040956  12769982
28039677  12516830
28041137  2795833
28041209  16113336
28041432  1287950
28040473  4691132
28041792  18001478
28042201  7124434
28042168  27987713
28041852  3580947
28041622  21638169
28041909  347614
28038858  21448001
28038251  5585779
28037920  1509547
28037920  10167266
28037920  15596631
27015560  24073549
28038032  27437892
28040629  5566921
28042850  28037909
28041127  3760276
28043241  24003191
28043114  8975908
28037158  18722753
28042969  1998483
28043560  1037593
28043615  5611963
28043778  14220321
28044086  166221
27962339  9822076
28044102  19077522
28043681  2222365
28044363  15724676
28044363  6319924
28044370  946420
28044470  13621467
28044529  27890336
28044567  17130382
28044688  13840429
28044686  1132941
28040046  1479233
28044694  977233
4351390  8921999
786879  8921999
28045037  6531724
8458946  8921999
28044798  8921999
28044798  8458946
