28044099  25841857
28036866  10246023
28042800  8454510
28036461  16908165
28036461  12484581
28033028  2196828
28044161  1860159
28029112  26171159
28039865  24644436
28044985  10136794
28037432  24644436
28045259  54539
28045358  588004
28045391  17940200
28045817  28045447
28046214  9567673
28046237  15645093
2077897  1546226
28045849  27996532
28046295  20487465
28045936  3037598
28046578  16754643
28037691  10039641
28043534  3985392
28043003  4460263
28047016  1586587
28046155  8028957
28023324  16422501
28045453  3084892
28043066  9209998
28045962  28046539
28047250  27780282
28045964  9069379
28046852  8459903
28048056  20035101
28048224  2559527
28048173  22072329
28048301  1041866
28030936  9500114
28048673  2390789
28048838  218384
28048470  26577496
28048966  7709422
28047833  5259714
28049277  10835628
28049134  14220321
28049454  3437059
28049639  9992866
28049383  15925980
28048810  19795644
28049930  3023649
28050131  7290889
28049066  594730
28050569  4189245
28047999  1144783
28047999  10661482
28050954  9992866
28051040  11399971
28050884  18412318
28038874  28018430
28051480  588004
28050936  10105935
28051579  19664691
28026604  10098579
28051787  14903554
28051991  13350857
28014241  23621833
28052009  1313120
28052127  2802055
28050470  1078118
28050470  22350333
28052243  4587392
28050139  27506735
28052381  3550790
28052270  28050233
28052642  4244896
27985866  7491805
19124445  19082860
20855863  20856925
28042298  10688006
28053279  2612802
28053416  4261133
28053216  18932486
28053266  5616617
28052957  334856
28053548  14611352
28053667  5997027
28053667  588004
28053636  148901
28053844  6905658
28053212  23667086
28053212  27805226
28053820  14733378
27989101  27991807
28053960  9319532
28054117  2545532
28054131  7355187
28054318  14220321
28049845  4472891
28046114  16330404
28046114  10183724
28054584  4870462
28051349  7863265
28050570  5210611
28054528  16548379
28054967  4244896
27899421  1144783
28055047  19025570
28055223  1953530
28055406  2090706
28055538  27236158
28055022  12859942
28056028  4880168
28047559  3282986
22673474  17082341
28056394  588004
28052244  118241
28052054  4913123
28045256  15580389
28056832  784929
28051904  4124102
28057102  9549780
28057171  10286473
5533387  7487977
9472970  7487977
28057057  7692653
28057619  16052689
27992778  588004
28057935  3127429
28057925  3353745
28058177  28049610
28058509  24644436
28058377  17687429
28048078  12361369
28058674  5583608
28058821  279170
28058905  12963350
28058722  12722095
28058985  28012951
28059232  205736
28059305  501460
28059322  4931892
28058952  43116
28059421  14382857
28059514  218384
28058909  28057672
28059552  4637873
28059755  21593
28059960  14079796
28060081  3742506
28060118  750486
28060261  7781893
28060475  1179983
28060672  6401721
28060315  13520266
28056721  2883576
28060858  24812679
28061036  1056728
28055852  3602827
28060204  22221277
28061398  26686170
28059292  513832
28061686  4660142
28061929  40480
28060364  365312
28060027  4831741
28061605  1200054
28063033  5643819
28063176  16583665
28063387  4261133
28058738  23359829
28058863  6505033
28062958  24031621
28060919  23027253
28064146  1839422
28064076  18478262
28064394  582797
28064422  22937618
21614767  25864092
28064463  1049702
28064476  1824409
28064151  11213259
28064827  7459630
28064855  218384
28064949  5142103
28064876  495021
28064910  11922302
28064560  28063696
28065343  18665702
28065372  3076414
28065209  14359024
28065499  612277
28065197  6343166
28062073  3586919
28065637  123559
28065616  1687790
28064230  2350495
28055911  21294777
28053627  4154864
28063948  3521914
28055611  1716940
28065775  9728900
28066158  23683356
28066252  14220321
28066406  434287
28066397  15112125
1624883  434287
28056085  13540907
28065903  13195131
28066744  2973202
28066859  11502268
28066917  19925155
28066640  9790435
28064717  28064184
28062243  28047100
28067019  18423201
28062510  23952893
28059350  25853947
28067317  9884202
28065076  27465279
28067637  218384
28067401  2649334
28064759  8715474
28067824  5284147
28067892  12210906
28059881  9360857
28061408  6162264
28040697  21446908
28068163  1912475
28066224  4814124
28068325  223918
28068382  2980038
28067833  28065960
28068476  952503
28068639  28067815
28067641  18056493
28068934  11553042
28068993  510357
28063795  25095863
19189973  4283295
28068972  579856
28069299  16086162
28069348  5540064
28069339  5246768
28069412  14486110
28069309  2973202
28065207  12573816
28069698  4261133
28069882  336859
28067010  140131
28069983  7596647
28063922  26794416
28066804  12309432
28070493  4244896
28065858  247856
28069069  1749464
28070592  588004
28070592  4236130
28070595  20118627
28070699  6216204
28070827  11338229
28066173  70855
28066343  13088153
28071165  6074018
28071268  24983470
28070844  1014861
28071273  332422
28071194  12769982
28071280  23000451
28071340  26682100
28071521  96759
28071521  10405008
28071538  4456395
27925947  19369131
28009819  6258210
3343022  3743632
28071797  27676672
28072070  203198
28072070  12207033
28071506  5890250
28065267  23935810
19987061  9067283
28071075  9278493
28062463  241145
28065225  1638669
28072702  457629
28072815  336859
28072156  583336
28066679  881194
28058347  14568239
28072752  12799931
28071286  6228315
27965588  184666
28073251  3614323
28072512  11932805
28073627  615702
28073690  18153234
28073906  4736
28071953  118241
28071186  1804745
28074010  4247068
28074241  23080078
28074203  19896870
28069355  17555937
28070547  2753962
28074394  11312737
28074239  740577
28074205  5490638
28074897  2612948
28075317  20673625
28075296  4931892
28075274  9466265
12287049  7506844
15311158  7506844
28060101  7506844
28060101  15311158
28075100  18898736
28071655  5346395
28071655  5710653
28070504  6899350
28075553  8367421
28075881  40480
28076084  13274279
28076336  3253641
28076316  573618
28076417  5306835
28076425  10058226
28065330  25853947
28066171  13227142
28074557  798545
28076888  23497209
28076846  17130129
28076834  9847054
28077063  9769409
28077173  16588022
28077118  27877741
28077444  26902359
26902359  15124833
28077422  3744776
28077296  10708315
28077662  586129
28077226  3772273
28075858  436670
12591953  503093
28076858  8288823
28077690  4233476
28078114  15086040
28077864  28058805
28078274  4945178
28078379  12573816
28078129  15491661
28072979  7866320
28078630  2282686
27948975  14641899
28078795  27978506
28079055  5041494
28079273  4261133
28079471  17392857
28079663  768431
28079720  4167113
28079817  2973202
28079817  2926084
28079837  7687665
28079771  1582285
28050115  37464
28079874  17249125
28079748  27460495
28080037  10154796
4354418  13418669
28080393  5224071
28080463  7294153
28076781  7528234
28079089  20026281
28080702  11968265
28080316  436120
28080732  750486
28080717  15737348
28080783  22398609
28080782  897356
28080905  204360
27308280  927358
28081185  218384
28081261  750486
28080964  10309968
28081273  13347539
28069056  2722934
28081471  28080710
28081446  6115896
28081404  5490301
28081064  26446599
28081549  1104030
28081587  12769982
27990513  27917894
28074627  28072664
28081702  2350495
28081665  4660142
28073875  12002332
28082131  897366
28080755  1416697
28080755  2915864
28082206  19646512
28078515  23740548
28080176  5767325
28082252  16089651
28082482  12769982
28082908  15887900
28083577  1694036
28083548  107705
28083357  6343166
28083943  203198
28081808  28082446
12122311  9459656
28078733  13329132
28084334  2008592
28084443  2035645
28079639  28080957
28081512  5177002
28079613  13959251
28084764  4479683
28082452  14551656
28084861  1660124
28081862  6043984
28082645  7285492
28085231  5769972
2667259  11213697
28085388  2527086
28085841  901115
28084470  1278281
28086146  949433
28080881  7027288
28086435  12632463
28082957  4675862
8499167  3762340
27026092  12001793
28084935  22697936
28086930  1077041
28014805  27670303
28087132  3389348
28087231  4660142
28087235  28084953
28087249  20052682
28087276  18799716
28086991  14220321
28087053  153724
28087458  3366529
27625605  27745
8385856  5764467
28087745  14220321
28064364  28040938
28087772  9704802
28088414  5168588
28088442  2042813
2623808  2521322
28078635  4786591
28088595  16696642
28083927  2973202
28088544  8166931
28088876  15466898
28088952  8899905
28085380  20393285
28090159  203198
28089959  19380738
28089201  2129693
28089683  7814339
28090174  8181699
28090377  111102
28090473  949433
28084065  27611671
28090414  6626937
28090529  1113819
28090205  27980100
28085010  12495948
28090864  5121027
28091000  173868
28089297  5890250
28090944  6608498
28089863  18379238
28078330  20082893
28091196  60174
28078803  5082126
28091265  203198
28091430  837872
28091519  27430648
28091507  535143
28091673  1336776
28091776  21219942
28091624  7713266
28091952  2091465
28089457  14085620
28089188  10312857
28085662  17408714
28085662  2561378
28092172  8028957
28090201  22011457
28092290  22504437
28092525  15185746
28086034  11544083
2032978  2818333
28092377  503564
28092981  13840429
28093048  7073672
28091906  5187530
28054898  4792862
28089525  7301110
28088517  12573816
28093323  17897736
28093440  26150191
28090083  7450045
28093693  2973202
28093382  750486
2428949  1986732
28093049  1617061
28093944  14220321
28093341  4725339
28079497  15209831
28071850  25547818
28089554  28093991
28093481  25043360
28090325  7427262
28094352  25318050
28093075  22008135
28093713  14220321
28094904  18218109
27940282  11215227
28094970  1771786
28095102  6697753
28086573  18209824
28095181  22989458
28095201  750486
28095285  1545501
28095375  6697753
28086160  20989317
28095484  3525576
28095275  1150762
28094998  27247078
28095749  11084757
28096031  2973202
28095896  27992723
28096184  277771
28096178  15338659
28096485  3354453
28092782  5658457
28096438  27374475
27972019  27950742
28096625  231125
28094807  24658422
28090118  107936
28087824  24658422
28097005  7000592
28096102  3058
28097226  4523363
28095308  22713703
28097696  10200312
28093877  28086084
28097911  8532768
28096667  25722945
28096821  2973202
28077742  27564369
28097822  22361522
28098313  3161458
28098251  576169
28098258  27126148
28096109  1949229
28098700  20762995
28098700  3370653
28098742  26409191
28097726  28078226
28094547  3948417
2727570  805133
28099445  4660142
28099397  1967918
28099622  16635886
28099451  2376193
28061083  7872693
10309929  4432774
28095802  17501750
28099947  9839343
28100009  218384
28096668  4660142
28086614  27963363
28100252  6441218
28100383  14504148
24552410  24952791
28099271  27987085
28099634  304256
28085747  7674786
28101084  15641492
4764978  3304741
28101297  28096054
28101468  3220916
28101670  23581611
28097405  3988788
28101735  3051564
28101844  17364127
28101372  16830673
28101507  529085
28101929  1416697
28101779  28100989
28102014  60174
28101811  20225459
28086270  28069881
28102029  16872626
28101625  25265491
28102156  10495373
28102509  2950332
28102520  17364127
28102585  82831
28102840  513832
28102976  8896118
28103006  383947
28102998  20915012
28096144  19418551
28103299  9884202
28101312  1119696
28103482  14277116
28103757  6822319
28103900  1036347
28104005  24131986
28102790  26308072
28104720  588004
28104720  2100490
28103727  15870138
28104077  13607334
28105262  18208298
28105320  12859942
28103683  3882186
28105752  8359085
14856028  11160952
28102531  277010
28105028  9270935
28103184  27386926
28102187  4660142
28106312  10892637
28106312  14789451
28106632  7208786
28106439  9980037
28104865  8075147
28106723  15963421
28106491  28070143
28106985  1129216
28105585  11941817
28104380  9021072
11681424  10852256
28107088  4569909
3507599  9631477
28107463  1073358
28106161  513832
28106344  513832
28107361  7041028
28107618  60160
28107596  1252693
28107633  14491695
28101375  2623761
28107808  17364127
28108222  12478255
14386076  12478255
28108317  11279331
28107893  16174992
28108271  166221
28108479  28103561
28108283  25598969
28108686  164194
28108662  192527
28109102  28107475
28108646  750486
28109233  3010840
28109476  23353173
28109538  2129693
28108953  280712
28109446  389645
28109985  12769982
28109920  11963508
28110067  4555938
28110161  16641119
28104569  24644436
28105528  24644436
28110503  15911312
28110504  8900631
28110642  588817
28110763  2612802
28110676  2760804
28109884  5936112
28110975  3477283
28110919  2705067
28098944  5226080
28110996  11480763
28111033  23298944
28111241  9141178
28111266  12054816
28111282  1939609
28111404  5891840
28111502  8695341
28111466  27515946
28111527  15086040
28111534  14249277
28111589  2973202
28111167  4660142
28111328  4617099
28111849  4983500
28111897  1824600
28111910  16460616
28112082  6475314
28108614  14198594
28112236  17082341
4084322  4789837
28107499  6244217
28110425  20290462
28112854  4806150
28112070  2937227
28112722  24161336
28112845  10775367
28112982  6407983
28113199  660609
28113265  6242955
28112889  6730403
28110190  4208082
28103961  15463003
28113562  19418427
28113390  23667086
28113176  7240287
28113483  4257684
28103150  2086287
28113935  468791
28114054  12844137
28113793  3843060
28112357  13593087
28114028  614818
28114262  2781357
28108220  6780678
28114484  2090706
28113256  1144783
28114573  1711990
28114540  7221174
28114826  212358
28114776  841396
28114948  4660142
28115059  10921809
28114965  8028957
28115165  4421706
28115329  11884227
28115130  591446
28115578  218384
28115671  3817360
28115653  10101899
28115773  4660142
28115103  364114
3765903  364114
28113396  999501
28106082  28108040
28112083  4660142
28116302  2559527
28114519  26034177
28113130  2335888
28112154  6867693
28107056  14018185
28098674  12573816
28096127  13787702
28114564  469742
28116743  513832
28076530  25453159
28091889  3437110
28113163  7563169
28090603  1951951
28090351  236129
28115853  779379
28080116  1615813
28078403  8377660
28065773  3931312
28066247  10901905
28056795  7627098
28051024  9269399
28116791  27500121
28114724  16324095
28114814  27848281
28050325  3068144
28046659  9996253
28045787  5098558
28107067  2634494
28116437  10962290
28117091  25276003
28030652  6418807
28117108  28110699
28028606  14302849
28027737  1274171
28020341  18636017
28016905  2609702
27971967  3217842
23057421  21981004
23057421  8052460
28117053  9440888
27928878  12573816
28109165  15758685
27894842  588004
27743528  3467997
27605642  1421491
27508687  6088602
27138540  1419997
28117440  24354119
28117457  8028957
28107384  15491894
28117649  13944216
28117662  16751348
28117622  22180457
28116110  21881992
28117857  6083531
28118001  218384
28112896  27671094
28076649  28115757
28092811  4732672
28118220  10805987
28118369  513832
28117680  19546035
28118806  477691
28118420  12573816
28116407  6901090
28117945  12015571
28118820  2231369
28117846  11633610
512528  499126
28115813  8623870
28117515  7148036
28117979  6942407
28117522  7325882
28116630  13932272
28115789  3217842
27801934  513084
28111781  13066017
28112050  218384
28111736  1548487
28110383  5211548
28107492  4599933
28107415  10584179
28100431  5222
28066021  17771663
28106114  28100431
28105206  1865088
28119113  1335786
28104807  5957873
28103351  9044140
28103112  16939814
28102130  9723931
28101701  2416935
18727777  25385173
23941868  26375932
25060225  3001836
24211060  25385173
28099307  16694897
28098842  9913732
28098584  761194
28096718  4795455
28096929  11469865
28096050  27928219
28095805  2447324
28092219  19780165
28083377  4397107
28117551  13166522
28117701  8183265
28118320  28118153
28119612  9288904
28119813  28077206
28119345  24075223
28119850  14220321
28120314  15444945
28120358  5203678
28120351  10673585
28099435  8896843
28099435  26302088
28120486  18795004
28120486  9770897
28120572  4089174
28117786  28093877
28120494  750486
28120728  8856614
28120743  1905397
28120920  1531093
27748650  4660142
28121052  4261133
21357238  7049875
28108544  4549015
28121510  21842934
28121510  9690364
28121560  15462078
28120968  4660142
28121628  23740548
28121655  7027288
28121758  3753869
28121649  27894574
18054063  1985967
28121792  11283361
28121792  1641957
28121851  5683728
28121851  22463062
20975014  20767582
28028269  27924961
28122047  13840429
28122129  28110699
28122120  23446377
28121329  13246597
28107617  22375971
28121772  5204958
28122061  1364444
28119079  28104147
22885346  89705
19656578  14169450
28122249  9565818
27940875  7153659
27800151  27746549
27763651  471199
27763651  487258
28120620  11617962
28095152  13069584
28122602  20979382
28122513  950087
28122783  11321491
28119507  12772656
28122839  1917576
28122973  5241193
28123199  2647
28123298  12769982
28123359  17364127
28123541  8028957
28123585  5093460
28123270  16981921
28123719  48088
28114138  563406
28123792  80646
28123824  3030121
28123386  149055
21144183  9611682
28123958  1435415
28123934  12769982
28123915  3727051
28123725  6184335
28091344  6969645
28121049  2156353
28124097  16959576
28124210  28041852
28124171  750486
28124304  1597405
28123364  14248848
28124136  1025687
28123998  4660142
28124491  18908897
28124090  1014861
28124578  4968406
28098231  23180947
28124022  6971188
4905300  951320
28082031  28120252
28100864  28058560
28124810  23189630
28124917  8146106
28124758  20642103
28031326  5256599
27754983  9446700
28125143  123559
28125261  3536153
27257747  25642070
28125350  11372065
28115903  7574134
28125610  2824157
27964370  4334649
28125744  8767004
28125612  4933958
28125745  464864
28070363  24158427
28125847  7523139
28126059  21604946
28124614  915128
28126170  767999
28126094  21881992
28124866  10546625
28126429  1990817
28126327  36901
28126683  10382929
27599062  2667095
28126633  14291438
24802923  4775287
21991618  5654073
28127039  13040684
28127114  8222855
28127258  12150696
28127296  12179460
28127450  3632075
28127537  19449709
28127686  2973202
28127710  22937618
28127811  1993727
28127822  16829485
6332364  2441457
28127874  972
28127874  5036920
28127893  218384
28128003  404232
28127908  4616202
28127560  843780
28128109  757675
28126798  13147070
28128345  24644436
28128162  6107752
