28204296  16845191
28213042  5431941
28210163  2770681
28212694  2407912
28213134  4534438
28213197  946418
452290  1116992
28206016  16799017
28209808  15356660
28212964  101754
28213053  6942477
28208443  24126920
28213365  750486
28213650  27571377
28197065  7134559
28214007  28208641
28208671  13574222
28214254  14394016
28214014  5871730
14811364  1481178
28214411  13180774
28214615  513084
28214588  16624648
28214532  15609517
28214961  2203388
28214929  10097491
28212544  2167916
28215038  3346620
28215205  28066663
28215377  4133859
28207565  26090381
28214224  12996234
28213853  28199059
28215674  7792362
28215743  16257538
28216025  2973202
28215889  28215494
28216626  7267226
28214885  3112946
28215939  15883497
28208047  7839907
28216461  24644436
28213048  2045736
28216551  310870
28213481  5971736
1360826  8820164
28216875  17691231
28217212  1650299
28217312  18260528
28217087  4403002
28217360  8959097
28217194  14220321
28213346  17547473
28193764  28214725
28216187  28208332
28217372  28167296
28218294  16663992
28218217  1434937
28217658  628526
28218489  1685922
28215581  10777413
28218029  46155
28193070  27081942
28218723  18752597
28218941  2723689
28218773  161738
28219215  3575176
28218815  183367
28216105  28194015
28219241  15546382
28219373  3844899
28219591  26533421
28219506  20296777
28219649  17432730
28146041  28125402
28219867  24644436
28218571  185254
26767127  17652412
28219663  2519240
28047587  6185117
28219637  1385094
28219904  4842512
28220170  12503527
28220182  23821792
28220174  492994
28220311  8028957
28220268  1458923
28220137  24141900
28183386  1773550
28220901  5083194
28220934  508183
28220941  3458699
27835789  27719202
28221100  2259228
28221078  4654055
28221089  742764
28220933  24067085
14483308  13511356
28221289  495021
28221581  21575452
28221331  12594763
28221629  1922910
28221709  28215504
28221977  15019876
28222062  3689279
28220511  15627967
28222091  18774568
28222161  19890748
28211842  14220321
28222431  3434202
28222535  2973202
28222320  6436681
28221597  20611
4856210  4838777
28222919  5891840
28223008  1695376
28223104  22339758
28223138  19941825
28222870  1077041
28223243  9588009
28223510  5586756
28223490  20928097
28223446  9205788
28223639  5409161
28223617  16577120
28183849  12930134
28223736  8767166
21094248  9730243
6409931  9730243
28223258  17661829
28224177  750486
28224233  17433667
28214561  25118865
28224340  16320197
28224582  1012437
28224756  5284814
28223473  1684799
28224987  16262668
28221919  4419667
28224981  21615199
28225300  2885173
28225300  4362456
28225304  27659160
28225654  14744746
28223895  1234510
28223895  6952363
28225673  4172722
28215836  11582007
28226009  4660142
21655132  16370465
19968947  16370465
28225972  1813491
27820683  26981259
28226282  5796248
28226579  176918
28225919  2630440
26631212  5703552
26631212  7616969
24495767  19461521
28226781  24644436
28227015  13938886
28227123  19567470
28222771  6750531
28227008  25293777
28227234  2973202
28227196  322749
28222910  3348856
12927504  19924852
28227322  14220321
28217043  1379740
28227718  6422355
28227932  17170
28228010  19461521
28190089  279170
28228375  2304894
28226881  301147
28228874  21160915
28228844  8028957
28228283  23911670
28229094  23100356
28229377  21987909
28229692  13840429
28227754  12301729
28230258  513832
28229715  9605565
28227895  12573816
28230485  541487
28230331  12342117
28230331  3475601
28229962  279170
28230362  7228800
28230323  22226718
28230498  68645
28230454  1634268
28230617  40480
28230448  5458048
28227233  27903345
28230339  458756
28231300  5678384
28229903  2659000
28232112  750486
28231974  2863388
28208210  5468425
28232156  5041494
28232315  403967
28232408  6979612
28232453  20695516
28230449  5050170
28228508  12265216
28232090  438414
28232643  6348494
28232592  28167433
28232769  26049174
28232602  25679182
28231893  12459943
28232433  629240
28230796  20392163
28232915  3754786
28207851  21624067
28232322  20268095
28232734  41449
28233173  22358382
28203928  20002503
28203928  23294658
28204067  4674995
28233352  9584870
28233518  845021
28233632  22937618
28234029  2530747
28118927  19619072
28008892  16426776
27945764  2349991
27945764  67631
27999262  19024243
28009934  15044494
27992139  15487550
28118478  20951177
27684499  18798522
27710001  8073278
28083368  22050189
27782803  2973202
28088014  12475450
27033976  23430854
28234651  8051975
28231155  21905169
28231155  27033976
28234796  1620847
27904862  27636373
28235638  5986980
28190262  7538628
28234376  28197902
25907243  13343954
28234513  7674786
28228251  22443124
28236299  1128723
28234891  27683108
28236165  22937618
28236787  14764126
28227240  218384
28236729  218384
28221528  17093862
28236651  10678229
28237156  18198176
28232024  8511444
28237262  780541
28237550  2586612
28237608  25976267
28237793  171251
28238010  5020486
28237813  984510
28238211  5211961
28238213  889160
28237641  20279484
28238146  8151380
28237271  23667086
28238409  7204742
28238228  218384
28232420  23744237
28238506  3168375
28237707  1129216
28239109  19110839
28239111  1339482
28238202  17130382
28221789  5373198
28221789  7744966
28239336  203198
7744966  5373198
28239224  9969690
28239360  10575544
23831054  681695
28239438  26589805
28228736  10382929
28239632  711004
28239639  2909849
28239658  19682057
28239431  28076503
28239659  7443222
28239681  2089590
28239804  7208861
28239829  9880989
28240035  11483216
28239565  12681989
28235383  28237287
13149728  4660142
28240241  26365018
28240396  4033723
28240310  25761646
28239805  22537326
28240670  171251
28241039  4176328
28240942  3783149
28241338  9085018
28241338  135448
28241705  1313120
441412  12608242
28241512  14060264
28242209  148747
28242094  98650
28242784  2475275
28242868  1847789
28242717  3579779
28242717  16441769
28201271  20388031
28165993  26083873
28073607  24727397
28243255  8216594
28242139  1391503
28233197  7570327
28243309  20299914
28243092  232535
25521335  26289301
28242218  26289301
13883330  26289301
28243793  495021
28241192  28209003
28243824  19285957
28243841  26982523
28243832  24735311
28244174  1101750
28243553  22236816
28244098  27564994
28243998  789913
28244070  14943900
28244492  4871051
28245304  752271
28245231  18337407
28245109  513832
28245507  27929875
28245298  6645766
28246017  251391
28246362  28245398
28246192  20930414
28246319  1481152
28246401  1373164
28246571  6343166
28243871  18757097
28238312  332872
28245270  10285159
28245270  18298946
28247016  28246832
28240254  3723793
28245506  6887183
28247220  60174
28247303  28246287
28246549  20332755
28246932  5387643
28246701  12519335
28246379  908489
28246111  4126029
28245177  8751482
28244772  11007723
28244483  218384
28234674  22850546
25004905  17468249
28242533  1206073
28240086  17612778
28239122  28223214
3420311  4172940
28235666  25495368
25455924  1045988
28106757  28217088
28235228  2020088
28233100  18666710
28229671  10071065
28229477  218384
27765643  21004020
17784131  14308836
28222539  20442265
28222641  513832
28222641  3598770
28207252  72768
28202614  18391824
15607500  12930134
28219871  22384710
28218289  24126902
28217691  11485517
28217415  2259190
28217044  28213774
28215786  409784
28215535  409784
28215379  218384
28214450  813086
28213774  12365285
28212650  8666720
28247595  202631
28247667  13896450
28247339  21071715
28247562  27770577
28247781  17555218
28247951  23667086
12178910  11321491
28246837  20379375
28248069  5207013
28248071  122641
28248107  26141783
28248188  7126550
28248486  3699141
28249084  4660142
28249165  14220321
28249067  19737031
28249569  240178
28249700  17688511
28249673  14027004
28249746  9597052
28249661  8725457
28249721  25855137
28249867  1301346
28249957  203198
28247083  10777413
28250054  3465191
28250342  24539521
28250356  13187076
28250367  4969171
28250381  5668429
28248635  3169588
28250446  11681621
28248153  12690444
28247451  2406002
28248229  17268517
28250656  28250470
28224896  28250680
28221469  28250680
28250507  10143998
28176140  28250680
22892681  28250680
27322723  28250680
24615891  28250680
22864843  28250680
26349750  28250680
26305267  28250680
26204865  28250680
25431912  28250680
25270917  28250680
21662899  28250680
23898794  28250680
24738973  28250680
25659328  28250680
22534742  28250680
23230288  28250680
26902994  28250680
18318507  28250680
20166033  28250680
28249570  22925903
28251105  1313120
28251132  1767253
28250893  1285911
28249626  4477464
28251319  24522719
28250713  20077487
28251450  10921167
28251565  23667086
28225025  13884317
23277268  127803
28251776  1132941
28251839  766516
28252112  833032
28252039  489269
28250767  746809
28251045  7249054
28249657  2973202
28238858  2274242
28252372  917783
28251281  25796280
28221475  22276121
28234425  13673227
28158017  28140012
28163154  16913828
28252607  4858927
28252762  24644436
28252737  12655811
28252878  10962704
28252919  46155
28252729  22937618
28252972  3737139
28253079  2194992
28252104  2105327
28253142  17299581
28253164  5499120
28253126  27092830
28252249  16163773
28253455  4244896
28253583  2745265
28247795  15445775
28247410  10152872
28251650  8798403
28252098  11875941
28253697  24302630
28253692  16714937
28248996  13464304
28253806  17662910
28253820  8028957
28249111  18170838
28253408  28229287
28253885  4660142
28250989  8128118
28253932  15112125
28254124  9429057
28253635  15575240
28254343  9854995
28254263  19088981
28254521  409784
28253878  28252897
28254735  20449427
28254807  18791882
28254829  28252078
28254829  12769982
28254255  3267877
28254494  20771737
28255213  11873046
28255213  588004
28255222  218384
28255239  3067914
28255121  20309182
28250348  24046778
28255509  5938802
28255372  20279484
28255468  7746143
28255649  5689269
28255535  10152872
28256020  2129693
28256054  394809
28256069  28254271
28255693  22229796
28256009  5665156
28256364  25022411
28256279  22937618
28252289  28253053
28251699  24644436
28256717  5612656
28256644  3951547
28256635  5272470
28256824  4163879
28256723  21172881
28257064  986006
28256988  1373164
28256574  3121683
28254670  3653301
28257212  4519739
28257248  4660142
28257418  518795
28257495  20619873
28256698  12633
28257623  5384914
28257693  3715493
28257833  21450874
28252616  23294658
28258263  1817792
28258475  15511903
28258530  7220681
28258525  14220321
28258432  845155
28257214  109023
28258684  919056
28258689  513832
28258760  3115982
28258780  240178
28258121  2350495
28252404  4789837
28259102  10676896
28259079  28258432
28095823  5603822
28259176  20449427
28259164  14220321
28258652  153633
28259780  2851234
28259737  24562950
28259843  7218519
28259996  47981
28258714  8269048
28259881  15555766
28256937  280033
28095226  1063007
28260445  15212126
28260445  180401
28260540  4660142
28260670  142003
28260450  4519556
28260288  2839321
28249628  20442194
28261068  1657702
28261054  23087820
28261227  17707331
28256346  223918
28261433  28250446
28261342  16394876
28261765  2340406
28261606  9387267
28261606  511320
28257600  28222439
28261942  23740548
28261949  28260367
28252122  3161816
28253705  12872515
28262020  134099
28262140  4261133
28262127  4932275
28261964  20892984
27865644  28262205
28261614  16289859
28262464  4052770
28262525  434287
28262530  304883
28261695  16892570
28262838  24325477
28262865  4561172
3923110  628659
28263156  4001474
28263228  18667410
28263097  18272306
28263339  4045216
28226581  20279484
28263403  18365631
28262512  5482947
28263350  13433326
28258068  4287721
28263821  15212126
28263798  10990998
28260731  28260668
28264041  69913
28257942  1615871
28264057  4969171
28223430  13588149
28264354  28216401
28260231  24644436
28262305  5210535
28261243  218384
28238528  24030814
28264648  60174
28264855  5211961
28264073  5632677
28265030  169511
28265142  513832
28257840  19624733
28263736  25853947
28265379  11922383
28264749  2897619
28255401  372885
28263368  19780725
28265443  2218937
28265456  14220321
28264541  12134285
28265710  218384
28262951  27767777
28265701  1408417
28262486  28254349
28260857  7129498
28265795  5641997
28260305  24644436
27872203  8028957
28265865  203198
28265963  218384
28266199  22937618
28266139  12573816
28266234  849237
28266242  14012483
28266006  23294658
28266241  150355
28266241  22197030
28266550  5910004
28266676  40480
28266661  10623913
28266683  10989238
28266683  10480712
28265901  2460970
28265393  9766394
28264536  1249290
28267081  15604140
28267222  1705645
28267337  28101152
28267359  2559527
28267375  4535330
28267480  967649
28267512  949433
28267607  669742
28267641  2413522
28267854  12769982
28267873  19472195
28267225  21881992
28268148  13418669
28268207  16635398
28267903  7196677
28265920  5434891
27223588  22494762
28268548  24931816
28233636  2118656
28267995  11292468
25766793  1628265
28269097  6848970
28267066  4159487
28269242  1732348
28260322  3899223
28256005  5714297
28268873  6847697
26574851  26576157
28269404  8932912
28257904  218384
28269501  11088365
28269542  26935095
28261480  3840270
28270075  12769982
28266273  25562135
28270426  28269778
28270456  1372715
28269787  14541619
28270326  2591098
28270561  3615721
28270988  14557654
28270971  944273
28269957  28255101
28269193  22937618
28271344  2659290
28271203  4028059
28266511  3232511
28262325  442404
28271514  2663419
28271742  11759791
28272011  9970295
28272334  686439
28272207  2882070
28272462  6588799
28272499  2471398
28272418  13106950
28272271  4570366
28269638  248011
28272660  9335434
28273024  4660142
28273001  22580986
28272595  289
28273393  2167916
28273029  1895476
28271917  780560
28272952  16734186
28273504  583897
28273508  5319400
28273573  726334
28273683  6394812
28273160  201323
28268977  513084
28268977  2407912
28262678  28273345
28273687  27917282
28269666  24067581
28274117  3715169
28273775  16192531
28265716  8733875
28274641  28267823
28268439  452610
28275106  1963773
28275310  4893436
28275274  28273545
28269727  17640754
28275550  6588674
28275776  18922485
28275776  1582285
28276075  4359620
28276371  228038
28276000  23294658
28276505  10644412
28276512  1151582
28271485  28272953
28260367  7355187
28268176  15572630
28277219  18109890
28277325  78536
28276610  535966
28277381  3580855
28276660  2400935
28277549  23210526
28276667  16254575
28277514  4935632
28277647  218384
28277858  20940979
28272116  24644436
28277058  28252126
28272606  4083401
28278239  17495841
28278176  3141163
28278465  5986980
28278464  4660142
28278643  2407071
24490951  1534210
28278626  279170
28278760  636932
28279016  1730377
28278874  161224
28279267  14220321
28272190  5830513
28279511  8385832
28279768  2973202
28279727  1391278
28266746  28215002
28278736  9627098
28275119  4722198
28269576  13763917
28274985  20279226
28276943  15126103
28275651  2034576
28273756  4481485
28280841  3397577
28281061  24768795
28281040  12410242
28281150  513832
28281082  12375833
28281082  20582962
28274728  9100242
28281488  15479928
28281488  12165200
28272734  15678017
526125  15479928
28281341  5990725
28281341  10312963
28280793  5715583
28280926  8736164
28281676  3804005
28064006  2736528
28281993  4261133
28282008  10676896
28282058  28279681
28282171  5398604
28274835  28272564
28281969  15554691
28281969  16330831
28282291  1416697
28282161  19158559
28282499  2973202
28278428  17616597
28282106  151005
28273791  4562012
28282312  4660142
28271590  10890242
28282820  22490138
28282929  14146148
28283248  4987785
28283315  19075671
28283497  54142
28283541  1028136
28283682  11011756
28283895  13938975
28280768  1687262
27802729  926816
28284683  5020906
28284468  60174
13693207  14003036
28284792  2582052
28284880  949433
28284933  10899384
28285013  13840429
28273893  7759809
28285072  28026625
28285250  12001919
28285152  6391645
28285136  1160498
28284715  17190031
28285560  38345
28285957  739654
28285835  10655829
28285521  15858192
28281326  9531158
28285499  25111831
28286317  28267382
28286846  60174
28286918  4071155
28286973  60174
28286401  2220916
28287146  10827108
28287360  1820477
28287467  15568112
28287451  513832
28286771  1557208
28286771  2509679
28288181  15544549
28287990  25853947
28287250  5319922
28288327  28286864
28283343  5963047
28282996  18989001
28282996  3099219
28288970  10452744
28288887  3829167
28288721  4660142
28288985  7592129
28285798  5785745
28289123  11905648
28289258  21445662
28289377  6697753
28289394  4388443
28288603  10947541
28289493  19461521
28289500  513832
28289387  28286864
28289871  7267226
28289403  3699062
28284253  9525882
28290173  10249929
28290258  6887296
28290360  1359689
28290174  9393038
28290445  8106765
28290708  27696589
28290859  5605125
28285471  28283603
28290215  43870
8187275  19461521
21506002  19461521
2498552  19461521
20922808  19461521
23012932  19461521
5421334  19461521
16745231  19461521
28291211  19078334
7040879  19461521
10707253  19461521
8714371  19461521
20963321  27883962
28268130  28194571
28291424  18582252
4862098  921789
28292032  3682821
28285742  283645
28280539  23863345
28292533  9605913
28292627  15374857
28292600  60174
28292777  495021
28126252  9584813
28293021  14836228
28292464  12973311
28293279  2260317
28293730  588004
28293796  19958991
28281472  201323
24818173  18841239
28294351  28291944
28294590  7352254
28294555  1916711
28294677  1560788
28295066  817856
28293120  15771557
28295147  750486
28295188  9466265
28295256  4660142
28295300  27726759
28295369  8028957
28280721  20266422
28286042  28293943
28293560  7498658
28290716  28289999
28296037  926822
28296039  28217179
28291440  14609597
28294759  1008019
28294314  28292217
28288723  27826391
17826274  17822639
28297577  5397726
28297592  161738
28297632  1531093
28296453  885009
28297939  28294652
28298341  24085680
28298609  11656532
28295759  1999129
28293488  11237872
28278425  2525855
28278865  12468449
28275880  7575267
28271707  1583219
28233369  7189604
28090372  16854280
28090372  10515964
28228274  16548059
28298927  26228619
28286451  5621749
28299420  4660142
28299616  4421706
28299774  3384504
28298021  2798330
28299365  7993263
28300368  24999783
28300546  158968
