6240933  5533881
6242639  6242534
6421440  5000493
6423212  6243193
6423682  185804
6424475  8292752
6427392  6425747
6446021  442105
6447257  29426
6453610  5700470
6427690  596481
6427690  1125084
6430234  54566
6435780  6404053
5293389  1956656
5296746  504103
5297197  670183
5299937  3353446
5300673  120228
5300673  4558601
5301609  11
5302562  5302374
6519513  6516860
6526984  1327756
6529141  3083308
6531481  79923
6533136  6531228
6449611  18082
6452183  6449471
6452428  6395329
6452428  6439151
6457342  5798109
5307795  1997328
5307842  5289572
5311186  2468788
5313326  2672314
5315917  2173811
6563711  2407398
6572268  2522379
6577765  6566856
6588597  6652568
6575112  1314155
6576307  6575791
6578554  1972266
6579158  3922291
6580685  4668566
5978815  32168
5978815  1652396
5987154  5977113
5987692  6003439
6301756  546160
6303360  1951269
6306661  1427151
6310094  388242
6310673  6309595
6313327  6300113
6583995  1689242
6586905  3418128
6586905  4798343
6592696  1193955
6594325  971312
5401111  1582285
5406970  5356252
5408163  5131534
5408649  168169
5417173  40471
5419745  5238387
5780230  5777877
5785931  4686318
5788789  761969
5789790  438108
5800571  927186
6457706  6333814
6460107  3398852
6460609  24546
6461007  2571697
6464194  143872
6136837  75102
6136837  4623477
6139679  143405
6139679  598714
6151886  6033376
6152881  805107
6152881  4150859
6156200  403756
6535791  1962299
6539688  818576
6544900  6544134
6545687  1897727
6555060  2068372
6555060  4114167
6468995  1166703
6473518  541954
6478598  3635659
6482201  5447498
6484107  760753
6486922  4636182
6486922  4645705
6559523  6554858
6564352  4906073
6591719  1654150
6597268  1262038
6597736  6595136
6602616  3753154
6609754  187453
6609903  3628374
6489789  250652
6491968  185966
6496312  1191023
6496739  2391851
5322801  934012
5324622  5120343
5324741  5323402
5330221  716412
6461648  743164
6462433  6462236
6464606  6372086
6466178  286496
5993406  609273
5997165  5993237
5997301  5997093
5997801  3738919
6243090  6242136
6244175  687986
6244662  5028329
6247085  3426090
6251714  5054240
6156966  3692714
6157132  6169734
6164522  4223980
6169125  2083603
6170236  5181877
6000560  6000457
6001496  5183251
6001645  263472
6001830  2863049
6002817  279009
6006276  4874354
6007761  1643431
6009718  718282
6010920  2769371
6466963  652056
6467113  6422268
6471272  544010
6474902  468618
6485247  2610497
6489456  2572099
2671463  501074
2697821  2690433
2697864  445624
2697864  692418
2699443  2698854
2712418  4715762
2714133  70159
2714133  909323
6566760  6550576
6575754  6576258
6576520  6576413
6578792  6567824
5802022  5800162
5803044  5690438
5807373  5805885
5813954  145573
5817533  5816427
6252214  180939
6254771  3282702
6266941  5577688
6317825  1913283
6320497  4284277
6320497  5220348
6327635  686061
6327810  459355
6506608  6488818
6508480  4315822
6510743  46048
6512824  2901222
6516368  4986521
6170772  6169339
6173639  6173418
6175745  2176397
6610189  6567768
6616524  779910
6623139  1845731
6624326  531695
6624429  905542
5424611  1550134
5425397  5425282
5432992  922398
5440687  4776329
5818534  5339950
5818619  2449827
5818820  5816892
5819570  2785029
5820792  230138
6013362  4255865
6014028  3226495
6017457  1954434
6018978  5679772
6020463  5088856
6221619  5944278
6226029  5686244
6226899  2529617
6239812  1315251
6241684  1809893
6243113  6241188
6243113  6241986
5441680  1520429
5442952  4363309
5444188  4819312
5444188  4829189
5444624  2337251
5447675  1096700
5448668  5231364
6625765  2934357
6630560  6628843
6638383  237104
6028102  6026916
6031461  5961990
6034869  1628768
6040785  516148
6041706  3381614
6041706  6041381
6049560  2693138
6518633  2097294
6519376  6058939
6520405  6514994
6525019  512257
6535086  6531627
6052768  443500
6056546  4106706
6058484  161738
6059120  6058690
6062928  6011774
6489891  6489870
6490042  3319161
6496408  6169146
6499502  6495977
6505618  6469153
6505618  6479059
5829180  43589
5830065  5829543
5830201  5714398
5831001  5830453
6536422  4242606
6539559  3553163
6547413  4131420
6549626  487258
5832088  60174
5835146  5834835
5837639  5605125
5841784  5841488
5846027  5762073
5847499  5178535
6177188  4275757
6181191  786984
6181736  5689207
6185846  1320295
6185846  2020360
6585263  6594224
6588020  2375481
6588905  1662462
6591964  6271177
6596525  4409718
6596742  2227292
6276816  5774621
6277786  2552333
6281060  694102
6283466  5223
6505767  222030
6506554  1675275
6510398  6507881
6510583  4724971
6515914  2396073
6064283  6049269
6076432  1818587
6081733  1465573
6086162  212321
6089436  2158395
6602209  6500313
6604447  2435525
6621878  1951269
6623231  3794919
5335888  1557691
5339849  388242
5339849  5332568
5342857  4723824
5348975  5322129
5374609  2348374
5374609  5055909
5451047  3737139
5455877  5455616
5455956  5456566
6638447  1142802
6639570  1083955
6639869  394601
6644182  979256
6647122  89275
6647122  5606325
6652687  3796121
6186105  5754218
6186875  2236412
6188152  1286135
6189011  6185735
6193734  5871044
6193734  5931214
6197044  2170222
5848149  5835698
5850107  433907
5850172  2411520
5854502  657921
6244549  6244491
6244983  184742
6250472  4854947
6250699  2885173
6254650  1051782
2721128  655065
2721128  679571
2723607  688336
2728923  7638502
2739319  1305127
2740462  41479
2741698  870280
2745835  130095
6289084  1961030
6290020  1258416
6292290  6292032
6292611  1568685
6293211  13802703
6296319  6528438
5456213  5385957
5459507  5455825
5472582  5472191
5473947  5452681
5491659  5074563
6330954  2643993
6333240  3829167
6339885  6331411
6342582  261573
5493281  492384
5496625  692184
5496625  1046230
5496968  5493316
5504570  256859
5504570  3328672
6516264  3737139
6524301  4117555
6532226  6510923
6533226  6530115
6345590  566462
6346969  5612095
6350181  3916330
6350206  6362657
6624452  4578697
6630102  2311027
6630102  5111135
6635063  1181637
6643168  5839286
6356890  4080130
6358512  333889
6358512  1945846
6358737  898498
6363685  657795
6363992  770038
6369122  387483
6373159  2934563
6552536  5833
6557950  931092
6565261  356128
6565997  3149192
6571847  2974561
6572883  478167
6660694  183918
6661294  6623846
6662715  4336867
6666728  1189541
5854987  5854576
5857359  3277085
5869791  89576
5879988  2667520
5880588  1617624
5880773  2538275
6091042  2942857
6094916  6094495
6096388  5008422
6101602  6067898
6104495  2694365
6105061  4208530
6377160  5497348
6381708  6376182
6382519  2727654
6383605  5009869
6254843  6115945
6259623  3270680
6264739  4430598
6267854  4308734
6271028  859770
6276178  583615
6276178  4784825
6643389  2184551
6647916  4600954
6652060  586773
6653166  6650112
2747450  2616011
2752044  1734749
2752044  2670356
2754852  2680548
2757953  786142
2757953  2204250
6656540  4605527
6657876  6654541
6659212  2059817
6661535  3811833
2760911  1240852
2774479  1318712
2775558  2524737
2775801  58595
2776937  288508
2776937  574953
2779309  945600
6662105  5139793
6675141  6664332
6676911  6670504
6684016  605027
6685603  868651
5506442  3958340
5506728  1202127
5508993  2269840
5518217  4457008
5519839  2555856
5521168  5521037
6296385  2104527
6300063  500431
6303371  5051889
6311161  5847846
6315390  6315271
6596070  4475176
6598176  2135418
6607693  6070568
6611105  138948
6619627  6618876
6114672  3389097
6117129  3476074
6117614  2383265
6120071  5902705
6127876  6119561
6128895  2270910
6668732  3986361
6676488  594325
6679228  952914
6679228  2158395
6690256  180172
6690256  4283576
6693064  6692588
5882060  2214244
5882060  5770912
5884082  5860934
5884131  3503562
5891069  3911966
5891955  5891785
6198282  1788950
6200588  6214468
6577629  6577914
6585658  1979369
6585924  800304
6585924  958170
6587789  10848
6587789  4334454
6593046  6592469
6597690  3806536
6686190  6682315
6687356  4399611
6689347  1146314
6691402  6690166
6535719  6534046
6540850  6541063
6540999  578406
6544158  1002164
6550759  6549817
6556125  62694
6608586  14186573
6609258  471248
6610853  1514676
6621313  89718
6619895  1417346
6625950  6625343
6629728  1789945
6629728  6614424
6634131  658403
6634710  31982
6640015  1817792
5377851  3854429
5383535  478167
5407552  2079334
5407552  2699373
5412228  311882
5412381  920889
6398963  448125
6404129  522563
6406401  787789
6410009  850341
6411574  11246
6414196  6380862
6696190  879391
6699215  6698333
6699297  6550046
6703977  1049112
6706500  6706310
6277773  680562
6280322  6278942
6282796  708607
6287474  6274642
6708358  356137
6710698  4296052
6712669  7723657
6715260  4226829
6718468  208493
6724483  938216
6724483  6057239
6287733  298183
6291777  6130078
6296900  6297176
6298336  276292
6298429  2682731
6303843  6292223
6130448  2778513
6131633  4883821
6135698  6103927
6200877  419163
6202022  6100598
6214649  765205
6216921  3129150
5895363  1842636
5895363  5890516
5902865  2797317
5903852  4663074
5905037  5199211
6633951  928833
6643841  6643501
6645054  933565
6646492  2808796
6652165  6647038
6143399  6142859
6143786  5138719
6145688  5009015
6146443  331388
6147343  2085050
5523840  4290108
5525569  3719502
5526955  490091
5528963  4847844
5531735  5484945
5533057  4022362
2780231  2134392
2798872  2798791
2815527  15496
2815527  1995113
2821686  2064641
2843571  2842790
2859111  333737
2859111  355062
2859111  1437964
2859111  2607798
6152240  1375645
6154748  1619073
6156384  6144773
6158677  1694338
6160262  3668422
6163172  4810664
6706493  1684157
6709467  1224364
6711773  186756
6716755  3288257
6719665  519520
6309032  4790796
6313939  260905
6315075  3902165
6318326  4133536
6324208  336859
6556389  3145089
6556675  6554380
6558562  5133075
6563278  1231067
6564949  3737579
6222503  4963427
6225379  1864479
6226081  4911341
6226290  6048313
6226490  3367426
6226749  6236991
6320521  1065188
6320570  757649
6322908  198233
6324614  1038980
5906895  2273555
5910489  2534094
5912611  761194
5919228  5918935
5919277  198577
5923257  5117617
6416025  5937457
6416025  6131679
6416293  25977
6417097  122641
6423045  11106584
6423606  648255
6667684  6659257
6670290  436599
6679609  1072239
6680409  6500217
6688640  789682
6689946  3395015
6689946  4893262
6163657  2258172
6163657  3442274
6167316  2248510
6170858  393479
6171545  5345095
6173215  6179174
6175287  1766741
6728278  3779944
6729432  2975944
6730032  2143187
6743003  3221812
5535379  4702696
5542317  388242
5551248  1551
5555728  4178443
5558679  257767
5559565  5559529
5416993  4784841
5420384  934012
5420384  2084873
5423162  11
5426217  1647202
6227987  4793612
6228264  584522
6228264  595106
6228528  464098
6232497  1647322
6232574  6081560
6233067  5316495
6641419  6641239
6641862  4430541
6642023  6642415
6645372  6643928
6648639  6648262
6648980  6482480
6235884  6235443
6238815  925219
6239419  4094350
6244308  3055792
6245669  3811424
6324629  772953
6324629  3885753
6324780  6325178
2862505  122883
2862505  444245
2871236  2192533
2873101  2863435
2891149  472103
2891149  675816
2891285  2511295
6720499  555726
6722937  2095397
6724626  1711990
6724660  2377464
6725711  2353818
6175538  2244822
6176759  4833306
6180669  561816
6725728  1114287
6727851  1287950
6728319  2403343
6728536  2777509
6733165  6737087
6735773  2910245
2893607  1469100
2895086  1754397
2902638  949433
2915649  250984
2919000  2246961
6649852  6642865
6652226  6342334
6656200  550703
6435395  6407938
6444866  401656
6449896  6449819
6450078  6449906
6452593  796476
6326280  2659952
6330360  2585656
6332287  4008194
6337739  5183251
6338941  5382490
6565400  348109
6567086  5611724
6567872  336633
6569893  1252190
6572151  742764
5925429  52926
5925429  388242
5925429  3391854
5926279  2934904
5929237  2869338
5931095  2973202
5932245  990033
6696564  2934563
6698091  6260372
6699293  6726389
6702873  365782
6707224  6190089
6707315  6001784
5560208  5546234
5570361  119098
5570361  477225
5570918  5562847
5578899  3548802
6181890  6160559
6183411  6182253
6184347  6184148
6185849  6183643
6187470  2898925
6188827  56867
6188827  5816563
6246605  805547
6250851  698301
6258412  875587
6265296  147181
6267236  6258261
6659310  6659182
6661314  659906
6661884  16568
6666321  519520
6670367  1964731
6339518  6339277
6345993  3516133
6349078  5143731
6353379  6352753
5935689  5742368
5936325  4931789
5940870  5926355
6189478  3590171
6189644  131241
6192752  3767257
6208662  6114772
6209249  4363189
6214029  1711
6214029  5753283
6453954  7053466
6459506  10564
6459506  6435246
6460281  1362204
6464879  6464797
6359131  2735749
6359131  6358273
6359997  3113812
6361412  2500622
6369398  877328
6280306  147454
6280931  6175608
6283339  647260
6325765  6289352
6328173  4124982
6331115  4321224
6338367  4750477
6339790  3146798
6339956  5126616
5944264  5943831
5945935  1833615
5953488  1611017
5963048  1371369
6746171  8345644
6754408  5321113
6758267  2328459
6764168  248693
6774715  6775431
6782586  761194
6745561  3577641
6748083  957928
6748969  4809194
6756725  6744186
6756857  266586
6713131  5110403
6718356  1428544
6722293  1839422
6725006  11674312
6728807  2012497
2926931  1652577
2928896  1106149
2929489  469913
2937220  2932016
6731551  4984600
6731760  6732145
6731960  1226128
6733766  413910
6735102  337664
6735495  6713196
6736595  3213531
2944965  1921941
2945108  2945005
2949159  609517
2953746  1779288
2963499  2780163
2970265  1095644
6761920  479435
6762574  104799
6771398  570960
6771398  679994
6775959  6352324
6289789  3089706
6292840  40480
6301128  1939
6301128  4422669
6301732  6307028
6779703  18932
6779836  867365
6781975  144375
6781975  6748178
6790532  6788425
6796534  307650
6796866  4780333
5967877  5963799
5969149  468145
5981481  2615196
5981832  2421911
6217271  6209328
6218171  1487675
6220779  2063263
6223923  6197103
5987533  2020882
5988533  5988558
5990792  3541565
5992778  415953
5993499  205736
5997258  2844
6351337  6325281
6353879  660609
6357202  616046
6783122  1446538
6784773  6470842
6792729  403445
6792729  629036
6796388  6781372
6465361  6450810
6466590  1576876
6469641  397556
6472274  3407525
6799892  484635
6800810  6699066
6804371  2792551
6806929  4437223
6807311  6680671
6472338  684672
6476307  939909
6477661  147181
6478104  6477714
6481248  1095298
6797728  6801310
6801923  4716115
6802791  2102582
6811466  6811323
6812198  1191374
6820473  6820306
6576295  6576360
6577346  5848598
6578818  1256720
6582748  2381572
6588914  3602458
6811941  432944
6814931  6808016
6815285  1619662
6815685  3106110
6816068  113547
6819730  4441947
6485056  6478713
6486596  244758
6492501  446835
6497117  1668469
6498828  6262071
6499839  2158395
6820547  2706433
6827385  5768362
6830176  5854317
6842225  3869829
6843761  6842865
6844816  863603
6846033  1528346
6846738  197675
6369734  312443
6371406  5949117
6372065  148518
6380489  729687
6393291  45175
6303863  757675
6305340  4621853
6306935  724391
6309884  133965
6312351  6242674
6312351  6251693
6739503  6738493
6754045  6506571
6765282  6765200
6224925  194397
6226612  9122
6228333  4810615
6238978  1311160
6240050  3507498
5583829  5569396
5588066  468045
5596840  2395931
5603535  2851420
6860055  718554
6860174  202271
6861477  956508
6861860  6861776
6863149  2976628
5604321  4866646
5605514  215255
5607050  416266
5608722  5608502
5610444  237164
6865489  3269857
6868812  6871845
6873678  2762260
6876585  885266
6880512  4549161
6881715  1841847
5611673  5607807
5612852  3446170
5613595  160218
5613595  3737139
5613738  461966
5613752  3307928
5618332  757675
5618332  834445
5427570  4068573
5436896  194812
5437951  2574431
5440708  1788539
5440708  3784408
5441410  5433544
6776071  6017863
6777343  42460
6777352  6661480
6778652  6767924
6671869  196684
6672414  3924983
6672746  5027147
6673316  6673027
5998744  1274642
5999029  3277369
6000601  4364009
6002524  6000632
6005446  12669
6358976  3337056
6359310  605845
6359461  3095696
6364120  4584627
6365992  3092821
6675486  6664262
6677919  575429
6680259  3354889
6680293  876598
6686484  297586
6688624  588546
6690462  6689600
6690789  142003
2972023  65512
2973616  56867
2973616  1165332
2973616  2308786
2980447  525726
2980854  2980860
2987020  9952611
2990121  434287
6885541  6884912
6891275  6891009
6895020  6841130
6899381  388242
6907770  6907116
6397099  52550
6413254  188414
6413956  2611764
6419629  1955646
6820605  988353
6822345  3749099
6825906  6772135
6912331  2472467
6933256  6928028
6935345  565634
6937667  392464
6940344  550187
6009125  200617
6010862  3158730
6012234  2766272
6012448  5608824
6018164  5651668
5619711  4568645
5620254  823672
5620411  1217088
