28588018  7056749
28588163  613183
28588258  1565600
28588268  8639567
28588498  986006
28533369  2817869
28555309  20530996
28580968  27855027
28588494  1129216
28588697  2462317
27011456  993984
28588737  24045890
28586173  11596487
28584544  28542854
10697194  8832470
28588206  25849326
28589054  11321491
28589447  8269096
28589559  28585105
28589863  27556504
28590547  7575589
28590601  10579027
28590522  2973202
28590750  12328259
27926331  8023879
27581279  8794555
28590290  24273531
28591558  12573816
28589898  21002224
28591744  2973202
28591744  5473981
28592106  218384
28592076  513832
28592059  14952052
28591933  26317981
28591285  12125650
28591285  589575
28592203  24092884
18147973  16849801
28592627  2973202
28592646  1680528
28592091  8752798
28592798  4421706
28593193  14028959
28593152  5951705
28588931  15537033
28581489  19322264
28593455  3460161
27432540  127803
28593532  409784
28593676  5590381
28340863  6984242
28590426  17796904
28594027  22781502
28591478  8483202
28590699  24644436
28592927  2409277
28594343  2269840
28594301  13565768
28594414  2662623
28594571  750486
28594672  3127429
28594656  26502235
28594893  40480
28594586  10643797
28583853  14138344
28594245  3218910
28593047  4660142
28595530  10461490
28595284  123559
28595916  7343833
28595930  513832
28595334  179014
28595589  1809494
28595203  11523918
27128396  6064510
28596404  822323
28596313  15925980
28596387  768431
28596875  3446216
28596938  218384
28596999  4660142
28596945  6456359
28594782  9691057
28596049  6286640
28597474  2973202
28596058  26435231
28596762  2466735
28581730  20112159
28596984  15177504
28597960  5104192
28597787  14220321
28597949  11190668
28597813  274626
28594835  2973202
28586591  3105798
3351929  6064510
28598225  3131136
28597695  28597152
5380642  3933637
28597806  14135560
28595523  949416
28595523  8276187
28596182  4261133
28595370  3197870
28597636  13089489
28598545  23446377
28597848  28238294
28598522  203198
28598673  1424510
28598994  19896870
28598920  2351148
28599027  5161173
28599154  11979572
28599274  2533476
28599433  6045476
28598891  22747068
28599592  9329446
28599647  14220321
28599577  203198
28597733  17974231
28599863  20684415
28599857  16620222
28578413  28599511
28596207  20267500
28600388  6343166
28600388  5150637
28600075  12213822
28595247  25059256
28595247  11876852
28600251  9750610
28600304  28579734
28598648  12506762
28600685  4176328
28600772  17314796
28600710  17093998
28600465  1006797
28600465  3747086
28572138  8795009
28601210  1013385
28601050  14601806
6972599  6806455
28596996  18012431
28600382  495021
28600382  12573816
28589008  12942229
28601505  17997228
28601721  306252
28596979  26999668
28595491  25335476
28599880  14372730
28599976  11704971
22693888  21282228
28601431  20267826
28148443  5905896
28594364  24913699
28599661  10411650
28599661  24693682
28600804  9175257
28602388  17981723
28600713  3059636
28601597  11061355
28584367  15785175
28602781  3003145
28602891  6847697
28601479  20563772
28603515  9378760
28603513  430274
28603616  5121027
28603045  15933958
28604666  3737139
28603544  9828752
28604444  2732488
28605737  845021
28588292  1073606
28605079  25855137
28603409  24644436
28606480  6170419
28606581  60174
28606804  3757723
28607131  17364127
28607074  3384504
28607119  4306186
28607210  14220321
28607325  203198
28606131  955167
28607471  4660142
28607448  9210528
28607633  4790020
28587464  26131607
28607990  6018633
28607990  218384
28607741  21881992
28606339  12302366
28608024  13764514
28470954  12578895
28608679  11321491
28606405  28524087
28606045  6542212
28609011  14864554
28608521  1786418
28607912  8541276
28609132  11321491
28609259  203198
28609215  22937618
28609451  5115527
28607964  25961018
28609806  3724112
28610560  6441218
28610551  14423638
28610746  14583285
28610746  1009457
28610744  12859942
28610717  7895217
28610813  5121495
28610821  15112125
28610884  21278322
28600840  22248918
28609171  27131984
28611611  11321491
28612056  13773428
28611096  19885986
28611775  12769982
28613127  588004
28602993  244882
28613999  4261133
28613783  26497856
28614129  11026626
28614078  21357433
28614659  13840429
28614935  10964966
28614971  8028957
28615200  23250
28582284  6394506
28603370  1253459
28599482  11741931
28611463  16202711
28615371  7373567
28615371  7704827
28616148  409784
28616191  495021
28616187  461203
28616401  60174
28616598  7115459
28616693  18667410
28617345  25203556
28617360  1388043
28537272  16691320
28615179  21146895
28605740  27525323
28552985  15615136
28618353  17394677
28618395  14784616
7086734  6064510
28617989  13660723
28618335  23454191
15175013  15044274
28618888  610245
28619196  24644436
28619587  218384
28619712  513832
28619753  3737139
28619721  6025475
28619612  499939
4811848  785672
28609855  8144004
28619851  695289
28619955  4652932
28598612  4652932
28619778  10658994
28620205  218384
28615335  4039879
28620486  218384
28620410  7056749
28584750  14805420
28620778  2830530
28621022  28423070
28621040  10396278
28621119  917783
28621392  26446599
28620112  12573816
28621323  37335
28621097  21955256
28619511  28618444
28619484  9887360
28617599  10191723
28615456  15734154
28615441  2393194
28615441  20389255
28614402  6011345
28613678  9429357
28613048  4216745
28612493  2385909
28612420  742341
28609369  10923601
28611252  1661273
3655944  3653589
28610791  43157
28610779  8154115
28595428  7371264
28610150  13535424
28610461  6845231
28610070  27065249
28608831  11536596
14765992  7882042
28608096  4067809
28604376  16343117
28607740  18132078
28605881  1415955
28605390  706668
28604778  2745265
28601614  6243201
28602325  218384
28601829  218384
28600361  26564400
28599985  20268262
28597802  7588784
28590787  21316055
28596967  1248386
28594952  20923663
28610341  15766020
28621631  9200856
28621637  25060119
28621701  394809
28621701  2802726
28601881  8463043
28621783  611760
28621790  6349421
28622108  949433
28622378  14220321
28622688  4429044
26834885  28515710
28622157  42950
28623842  142003
28363628  28621617
28623564  2197775
28483200  279170
28624089  14220321
28621834  3320400
28622119  28210775
28622980  218384
28571852  28611271
28623266  169511
28624874  201323
28624985  25254091
28625103  14729982
28624881  15027961
28624280  28623633
28620670  1464919
28625506  6913512
28621929  28619548
28625192  14220321
28624223  19587118
28625843  13840429
28625931  2973202
28625931  15175144
28625981  6697753
28625915  661561
28622969  9973345
28625867  2612802
28626074  5780047
18665171  90178
28626194  287517
28624125  30632
28626484  13709795
28626471  3076414
28626204  5031116
28626514  17266429
28626418  20940979
28626647  5957341
28626619  27575562
28626719  23294658
28626564  710064
28624187  7016380
28621901  5571641
28622863  173868
28626740  1390109
28626822  14617331
28621510  21905942
28623611  5850268
20517952  18440019
28627469  203198
28627752  750486
28627775  9705579
28627671  6441218
28627859  8515411
28627680  926752
28627966  588004
28628051  2546138
28627640  1315621
28628166  45494
28625144  15666048
28624210  136782
28625202  15973718
28629414  218384
28629381  28627469
28621871  19009308
28607138  28250961
28629536  2104080
27404993  10931315
28629165  12573816
28629641  178479
28629821  3436118
28629674  24494653
28629500  19718468
28630255  9999829
28630314  11322484
28630264  276516
28630478  18389714
28630572  13964155
28630549  218384
28630550  218384
28630611  8465155
28630652  20826754
28629330  2842579
28630871  1313120
28628656  1723168
28630921  4261133
28631044  629178
28631172  5506888
28631140  20477965
28631328  28548534
28630897  25736174
28631464  25254091
28631331  4954507
28630965  3593420
28621533  18456271
28631758  24644436
28627738  1008781
28627847  13647662
28630628  7355252
28631089  3766660
28601803  19811301
28629837  26008064
28631947  1553661
28632062  7751936
28632275  6889747
28632321  203198
28632320  9377635
8343991  203198
28632414  3711282
28632422  19663640
28632658  4660142
28632517  23696317
28632819  2973202
28632771  1416697
28632929  4450592
28633155  14220321
28629759  2381336
28633223  14220321
28633274  12953127
28631755  7409797
28633347  4887847
28633448  40480
28633344  28612121
28633591  203198
28633628  5946135
28633799  371
28633863  17157685
28633853  4979542
1159937  1158130
28633866  8686331
28634160  2973202
28634298  3883004
28634329  194465
28634329  7663709
7663709  194465
21976936  194465
26962623  194465
19311641  194465
28598630  17382024
28634584  10853881
28634745  6475314
28634841  10336899
28635189  1133770
28635224  8555771
28635137  8536239
28635639  4176328
28635089  1663807
28635593  24085680
28635369  5346395
28635706  6355811
28635799  4660142
5428676  5545649
28635646  17177603
28636076  13102045
28492202  28636048
28636348  2347265
28636001  12859942
28636358  14684077
28634331  27444173
28636543  4836710
28636543  10662350
10662350  4836710
28636855  10936059
28629742  15570099
28637373  4202252
28637571  18838301
28637912  3331353
28637416  10693845
28612931  28637654
28638447  203198
28638518  2168201
28638518  410593
28638433  27441398
28638772  20437116
28621411  12769982
28639223  8228281
28639223  2274695
28639092  717725
28639456  784929
28639562  4550505
28639615  28636460
28639360  14003281
28633281  15076317
28639858  4220126
28640033  215497
28640178  22937618
28640045  26225014
28640061  860187
28629545  6923707
28640505  22267919
28634047  16655438
28640690  7618121
28640333  2885173
28639987  13339086
28641072  23170259
28641076  2553354
28641216  1711990
28641216  120876
28641495  16280699
28641598  51032
28641671  4483886
28641753  4660142
28639012  28028854
28637359  16603645
28638268  1119385
28642468  337019
28642533  3911966
28642960  27343745
28637080  28568208
28643141  8093057
28640215  23108550
28643325  11699819
28634684  28633803
19054661  21122540
19054661  2090706
28643852  16284629
28643233  2808887
28643279  28643017
28642936  218384
28643895  2745265
28641738  17632010
28642050  552744
28644203  8688484
28644178  49379
28644178  1879061
28644103  5399558
28622934  452746
28644200  2320069
28644508  218384
28644447  28634457
28643147  218384
28623596  11271616
28644747  12454794
28642802  3804354
28644600  24487943
28646026  19062631
28646159  28643998
28646274  7233317
28645823  23353173
28646405  10378838
28646481  1957099
28646526  1210380
2309950  2677431
28646696  28380223
28646652  5086022
28646703  11591023
28646790  28562732
28643849  25504149
28643849  28585033
28585033  25504149
28646958  10442758
28647091  2158395
28634258  10404348
28635451  25146489
28647072  19643126
24483263  19643126
28647228  12021018
28647226  3593420
28643975  15409858
28647406  28646417
28637777  121387
28647639  2578254
28646484  11989374
28647709  6663859
28632580  2446764
28632580  28625110
28622053  26878291
28618414  17221207
28596958  6267905
28611966  7669001
28647957  4051408
28648139  6302221
28647559  3268988
7144919  16798796
28607920  750486
28648296  218384
28648200  20407096
28648220  7774814
28648452  12769982
28648373  24441790
28647959  1902217
28648675  16323179
28648789  8336858
28648999  28629571
28649286  2071321
28649310  218384
28496224  5551766
28649321  768431
28649157  57854
28649434  750486
28649563  10732690
28644209  5404839
28649132  3243900
8593100  8601982
28648959  4214731
28650063  2885173
28650031  23715222
28650094  7111610
24263283  23715222
28650305  2745265
28647423  26305
28644514  28644203
28650809  409784
28650765  23667086
28650832  5181164
28651112  15602606
28644746  16109358
28651203  495021
28651212  27311509
28651020  7424155
28651335  21727075
28647546  218384
28651467  846994
28651332  6388756
28648963  9210542
28651816  13102045
28651860  1553382
28652054  750486
28652005  13329853
28651117  4810664
28652252  182287
28652109  6311855
28652666  19802499
28652686  10357663
28652827  218384
3869883  218384
28649927  10135600
4635715  218384
28652923  2670636
28652922  6505033
28652685  187983
28653144  20450056
28653317  2559527
28650006  3985214
28652613  28201423
28649100  4333720
28653598  19353439
28652334  47981
28653686  13563620
28653907  20279484
28653908  14860034
28651796  5225393
28449927  4923380
28652115  18033713
28654192  28640410
28654330  23667086
28654014  22252904
28651548  2077263
28654383  124462
28654572  1195826
28654702  1187518
28654622  27160592
28654800  3468607
28654078  22459793
28654909  1975128
28654992  513832
28655004  119123
28655222  28652157
28654869  343711
28630861  13102045
28647628  15684555
28653374  19788963
28654730  6712733
28656449  4660142
28648785  19491987
28656526  3559063
28656455  14220321
28656160  28238161
28655725  7888944
28656017  9315227
28656930  473282
28657274  23779989
28657530  1576489
28657358  21976958
27895754  26050229
28657709  1313120
28649906  3837990
28657830  495021
28657838  4660142
28648626  3577641
28657794  793449
28657961  1830992
28658001  6441218
28658080  4660142
28658125  6441218
28658064  7886316
28658279  3983482
28649899  11265847
28649891  15793851
28658422  28556700
28658589  4856717
28658717  4261133
28657540  8028957
28658952  19158339
28658798  14935191
28658799  22955242
28659136  218384
28659166  20449427
28652373  27779024
28659317  2843987
28659347  6400518
28659386  9635968
28655885  8336858
28658917  4660142
28642686  15479928
28659756  4935479
28660126  24715864
28657604  7188145
28656646  4019831
28660406  28035720
28660821  495021
28660789  2265661
28660873  40480
28647580  3058919
28659922  901115
28657587  17449887
28657271  26897773
28657271  18499997
28660069  17976140
28656724  27081942
27802426  572547
28657366  11022600
28661458  860339
28610863  796150
28606095  10789722
28661544  6242955
28655641  23401681
28659628  10371094
28661706  28660204
28660808  12573816
28661968  409784
28661578  10852499
28650786  11132868
28662255  1402258
28662307  857420
28662383  2944822
28648787  6154772
28662420  12901946
28662546  7737146
28658349  369498
28662162  11
28662718  388242
28662795  922544
28662378  12573816
28662901  11312737
28662882  27256006
28661626  1373164
28662502  7086464
28660957  11959758
28663363  22346158
28663408  5243316
28663560  4689252
28663782  218384
28663942  2883576
28664024  104420
28664072  2074956
28664513  513832
28664504  28532926
28664549  11569516
28664383  12397118
28664469  27766570
28664765  17106681
28664999  2602583
28662098  5216272
28665397  47981
28665419  9282354
28665461  24815832
28665675  203198
26417693  25314352
28665819  19830942
28666063  12769982
28666040  27088153
28665631  2995360
28666271  1779795
28658423  15400775
28665997  218384
28666326  1661273
28666401  4843640
28666457  28664458
28666353  15184598
28666519  23053378
28652128  4822917
28666965  266357
28666982  11507607
28666952  20967688
28667214  4660142
28667275  444798
28667002  28627092
28667779  322749
28667784  976669
28667817  26280418
28667768  7868305
28667975  4261133
28663173  1133770
28663173  1545164
28668675  16806782
28669146  218384
28669422  24915423
6237224  3112946
28646969  3112946
28668061  17299581
28669579  122102
28669571  4108313
28669715  330461
28669729  4660142
28669961  2596805
28652163  5758084
28669700  849308
28669700  4255865
28670262  5259714
15449170  28669459
28670562  17690738
28670452  1373164
28670247  5161951
28669114  28388885
28664910  21300277
28665705  26454160
28670338  11114197
28670936  2450373
28670803  18972460
28671106  6830581
28671197  4176328
28671510  949433
28669936  2098368
28671587  3887473
28671621  20324830
28671561  105770
28667706  1846202
28671737  588004
28497206  28671176
28670809  18379766
28634774  28670809
28671975  7912464
28672081  21539979
28672193  4040001
28671232  2118656
28672038  12095784
28672294  6768963
28672645  14315401
28672183  4245198
28672699  11349779
28672796  1132941
28672932  1069666
28672977  21197410
28673104  41107
28671631  6572588
28673177  4244256
28671837  572768
28673346  3652369
28672134  16413
28673028  16950289
28673556  15777064
28672176  15745042
28250256  6677035
28673780  758449
28673780  17236687
28671789  11312737
28673562  2973202
28672804  24114365
28671509  28446064
28674469  845112
28674094  7442597
28624817  3061761
28674346  81584
28674910  6435099
28674903  16576229
28675113  8634156
28675105  4594762
28675253  4660142
28675295  5041494
28675358  1225103
28675549  28491974
28675835  14220321
28675343  16568272
28676126  2781357
28676175  21982987
28675725  1263636
28676283  93989
4331735  4396221
28676618  4261133
28676344  56708
28035855  14133806
28660822  12573816
28677025  14220321
11227632  2524703
28677325  14220321
28664798  4993189
28676509  28673940
28675748  23667086
28677680  22656734
28659906  14593814
28669024  1917250
28653769  12133754
28668210  14028959
28677809  18214411
28678262  4760215
28678493  513832
28678114  24715864
28678400  14220321
28678640  901115
28678693  279170
28678754  21881992
28678602  20442628
28677875  27092203
28672938  6151497
28679193  3207219
28679413  1184334
28679658  2745265
28678806  10029089
28679386  4513366
28679973  2673855
28680089  2559527
28679649  5060589
28679582  5527114
28662991  26355645
28679000  291978
18943861  11796371
28680067  28672685
28681024  1296786
28679864  10725469
28681273  2129693
28679286  20971680
12816526  5251140
28678138  28616895
28679087  3767365
28678718  218384
28677834  17632914
28677834  3757763
28677783  4716503
28676931  18074313
28674956  9015536
28675003  8443081
28674637  11835211
28669810  13109588
28673674  25385173
4145284  968347
28672273  8049974
28670160  14101558
28668821  218384
28666740  16941220
28667745  22331624
28666801  28644644
28666335  473282
28666335  15861947
28666061  22397861
28665954  5070830
28664771  9318534
28665725  933447
28663574  4497579
28662869  17432735
28662008  12943118
28661447  14295099
28229496  28191069
24611398  8496494
28656845  1096398
28655322  513832
28655179  15460779
28654384  26565606
28681317  4043522
28681505  15236108
28681578  826948
28681355  4261133
25243612  25272531
28645847  1174799
28682065  2716069
28666389  24149168
28682088  1299871
28385791  5032374
