28385791  750172
28385791  25939293
28678417  12110931
28682619  12273825
28682720  13341698
28682891  798545
28682692  2770321
28682942  2973202
28680138  9985912
28680532  6698075
28682352  3561493
28682452  13719593
28682557  12705309
28682478  6735733
28682879  9967656
28683420  2631001
28683465  2115095
6774533  129861
28684036  1051379
28684036  24953658
28684036  1613341
28684036  12285081
23088934  2631001
28683399  14435927
28684262  13827393
28684350  3106605
28684079  27721008
28684648  15933958
28684796  19183752
28685145  27933159
28685128  4244896
28685211  240178
28682925  21882363
28685414  20752432
28684492  4709510
28678864  13334871
28685776  27435729
28685450  1397329
28685961  6202818
28686204  20279484
28686281  23588613
28685558  10589620
28686308  197675
28686450  3634915
17593119  21427278
28686086  21427278
28681412  1302069
28686540  359494
28686627  4110059
28686847  14639155
28686939  8247113
28673063  218384
28686596  12573816
28686238  10691257
28687406  8904782
28681759  3312141
28683868  5706455
28676110  28666906
28687732  203198
28680278  5563698
28679940  20418264
28687831  592396
28687954  7763131
28687995  2402008
28688166  5257166
19828880  19373927
28688498  4553487
28688716  7443459
28689036  4660142
28688927  8240472
28675879  2118656
28689231  1367322
28689198  409563
28689173  293168
28688533  441196
28689536  14220321
28689635  20001427
28689699  12318089
28685852  14790014
28689984  4997493
28689992  11392183
28688767  1795109
28690652  12769982
28685890  1478951
28690436  2610524
28689982  23212967
28689062  2541752
28690546  28672271
28689428  17784192
25516779  28687792
28691225  11980087
28691066  1555262
28690044  23137371
28691418  25451001
28691703  3224834
28691809  1132941
28691776  1504717
28692055  1484445
28692097  4261133
19537487  9379673
28688188  15136602
28690419  15501355
28692565  2683466
28692474  8019868
28692859  5098282
28692899  10834796
28692882  17840521
28692439  26494522
28684601  4909585
28693548  8113752
28693810  496096
28693851  11423106
28693935  7906332
28694068  3947126
28689207  14639155
16140047  5247582
28687289  15195209
28694548  6308782
28694584  914783
28694612  276706
26410012  13566552
28694852  14220321
28694879  4611031
28694912  6602542
28694087  1775170
28691592  4770025
28695149  13485954
28693773  1007340
28695310  2973202
4790828  492994
28657392  4031228
28696390  1134985
28696237  6287511
28696485  10422822
28692075  14430633
28694995  25023657
28696951  15112125
28697062  3545663
28672861  28692947
28289743  24793235
28695955  204476
28697309  2620146
28696922  10199017
28697215  12573816
8146964  699035
28697630  16660452
28697892  774136
28697220  1721802
28698109  10869459
28698547  5551042
28698924  5411653
28639855  28635929
28698295  3960843
28699353  306313
19673801  18764314
28699266  4660142
28699411  4060405
28699491  1883321
28699573  1378433
28699387  1817300
28699672  4660142
28699836  19557920
28699836  19342667
28690290  28551578
28676905  7421612
28700241  14220321
28700418  19325513
28691051  12293125
28692183  6614735
28692513  23667086
28700639  824349
28699905  28694724
28700762  4345621
28691077  4734814
28697793  3407876
28700708  12423614
28697744  23353173
28693452  20129775
28700274  513832
28697098  8630494
28694204  37628
28694204  3536674
28676991  3875607
28693171  921262
28690896  16665124
28689510  21392969
28689369  218384
28701179  3076414
28688598  12770704
28687123  26470491
28686202  6265330
28685142  2156120
28684347  12070313
28684070  15249047
28683099  9051103
28681803  2075337
28652479  9705130
28652349  2745265
28648227  11343190
28647483  26443403
28693981  4261133
28701384  4708549
28691837  6586346
28697166  23909893
28701185  218384
28701951  122102
28701993  588004
28702112  5387643
28701610  1014861
28702374  4937402
28702137  9508518
28702267  25445439
28702267  826948
28697768  9828831
28694130  7397207
26866513  25445439
27329048  25445439
28702925  14220321
28702966  217805
28702261  2441524
28702565  27756000
28690257  34571
28703242  22991624
28690518  28697921
28703541  6343166
28703476  18870699
28703476  22718744
28703629  4203009
28703684  15311757
28703857  15745042
28697628  400212
28591289  4780994
22984040  15616240
28693929  17554068
28704157  3694371
28703894  7596183
28704413  13099834
28704327  68645
28704542  11695354
28704593  604424
28686322  4497892
28704660  20435859
28704973  1619868
28703597  16132176
28703406  26565214
28705015  13929314
28704149  479207
28703375  4743673
28703567  521146
28704417  1739706
28705393  13826983
28700999  23148812
28705671  25040875
28705773  8028957
28696894  15421397
28706554  18212574
28618592  14272141
28706538  194465
28706715  513832
28706996  1579435
28707168  3629301
28707209  1132941
28707231  21868170
13486479  1960473
28707383  12180790
28707156  15316363
28706910  13009135
28707448  14898103
28707405  203198
28705062  11200839
28707745  24024754
28705143  28680578
28708163  8635799
28707902  28532019
28708281  28706644
28608362  18333459
28708582  10294244
28708582  12896568
28706710  4831220
28704042  21624818
28709573  24644436
28706864  23072184
28709543  23667086
28709160  26446599
28709160  12454662
28709627  24715864
28709673  12573816
28709804  522563
28709481  27713505
28695140  13343667
28709976  3942721
28655881  27590626
28710139  4534780
28709749  513832
28710313  367192
8072623  174933
28710415  12573816
28710524  750486
28705003  12573816
28710574  28680872
28710786  12573816
18700136  28710659
28710787  5605125
4556656  28710659
28710881  14220321
28710999  12573816
28710599  4660142
28711061  6214725
28711550  613183
28711585  28577147
28711746  1800238
28712036  5035547
20760985  2309459
28711886  1924447
28711531  16315488
28712501  10184934
28711055  8435183
28709016  5947063
28708992  4550662
28708864  3911966
28711654  13734988
28706156  1102891
28705970  2836646
28705076  5488072
28703227  4312319
28702561  28690884
28700597  513832
28669739  2083500
28647422  28680538
28629858  1079423
28629124  5152447
28623284  28607547
28586123  411103
28586123  3202234
28549658  5455794
28547778  218384
28526622  28525597
28538458  15966726
28508119  363681
28499854  2559527
28489738  25298200
23541809  9220281
28443216  513832
28435905  513084
28430854  2095397
28428651  13624442
28424711  529085
28424711  12147931
28272659  11219582
28357555  28348935
28304565  1293819
28292617  3227342
28291445  16218863
28288418  2224503
28266428  15406299
28712688  2574728
28710641  6081339
28712374  20582500
28713591  28680739
28711992  3406891
28713989  4515944
28714257  28037543
28714694  16338749
28711797  25555683
28707062  6873138
28715047  4660142
28714979  4905075
28713000  7064269
28715423  6343166
28714715  2660827
28714715  9606428
28713454  28712173
28707852  2075337
28715573  28449927
4741779  6127638
28715664  19193540
28715570  2950029
28708869  23597897
28709626  26305
28714874  4261133
28716276  28503838
28716143  1296646
15815372  18389124
18392943  14813882
28647601  28393071
28712262  28697406
28715093  12230499
28716892  17558859
28717046  3061
28716812  25027831
28717229  1132941
28716793  18662239
28496090  60174
28710974  24487943
28716507  27485507
28714011  130337
28717773  18615108
28713874  4152562
28717940  19433366
28718074  8525636
28701043  28717816
28714584  16152547
28717837  5285217
28718374  2388990
28718329  28714955
28717626  4794032
12927273  13835989
28718581  3201934
4592493  31044
28717619  793574
28713420  2167916
28719360  1296646
28719614  15884096
28719865  130794
28715182  13474754
28720189  5489398
28713535  28697406
28720609  11952579
28720739  23294658
28720716  1613341
28720734  21285577
28720809  805547
28719296  21285577
28720861  11124578
28718298  14146182
28721441  10376604
28721548  262427
28721665  22937618
28697186  19745361
28721794  3010840
28721644  22573254
28691488  4277773
28720366  24644436
28722002  28715311
28722009  20026052
25750327  85190
28713150  9364134
28711487  6735701
28722373  1563112
28722362  6151036
28722342  24715864
28722430  23047052
28722982  11969264
28722735  20657999
28723248  14220321
3149419  3508605
28722951  16965515
28723666  24131843
28723912  4660142
28693746  12089752
28721691  28690286
28721691  28241989
5715944  5702521
28723395  151969
28724109  3565368
28724030  2057146
28690286  28241989
28724258  2099370
28724323  25351925
28724577  493376
28724173  20416046
28724593  3279543
28713693  28712783
28716566  28712783
28724809  12951162
28725092  3606697
28725286  1179874
28713124  2973202
28721941  12427280
28724432  18231889
28725587  941584
28725711  20279484
28725397  11251500
28725840  8028957
28724913  26247345
28725981  22613423
28712135  14941084
28726821  290884
28726860  14088522
28726707  22756372
23888089  3009334
28725631  3577641
27862762  6623161
28727177  13075415
28727369  4660142
28727408  26458634
28692717  5654447
28727492  28007165
28727638  2751870
28715080  14441729
28727679  23294658
28727960  12108118
28728191  12769982
28711231  5789298
28728213  14220321
28728193  77127
28728669  15701745
28728987  218384
28729064  23667086
28729187  60174
28729211  979256
28729451  218384
28729968  6242955
2099370  5433431
27989797  8691858
28418973  8519070
27286802  8028957
28243090  11485532
27675566  2466735
28277617  27981339
28192685  2917175
28727476  5482947
28730963  4705848
28730701  6840168
28729683  78536
28731257  20300293
28730871  4660142
28728185  1637000
16097133  9763619
28722298  28013261
28731602  11722760
28731634  28308131
28731797  18414695
28731976  9115945
28731996  1085709
21198317  7616143
28729876  2318288
28721559  1594214
28732321  3726721
28732290  13102045
28732618  10236792
28732695  218384
28720507  2274242
28720507  2241875
28732078  4607632
28733142  12953127
28733220  20458191
28733363  6047724
28733003  28732494
28733630  25796280
28732877  19789275
28733040  15382366
28733867  6202223
28733915  495021
28734231  2982894
28734622  232535
28734898  28733924
28734827  18855375
28733676  153644
28733808  4810664
28735216  4217510
28734805  761194
28735332  3294423
28728244  8751178
28730415  6535676
28724858  6525462
28735696  20906066
28736123  750486
28736323  2942857
28736323  4216745
28736299  4660142
28730043  24465012
28736442  2819535
28733951  218384
28737025  5016313
28734899  27661010
28737013  5545649
28736259  218384
28731332  996646
28718644  1555262
28737437  1373164
28736402  23353173
28737896  397537
28716043  6203026
28646631  27581
28738173  7298057
28714376  218384
28736499  28484379
28738313  7149802
28738543  249222
28738524  14279849
28738524  2639051
28670228  588004
28738809  3466989
28732678  466345
28055902  17477890
28739065  17211920
28739747  18189198
28740683  15112125
28737974  4327416
28740752  2673918
28740697  8028957
28737165  4647665
9992893  2636157
28741068  8053487
28740654  4769599
28738748  23667086
28742022  6800481
28741953  266357
28742421  899539
28742543  24428051
28742616  6255208
28742142  1628768
28743266  15854930
28743252  5678360
28743386  28738754
28729709  6343166
28730692  28376370
28743622  901115
28743779  585812
28743336  8191300
28743481  3290424
28732846  4244896
28742575  767657
28742774  11321491
28744229  28742534
28744276  947586
28744354  513832
28742566  767277
3781851  1186789
28744470  4552505
28744689  797964
1028000  578231
28744835  20279484
28739946  12477615
28744750  12573816
28744736  8004237
28744773  513412
28745156  683518
28745282  279170
28743460  4442453
28735196  28496705
28741217  10382929
28745389  28579214
28745522  413807
28745501  4426337
28745552  766918
28745690  13454164
28745562  6436391
28745277  8635818
28746012  3034604
28744411  6199417
28745790  6242976
28746240  13238059
28746420  3079415
28746502  4261133
28746482  23454952
28745038  28593476
28745436  18951741
28747063  26342769
28747005  14028959
28739277  3597395
28735319  23139886
28740091  11503784
28747418  218384
28747060  23288317
28746711  9466265
28747590  16793081
28119878  6290967
28747869  23353173
28747752  18211280
9241044  14896854
28744633  10905676
28748429  614671
28748224  7520615
28748575  9657280
28748462  19564711
28748749  1432480
28748836  3595515
28743340  138511
28748286  7398521
28747433  24095875
28749009  495021
28748793  2249431
28747705  3683602
28749152  5251010
28750128  5524243
28749954  19045831
28749937  13719593
28750167  7087728
28750220  17298912
28750140  8028957
28749974  14794220
28750330  2337126
28750005  17225229
28750679  21592630
28749969  27428905
28749061  1741820
28750437  5161951
28729878  24448284
28751225  1726630
23597494  12687909
28751488  342152
28751516  16751348
8814192  10380320
28742788  3987382
28751836  1139181
28751961  15506426
28751892  65865
28752321  14220321
28752164  1604091
28752163  5544885
28752415  16345833
28732841  28733924
28712594  28492204
28752798  28728393
28752599  8356501
28752606  26532722
28752679  18194062
28752679  2825950
25505745  8467997
28750323  11664443
28322438  9815479
28743971  218384
28373570  2208844
28753302  20486230
28747339  6436257
28753541  588004
28752519  9122195
28753742  513832
28750270  10137937
28750270  20351947
28753466  2894775
28753998  24101524
28754057  6234864
28754244  4070716
28754453  2559527
28754070  6792428
28754003  5619202
28753315  18026236
28753315  10404348
28752748  28752562
28755148  28724865
28732661  21138740
28752834  218384
28752782  5574058
28754861  2023481
28755252  19438078
28755287  27605721
28755038  9657708
28755515  14116003
25042024  957537
28755494  3208935
28756213  1351925
28756229  13276807
28755942  657498
28756444  119441
28748692  1647260
28756691  750486
23819368  19597324
28756736  26771146
28748757  3624280
28756022  2579666
28756976  750486
28756810  19647875
28756281  28708741
28757775  1367070
28757932  979256
28757274  28513030
28757998  60174
28745477  20263954
28758263  1475297
28758372  495021
2575153  434763
28757874  12473047
28755011  151777
28755918  28754521
28751739  218384
28744588  23923924
28758803  17345115
28758970  3213
28754977  5805850
28759364  18465777
28759742  15889131
28758258  28756164
28756797  10236166
28752501  11728846
28760256  19337351
28756043  6026645
28750744  4819075
28757907  206558
28760555  18366762
28761089  28589841
28760962  4660142
28761285  226144
28758636  548249
28756618  1169539
28762030  24203492
28759479  28738754
28760713  403256
28754383  11987103
28760870  1150646
28762676  28364838
28763108  835092
28763168  337704
28763551  203198
28763669  4660142
28764065  260666
28764255  27712032
28764337  4589951
28763637  18327624
28763237  8644707
28764417  1373164
28763052  12978745
28764612  9466265
28764182  23803743
28764876  13889463
28764082  27286908
28764926  635751
28764725  4261133
28765003  18465943
28765003  277772
28765378  28763037
3699917  2284601
28751192  2284601
28765135  12573816
28764859  24644436
28765841  14241133
28766039  7477332
28766307  21692646
28766338  7389069
28747726  28745653
28765942  339053
6193183  200284
23267237  200284
28754096  28766532
28767136  9547291
28746267  4811123
28763101  25379830
28766690  5753063
28767850  28288495
28767889  1103149
28768087  28749997
28768117  6393827
28768254  16721940
28768033  18729444
28768349  2266789
28767786  2018550
28768569  26282375
28768572  13405848
28767823  6237044
28768603  8453881
28768603  740577
28768540  19640148
28387883  28369036
28754318  28753142
28762396  7177885
28768531  24644436
28768878  13606375
28768470  4701761
28769173  24644436
28769347  19193134
28769412  1893429
28769245  12376461
28769326  20221012
28768981  2604118
28769499  10333525
28769668  7744611
28769668  10231868
28764229  6255215
28764793  6017176
28769634  18386753
12231783  2299133
28769818  18686903
28769925  2167916
28763824  8548894
28769918  17998386
28770031  20353613
28770158  23080078
13801267  4363038
28770371  513832
28770352  3787074
28770843  203198
28770797  2089590
28771233  20279484
28771301  8318911
28771429  17299581
28770484  12717487
28758596  515833
28771287  20590239
28771676  11670874
28771222  14741688
28771652  3667199
28771850  4172722
28771396  28771722
28771520  2705109
8281013  27882454
28772274  8056130
28772296  23606514
28772318  2770321
28772207  1242566
28772376  9243433
28772503  26999980
28772503  13944886
28772518  15534504
28772864  17385961
23384907  11771818
28772670  18315072
28764122  28611360
28765477  379610
28772773  20529533
28772702  8492449
28759061  10071677
28773095  27125672
28773103  13961534
28742920  28453347
28773956  21567291
28773118  3305096
28774154  4660142
28774091  26602608
28774651  19469154
28755985  3621741
28775164  24658374
28774646  495616
28775371  20371956
28775242  14905382
28775475  7654679
28775733  2158
28776060  476679
28774722  15286450
28774690  2286315
28776522  17256182
28776414  3589131
28776549  23667086
28771390  19723811
28776428  23990071
28776428  8507463
28776691  8362094
28777054  8253789
28777345  6153550
28777551  28775733
28777735  218384
28777760  14737810
28778155  526125
28774413  218384
28754944  6819143
28775430  4302130
28778151  13202353
28778440  2835626
9814375  2170320
28778482  240178
28778148  2817869
28778977  24723120
28778567  27386191
28779044  218384
28779165  11140483
28777683  23353173
28779128  4660142
28779400  13123861
28746842  12507277
28779576  9107240
28751954  24176008
28778176  23983916
28779593  218384
28779916  1711990
28779987  5978519
28779995  12573816
28780197  806000
28780292  750486
28779073  2554909
28780394  25897122
28780558  479207
28780695  8691800
28780361  56867
28780361  1165332
28781249  1711990
28775057  28583879
28775057  89056
28780327  8081701
28781345  2482715
28781501  8004237
28781673  6343166
28781655  17774188
28720154  14028959
28781719  13840429
28781774  9189172
28781098  28128082
28716021  27339632
28738916  7927716
28778939  23400388
28782047  14220321
28781995  28775356
28782118  16607960
28743000  25594147
27190184  27645923
28782192  7073484
28782281  12700558
26455022  28669459
28782424  625799
28744634  14790014
28777256  28386258
28755381  14790014
28781852  10551313
28763416  6324070
12588495  3172173
28782856  19226816
28782357  26318341
28782876  2751870
28782755  7687401
28775725  3255993
