28783337  2973202
28772944  10667914
5516044  2098149
28783511  1025589
28783814  325933
28781180  1503888
28783142  12783217
28784274  8393947
28784362  12573816
28784482  3606697
28784697  3346430
28784221  21971484
28784740  23294658
28784716  16432364
28781556  2817869
28784771  25679050
28785069  28783951
28785268  20279484
28784859  1386767
28785408  5662394
28780441  1766741
28784729  26735955
28776903  26808130
28777868  6640173
28785669  12523044
28785683  7911776
28785856  2114377
28785881  13840429
28786070  16856647
27350776  1365541
28786072  24900875
28784275  21337563
28786548  409784
28786684  495021
28786691  8266476
28786810  14326890
28778773  6198168
28786930  23446377
28787027  28748692
28787242  4176328
28786977  218384
28784810  23716647
28787193  7292965
28782919  2422468
28787648  1585611
28787601  22859533
28787580  895171
28786637  1119134
28787627  23446377
28787556  7033639
28787793  2587669
28781087  1555262
28787794  8033537
28788058  195207
28781894  28740974
28776626  19575018
28788167  15235526
20335808  19038799
28778099  24198322
28783890  2818697
28789055  395735
28789058  23667086
28789123  17299581
28789367  5554734
28685155  2471417
28786250  2477774
28789113  470542
28789619  8145812
28789714  4351521
28789635  1910832
28790023  60174
28784073  4261133
28789993  23667086
28784695  9601357
28759009  18591966
28790280  5279051
28790490  218384
28790084  8916656
28790929  3905946
28789082  27943961
28786752  12573816
28790922  767759
28788516  3501382
28788142  240178
28788457  14179434
28790760  6954906
18690450  13405129
28786321  24570345
28791374  4271874
28786856  3680637
28791235  27631629
28791680  495021
28787980  18619394
28788333  28183667
28791639  674304
28785151  218384
28791869  6343166
28791941  8906722
28791969  5366285
28787638  28790573
28791305  4503024
28791912  20002503
28792395  2090706
28785776  26945921
28792726  1459656
28792727  23095845
18984593  10486948
28791135  12517498
28786878  9632713
28785586  17020758
28792956  21048886
28792958  2911924
28791809  25997245
28793148  949433
28793359  5210535
28793454  14028959
28788383  25651641
28793534  8726339
28793389  23252728
28793744  4255472
28793690  23287685
28793564  25706216
28793702  12769982
28794069  14473321
28780388  5078239
28794118  12573816
28793676  134712
28793282  24644436
28792455  25711530
28793944  14492284
28649938  4526779
28794546  409784
28793994  401656
28794241  5739028
28794502  24382118
28785854  2663456
28785716  1373164
28794712  5374311
28794951  588004
28794866  8028957
28791609  937398
28782828  6440715
24970342  2817869
28795362  5895842
28795408  14220321
7683860  14220321
28795817  2973202
28795797  20039991
28795868  1805442
28795918  2642512
28795932  1975772
28795932  28501418
28795343  371
28796186  12573816
28796179  14220321
28796212  14220321
28796245  18862743
28796433  1137575
23385546  1433212
22958342  1433212
1530423  1433212
28704671  2596670
28796572  1665832
28796492  28785780
10610402  1144783
20328774  1144783
28796727  14220321
28796521  10724513
28794978  18729444
28791359  4617567
28796862  8608587
28797126  28633611
28797693  15236108
28797767  14220321
28797869  14813369
28797350  6915555
28798329  4261133
28797319  348611
28796378  6061565
28791934  21281353
28798503  676930
28796795  6554805
28799029  750486
28672368  3150678
28799363  13418669
28793741  999172
28799393  6229504
28799804  11230280
28799956  588004
28797933  28790790
28800161  10150163
26394676  11032015
28800250  513832
28800250  2486191
28800053  24510108
28798308  19966270
28770185  2889036
28800411  218384
28800433  588004
28787987  24536533
28787987  5771577
28800965  2893551
28800965  1734125
28801253  2687678
28604364  676824
28801144  10001202
28801473  28783633
28796705  682093
28800772  2400935
28801716  28800801
28793858  4660142
28800535  1795456
28799698  6834037
28801129  23061986
28802486  14220321
28679842  28638630
28798789  4261133
28802264  12573816
28803018  203198
28802926  2591098
28803031  10316743
28802014  3747844
28803637  11078487
28791940  10087692
28573156  5866129
28804521  3404421
28802529  28104445
28802703  23285530
28802611  8768317
28804773  5887678
28804991  11621917
28804759  4193476
28805160  14220321
28805174  4660142
28805103  23294658
28805383  25126471
28805482  8336858
28804414  320089
28805620  11779859
28805934  20241305
28803616  28792836
28806088  28803503
28806088  218384
28806064  500431
28802546  18972460
28806326  8004765
28806534  19010399
28806425  2485423
28803359  1874966
28806596  3753869
28802741  7377702
28806786  40480
2595448  1910275
28788291  28785391
10288821  2595448
28807507  1485841
28807772  28578375
28807818  218384
28805768  13636096
28807774  6086389
28806406  8019144
28808476  28808025
28808335  22433952
28808689  1969374
28808734  20025280
28808604  6923707
28808604  3582671
28805734  16014992
28808937  4967740
28809014  9824053
28806947  23353173
28808686  7834284
28809151  4273462
28809153  4261133
28360504  40480
28808703  18933365
28809405  25610624
28809666  4138006
28809889  14423980
28809995  16460616
28809997  585812
28809961  347535
28790903  8577110
28810221  3073812
28810302  22937618
28810328  2612802
28810465  28384459
28810785  2602818
28810864  35185
28810826  8901996
28810826  28808192
28811149  509211
28804293  6061565
28787455  28793461
28808922  28014665
28804446  5539704
28810534  17041490
28811669  2035645
28811354  11225343
28807914  6998905
28812254  3163407
28811774  2757107
28812452  147454
28812437  513832
28796517  12243071
28812584  4261133
28807016  18619785
28812635  4660142
28812666  15112125
28812760  23294658
28811947  28382697
28812670  3338680
28813162  1212838
28813239  261419
28813184  7238532
28813281  4660142
28121581  9189172
23194289  9189172
28813631  203548
28813588  12910821
28813663  25151476
28813972  10336899
28814126  6343166
28810642  15669270
28814252  3653462
28814228  23294658
28814178  12573816
28814375  2099695
9804439  9765322
28813166  28770975
28814598  28814375
28814758  568564
28814830  7868936
28812443  6840546
28815011  592396
28814961  4261133
28815196  513832
28815019  22522169
28815433  1771786
28790338  1973647
28810770  12906402
28813942  28739337
28815554  7405345
28743007  12472026
28815996  13941124
28814989  8892465
28816111  3061
28816048  26550775
28789233  27973721
28815587  625799
28816275  1379934
28816375  280712
28816490  244452
28816490  9324339
28814284  18043190
28816553  6307263
28816680  949433
28816796  10832940
28814112  10468149
28816982  15112125
28816982  20002503
28817084  6787383
28719176  28721656
28816070  26308072
28817508  14149070
28817684  7339333
28817765  18905450
28816856  13314681
28612636  15706183
28817211  28812174
28818145  985272
28801832  17093049
28817883  4908193
28818328  7288279
28818820  960431
28818871  218384
28818903  885937
28808599  28761441
28819391  1946165
28817186  112970
28819503  197769
28819731  2973202
28819755  26719180
28819845  409784
28819859  750486
28819702  15098443
28819989  7577543
28805331  2936112
28820068  2973202
28820258  13772608
28803781  19678160
28820432  494035
28817595  20706322
28815377  16438579
28813242  20035681
28797059  21465559
28819378  17359296
28815438  5032356
28806351  28803049
28801080  17815741
28821678  495021
28821637  750486
28821933  4643074
28801356  28788645
28821777  28788645
28786589  28788645
28822048  610245
28822154  60174
28821821  17709906
28822393  826398
28822281  20682865
28822731  12573816
28822590  12573816
28818764  2442651
28817320  10652816
28822935  18671081
28817323  5425610
28809813  365826
28823123  141525
28823223  28822803
28823246  21895756
28823569  1800033
28823621  21644741
28823805  16129902
28824020  26446599
28824095  16881849
28824199  508959
28805114  14314658
28824349  13033037
28823120  20278766
28824884  5899849
28825204  16761696
28825243  23025347
28825283  6948891
17913640  218384
28825266  14220321
28825213  14751536
28825300  24891109
28825396  203198
28825347  25271298
28825508  16959576
28825682  28807032
28826033  203198
28826110  541954
28825996  1041344
28826176  11117216
28821905  18316592
28826908  986006
28827024  7283417
28827651  24496907
28827621  3427288
28827850  12064202
28827959  11321110
28827706  3084905
28815345  19129644
28828074  1326071
28828016  22485399
28808278  28828263
28827433  2343677
28828519  170578
28827856  28815293
28828549  24151197
28828755  2430936
28828474  601300
28829048  12573816
28829053  6380956
28829199  6554018
28826849  28696029
28829107  5354623
28828585  26595020
28821816  2577346
28829680  552303
28829934  513832
28829953  513832
28830129  11922383
28830097  5592950
28829873  4660142
28829985  6421433
28830272  1359469
28830252  2521459
28825132  16047521
28821634  27872820
28822920  2762977
28822920  46155
28830895  3652369
28830897  4482557
28820880  24936145
28830853  111102
28762137  28741205
28829021  13241967
28830379  1611427
28831181  271440
28829229  28349746
28828942  28798520
28831411  28827006
28831326  7669668
28831792  61552
28831973  3826963
28832243  17345429
28832283  28831181
28829705  141108
28832395  351409
28832508  218384
28832445  24102024
28832545  22937618
28832541  10055214
28830232  8053904
28832985  16838654
28832958  13840429
28832471  7401704
28829912  14025049
28817537  26102115
28833112  3716920
28833255  114983
28833618  6379155
28834044  513832
28832048  3722610
28834320  6343166
28834657  14898617
28829245  171251
28829396  9948095
28834714  24536533
28834988  12573816
28834784  3112946
28835099  22937618
28832306  218384
28724624  28707105
28833165  1014861
28833468  28772239
28835438  14220321
28807836  10355941
28835530  22347306
28834891  1716296
28835770  19939368
28831025  13221168
28829957  1094872
28829957  6457130
28836210  28237717
28836414  203198
28836296  310870
28836540  14220321
28836509  6848970
28836051  19083357
28837095  14376172
28819520  9103263
28837441  21895335
28828772  10168066
28828802  5836623
28837643  9393038
28830565  3446216
28837890  1915376
28829074  1841341
28835387  8738436
28832829  16577120
28838468  18880962
28838965  4916735
28839131  20621950
28830858  4769020
28839392  4261133
28619951  2568673
28830174  2667065
28839714  23392111
28839681  19108451
28839359  9786272
28839606  218384
28839672  8016780
28459480  13249135
28839869  5149129
28839869  4483540
28839952  28836172
28828611  440061
28828611  466345
28838053  11222773
28840019  24550932
28840333  8940471
28839821  28752489
28840560  2158395
28837852  9220189
28840224  15458526
28841187  3032856
28841240  14220321
28841084  5034370
28841318  12592913
28839242  438108
28839242  3075409
28841599  2599051
28841698  28838546
28841552  12925063
28842037  28737517
28841948  13513420
28832646  3435812
28841787  7735647
28842380  17014747
28842316  11165967
28842383  1946445
28841845  6045384
28842850  231767
28842281  4870437
28111985  1564763
28832423  28393582
28843652  16351562
28843694  300673
28843161  11961902
28842121  767999
28838800  24234400
28843864  14920801
28844133  4825683
28844266  513832
28843443  11198221
28843443  15366576
28844311  2996264
28844285  8624071
28844380  1953954
28831645  5007352
28844515  495021
28836793  28828503
28842984  8815342
28844857  10442152
28843848  28800198
28845008  947810
28845371  218384
28844675  19485895
28842678  14670632
28845605  12957590
28843094  12146445
28845658  4660142
15692380  4660142
28845837  28844816
22900167  4660142
26581604  4660142
28846249  12401530
28831648  8857276
28846527  1879395
28846561  17499987
28846542  1068834
28842565  27864423
28847037  3162030
28841630  5993326
28847246  2245691
28847717  218384
28847999  203198
28848139  5605965
28848414  19510169
28848488  1586592
28848516  13613336
28847858  17364127
28824793  27908510
28848696  6150174
28849010  6491463
28849134  23667086
28849088  13149450
28849515  3974985
28849419  2561248
28816810  164197
28850309  24812679
28840308  5003142
28850026  160890
28842761  6914152
28850679  3781406
28850670  6482463
28846686  14492284
28800397  6914152
28850094  12406152
28851155  8581935
18994557  8487048
28850057  147181
28843126  28798422
28851818  7315567
28851702  218384
28851737  25854300
28845058  14116003
28850487  20154368
28851931  4660142
28852104  21203212
28852240  1129216
28852138  10451493
28852439  18642894
28852186  19328394
28851998  18230381
28852660  28850609
28852685  6177719
28852796  13142538
28853052  9310112
28844696  4939738
28852077  8126700
28852938  4660142
28853083  7073484
28853339  1458633
28853522  5525795
28853654  9310112
28851146  274892
28853919  14799012
28853991  23717953
28853328  8937591
28846413  14920801
28854593  750486
28848481  24644436
28852646  14699718
28852590  4660142
28854837  9655181
28850366  1614723
28855328  625799
28855550  28810645
28855630  8911440
28853009  12806278
28854304  10445055
28856331  7685429
28849201  24309803
28855647  2235929
28856230  610245
28856629  17976140
28856360  28744963
28852065  936708
28855381  28856858
28856628  25843845
28856821  5383310
28849071  623172
23878659  20547819
28857206  25194631
28857257  3617797
28856125  218384
28857595  513832
28857476  4568558
27509041  4262421
28857854  7731855
28856936  8634156
28855323  1935918
28857946  2933826
28856938  14220321
28851887  15568405
28852732  1037595
28855815  28857067
28857869  3220163
28841719  27880630
28858568  8650491
28858767  3163407
28858850  690587
28858922  4660142
28859010  3604562
28859185  513832
28857737  2475861
28859070  9650253
28859070  22219463
28859594  7217244
28859281  24938948
28814576  28859595
20036109  806000
28859887  806000
28859887  20036109
5481302  2274242
28859998  4261133
28859926  2241875
28860076  3076414
28860201  1181246
28860079  4843158
28859884  28859651
28860484  218384
28860352  7014953
28860518  10453393
28860854  513832
28860950  6618670
28860996  381542
28821510  9090885
28861567  16565567
28859047  657795
28861881  9189172
28861985  1051379
28862309  1664282
28862460  369602
28862461  610245
28862658  3653462
28862715  11922383
28861628  686439
28861718  218384
28863060  3754089
28863112  2275625
28863242  2115497
28863484  939032
28861976  1675366
28859877  11246758
28858161  3406320
28856522  8389090
28861914  3708307
28863593  24101450
28864009  750486
28864026  7411052
28864280  1575141
28864120  4836710
28864417  21222113
28857751  28841173
28864552  24590946
28864050  19556932
28864762  1267093
28864638  3540161
28864638  19697506
28865274  332030
28864011  28503570
28373985  28503570
28865687  1098175
28865538  9382130
4913343  176264
28861091  25533147
28866087  28817600
28864354  5837345
28866891  1909475
28864932  8749971
28867144  7548900
28867567  2049330
28867663  334856
28867884  20110886
28867737  22309296
28865735  3987683
28868003  1461432
28868174  24644436
28867799  3737139
28868203  6552959
28868283  24644436
28868299  218384
28868267  7489619
28867836  5210535
28812426  9873190
28867344  18143061
28861260  15454220
28868566  14220321
28868359  3406320
28868773  10157381
28869214  7548519
28869572  8625812
28864839  28156687
28868952  1711631
28870822  3846716
28871281  2220560
28871487  9690801
28871545  6637005
28871176  11225478
28869393  3161700
28871941  22943123
28871991  23392111
28871988  13059083
28871265  2477774
28872306  4414221
28872367  12693207
28872518  5210535
28868727  9744775
28872492  2699086
28863668  3378496
28869854  27109268
28872524  19391768
28872827  1180878
28872924  4660142
28869929  22130429
28873072  1993721
28870633  10499544
28872897  20613994
1959910  8694922
28869364  14030329
28873232  1132941
28873144  14650788
28873336  137975
28873947  11927452
28874215  10943907
28870930  10237654
8116991  6150174
28874976  540396
28875198  17364127
28875180  17425016
28876092  5371047
28876042  5292937
28875823  9122195
28874540  16354200
28867970  279170
28876302  151777
28876426  22016382
28873135  14736496
28875978  613183
28876477  6322127
28874566  5940225
28876872  1378619
28877286  3900701
28875462  26576906
28877837  4841373
28878074  768431
28878194  2474018
28877419  21769348
28877368  56107
28877198  43289
28878700  466345
28862924  28679432
28866687  1469764
28543691  336859
28872198  24644436
28878129  24644436
28878819  5437775
28879267  4303311
28878376  24066699
28872380  22366324
28879546  4261133
28866101  3224834
28875557  23651942
28875557  21588959
28879573  28577147
28879604  1228158
28879567  2793324
28879717  13238059
28879759  28859324
28879997  7571635
28879159  409784
28880182  3108297
28879989  20608470
28880326  7400677
28880404  15641889
28879464  25134024
28880541  40480
28880117  26041629
28880610  8269048
28880160  21574680
28880754  23584120
28880822  3578671
28880857  17312545
28880993  18897476
28881137  4244896
28881112  9016087
28879696  8567114
12577797  1115310
28881283  232535
28881275  149055
28877341  6165472
28877341  25480565
28881136  18319711
28879612  13185751
28876300  122102
28874432  12369543
28871409  2140627
28881625  11352207
28881605  25311542
14111751  11998593
28881897  5187530
28867900  14220321
28881870  4208530
28882109  22795160
28880457  201323
28882567  12953704
28882409  591094
28882608  2559527
28882523  933253
28882866  27405180
28882833  23779989
28883160  4660142
28882905  8426160
28882905  1817792
28882175  6848970
28883131  4077253
28881575  10196982
28883327  12503527
28883508  18941038
28877254  746089
28864717  22076593
28883760  111102
28883760  500431
28883909  5041494
28884138  8028957
28884054  5280367
28883382  27756321
28884336  5666134
28876855  24596722
28884563  25940241
28883248  22694884
28885236  4720482
28885292  21182307
28885051  10454779
9617906  16641119
16641119  1682567
28885320  3988788
9697020  1682567
26651411  4276952
28882447  7754281
28885752  19038799
28885542  28864206
28884858  9161517
28885848  1622027
28885414  20279484
28886272  5938786
28886221  495021
28886318  14815786
28886248  5161951
8645895  2419749
28886655  19998309
28848127  14881997
28885559  27993040
28884986  12573816
28880698  4552831
28869115  2739392
28886818  10988614
28887045  10560295
28887083  4113965
28887083  9532667
28885143  4660142
28881682  26684023
28846869  15837822
28887375  4269450
