29067846  29056673
29068085  13102045
29068100  24644436
29068111  218384
29067005  12073455
29068136  5419
29067682  9577047
29067864  2885173
29068358  165779
29039023  14111902
29059053  25941675
29068561  218384
29068688  15541404
22742207  10236166
29068917  5615570
29068992  6583573
29067235  218384
29063780  1675688
29032478  28810073
29069635  495021
29062971  24812679
29069867  3004515
29070072  27851535
29070288  14973046
29070115  1946165
29069440  2757910
29069440  1888254
29064474  9828153
29070384  14533458
29070497  26147586
29070869  18046846
29070938  5916340
29070306  29070961
25537074  4338538
29070836  12953704
29071081  19457739
29070975  375991
29071825  14220321
6139940  15210445
29071349  214741
29071054  6896592
29067535  25853947
29068565  14636536
29072056  5866169
29069387  12573816
29060960  16736804
29058683  10919915
29056280  16274030
18953011  9707397
29050253  19746767
29070669  384759
28299798  16795319
29072509  7246278
29072660  26646941
29072689  7170235
29072732  1230700
28940503  25853947
29071278  14220321
29073097  14203298
29070911  6052966
29073464  10769193
29073798  13341698
29073928  2167916
29070852  2004212
29073856  8236945
29073699  632475
29073180  19766
29073853  27333535
29074294  1732348
29071447  218384
29069167  24476496
29062548  4090301
29071875  882727
29074635  11736530
29074077  26657398
29073261  23033335
29074593  29070689
29074676  7849521
29060316  6876697
29074803  142003
29074732  3841166
29074867  6675454
29075066  22937618
29068995  16086377
29072005  29008499
29074626  4261133
29071452  5697720
29075537  216823
29075104  1500402
29075650  1422652
29075823  803211
29075736  24644436
29075963  2973445
29062907  29064014
29075761  11564219
29075761  11656324
29075987  22481248
29076024  5443509
29074878  381542
29072178  5364928
29076528  4660142
29076594  203198
29076563  9588009
29076844  24644436
29076907  5317443
29077131  132988
29077241  7425071
29077305  12573816
29072907  28993987
29077547  986006
29077567  12769982
29077580  4669178
29077416  18229279
29077682  3162760
29073890  56974
29075288  10403713
29077817  12573816
29077985  750486
29069795  13650293
28812311  4902565
13869774  5883571
29077949  22240946
29078319  10550635
29077653  2211867
29075194  14220321
29078784  203198
29078560  28537352
29078974  28699124
13503280  5766175
29079153  2087370
29077654  28079307
29079112  6041886
29079190  2011142
29063146  21971037
29077443  25925556
29079429  17566658
29079695  29076043
29079615  19521320
29077582  24204211
29079649  3373529
29071998  29076043
29077198  29061284
29075813  2264455
29079957  16963111
29080399  1103985
29079379  11381673
18387336  12558996
29080547  218384
29075340  21494761
29077943  526556
28876597  4434118
29076331  22281616
29080102  21680629
29080929  4898733
29080204  19147
29077351  4348408
29077498  10126956
29079419  21183998
29081219  21387948
29081246  20279484
29081315  2223386
29080604  24582922
3096259  450799
29081176  409784
29081045  13275974
29081625  92859
29081653  11912022
29081653  673721
29081897  16546330
29082133  610245
29082067  3127429
29080221  14220321
29082223  15736282
29082332  1711990
29082206  4660142
29082417  495021
29082453  1299837
29068087  15765529
29081666  2091465
28895783  28878361
29075622  166221
29083125  218384
29076710  27286232
29076162  27314217
29046745  966225
29077680  17859993
29083308  34413
29083348  4748083
29042616  215497
13267637  11842954
29083374  14220321
29078046  28183473
29083614  14194290
29083617  1334613
29083692  6441218
29083761  16577120
29082621  10553597
29083685  18324369
29084206  12769982
29083908  10899384
28879554  22440473
29084324  19088981
29084521  8336858
29084518  16305398
29084349  21955256
29084728  29082390
29084665  2679022
29084992  26406620
29085202  588004
29085193  2530663
29084351  18515170
17299313  6773862
29084896  16742238
29085270  12488876
29084911  6107206
29085197  28918232
19836549  16555402
29084676  5921920
29085560  18440205
29085671  12519335
29085659  513832
29085719  13504936
15789091  10524748
29083990  513832
29085955  14220321
29085046  12573816
29086151  5655142
29085607  26267809
29086121  7233766
29086360  2040560
29084265  7942597
29075980  16427421
29083600  21380253
29079257  793924
29086456  1317383
29075692  18931934
29073738  28744655
29086329  3462995
29075418  10435213
29086603  11062818
29085778  23688688
29086739  601300
29086583  6735733
29085731  25783211
29084695  7008649
29087085  11208971
29082785  2522579
29062953  14795145
29087249  29085434
29087244  12327408
29087482  7056749
29084514  615948
29086017  16151018
29087246  10563644
29088021  25048017
29044341  29044629
29088123  767372
29088049  2376471
29066875  26416645
29088103  20043313
29087985  17710039
29087785  7916131
29088204  29082562
29088048  444080
29088291  3355069
29088422  4421706
29088440  19871955
29087236  2973202
29088541  588004
29079412  25437823
29088709  4261133
29073273  2946764
29088663  495021
29083577  3286067
29088777  7073647
29088865  218384
29087640  1018822
29088892  2174297
29088950  15911312
29088974  1461432
29074404  29086544
29030747  24900875
29089205  218384
29089474  9779624
29089474  6600868
29088396  29088818
29089106  1536400
29087653  7478911
29090231  218384
29089113  3402110
26565289  3402110
29073833  14772208
29090216  8323530
29090092  12879184
29090704  14940660
29090832  5173498
29090593  28952581
29090784  208181
29090955  218384
29086319  7084112
29091036  3870886
29090899  3802396
29088577  516811
29088723  335311
29085207  3751069
29087811  1854290
29091340  513832
29072026  26081543
29091937  28247063
29092004  14380920
29092087  218384
13420761  10524748
29091811  15132276
29091197  21197586
29092406  5187530
29092960  4176328
29089523  29081574
29093397  24203465
29093606  10805125
29084056  6249707
29093713  14220321
29093886  986006
29093895  513832
29086802  20449427
29088979  23047052
29044957  5435138
29044957  10013282
29086928  29053822
29038402  28254247
29077295  17602611
29093704  1397361
29090421  21883777
29094320  19629067
29089656  750486
29094536  19708979
29085876  1890693
29089418  25763412
29094836  10824007
29092658  29007904
29095042  9684866
29078653  28384470
29095128  874505
29092097  21895335
29095355  3888902
29096010  2050263
29095992  840501
29094690  22489398
29096205  2609259
29096203  94361
29096268  4895294
29096342  750486
29096674  4901133
29096687  14220321
29095031  27529518
29096774  105014
29095625  5109274
29096997  7477158
29097112  826948
29081862  10109418
29096645  16977230
29097207  4912380
29096121  2505728
24671231  26005463
29096546  942571
29097226  3076414
29092693  1475589
29097630  23796347
29097992  588004
29097928  262427
29097990  19158339
29098330  4929251
29098418  513832
29098487  12909905
29098439  28949809
29098343  381537
29098320  22559830
29098542  4484872
29098426  16829732
29098924  15469236
29098830  14534984
29099136  23446876
29098984  24644436
29082796  20554113
29099460  13840429
29098997  23684727
29097347  1299750
29099079  3577641
29099678  23983916
29099469  4883613
29099931  10796160
29096730  4660142
29096730  218384
29099993  7790725
29100105  24302288
29027329  6517848
29094187  5838711
29090740  29068182
29093096  2801882
29100840  203198
29100289  17545764
29055993  4790522
29097367  2421557
29094919  7429228
29100472  220658
29100738  2812520
29100926  5963047
29100915  4667597
29047090  2801882
29101196  11164144
29097127  7868936
29101366  23667086
29101508  218384
29095184  23740548
29101862  14661036
29102344  750486
29092856  532199
29102330  1458633
29102330  588004
29102722  6865822
29102390  6602244
29097054  4660142
29102335  1402005
29102794  2846283
29100041  10631387
29094926  9317303
29040671  153724
28680243  23754260
29103124  3871984
29083304  21387047
29102978  222187
29103395  218384
29103385  15072578
29103196  29097417
29103647  218384
29081602  29060799
29103204  16152547
29103751  20699306
29102807  11350770
29104063  1949066
29104157  4660142
18149810  11387805
29104225  18221963
29104359  1239938
29104582  628526
29104398  3577641
29090655  23218874
29102458  3866906
29104448  4660142
29104327  7423445
29104881  102640
29104881  7362002
29105253  20365334
29105432  18908090
29102002  18147606
29105364  17774624
29105433  6286868
29095948  3037767
29105608  9639642
29105819  241145
18644470  5131497
9156626  16567842
29105829  9427056
29106107  20635506
29104232  27403930
29106347  3646914
29106488  16460616
29100692  17704491
29104717  29061919
29100387  20314989
29106665  1247989
29105245  495021
29106661  307179
29106774  2153180
29106806  2622282
29103420  4413132
29106933  28516928
29106857  5187530
29107475  6027830
29107577  1069528
29107221  240178
29107472  1333864
29103074  3401156
29107723  29106002
29107864  3144610
29107944  1402005
29107229  19953382
29106928  25590930
29108241  513832
29108291  8305915
29108609  1638670
25902610  18109547
29107888  4557979
29108429  218384
29108787  5421158
29106384  27179735
29108772  140131
29109152  21665538
29109574  513832
29065824  29060972
29109865  29081922
26584510  4174447
29110058  2706500
29110042  218384
29110471  149784
29108770  2588998
29110677  29105006
29038518  17701676
29110506  14249562
29110899  5406172
29110748  14921805
14921805  5048638
29110993  29084901
29111054  1120833
29102998  1793147
29111466  17498216
29111510  16254575
29111646  2114534
29109565  29107543
29111491  1370811
29111659  3115388
29111349  28357785
29111973  185936
29111858  986006
29111938  11232848
29110055  1408285
29112343  1695668
29110809  244243
29110237  11001118
29039461  29083134
29109173  2973202
29112725  301147
29112701  29103677
29112285  579454
29112816  18274391
29112162  2498782
29112727  28895967
18412739  22394432
28979382  21971447
29106973  182945
29111670  17615622
29111595  19843203
28935808  21922470
29112276  11546403
29112333  7958298
29064717  28851974
29113806  3342651
29113943  10673585
29108546  9538542
29104912  4231382
29088832  9538542
29083589  29083434
29052889  29045755
29074968  20774437
29048699  953707
29114175  22213197
28937745  1449987
29114261  9297899
29114500  5993109
29114620  18950984
29114629  12340265
29113907  14170927
29114589  3287545
29110968  7953623
29114336  7232331
29115559  2474018
29115455  3605214
29115341  3319075
29115590  20860005
22140001  20860005
29115809  29107627
29115855  3127429
28987796  572853
29116207  218384
29116356  21812396
17707759  1169842
29116271  17364127
29115121  17224798
29114749  8387989
29116533  17947182
29114974  16855677
29109164  293353
29113127  1924850
29116043  121387
29117341  588004
29117135  10522347
29117319  240178
29117359  218384
29117362  3559063
29116986  3088059
9035674  13438556
29117869  588004
29118095  401656
29118129  949433
29116622  2444717
29084471  16917122
29118512  12170496
29118727  203198
29113354  17556976
29118341  2829873
29118613  21021115
29109328  25620459
26863161  26863969
29096967  16047306
29118600  29064450
29119068  15195578
29119003  29078772
29119066  2950628
29119474  14028959
29119313  16482233
29119604  15804443
29119997  17130382
29120168  20955465
29006811  10382929
29120411  901115
29113331  15938941
28955015  24022134
29115641  17006843
29120838  6343166
29121125  949433
29121044  3237799
29116791  29112026
29075968  3617486
29107870  29103932
29121425  3333665
29121631  24504582
29120713  17863066
29121577  13948344
29122085  1317383
29122282  27279514
29116293  24161336
29122534  155303
29089126  323604
29122615  6322541
29123004  15048615
28038237  11740256
29123217  3577641
29123010  12573816
16862633  13032224
29121530  10780858
29122475  4973095
29123628  14220321
29123564  5970093
29122007  588004
29118269  1070526
29123808  23667086
24728231  6435953
29121179  1397924
29123863  1922677
29123863  218384
29123981  5767325
29121315  2770321
29124220  28288111
9123272  5853167
29102887  20366601
28954085  24476975
3910324  4732544
3910324  1299837
29124322  11068385
29113973  14173754
29122218  26763974
28931745  5793619
27024731  25674612
29125094  4261133
29124173  29084901
29125431  11708967
29125393  10969941
29124380  2090706
29125629  20449427
29118853  5967864
29125878  513832
29124846  16133200
26072307  5215367
29125882  588004
29125517  23667086
29126053  13334521
29126177  2534089
29126174  579734
29125775  546433
29126410  4157972
29124788  29000277
29124788  29028566
29124538  5226285
29105308  4176328
29125728  6209730
29110067  7852033
29126945  3540942
29125707  275944
29127091  1680528
29127107  5745191
29126931  672678
29126003  18905393
29127344  2508215
29126769  26959392
29128226  14220321
29116954  750486
29128046  1711990
29128340  18948966
29128179  24644436
5853167  877096
28116585  29124980
29128774  24812679
29128563  29124771
29129082  15911312
29128992  28450803
29119053  4959722
29129526  1072120
29129576  6840168
29029643  24190389
29128198  8663844
29119918  12175273
29130073  287871
29130193  28801859
29130198  658351
29129899  8907490
29123431  10637320
29130124  29091094
29130562  16927540
29130937  2551859
29131137  3737139
29131122  7670337
29131000  4457352
29131017  12573816
29130939  339699
29131271  5413548
29129514  28066429
29131307  12047775
29082845  136782
29130382  824739
29131782  14345485
29131839  4261133
29131838  5629273
29131679  236129
29131587  14274224
29131392  3736320
29131836  27382089
29132222  11296361
29132153  3577641
29132075  2048344
28838650  5943330
29132357  4764011
29131798  28922070
29132264  7102413
29132478  10880790
29129574  10410180
29132160  3753869
29132513  1195112
29131670  218384
29129824  10752055
29132835  1026069
29132877  18455972
29130394  11688171
29130394  23667086
29132915  320929
29094531  14237283
29133018  929773
29107724  25890802
29133030  14301935
29132808  21650208
29132022  27438911
29133108  6694391
29132369  3800551
29132792  232303
29133193  20226210
29133380  23667086
29132674  29118751
29133075  5581592
29133546  12007507
29119036  27773120
29124912  4990622
29132177  10409125
28857590  23438375
29134041  4351835
29134154  24644436
29131596  12327408
28868386  21790137
29113567  7521047
29134299  8611777
29134413  495021
29134628  65865
29134984  1873983
29134988  25575073
29131435  29085882
29135161  2889777
29135383  203198
29132102  26003402
29135527  14850553
29130403  279170
29130403  2159434
8221040  6537662
29135817  1200621
29135511  9072688
29136163  29135150
29136180  3438276
29133999  29130700
29123900  6825982
28869057  23425254
29136702  187453
29136692  952924
29136558  60174
28884616  14716004
28761538  96759
29134058  29013750
29137096  23667086
29137108  3434278
29137137  13649540
29136693  2688961
29137333  750486
29137044  11928091
29136976  14229539
29132614  4366730
29137298  5431941
29137437  6288649
21237899  14893315
29131768  193182
29129879  5169355
29097067  25632886
29135537  20054513
29113250  2933295
29137215  7627098
27465220  26799094
29131661  3821523
29138363  218384
29138211  274626
29138967  12769982
29138727  29100826
29133897  29110104
29138968  5323634
29127078  6341730
29138657  9063100
29132483  6936972
29139456  2572868
29138989  697519
29139721  16959576
29139568  582244
29140057  19092636
29140079  513832
29113013  15325247
29137873  15174918
29139477  29140402
3928853  4792449
29140423  3603581
29140311  17531684
15132325  10581093
29140995  279170
29141239  14220321
29140292  26364906
19864464  29140402
29140905  6417598
29141794  14220321
29141749  25360411
29139350  2921847
29142014  1610030
29140981  1009584
29142175  3935003
29142448  750486
29142363  22001230
29142430  5693130
29142383  243351
29114788  2375888
29142898  11618387
29142920  13840429
29142561  4421706
29140500  22125806
28666230  29140113
4479683  29140402
13001427  29140402
16637114  29140402
19845833  29140402
17500899  29140402
26973634  29140402
16493334  29140402
15284265  29140402
8730127  29140402
29143527  203198
17264866  29140402
3481491  409784
29143636  12032214
29139466  26295725
29143483  3437796
10503964  29140402
29144014  166221
29144002  203198
29144071  6510006
29130286  28665768
29144335  14220321
29144453  298745
22962811  1257744
29144442  17375340
29144613  8028957
29144533  2973202
29144795  1502910
29139007  23079509
29144235  513832
29145389  4261133
29145379  2641347
29145287  337704
29145454  23667086
29145673  21895756
29145802  20279484
29144882  92698
29143960  851625
29146373  4261133
29146369  4261133
29146557  4028093
29122260  90838
29122260  10753417
29146808  18731346
29146584  2973202
29143461  55828
29146800  13046096
29146894  14700074
29147121  20150798
29146804  1251999
29147226  23667086
29129270  16952379
29140656  3827892
29147557  2528039
27967801  5947695
29147675  13189764
21986237  17831990
29147718  10077840
29146996  538060
29144313  22760673
29147543  4611897
29143482  5549524
29148212  23667086
29133496  9059572
29148300  26327939
29148592  14220321
22875692  29141240
29148638  492384
29135441  16240699
29143472  2784514
29148370  20279484
29148930  554063
29148427  6542169
29142974  6441218
29142974  1930459
29143343  286419
29148062  4570366
29147634  3603581
29149262  4836710
29149015  26867417
29149296  3622756
29149360  11321491
29149564  5688042
29149591  14242872
29149841  29134236
29149866  3531703
29149868  13659949
29147502  376582
29149823  25670173
29149907  623172
29150014  506424
29150228  21633791
29150401  335205
29150153  11175131
29149886  13597164
29149030  2559527
29149556  17778297
29148733  2311421
29151039  6539571
29149599  24644436
29151301  6353912
26673453  26665088
29150893  17364127
29151227  12573816
29148434  29150835
29151359  13238884
29150558  29141786
9162249  6851461
29151311  20279484
28954276  462165
29147957  8579657
29151853  10137692
29151890  16959576
29151814  240212
29151865  14242872
29152042  20680482
29152115  4261133
16230249  701802
29131399  701802
29152298  1930459
29152347  17582006
29152427  214741
29152458  3737139
29152358  4244896
29152549  513832
29152142  858181
29152689  12556682
29152754  3055792
29152744  27464630
29152811  4421706
29152943  27094878
29151031  25873635
29151572  19871955
29151409  9328743
29152837  120876
29153127  1823058
29150192  24644436
