29233196  2973202
29231965  1426100
29231149  11270591
29010903  4420815
29223560  5192917
29233635  129406
29233195  3226282
29233990  7050067
29233937  19075671
29234299  15722433
29234324  18349517
29230858  812686
29234384  27884392
5624830  4804990
28382433  13885234
29234043  28012770
29232344  4622
10818443  2160083
29234783  2160083
29171564  28715832
29230145  20336288
29234184  14916638
29234628  3273478
29235690  11321491
29234758  28283103
29226124  16577120
29235734  11321491
29233933  3773516
29233328  16719959
29235765  2274242
29235765  4968406
29235846  13840429
3458247  2965615
29235968  13840429
29235979  29176716
29235353  10070744
15698928  10070744
29236313  5161951
29236598  11448068
19207845  22308158
29236489  12501286
29236276  1781946
29236705  2521322
29236398  4796872
29236924  752999
29236966  661561
29237054  8751020
29192683  6091474
29237243  218384
29236645  23667086
29237457  1986896
29236724  12573816
29237439  14508707
29237414  750486
29236056  5681481
29237408  2592092
29237360  18266371
29237633  12431523
29237841  14222250
29223276  4810664
29237204  21465559
29238212  7022383
28954168  273169
29229178  6504914
29238717  3737139
29130161  19132
9644699  2170043
29239035  315760
29239035  4881938
29239015  7868460
29238887  663254
29239367  60174
29239429  409784
29238895  29235773
29239132  2478230
29239132  1276237
29239381  9554636
29239149  278189
29239913  54867
29238534  1015142
29240009  2220916
29220685  29215623
29199306  631682
29240112  5242524
29238683  2715847
29240315  1076972
29240501  750486
29240658  23983916
29240500  2743231
29240649  15304790
29240271  19011325
29240898  12124163
29240062  12112647
29236556  6884708
29235945  9498993
29239905  2431123
29240558  23667086
29241186  9566187
29241406  3847736
29241698  1716296
29241363  21666030
29242104  27696763
29235802  11727223
20089146  18930854
29242259  6290531
29242317  17364127
29242300  3028306
29238205  9654747
29239835  218384
29166295  2059229
29242075  3434278
29242380  2973202
29242771  22952531
28975868  22952531
29242835  4650442
4650442  5020479
29242805  818930
29241699  7471830
29242928  8429232
29243167  19913659
29240975  18700057
29243121  29031510
29243508  6912584
29238134  647116
29242824  25716575
29243492  1955505
29241370  11689689
29242885  4202175
29241760  12573816
29243902  23335845
29244039  1452721
29244537  40480
29244625  15662675
28805425  2602013
29244286  406121
29177913  218384
29244918  6285897
29245156  218384
29245228  13948713
29245210  29243845
29245327  9851813
29245487  5762938
19435058  6747242
29245710  11723217
29245696  29245708
29245635  29110752
29245795  7600446
29245798  24804172
29246036  21368032
29228382  6343166
29246466  4151743
29227274  27595206
29246571  1335507
29246667  761194
29246673  290884
29246475  6883611
29246108  7603509
29247027  3403909
29247063  513832
29247142  5574914
29247217  2973202
29247126  5627284
29247572  18349330
29247061  10405070
29245619  12995434
29247726  6660146
29243468  28312460
29248499  5171502
29244224  15112125
29246714  26442941
29248152  940382
29248734  23871173
29249304  17813423
29206976  1799128
29206976  205736
29249106  307650
29249821  218384
29249718  279170
29250033  5078239
29250077  2540969
29237503  2852614
29250479  16664874
29250511  12573816
29246204  20862728
29250306  25855137
29246738  13840429
29244819  21145187
29239403  18528009
29242743  179713
29242269  27509931
29241920  1184624
29236381  1895476
29239817  14220321
29239400  14028959
29238317  12606437
29236600  19999989
29234944  1732348
29250854  16761117
29250774  24266294
29244634  20685025
29191464  29047770
29251108  24224441
3917081  2986404
29249318  7755088
29250618  6679204
29251704  21230417
29245021  4631292
29251843  312443
29251462  15162480
29252106  1608632
29246753  18050071
29252380  279170
29252624  203198
29252520  19913244
29227854  10025032
29252747  12051
29252310  16327971
29252647  20039765
29253045  9695695
29173422  24853
29253474  2889777
4957522  295538
29253764  29249857
29252593  9313769
29253922  4660142
9090850  7927716
29251527  15524280
29252246  9841026
29234203  23170832
29254229  6949148
29248173  513832
29254227  13102045
29253176  1686569
29254168  9423722
29254433  218384
29248857  24644436
29254714  509211
29254705  5997027
29254781  847185
29254693  9273016
29254854  16807904
29254768  4330675
18448645  16807904
29254688  25678373
29254847  3571203
29254522  9868409
29254664  14124373
29252583  29088506
29249371  7421013
29254533  29230590
29255480  9069379
29255603  874521
19320943  19260188
29238992  12926969
29244810  11621846
29255814  24125328
29255969  11036420
29174970  1932311
29255637  8325298
29255756  1469764
29256327  4660142
29250645  23667086
29255801  2200494
29256679  2232740
29256718  8228281
29256718  2421911
29256743  26430259
29255740  15105457
29253158  3630866
29139713  12769982
29257498  16959576
29246733  14076063
28983733  4880930
29031260  16029527
29257595  13840429
29257696  2091465
5458838  3781205
29257855  6121623
29258072  3463833
29258072  5619832
29258123  15342781
29258263  5684066
29247779  16040933
29247086  672155
29257895  8248239
29258432  949433
29258603  5163144
29259231  5248827
29258645  16642811
29259306  218384
29259226  3025997
29259151  16221916
29259559  24644436
29259122  549741
29259663  7364150
29259789  1953857
29259820  11927260
29259476  3507042
29259293  1100343
29259943  874461
29259977  8634156
29260029  1279957
29247273  18542412
29260128  9835762
29260360  12547488
29260374  495021
29260482  14241133
29260401  12573816
29259694  6023941
29260988  625799
28782790  28777273
28774454  28787708
29261227  27740306
29261073  3985214
4414404  533459
29260117  14028959
29261407  9233461
29260345  266116
29261485  2329492
29256002  11615927
29259466  11227809
29261719  7031885
29261831  23294658
19373142  13757735
29261444  26292695
29246324  29259923
29261621  27714305
29259579  3577641
29262076  1459377
29262034  4255301
29255322  27123306
29261351  928019
29259256  1773366
29249377  29143406
29262744  24644436
29262546  492563
29262229  3293765
29262879  218384
29262772  1128985
29262878  3415582
29263289  9558986
29262670  15874094
29217095  682171
29263604  14219537
29263773  644920
29263773  315132
29263893  1373164
29263167  28355684
29263985  4013950
29263911  24231680
29264492  513832
29264480  24644436
29264505  8028957
29263324  13566862
29261311  12094479
29262088  29264410
29264172  1442546
29264916  1390607
29264275  2765999
29265051  10834196
29265138  5190539
29264683  1213843
29265020  29251248
29264342  16897605
29265285  11596257
29265511  5023897
29265545  199333
29265664  986006
29265594  28577147
29266030  20563772
29265922  3221367
29264363  8859279
29266304  5763750
29266130  2846301
29266323  299495
29266241  16985834
4822234  3680429
29266675  60174
29266541  29266322
29266970  7869911
29267036  29221429
29250657  28445020
29266914  4643074
29201371  27585412
29266650  5763750
29267275  19891565
29267439  21668025
29262256  3271249
29265037  29104436
29267687  24644436
29265840  14671078
28964214  20778
29267339  1207406
29267825  8850067
29265669  588004
29265669  21895756
29267677  2080660
29263285  7191449
29268230  588004
29267887  4643074
29267887  6592512
29268287  3203297
29267972  14989125
29268116  17374651
29268050  24432101
29259527  22367328
29268594  2371118
29268661  3398876
29268559  24782145
29268815  9687521
29268865  5335273
29266643  16443380
29268851  8264528
24949851  6879467
16561876  6879467
29203437  4834659
29268920  29265526
29248727  2705793
29269521  218384
29269739  29262604
29269708  29265845
29269849  289680
29267214  29262604
29265120  2032924
18638222  6879467
29269879  7868434
29268275  27475978
6403746  24644436
29270109  218384
29234737  6534041
20297703  24644436
29270110  3442090
21083917  24644436
21961821  24644436
19099343  24644436
14640011  24644436
11458334  24644436
23092669  24644436
21448092  24644436
29258593  10815453
28962147  24644436
29270668  3748
29270757  2059740
29270676  3052442
29270766  19728572
29270949  51054
29270971  18194255
29271016  4450592
29271028  17287975
29271264  17992121
29271299  29251388
29271665  25441166
29271797  1704407
29271788  178333
29271990  2089590
29272155  1467369
29272134  27094680
29272513  5560176
29272749  6343166
29272888  15520378
29273213  2118656
29272814  12573816
29266111  3501516
29273323  15445019
29273647  218384
29274030  14900763
29229086  455713
29255472  6147671
29267828  4939518
10160610  11186960
29274443  4569164
29269237  13840429
29274486  25651641
29252163  9968592
29274276  13400961
29274644  2625707
29273443  13583451
29275161  23935810
29275267  466345
29274935  3195348
29239681  20181980
29275136  4441713
29275836  203198
29275926  4780203
29276369  29274005
29231533  28505518
29276672  1699958
29266119  7027636
21564179  20421160
29267407  13596454
29257838  27013996
29277231  232535
29277355  132988
29277781  10301200
29277799  16748083
29277922  588004
29267441  29133563
29277865  26013774
29277865  26346218
29277784  1565600
29278539  13840429
29278408  7875688
29278869  3099219
29278491  1749886
29278340  12573816
29278941  135841
29253273  7927716
29278290  2977534
29279256  6369313
29249627  29249212
29279502  27478998
29253419  6134002
29279488  123559
29263582  29259924
29279633  3832681
29279633  4278098
29278621  29259715
29279346  6610606
29279991  218384
29279880  10895969
29280341  4937402
29280428  4351857
29267835  19038799
29280387  5999998
29280665  143405
29250803  2094797
29280408  24644436
29280764  8492157
29280984  7923369
29280921  24644436
29280525  4660142
29278728  2902394
29280853  12662954
29281065  6080022
29281139  4420815
29281291  7395542
29261061  595762
29281630  16460616
29281212  26940434
29281802  1075207
29281848  4660142
29281813  11825923
29282199  40480
29279745  20847637
29280107  17208850
29282314  3307409
29282432  6665510
18434767  14844407
29282754  4660142
29283229  5796718
29283195  10503255
29283277  7230544
29282319  29281908
29282544  8066583
29283230  14162947
29273249  10170861
29277468  26688100
29264207  21458468
29283508  4203646
29283830  2137779
29278498  383947
29276783  29276910
29284069  16420470
29278979  18680462
29284257  29218676
29279807  9564489
29283235  29276575
29285073  8028957
29284906  3359414
29285214  513832
29285596  3052442
29284284  1944267
29285653  15510916
29285781  15112125
29284234  19900835
29270877  19900835
29285045  27094680
29286084  25214484
29286206  4660142
29286943  21958534
29286969  383947
29286203  16520701
29285310  388242
29287164  28753405
29284667  22656734
29284384  25830225
29287346  19896870
29286834  29174810
29285088  12573816
29287352  17003823
29287597  29284594
29287909  6311855
29287020  4505686
29288210  4261133
29288213  5683869
29288439  24536533
29288467  5431941
29288386  20279484
29286784  3487991
29288548  12497434
29288976  261638
29289128  17027139
29288401  23400388
29289395  4660142
29285319  16798796
29277541  27888988
29285108  29289695
29281587  29289695
29289186  26025628
29277957  11669507
29285901  12386450
29289761  4057440
29287288  3679611
29290111  4244896
28486685  19428121
29215115  23417356
29290165  12774207
29285972  595946
29285353  5583487
29285353  8664468
29290243  25552
29290452  5529934
29290562  21966463
27031893  16475384
29290222  2657178
29274628  3221367
29290817  2973202
29291149  26602406
29291396  2103501
29291313  1383551
27223529  27197435
14051997  2012786
29186165  29289974
29291867  29270835
29288791  29241455
29292072  60174
29291837  3105798
29292033  7800638
29292268  16283018
29289858  23720978
29205605  2287931
29291216  2393179
29292648  8777724
29292686  29271600
29193448  26032472
29292714  1233451
29293152  1144783
29293250  17813423
29293360  8449040
29293097  11047756
29293499  19504291
29293390  11808804
29293262  19980840
29293729  8028957
29293600  9985912
29293283  1022957
29293920  1532461
29293869  29279369
29293995  8282026
29293635  6662395
29294858  14220321
29294888  3777230
29294713  767999
29295362  5343689
29295418  10270970
7854487  7238147
29295742  322715
29295716  11541939
29295932  2593637
29295964  6849572
29295298  1994255
29292015  1692383
29296194  7523039
29279959  9403486
29294907  1560788
17134650  12462615
29296230  591094
29289454  592322
29289454  1966010
29296498  25254091
29296469  23479512
29296449  4508979
29296301  4660142
29295108  10216317
29294599  16035506
29297642  12611091
29291493  3310584
29298354  10831536
29298613  4660142
29288668  7218063
29275404  9889334
29298777  7364150
29298954  1132941
29298203  648471
29298203  16655434
29294568  2223386
29297976  9849950
29292716  14324546
29299088  8660691
29213865  20049790
29299256  4660142
29299375  40480
29287837  1559770
29279187  22659579
29299386  14220321
29299332  22780495
2525062  1558127
29298005  8028957
29298561  16990500
29257284  27121196
29299939  446835
29232415  3613461
29298656  16458026
29299721  29298304
2328339  470690
29298187  513832
29297304  10240694
29300184  194465
29300380  608450
29300568  23667086
29300186  26408612
29300973  3213
29300973  554314
29300684  16335754
29301396  986006
29270036  27182023
29277821  17476774
29296998  868890
29302204  346536
29299724  4089572
29299202  11836325
29301574  19731904
29294691  19730182
29257462  3159036
29302061  9023465
29302561  22937618
29302199  13180543
29248470  7967885
29301878  586363
19982262  2917810
29302694  3590165
29302648  588004
29302648  164926
29288371  8588821
29302786  16083791
29303586  4531396
29302264  11939772
29303770  8312459
8066606  5954978
28968165  29301442
29258435  7653381
29304069  4969243
29302407  23744612
29298029  23249038
29304702  240178
29199138  513832
29304863  1732348
29304855  6464236
29304913  2973202
29304998  13046532
29198072  18885421
29305266  240178
29305213  6491463
29296412  13029660
29305178  2393179
29305567  6627936
29301501  25881041
29305951  29289709
29302809  10838469
29296754  28674817
29305126  15188757
29306104  1448396
29305898  19199031
29305802  24877741
29306334  23294658
29306456  14809978
29307041  9508518
29306352  23023650
29307415  29307094
29305541  686439
29305462  3446216
29307741  10159167
29307491  20197632
29307491  3172731
29307777  936687
29301301  845021
29308093  12375831
29306780  5210535
29308333  5180382
29308142  14028959
29300441  10353567
29266947  954480
29296332  5210535
29306186  2973202
29308693  513832
29308967  10003777
29309176  24742677
29309207  25146544
29309409  962033
29309442  1584370
29309355  12290224
29309401  5244014
29308718  14229072
29309627  1027224
29309448  11169445
29297990  5004233
29308516  279170
29309616  20366609
29309517  27606970
29307999  25215476
29310115  24644436
29308121  29132606
29310152  24363384
29308938  25905540
29292874  5121495
29304919  29298957
29310534  17772534
29309337  1962629
29308603  60174
29310453  668104
29310860  800779
29310946  25778469
29310878  21270196
29299812  5200879
29267494  11855363
29308088  2559527
29311381  14220321
16058823  3157372
29311376  2973202
29309002  19038799
29310568  8935254
29311630  9543805
29311666  1527803
29311863  9508518
29311286  8306157
29312138  2973202
29309591  23302698
29312123  784929
29289591  29268687
29312350  4244896
29311704  28566588
29312478  40480
29311123  16361766
29312718  4261133
29312873  142003
29312867  4411229
29312990  14220321
29313022  27865870
29313105  4176328
29312908  9397664
29312984  340356
29313144  1496180
29307315  474007
29313253  15340207
29313559  6385212
29308370  13018696
29299783  9370518
29313787  974952
29313855  27063678
29313262  25768037
29312180  201323
29295372  613183
29314459  24644436
29314558  1612267
29310775  12961215
29314141  2444040
29313737  198431
29308440  3232965
29313857  7335268
29314799  3369458
29315088  2988017
29314970  44917
28794671  18607780
29037499  4615410
29315167  26440879
29314840  16129912
29315350  4421706
29315788  1295424
29315766  1037593
29316130  3085371
29316298  10851273
29313189  9570237
29316544  29315688
29316426  1191374
29316520  29305094
29317007  18247888
29317007  5657454
28976780  4231382
28976780  1732348
29290029  4366730
29286580  469913
29284902  123559
29279134  201323
29252834  11418438
29247022  3577641
29316217  25846561
29317299  24087936
29317297  23353173
29315971  218384
29317116  19775776
29317530  1249548
29317659  12573816
29317740  11779861
29317883  9791875
28652274  12530406
29312989  29299397
29294971  24479700
29318104  23294658
29318443  2612802
29318549  2137755
29318244  8552675
29318594  5341202
29318801  826948
29318836  2104080
29318820  14220321
29318928  3226282
29318394  1662909
29318346  11742839
29319278  29277746
29311427  29317736
20558930  1238306
29319623  576855
29319594  17498216
29317251  8064629
29315395  988228
29319135  8656089
29318929  27792836
29319900  2641347
29312243  2745265
29320315  28775673
29320418  2700363
29320269  6154772
29320491  19268558
29320458  11307794
29320357  22083086
29319929  473282
29320678  1187518
29286636  1228158
29320863  218384
29320865  25051004
29321102  14220321
29321069  13542055
29321396  2161912
29321322  8147027
29316309  29281452
29321486  10101355
29321584  434287
29321587  12445010
29320658  3577641
29321746  8117566
29321656  9960908
29321726  79923
29318960  11655020
29317260  1045845
29320559  1741820
29317431  29102257
29321452  26040737
29322143  4261133
29322000  4660142
29313949  29317602
29322049  10811645
25446653  14234563
29319507  18924667
29322328  10152872
29322548  29314107
29318488  20552826
29318101  188414
29322757  19078461
29322517  19078461
29322688  10446907
29265209  7216920
29322204  20563772
29322846  9814988
29322808  920353
29322981  236172
29320464  975134
29322567  6493605
29323348  388242
135919  2126607
29319985  218384
29259282  29279145
29322748  5210535
29320169  23294658
29323472  23156135
29172889  21223268
29323810  26764266
29323847  9533106
21223268  8321096
29323297  28062095
29312672  3836259
28806719  2973202
29324007  513832
28568992  6901358
29323842  14601759
29321945  7878992
29324125  24644436
29323963  10553597
29324282  6383941
29324332  5717126
24637392  5275174
