5620883  5620625
5625677  4539406
6314666  1937056
6316597  2973202
6317631  3521254
6318533  758449
6240601  3191034
6240950  760301
6241601  6238323
6244979  2399644
6247904  5884283
6250110  3026096
6250110  5517255
6320916  236129
6320916  5167625
6324085  2033879
6325796  5423938
6332705  6307028
6333450  4187822
6343303  2492984
6024466  1945989
6029495  363681
6029896  6028111
6032289  6028881
6044471  18932
6779515  403967
6781923  6786945
5449481  1085730
5449481  11167536
5450987  43116
5454863  4524698
5459024  3028724
5464508  3652182
5464725  1763136
6704000  1138460
6705336  178738
6707174  5644820
6709148  4528186
6710416  210616
5627685  1415955
5632372  5634203
5632622  5634203
5635573  1644242
5639617  1606320
5645433  5634862
5650713  4817014
6367449  2422026
6374452  1455913
6387084  8515936
6391198  1495813
6393485  6270004
6601332  952318
6608133  6604989
6625996  6296518
6626832  5314922
6633019  5855843
6942283  2938777
6947946  75175
6953648  6952581
6955333  34093
6503226  2092012
6503465  3006246
6504319  4935957
6506248  676824
6402830  6397863
6404081  6402193
6404232  6398194
6411169  6410862
6957187  3593180
6970641  6288812
6971763  4712554
6971814  6638713
6973686  564156
6506391  479142
6512893  483427
6516033  6510093
6525993  4162603
6526061  3492302
6531127  6531585
6412956  43180
6415562  4852369
2990214  410026
2992329  2352779
2994658  2994538
2996487  510971
3001053  308683
3021016  436014
3025517  147189
3027275  2658
3028225  1629303
3031083  2910520
3031562  3031615
3037678  115495
3038464  2882948
3040943  2982660
3042229  3006124
3043401  101055
3045323  3049714
3046752  984976
3046752  2785414
3047831  368858
3051146  1984003
3051539  607301
3055733  1682844
3055926  2932421
3058741  3052199
3068101  3067888
3075039  3074983
3076482  880885
3094073  2030255
3100525  3096096
3109099  106179
3110299  1143262
3110635  246546
3113843  1110262
3120145  287517
3122817  791916
3126261  1993220
3129705  32260
3130705  5833
3130705  39738
3133120  972611
3133120  1392124
3136564  491374
3136564  1573268
3139065  3083511
3141087  751681
3141494  1083527
3145238  72394
3145238  543091
3156184  3125364
3158349  1016436
3160814  781668
3160814  782373
3165701  3381322
3167516  327807
3172496  541703
3175997  3175939
3181963  5119
3184121  975531
3186293  1131304
3188658  437333
3196689  2876322
3199811  3176869
3201619  221218
3211193  475152
3213308  3057812
3216259  1628768
3216752  1674032
3219217  3287360
3224897  224966
3226276  3225991
3229120  1872388
3235436  2648500
3240280  24551
3242581  129991
3242581  2514345
3243767  7443737
3248361  2832756
3260486  3947
3265509  817096
3268703  3266774
3270889  75102
3270889  746871
3275612  121162
3276341  2474432
3280785  1068284
3282028  206438
3287137  976116
3287137  2095397
3289416  892731
3302370  4769
3311937  74884
3315938  3308351
3326670  3324986
3327163  2958291
3329135  1512045
3334572  3927
3339302  2156634
3342053  850341
3343089  16322
3360237  626744
3369654  116292
3370540  2023608
3376520  224059
3376520  390605
3385680  494830
3403914  2002330
3403964  306313
3403964  3218308
3407672  2930331
3413924  624979
3423977  65664
3423977  1366665
3425992  1256117
3425992  3200272
3431229  4314571
3431272  3431051
3434909  3427052
3437817  3429362
3437924  82639
3438324  3436978
3439596  795746
3439596  2973202
3440839  13964398
3448277  3448269
3451735  9545
3452571  3447125
3455236  527700
3463317  3590955
4995258  4828992
4997212  4996837
3464846  548250
3467261  726096
3468919  1159222
3470119  3440406
3476085  871
3478007  190921
4998427  312443
5000699  5000160
5002228  2128927
5002946  931762
5004657  5000591
5005729  5007640
3486474  2946634
3491004  3491109
3494719  2347410
3499192  565504
3499192  1076573
3499192  2750175
3500485  2828154
3504215  1272680
3504215  1711990
3504215  2349978
3509402  263191
3516404  3514854
5007869  138273
5013749  1709166
5032244  5031343
5035366  58874
5042536  42294
5042765  5042681
5047216  2845178
5051696  5051927
5053150  779650
5053150  2837263
5056176  952318
3517726  46586
3517726  3444060
3518076  2011342
3518462  242766
3519541  752717
3525871  563708
3532259  3522899
3535324  604240
5073967  3091040
5091365  3712623
5092033  4987415
5092808  1484506
5099303  3579612
5114343  2425973
5114679  148977
3538275  479142
3538868  28002
3546320  2001281
3550171  164194
3565047  86582
3569434  61401
5116215  1200266
5120066  5111451
5125257  3240331
5130805  2578837
5133302  278622
5140347  21288
3586975  822810
3587625  465990
3594177  1527803
3604673  1413445
3605080  2003215
5145288  2333093
5154387  5154180
5158281  4707401
5160267  1027656
5161714  8097948
3605816  2970530
3605866  2154948
3605866  2397822
3609653  3553200
3623300  132319
3623300  1318595
5175486  2592137
5175911  33264
5177065  85553
5177065  203695
5177397  5177216
3623907  1138460
3631195  122407
3635489  336633
3635589  56867
3638154  165473
3638154  208293
3638154  347821
3640805  3640733
3658560  6301
3658560  782629
3658946  2518415
3663290  3663041
5177690  5177675
5191219  5190217
5191419  5141304
5194756  5602409
5195381  4370503
5198300  5196578
3666491  3666315
3668606  3369224
3675215  92859
3676051  743183
3676401  3674876
5199686  454303
5200572  4059932
5203519  4224758
5208056  3806188
5210539  1125084
5222164  5205650
3676894  56947
3678180  2777438
3687826  76364
5467099  1224670
5467916  1145414
5468686  20148
5470507  2503628
5470707  5470460
5223950  24901
5223950  2020184
5228405  2211915
5245546  5244797
5251669  586928
5255731  5253705
3689898  3177634
3696171  3692405
3703302  3350385
3708932  3666195
5470775  3988421
5472379  5471765
5474349  3309042
5256013  5260877
5259464  17817
5271682  5271227
5271843  1566595
5273715  2869222
3719371  1204664
3722822  3638851
3723708  386801
3724051  2483
3724051  132445
3727266  815354
5477191  885261
5483275  4057885
5484377  5461577
5484377  5484080
5492014  5478719
5495660  7571
5495660  3341844
5274597  834270
5278316  2611892
5285054  2481543
5285604  161342
5287951  388483
3728588  129438
3728588  2897380
3732439  3730925
3734747  465433
3744021  3714130
3744021  3743884
5495911  2156120
5501374  2414906
5503297  2049330
5506339  3040833
5508760  4730787
5291313  5287931
5291670  5292321
5292824  5291581
3746186  1921817
3746822  461203
3749437  359494
5299065  23106
5302234  1400782
5303520  3577641
5511968  2023506
5518439  423228
5519592  3266783
5520460  5414731
5523936  4406524
5654357  4489045
5658651  3099205
5662995  513229
6046494  477748
6047879  4015613
3750966  3750439
3756303  67151
3765906  3756940
3769457  249087
3775030  1115703
5314241  2400840
5317231  5276579
5326116  3693058
5335608  5332441
6250495  6213498
5526408  5524143
5530203  5495275
5532343  639531
5532343  3797906
5535232  4779425
5551978  839383
5567473  3058
6250810  3616582
6252067  2846283
6255275  5256000
5664853  5644110
5670769  1299052
5679214  4516852
5686588  5751585
5687581  5686656
5802991  388242
5803327  5799844
5804264  5800247
5804949  5833799
5808807  5804847
5568911  3504173
5570766  726816
5573638  5562847
5573638  5570918
5581726  5571466
6264150  2286312
6265152  2973202
6265316  622418
6265552  5319922
6271853  6269379
6280528  4412788
5688810  2706899
5689960  1384325
5691468  5691108
5695026  1952256
5695076  3184445
5695076  5467725
5336326  1557691
5339402  5027999
5350984  2338778
5351259  1562367
5355003  5154970
6284970  6283393
6285308  6284308
6286108  185836
6286108  2947223
3781932  750178
3804410  872272
3804789  1226206
3805132  2259382
3806375  3806155
3809326  3783929
5359540  376344
5362816  3041154
5362948  5212823
5367635  4386554
5370168  5231364
5811816  560238
5813738  2795615
5814810  5041494
5827592  2272819
5828013  617796
5829413  2108949
5584385  2848641
5590333  3311937
5591673  5580512
6297089  3234242
6302620  196017
6302620  4111214
6304541  2964315
6312129  6313485
6314852  2155462
5698477  2115114
5699220  3661464
5703214  960431
5705429  3191690
5707358  5707138
5711938  854105
5724363  53849
3809619  3809520
3810119  1669
3822787  1532544
3831561  2205583
5371265  5120185
5382747  5382431
5389288  5355846
5391496  521298
5402399  11585
5829582  2869338
5830868  5678932
5832676  1426852
5834897  190755
5834897  2133930
6317260  51180
6318515  6316476
6320804  173868
6322774  6321778
6324731  182636
5594345  693210
5596702  338075
5597068  4260409
5600646  5600982
5600982  5600646
5603152  5595145
6336665  804421
6338935  78703
6338986  1053928
6339386  550189
6344553  6307934
3837520  2842579
3845415  21593
3847780  90924
3860005  1952839
3864135  3666540
3866264  1221512
5402799  2151836
5405275  5243623
5405732  1036666
5405932  673205
5415878  5415722
5735109  5734822
5742097  3010145
5748070  5765313
5604373  68113
5609789  1395506
5609840  24270
5609840  2215705
5610274  5596403
5622357  3659851
6415798  5420506
6416247  350470
6344851  6344251
6346576  62289
6351803  5897909
6357221  6342851
6362686  6362326
5429264  1573053
5429475  5336863
5431118  5445755
5437806  667581
6428660  4481226
6429087  2865600
6429989  4483520
6435839  6438430
6436911  221830
5838156  7335920
5841014  1211923
5841614  307934
3872523  485525
3881897  218907
3887906  33897
3899195  3869022
3912699  3844934
3916729  8028957
5634925  5634373
5636729  331690
5644081  3836076
5752057  3117615
5755215  1697360
5757373  3064732
5762896  5762739
5763396  40480
6634119  295178
6634555  2384461
6368332  5854317
6375869  2040240
6377377  6370618
6378228  6355890
5441028  2000349
5449988  1013469
5449988  4757418
5453357  835182
5453939  5453809
5455518  1511082
5468354  5429164
6533574  656308
6534460  1621574
6534460  3898021
6538479  2221167
6417919  1119385
6417919  2169330
6418721  6405471
6419506  58305
6421729  6423482
6635656  5513110
6636292  6636167
6640236  1793482
6640336  1003355
6647374  6639967
6647574  6645869
6647960  2281798
6386801  191556
6390394  1813872
6390394  3390762
6392415  2477461
6392866  43672
6648059  79923
6657048  1022957
6659705  6646809
5471137  1025466
5483394  5483209
5487806  5212474
5492129  5460129
5497502  3510649
5499281  5498905
5510756  5129098
3919015  3916214
3926310  361635
3928761  1510840
3928811  3554169
3932698  1074546
3938021  3937569
3940193  602787
6399905  281133
6401677  1501949
6401775  4358155
6402428  958369
6413124  535403
6415396  6410609
6439290  3034941
6445506  2852321
6445665  3019696
6445665  3737139
6449779  6450078
6418923  6418899
6420625  6511600
6425456  6414733
5764782  5389507
5764782  5434891
5766854  5760017
5768019  329866
5769155  2115114
5772306  541487
5774092  5773998
6660191  976493
6662063  6657972
6665557  6666513
6668379  6667344
6782432  231760
6785740  5039500
6421914  19466
6422916  308290
6425773  460145
6426909  6425043
6428781  5181494
5515175  694929
5515175  1710538
5516504  1014861
5517329  876473
5518694  108848
5521191  5264489
6798199  618097
6806530  6801066
6812003  8515936
6812212  6812093
5522545  3970862
5523195  5416677
5523613  5523447
5527607  743812
6710850  3080037
6711352  414891
5846112  5748065
5847065  5263385
5848834  5388571
5851374  1222713
5853063  5845762
5854217  317983
5856540  5855901
6437424  5459454
6439096  2192360
6445310  70689
6445946  3110825
6449154  4390422
6453064  1368223
5654343  4138527
5670804  4698109
5672863  1465573
5675301  1779511
5676135  5786227
5677024  5547592
6429032  388242
6431489  424292
6432374  2090479
6443255  3838964
6814947  6813111
6815013  995593
6820400  6518150
6823637  2950029
6825073  273313
6538547  720077
6546367  194812
6443608  1337928
6443872  578904
6446716  6445666
6453432  800786
6455723  287445
6456376  6522484
6716189  949433
6716189  3831341
6717134  321299
6717134  487578
6724056  917260
6727089  4425861
6739389  4228864
6833909  2407565
6835432  1109061
6841780  6847541
6825450  140940
6829787  3653009
6839890  6838440
6842062  6569643
6843021  1444961
6845227  6638923
6451615  1679243
6457967  5392931
6460948  6460360
6467734  980808
6467734  5993719
6468929  6468904
6842750  465172
6845107  3372722
6846375  6844848
6847915  6839730
6976975  5678360
3945566  19907
3945809  1663807
3948288  2424714
3950260  3558656
3957098  3701364
3960499  199470
5527675  5527285
5528493  1940182
5534977  620841
5534977  2832961
5539768  519633
6351566  394809
6355003  5359399
6359522  5298230
6361462  1669
6982392  54585
6982392  92859
6983914  5854317
6990883  1125292
6993905  160890
6993905  2612784
6993905  4059049
6994406  1201918
6995028  6988008
6997367  33746
6997618  484085
6997767  6997462
7004387  6990262
5781394  5780754
5784152  670820
5802343  46585
5802343  4668701
5812875  5798220
5828858  3009380
5833724  5833289
6742763  9696288
6763262  316626
6772218  6503409
6772613  6772407
6776332  3689405
6459750  4748283
6462609  4454281
6472233  1665730
6472233  3014578
6477500  3854113
6478485  1457
6479755  562303
6479755  4170140
6549911  1451009
6566816  1217088
6577426  34595
6589101  1016896
6596078  5238491
6603430  1793984
6460603  6270004
6463326  119506
6464011  212198
6474158  3521914
6483884  3698740
6486188  1818774
6486188  5114812
6486307  894860
6486943  1523479
6487645  605434
6609757  1778221
6621257  6583597
6624465  2588149
6625040  6624318
6625401  5100399
6629263  3504660
5677271  5341202
5682470  390900
5683308  5668091
5694438  3039310
5703560  5289481
5857794  293597
5857893  185314
5859798  5859303
5863777  203695
6470601  609860
6477287  1973902
6482374  3504238
6482433  650480
6486120  2107608
6670787  6668579
6675568  1356701
6678525  144250
6484433  6465077
6487041  1628410
6488864  956508
6488864  2403028
6490234  6486426
6493829  3422223
6496335  4977798
6497722  982659
3963357  1256720
3964357  257288
3982348  2637856
3982448  294138
3986642  3984530
6846065  3238009
6847201  6846835
6865828  156712
6866919  113547
6867462  74148
3991765  3939919
3994380  125319
3994380  795098
4005062  96667
4005062  684648
4007391  119123
4014193  4014167
5840033  931762
5847821  3246078
5848571  3949086
5848721  5792476
5545791  199679
5567269  2369226
5581241  1315251
5581973  5115637
5594116  752817
5595652  1116123
7008681  4731035
7011339  6857048
7014011  7001165
6363032  5506042
6369014  4216648
6381616  2634898
6391533  888235
6392537  4978372
6678575  6677487
6683355  83073
6683355  6683239
6684441  6681791
6684641  5808287
7023754  7009401
7039815  2398147
7047117  6878280
7052502  7048618
5868171  5868750
5869925  4348912
5869925  5869088
5870311  4752715
5875510  5874652
5879804  5865789
5880790  742844
6630613  621410
6631642  4068261
6639037  584824
6639037  4214153
6639330  6639190
6643410  4428013
6643410  4550505
5883816  2869222
5884348  32260
5887709  363681
5888024  97522
5896316  5987069
6847949  27942
6854050  5911832
6854399  4198623
6777293  129285
6784054  6783597
6784152  6783939
6788755  6392048
6789189  816910
6869929  236129
6871608  1318799
6878317  6878073
6880968  6859524
6883574  232736
6886239  590385
6490168  6483104
6490487  158241
6490568  6490176
6492474  6491994
6886282  6055274
6891991  5283414
6892398  1102244
6893427  5331040
6893534  1635401
6903753  331013
5705785  5696471
5706972  4154088
5708308  303783
5849943  5849638
5850286  5849638
5852358  5844087
5853208  5853201
5855852  8996611
5860496  3716574
5713605  4965730
5717183  1792763
5726841  3465465
5730921  3421051
5734380  1181421
5740379  492061
5740379  4096210
6396749  5409015
6397617  615355
6397953  2576571
6398519  1345561
4017830  942358
4017830  3986503
4022574  3436434
4039965  3912112
4040794  273238
4040794  941103
4049182  3124063
4049775  2707717
5742685  122883
5742685  5742022
5751194  5750658
5753164  5076622
6856152  3384504
6860968  2439984
6869890  303149
6870141  6869079
6871664  6167585
6872915  455910
5863647  5863487
5866898  3127507
5870992  3685970
5880202  5739171
5886918  5874521
7052634  853020
7053052  2417621
7056677  7056108
5753232  69761
5754466  4318161
5755887  5147693
5759665  1647815
5763260  1898524
5764196  5764119
5764511  270455
5765162  5765595
4061807  1536873
4068409  1939689
4072703  1168451
4072703  1514949
4086257  3938504
4089744  3523670
6492536  6464803
6492536  6488818
6493170  1083701
6506340  395618
6511254  6169146
6520807  1525668
6402374  4119730
6402463  6380862
6402799  1639180
6402799  1643321
6402799  6340874
7057681  4360301
7059067  3021030
7063348  2346893
7069096  1470214
7070249  263472
5599289  5598334
5602147  77839
5602147  3772802
5610478  1732348
5618609  5181949
6495133  756055
6496884  2077897
6501998  6420982
5776560  1404969
5778883  3161318
