29490411  2612802
29490349  24644436
29484566  2167916
29420256  29210176
29487358  9605913
5516216  4207880
29490824  4660142
29490336  27859435
29489340  1031851
29490935  8848779
29483108  22382892
29491161  27286937
29491391  3076414
29491342  29037162
29491384  274626
29491457  607178
29491455  2803321
29490879  27186661
29491541  21895756
29490497  16285030
29490918  19640683
29491588  2245442
29491121  18050071
29479350  218384
29491710  2612802
29488656  12053125
29484419  26357162
29484419  25651969
29492232  7271385
29492198  10422468
10730836  7271385
14658623  7271385
29485284  29343055
29418910  5885934
29352131  29346854
29492464  8463733
29348366  2206712
29257373  20287564
29246000  2914220
29241249  25631989
29485694  20522477
29490516  14189786
29391651  29388723
29491875  24919907
29486603  5061640
29492540  3988367
29492882  11851207
29491828  20388031
29462341  24407388
29451706  29390190
29492993  936684
29491694  4010281
29490783  4295782
29493188  23751618
29490486  1619265
29493316  920413
29493445  2086525
29480640  13463294
29488100  7786246
29485239  14850853
29493455  11301438
29493455  1669190
29493739  2674174
29493242  218384
29493827  5159086
29493992  3943281
29283944  3911966
29494201  7662902
29492701  8775962
29494172  13
29494331  1521462
29494365  3127429
29494445  29449103
29494784  14790014
29494329  437589
29494951  14928604
29494904  588004
29494332  2477774
29490367  24731810
29495174  8228281
29494745  860550
29495201  9528087
29493751  28762181
29494848  588004
29495643  3755606
26710981  13883277
29495297  154577
29491061  8602395
29489309  17348807
29496250  8269096
29496155  3906137
29491308  2822951
29496468  4660142
29496421  1687296
29495893  16200914
29496452  10769193
29496597  13105373
29496650  286727
29495821  1596711
29496776  22525803
29496914  10440792
29495406  26832732
29497070  1181246
29495724  5358824
29497212  24097564
29491540  1484506
29497519  12573816
29496938  26493053
29497614  25126706
29497020  26436594
29497745  7373058
29497404  966225
29497764  4796872
29492946  14344289
29498058  588004
29497320  24217195
29498036  9197521
29374829  15112584
29498175  750486
29496890  25839985
29493907  3325387
29498599  18050071
29498679  18050071
29498832  5058011
29498608  6441218
29498891  25571878
29495355  218384
29498986  1196192
29499086  9937181
29498811  5444249
29499313  142003
29499317  388461
29499435  20799131
29495733  28618296
29499419  7920574
29499932  2795023
29499128  20058864
29500106  29480590
23018746  16939981
29497924  23734792
29500268  625799
29499914  3494593
29496974  14427659
29500327  17158346
29500458  29138591
29500607  11312737
29500504  19092488
29500669  1528134
29500826  260626
29500771  8830772
29500612  2521459
29500944  60174
29500930  2701314
26557329  26780046
29501074  4643713
29500224  27865870
29500603  29489184
29492801  29490693
29501388  1474894
29484527  214741
29501166  6491463
29501506  13102045
29501506  16040601
29492520  29472213
28930848  28836971
29501620  905479
29501861  588004
29502060  4660142
29497153  12876984
29501932  4249488
29502109  4244896
29502331  6554492
29497967  1465573
29502565  9690364
29502556  9393038
29460553  22475816
29502864  1000101
29502745  20930130
29502927  10753174
29503070  23667086
29502997  2487349
29503093  12573816
29503255  13102045
29503256  5563089
29503332  18050071
29503309  15234593
29500474  2591098
29502026  14588997
29503835  1755199
29503911  8028957
29504025  20639180
29502929  6843692
29472890  29054812
29501703  1242005
29504137  17248680
29504301  5357455
20483130  4660142
29438346  8826534
29503839  2331129
29482908  23104628
29504418  2158395
29505048  8414746
29504930  24644436
29505000  20534589
29505280  949433
29505423  11551861
29505705  964910
29495078  8654469
29504737  2521459
29505718  2265503
29494610  14218607
29505941  4112050
29505796  5567529
29506267  737151
29506216  4322367
29466916  6098646
29493333  29074724
29506426  18774522
29505248  13957151
29505352  3962280
29506366  25097729
29504550  29505453
29506711  17274032
29506819  12573816
29506928  2514445
29507024  26388089
11952804  890966
29505147  5837698
29489570  223918
29507708  9498231
29470613  901115
29470613  2722750
29508030  5731224
29374540  1917576
29508056  4261133
29504280  3559781
29508281  16710152
29508476  93039
29504749  18012403
29508473  218384
29508701  2118656
29508474  1652654
29505426  10570904
29483502  11744081
29503896  5217153
29508773  2121548
29509632  218384
29509821  686439
29509781  14147675
29508870  4922145
29510073  18050071
27916115  25311977
29499847  28466925
29510316  21415948
29510500  7884804
29497569  29487587
29509145  19939368
29505097  29490172
29511035  27876923
29511088  279170
29511029  1661982
29511009  2924935
29511253  6175139
29511329  26535043
29508249  4467905
29511127  28176578
29511413  6278296
29511178  11792527
29511460  7884185
29511744  869033
29511788  29510771
29511964  16959576
29512430  24006975
29512490  279170
29512554  6430462
29502238  25951274
29512760  166221
29512775  1710476
29512816  2593971
4112050  151030
29508071  10569529
29513202  312443
29513381  15230005
29513466  4660142
29512369  19640148
29513601  23446377
29513816  2973202
29513865  6675454
29514022  1155617
29513790  26497013
29514114  218384
29512864  1061457
29514041  1066760
29514131  7103617
29514131  470617
29514465  56107
29509609  28837560
12272784  4579497
29503109  18523745
29514459  6697753
29514713  5002556
29514732  1053592
29514936  26821319
29515094  322749
29515165  10002037
29515495  9420992
29515721  363681
29515748  19451296
29515119  17603422
29514408  21259285
29515900  3404057
29515900  1009911
29515318  3559063
29515791  11766259
29515916  4916222
29516038  3727615
29516111  3949310
29471188  26539445
29516356  17619724
29516610  495021
10556734  430742
2110208  430742
29516588  686439
29512156  7414794
29516554  1732348
29516711  16736833
29516840  182287
29516859  12409529
29514302  17645447
29517074  252780
29517202  7334292
29515523  17344345
29494571  5210535
29517303  11737168
29517445  8644248
29517151  588004
29517526  763295
29517425  4631440
29517575  166221
29517493  625799
29517393  24040692
29517205  18879142
29507185  28551285
29517670  42482
29517408  29499587
29517661  275931
16751277  9015446
29515717  6421966
29517121  16947337
29517354  14853243
29518005  5864146
29518028  14220321
29518170  3737139
29518272  1423777
29459869  21433419
29517302  12769982
29518421  15479928
29495631  1839422
29518534  28354080
29507925  29506530
29517429  10640781
29519028  25775807
29519131  11321491
29518039  16433417
29499903  5154402
29519263  835092
29519264  12570899
29519366  1968328
29519383  406121
29519383  952914
14323734  29511332
29519524  409784
29519314  1807934
29519408  18310484
29519811  1129216
29518583  29460782
29519612  19182791
29519946  2910495
29519223  27318290
29520072  12854644
29520143  16668560
29520143  3434601
29378451  21922470
29519772  26700824
29520327  11922383
29520001  20279484
29455018  1622532
29453030  16905529
29520350  501816
29520536  191013
29520548  1789945
29520548  27536581
29520469  15488350
29517769  631695
29520633  26641496
29519609  28684928
29496583  6928306
29477146  12872873
29486516  29509390
29521220  12722095
20931162  11076750
29521348  11076750
29521456  7179677
29517618  4261133
29521625  1936135
29496200  17660601
29520997  14714293
29520618  28486138
29521796  23318109
29518719  8945127
29520999  14750572
29522288  24130026
29522926  40480
29522675  24515008
29521830  29521228
29459379  23104008
29499534  9374305
29523139  18419137
29520494  13570126
29520494  1102392
29523227  60174
29522396  29450540
29523530  23446377
29523561  4261133
29523565  26856746
29259866  18416749
29523706  1747654
29522753  8659808
29523814  14220321
29516128  7723549
26623869  7119359
10546974  12940592
29520574  21359540
29516914  426258
29519034  26289301
29523936  15046817
29524015  29521033
29515732  10016890
29523559  15298912
29524099  4164190
29524074  2973202
29523458  592396
29524190  20816600
29523341  16959576
29514685  25136114
29523685  14265929
29037538  7165395
29524395  8028957
29524570  335311
29524720  1647260
29524632  218384
29524186  29378566
29524699  3732657
29489788  5554734
29523145  21707992
29524976  12573816
29523608  28354080
28626501  28624782
29525078  25979055
29525165  12001919
29525322  944400
29525307  2556289
29525439  1835683
29525543  513832
29525534  12032214
29525549  2129230
29525549  4176328
29525606  17498216
29525656  21788731
29363080  23930650
29525798  13570767
29525370  4296281
29526074  60174
29526151  3598770
29526159  2332681
29526222  4186021
29526336  29518233
29526391  2881682
29526713  3285562
29526938  4931892
29527001  26065808
29526673  8988855
29512021  25143549
29527255  2989704
29527326  27713457
29523426  29513730
29150546  14543334
29527514  85992
29522552  218384
29527787  3311903
29527893  18108282
29516206  6006860
29528102  4796789
29527946  2029103
29508247  1484122
29523727  15040064
29527754  29130129
29528305  24644436
29527452  7209110
29528416  2973202
29528417  4261133
29528588  12923828
29487980  7022656
29528457  11922383
29525770  5545649
29527405  7147699
29528556  26984637
25235950  504103
29529066  3130311
29529083  2909588
29527709  3806368
29528437  16577120
29529383  7506844
29527214  1102493
29529726  4660142
29529719  29529531
29529950  20765589
29530134  824295
29530377  18948966
29530440  12411037
29528290  13216115
29530227  1596963
29530683  16743299
29530908  4261133
29521426  3602827
29528157  1014861
29531180  4660142
29516385  7108668
29531246  29510779
29301406  11974496
29531350  26443239
29530777  2309964
29531440  588004
29488784  28694919
29191876  18567994
29531892  1403615
29523359  10196982
29531754  24150400
29532031  19183388
29532252  19914349
29532242  23283360
29532570  6096449
29532133  16648669
29435332  13439624
29528537  29504658
29527335  429933
29532156  23309956
29532843  5864146
29526143  29528511
29531862  3020049
29429433  8028957
29529786  2849832
29528939  5180365
29531920  16256681
29528767  29370413
29531481  10547118
29529861  452859
29529567  4969171
14370183  14187963
23539493  8011638
29532525  14833008
29533206  20516466
29530841  12702076
29530199  215497
29523996  218384
29532707  5248915
29533330  2990799
29524804  19061966
29527868  15302083
29533791  16986531
29534027  4172448
29531173  14220321
29534125  495021
29531814  1875596
29529563  7005787
29534169  3076414
29534254  111102
29531976  186867
29533827  13056481
29500180  18557720
29526016  29492052
29534679  19061037
29534659  26665499
29532005  21762328
29276154  3875184
29534765  262351
29534546  5593652
29535305  19470965
29534490  3605077
29535725  1071148
29535727  545957
29363055  28046949
29535768  29519914
29536031  23180947
29536219  21806448
29536401  24963151
29532303  12937503
29536632  11849945
29534696  29518969
29536759  8028957
29536336  545091
29536838  1045138
29536813  262351
29536332  24140116
29537401  2891937
29530843  24644436
29537300  25731997
29532962  215497
29537292  2473466
29537637  75180
29537732  563022
29535221  29448951
11662392  4333393
29458593  5067785
29537241  29534601
29535770  29416275
29538138  12769982
29538096  10376617
29538205  22913082
29537962  8310923
29538271  3270680
29538287  28988260
9313866  3835743
29537875  22230137
29457588  218384
29538288  12008908
29417392  29409654
29538405  495021
29533005  4160347
29538705  6426142
29538705  12744031
29538055  259140
11064775  11321491
29539012  4660142
29538232  257768
29538817  28988260
29538734  24644436
29509345  13029299
29539173  25203556
29228096  22887829
29539431  742545
29537971  11450232
29497367  21144565
29539802  18011016
29539924  29525280
29537851  12709853
29539687  25360411
29538967  11345296
29540137  1905289
29540038  15894193
29540404  4660142
29540394  766956
29540972  60174
29538540  15884096
29541202  29532995
29539967  28651195
29539850  3698285
29537544  7283902
29541389  218384
29539497  29538049
29537200  4660142
29532616  9845011
29541770  1414625
29541778  2973202
29541778  3129374
29540807  24453301
29526821  9789723
29542295  29356992
29542553  949433
29541394  18847374
29542659  11332772
29534761  29408298
29536413  21387047
29542599  4261133
29542766  8028957
29543012  28330657
29543190  8028957
29542191  29535491
29475198  1026483
29543267  19754961
29542933  29540223
4277773  1404796
29543390  9734668
29542834  23478891
29537853  29180997
29543805  18880962
29540927  5581034
29528213  29241455
29536534  3577641
29544139  190229
29541833  12423614
29544326  26665499
29544415  2612802
29544030  21917637
29544461  11620151
29544484  218384
29526409  27015644
29544643  1108780
29544605  203198
29521491  4261133
29521491  12769982
29496337  4219970
29544950  6493605
29544173  11703827
29543044  2898823
29545195  3404057
29545195  1009911
29545130  20729371
29543024  6675066
29545791  3437897
29540658  3445590
29546023  6259982
29544775  2057048
29544322  3822648
29546461  1068834
29546359  29513485
29546687  12769982
29546748  495021
29546756  4391575
29506950  2542038
29546785  7400677
29546004  20034615
29545621  8367421
29546878  12769982
16194252  7875607
29547016  9591097
29546096  2423268
29547307  3711133
152774  1004698
29539452  15659390
29547782  6620791
29547873  824295
21081358  28643262
29545394  27091595
29547858  14220321
29547784  20860396
29548158  737240
29548512  13633954
29548362  6343450
29548539  26837800
29548044  29099359
29548306  4440791
29548728  4691792
29548931  24388051
29549018  434287
29548839  1565164
29549128  12573816
29549300  18242429
29549179  3607775
29549400  12294071
29480806  23309124
29549341  28726774
29549486  240178
4974606  256195
29549550  10311189
29549608  641407
29406373  13193248
29549772  5335273
29354279  19403407
24543076  29549724
29549678  126611
29549901  664700
29549933  4084965
29549924  18310952
29549366  19447104
29550440  7015478
29550595  16704290
29550263  29523864
29550835  17678881
29550892  21195151
29546274  18102859
29476963  19348973
29551148  1317383
29551160  159137
29544444  18533080
29551254  4261133
29551463  16345833
29551578  4226606
29551635  25254091
29551491  1625234
29551755  15037456
29502821  6488194
29551315  14057434
29551530  29285322
29552174  20279484
29552186  8028957
29552312  13185448
29552363  19061599
29544785  2284703
29416909  240323
29551711  15871042
29552354  5055655
29551683  7727900
29552777  670734
29552972  29541809
29552947  29308898
29553082  17906003
29553170  513832
29553076  241145
29553378  11922383
29553395  279170
29553913  29493783
29540646  3524317
29554131  1520800
29554131  15651125
29552142  453793
29554396  4642501
29553526  817853
29554288  601503
29541964  4665117
29550825  13738082
29548129  929276
29553820  27166855
29554552  7230544
29553512  7346563
29553110  18046236
18156477  6011786
29554853  11556731
29554717  14717134
29553146  2414359
27997168  4945178
29534805  650238
29542107  14822615
29552373  15145209
29555273  4660142
29555262  203198
29555220  29532640
12680417  11616001
29555572  9825754
29555608  53162
29555683  148441
29555648  203198
29553423  1568091
29554970  419119
29555890  2592501
29554803  21740291
29556092  488727
29531062  867831
29556067  11801983
11373702  226703
2701400  9057387
3995067  9057387
29552772  7136990
29541471  29528511
29554635  22407860
29556665  574240
29555856  4660142
29556817  20563772
29554531  29553725
29555821  24150765
29556998  29457720
29545762  260857
29545762  2208933
29550452  3331043
29555358  15942952
29557746  7852296
29557121  615948
29557160  10189270
29557070  7919513
29558024  1628267
25860975  18326738
29558067  5218778
29556461  4602586
29558336  4405083
29558467  13577902
29557979  8647565
29558669  23107756
29558815  26495586
29558792  240178
29554672  29547578
29485448  17953106
29559081  15512729
29559075  6750491
29547383  26794236
29547997  218384
29559750  8228281
29559867  4291912
29558756  6235847
29559747  12967861
29559948  279170
29559511  1834632
29507608  8134155
29557377  26085859
29560457  10902364
29560556  5041494
29560312  453161
29560590  29529925
29560173  3538649
29560173  4865244
29470046  14914187
29560776  18060667
29558519  8125709
29554420  1732348
29560899  23526081
29560834  4450045
29558449  29350181
29560583  12769982
29560988  12423614
29561032  2435216
29387754  13583146
29561392  10376645
29561551  4410704
29561758  29428570
29561806  18050071
29561850  1659749
29561947  2678185
29562068  29493783
29560298  2605032
29561705  10921809
29562277  4660142
29562406  10135074
29562427  6892616
29562587  5951496
29561669  11922383
29562437  7870265
29562233  17364127
29559414  478898
29563241  18050071
29563298  21259942
29562818  12769982
29563427  11321491
29563153  9868653
29563657  26101257
29563973  3234977
29564009  29562652
29563926  333737
29564019  6457130
29558822  9280171
29563859  16207581
29564324  23399272
29564328  17498216
29564451  10797819
29563009  12744718
29564513  1817792
29564250  2315948
29553260  4521015
29564711  19790211
29564080  1912434
29235236  29348793
29564842  218384
29564994  28914283
29564994  1945989
29563251  15491814
29486061  29510210
29565090  18050071
29565143  13804804
29565238  9949935
29565345  18050071
29565296  7126550
29565302  4436643
29565544  18050071
29565499  14220321
29562492  26368192
29565080  26330499
8991506  3992735
29565927  24024549
29547018  1677645
29566232  17788990
17788990  5041494
29563687  127704
29564188  1034802
29566597  7053652
29566604  28530583
29566342  2095397
29565963  13793162
29566460  11832914
23702926  10611455
29566833  29140402
29563131  3179504
29558148  19555121
29566766  6173400
29567002  29566166
29563273  18932
29567248  24768455
29567297  1123693
29567342  29564792
29567398  15112125
15980219  4536330
29567362  279170
28789529  5141794
29566447  1565600
29564756  29552742
29566592  13751572
29567480  13827709
29567616  29511131
29562041  22154917
29568093  29563174
29568089  29501097
29568236  4153186
29568326  262892
29568421  9605913
29567456  518192
29568700  19896870
29567739  4326736
29567611  920353
29568771  14785806
28105097  3100319
29564635  29555741
29568810  6586205
29568970  1079949
