29553519  5225237
29569253  2026054
29568861  11993878
29567130  29518490
29569302  207002
29569617  23047052
29569300  18050071
29569826  266825
29569936  2088016
29561968  3105084
29570061  9419261
29569644  6349139
29570789  1234393
18864518  29423337
29563284  12786102
29567670  1649155
29570130  19070901
29571296  260666
29571299  5419
29571358  6127187
29571364  133973
29571424  308276
29571522  869033
29569508  1875607
29569457  17024807
29569022  4603397
29568939  1631959
29571517  2662268
11486248  11503603
29565800  2939914
29547003  20035101
29566247  1122381
29565196  7364150
29565196  8585085
29571572  2114377
29571571  20445374
29571708  28325553
29568905  27393169
29571911  860187
29571890  5141910
29572012  3737139
29571566  24644436
29570065  21442630
29572029  495021
29551668  3640764
29572268  10119998
29572353  1661273
29572353  588004
29572410  4244896
29566737  114983
29572524  10851273
29572617  3975290
29572318  5419
29572677  1196991
29359135  28640314
29566527  493819
29571581  4261133
29456325  16052534
29573136  13883917
29572990  16388959
29573035  2301789
29573167  11360904
29573329  60174
29573257  263400
29571827  3072307
29573029  10626893
29572113  15779198
25930590  24085680
29537863  3255396
29526949  25571878
29513910  585341
29573552  2556289
29540808  557200
3762468  1685157
29573922  15598698
29574009  29572990
29574104  4153186
29534560  7372038
29574291  18406369
29573390  18365315
29531070  28413118
29574748  3823211
29574494  862173
26553795  165735
29574270  29539496
29574752  2575429
29574814  10161408
29558921  12659747
29572545  27352417
29150891  24453303
29573351  6366408
22656768  312443
29571156  2885173
29572800  22739932
29571807  3802192
29574698  312443
29510981  4955452
29574048  3775582
29321745  422476
29012178  4660142
24499275  21559481
29575145  26508036
29575465  29567472
29539799  13132805
29575566  12005424
29562354  13278590
29575419  29574557
29575725  806000
29571476  18698292
29564271  29556596
29575965  5574673
29575737  13534237
29538363  3389348
29572640  17793249
29575525  25725019
29576356  14116003
29575326  1733195
29576776  12530406
29576717  924109
29576848  728164
29577001  3511169
29570446  12935458
29577076  3133199
29577076  13778274
29576079  29574866
29575052  10486716
29577229  743806
29577044  8028957
29570693  14211973
29565255  1905289
29577563  6259982
29577583  28976327
29577650  4488035
29573729  22798596
29417261  2582822
29576515  20279484
29575736  14090898
29578552  4261133
12651632  6499161
29577313  849359
29578626  8231966
29578694  7714345
29577735  11379692
29578890  12573816
29578857  185314
29574525  20940979
29574525  2843987
29302435  17923922
29579189  2297510
29579091  3342651
29579205  2167916
29577070  8187288
29579187  218384
29577164  28259504
29579812  18836214
29579793  17498216
29579906  9466265
29579617  11321491
29579295  1817379
29580055  164194
29579482  29574300
29576433  5121495
29579849  40480
29580141  2699086
27996738  22797779
29580093  4660142
29580405  18050071
29576958  29577996
29579143  20798566
29580444  2167916
29579431  17473753
29565721  22797007
29575488  20555535
29580806  4938346
29581033  23446377
29581070  22409430
29580947  2973202
29581190  1638459
29581256  29579086
29580333  20279484
29581098  3241692
29581384  1793716
29581644  4598854
29572939  14802715
29575250  4616202
29581853  1557571
29578855  720502
29581787  332030
29571205  12573816
29582045  5655624
29582100  13944886
29550553  143122
29340707  14623193
23193211  7560974
29582717  29542914
29582712  218384
2255158  4400980
29581235  4400980
29582830  18050071
29582886  787700
29582879  21423670
29582948  8055508
29583059  8028957
29583048  218384
29503943  21947942
29583231  1565600
29583323  85190
19450536  19856468
29583582  240178
29583595  513832
19448522  10552812
29583685  1066318
29558133  13870564
29583809  19366401
28313710  26337826
29583719  6371564
29583554  13864464
29583775  28875731
29583401  18913105
29582484  21656420
29583964  9460170
29584016  4598854
29575053  75180
29584359  890966
29584444  7583076
29584548  600268
29584573  1088198
29576303  18050071
29584581  494594
29584603  2269840
29584739  3025050
29575646  5828753
29578710  3988788
29584860  17498216
29585181  11011756
29585189  8004237
29584756  14206403
29585241  60174
29585178  19764710
29585219  11664115
29585321  1378920
29585297  11321491
29580457  1591992
29585422  11011756
29585401  12303989
29400936  20028507
29509714  1205195
29518999  5332562
29306582  1776915
29585765  5431941
29585720  16162290
29585858  3577641
29585935  14220321
29586042  29585213
29465557  29468640
29584137  218384
29584984  218384
29585037  10492037
29586454  949433
29585492  24363384
29586066  4934913
29399646  1123693
29584343  12576906
29587056  604831
29587056  6177697
29586200  29585378
29262609  9216138
29586898  4090169
29586988  4236182
29587517  4306997
29587312  20237474
29587782  831009
29586020  1668944
29587841  15209414
29587854  533905
29587998  8970600
29585724  23740548
29588131  588004
29569718  192920
7585006  6265731
29587737  6547859
29587825  13390588
29575815  12795184
29588624  17299581
29588624  1157106
29588837  85190
29586534  1207406
29576616  5901482
29588928  9329446
29588692  28510116
29589204  29587965
29589217  4716040
29589266  8336858
29588794  296182
29589435  3446216
29589453  29587661
29588404  4467539
29585592  400212
29580907  4231382
29580907  1732348
29589580  4660142
29589566  25979638
29589097  18050071
29589758  14220321
29589771  332030
29589612  2371436
815366  814585
29589587  17324247
29590284  8341395
29590174  4914010
29589952  10673585
29589952  5730747
29590458  2930059
29590567  218384
29590671  2360724
29590767  14220321
29590703  8209858
29590789  985818
29590736  6948374
16001752  463144
29590978  1267869
29589368  5942350
29588874  4687615
29588162  11661288
29591412  10186765
29591446  4660142
29588941  15762878
29591132  3558474
29591631  13440375
29591781  8131846
29591861  27677026
29591898  1518711
29581197  2852748
29591681  15112125
29590698  722240
29567570  29560881
29590808  111529
29592045  2046530
29592298  1248302
29592185  10409871
29590788  2266789
29592663  29580611
29592706  9206618
29592542  20077487
29592839  13544236
29592838  4336539
29592959  22170688
29591731  6875807
29591731  3975499
29592925  10963997
29592820  60174
29592479  5581886
29593588  3461435
29588236  13840429
29476868  12081160
29593463  21058333
29593640  36901
29593640  4306574
29593265  221294
29590421  6399676
29207519  29079871
29584634  8785643
29594125  5998694
29592986  1383469
29594320  24735311
29586999  25223203
29594279  1101750
29594165  3709597
29580990  218384
29594730  3246137
29584253  28258956
29591349  26061351
29593777  4660142
29595001  18563585
29594987  1996122
29595143  1894269
29594328  1807785
29595259  17677655
29595283  13039609
29595397  11553461
29595488  19499239
29595018  10945187
29595572  1239938
6773617  1239938
29593872  29582246
29595594  1143262
29592865  21800079
29595566  9849950
29594946  17498216
29595385  18806757
29595630  5977445
29595973  4261133
29596023  951267
951267  242813
29595942  4616202
29595427  18050071
29596308  750486
29596319  12219802
29596473  5029840
29567625  4261133
29596494  3632075
29595741  4261133
29596245  23795682
29573947  28023606
29593618  4105331
29593618  4841559
29596026  23667086
29596588  279170
29597074  3342140
29597206  3577641
29597390  17157162
29593489  10551981
29597597  866465
29597647  2608158
29594249  29598177
29598195  4778222
29598055  1517582
29598055  20504714
29598333  19418427
29598229  13040684
29595816  2010892
29598121  9354966
29598109  15655012
29598540  96428
29598560  4660142
29575735  3112946
29598937  8914669
29598820  218384
29599057  240178
29580430  2118656
29597042  29140402
29576740  18995951
29599473  14138258
29593568  28123445
29599543  5134398
29596986  495021
29531114  27676867
29596339  3510614
29596546  23353173
29598502  19380279
29588537  12769982
29589015  19036033
29564355  9281200
29600175  1058852
29598989  4133287
29599824  1699958
7008507  15539735
29600547  17158529
29600853  588004
29600853  960072
15411107  11277432
29560663  18075343
29601270  13527537
29601300  6441218
29565373  457316
29601240  2145590
29601603  18880654
29601584  13221421
29594775  9732720
29601875  21074863
29595314  4064444
27352568  24039010
29602192  5620324
29595444  4261133
29601674  7217578
29594708  29584365
29601860  23775972
29602508  16959576
29600653  12194046
29596885  26353378
29600806  29557216
29602306  249087
29595100  6098876
29603051  4660142
29599449  26076511
29603162  1204275
29603247  20221561
9811402  29595989
29602545  2454308
29601967  2595738
29600474  3559063
29600695  29547985
29603404  29595427
29602596  14565739
29603499  513832
29603510  8056130
29597510  24644436
29598756  24644436
29603690  2979524
22078621  123198
29603908  18050071
29603762  1431631
29604405  15617769
29604558  513832
29604584  6724031
29604623  3598681
29604245  17836851
29541846  24633156
29604791  29514602
29604888  18050071
29604805  28928632
29605207  3510614
29592514  23446377
29605176  12947463
29605317  26615374
29591955  29576577
12194046  11207045
12194046  9706484
29605002  4399812
29596151  2232706
9939251  11207045
9939251  12194046
29605733  3109978
29605767  18050071
29596565  100003
29606013  544182
29604666  7197078
29606104  4261133
29605845  10349206
29605403  2882706
29605403  25525536
29606123  27332423
29604665  15745042
29606464  2485224
29605303  6338857
29606816  7317273
29598874  127803
29607040  23640528
29568309  29555083
29606847  8532224
29607096  16357740
29607073  14804874
29607329  621744
29596901  6514274
29607651  5335273
29607720  1780009
29607959  18050071
29606547  1452777
29568706  767763
29608133  7505808
29605001  9079037
29608299  2269840
29607876  12138742
29606120  24142802
29608446  28153290
29608696  26298377
29608035  742764
29597653  14220321
29608805  3720563
29607229  9437981
29608968  2559527
29608981  1196991
29608081  671703
29609044  5598703
29608242  4660142
29608501  9183179
29608477  18012222
29609151  2274242
29501217  29527583
29609474  1296646
29609402  21173798
29608661  3577641
29609591  12782882
29609545  129077
29609545  10810391
7883561  4445654
29604923  16525617
29609824  14187963
29609766  244246
29609970  513832
29609600  5961095
29610029  11922383
29610231  16726820
29591930  29546605
29610489  10446787
29609895  6153796
29610539  18675861
29610782  949433
29610525  2167916
29610525  25948304
29605771  15048223
29610945  6140932
29611308  613183
29611257  920413
29610810  23535316
29610021  19150017
29611389  20279484
29611555  29359301
29611606  13102045
29610131  10628847
29556750  25098021
29611348  29457720
29586364  29581197
29611535  15112125
5455717  14220321
29611910  750486
29611994  203198
29611661  24511052
29610416  2989560
29612184  8994147
29608612  27331447
29612165  25735811
29612336  767999
29612318  28201580
29612360  19428029
29607614  60174
29612124  5401501
29612398  104612
29602809  727788
29612927  9353877
29611666  2393179
29610815  23373835
29613202  218384
29613199  3982483
29613248  11321491
29613320  22490382
29613477  13581473
29611455  13843772
29613558  3150678
29610729  6343166
29613761  6487366
29613857  17213616
29609684  11832914
29600051  2900023
29614160  3963716
29614213  15074291
29613910  29606424
29614299  17493159
29614574  625799
29614039  17147249
29614342  2872543
29614659  9378613
29614829  4586210
29465946  29608661
29614946  750486
29603913  29613977
29614422  5369654
29614963  29521746
29614956  4885713
29615158  41107
29615187  20194722
29615318  9864267
29578305  1066318
29615240  4071497
29614831  625799
29615336  20367146
29614751  6441218
29559904  3792519
9062988  7363766
29615612  189645
29615463  27139794
29615339  10192997
29615913  11190668
29615894  17722229
29615891  11737873
29615891  12627443
29611037  29576357
29616509  14220321
29615708  24644436
29613223  18050071
29615661  4969171
3362471  1606797
29616639  6768793
29616605  1680528
29615949  29321696
29616785  10901085
29609629  29611626
29617085  218384
29617053  2673495
29617146  19957561
29593126  29596714
29610903  18401120
29615934  26856746
29615934  10364575
29617522  218384
21064358  24644436
29617643  5091357
29617100  9938649
29617829  41479
29618068  339007
29618230  218384
29616031  122641
29616031  15955646
11654190  8108313
29618175  14220321
29618507  23392111
27341598  26254619
29605109  11523918
29604905  11741574
29619232  4261133
29618980  29618491
29619002  4676433
29619273  29598006
29619901  4660142
29618621  23513045
29620190  4980610
29619850  10940736
13300962  2474015
29617172  3348460
11237630  2474015
10610764  4693387
29609870  152319
29620881  8694922
10565638  7802196
29620434  2476829
15113628  20087113
29618464  365191
29620684  10269499
29621225  14904378
29616653  1616281
29621290  16727836
29386516  11247375
29616544  1176352
29621485  8060439
29507454  9792163
29620668  2746364
29620479  4451220
29609922  7844520
29562477  28188245
9293737  25787882
29614386  28078640
29620256  17329495
29619095  7007723
29616909  4599657
29622105  9264763
29622105  423379
14873073  17976140
29620741  14376732
29622792  3655104
29620793  8248196
29588353  23957877
29620591  949355
29623508  6250545
29620657  16561582
29623671  381542
29623667  12953127
29608531  22987836
29623389  11808776
29623862  588004
29623463  480214
29623889  6270004
29623444  1175390
29624077  5004614
29623765  3013823
29624341  14220321
29624351  28371486
29624327  25424818
29624441  10248482
29623997  4968424
29607475  2962785
29625071  10952566
29619592  13775175
29625178  14220321
29615809  29238153
29612975  27771488
29625235  513084
29625323  316747
29618222  7548408
29619813  29293637
29625809  7286532
29625620  12505141
29620874  11129731
29625908  17709641
29625935  3577641
29626108  24539521
29626016  5611387
29622316  16947337
29621133  13475654
29626246  5316697
29621174  93541
29624991  4660142
29623796  8923230
17733303  3438557
29626379  15873146
29626548  8754508
29626548  586182
29623636  24841482
29624082  6620165
29625989  29622274
29626729  24539521
29618019  6293498
29626828  3942721
29626832  29627013
29626907  29564532
29602984  16068468
29627246  127498
29627292  273141
29615494  28465362
29626834  2818697
29627556  1143923
29627429  29608807
29627776  2973202
29627748  14301967
29627140  25163195
6937184  2898053
29627747  5385714
29624874  1299871
29626282  2640453
29622118  7018212
29627895  826948
29628085  4366730
29620285  85996
29628124  3312001
29628148  767999
29628328  2007666
29628363  4903863
29627085  6719339
29628787  18842779
29626932  16349062
29628758  2386714
29628907  26685606
29628261  21145621
29628906  2524151
29625322  5465375
29629382  3282653
6322436  3568002
29619005  2118656
29629364  4244896
29628701  9612758
29629453  12274375
29627867  11408427
29574451  26805268
29628132  28531421
29630185  18050071
29630292  1847789
29629184  8767351
29630441  28639692
29629304  22503189
29630573  1267869
29628488  1846202
29630479  203198
29629173  29411270
29630133  13011392
29630974  513832
29630682  1177449
29631270  8227481
29630982  9012753
29625819  19341704
29624912  27817577
29631790  2697438
29623043  9823391
29631896  129178
29629261  9071249
28960736  1556874
29631707  8419354
29629858  20738329
29628829  6490252
29627681  13693482
29627426  2130241
29622030  4700880
29621374  6525538
29464068  3489460
29616803  12994012
29612347  20723111
29612452  6584635
29609627  13885256
29632454  3693014
29632454  12395281
29632519  3025916
29632645  4660142
29632681  11261814
29632803  11321491
29632842  18050071
29632966  610245
7166197  6582322
17079144  6582322
29633166  5223
29632170  2792074
29632638  22264956
3284539  1713048
29632194  7055146
29617690  1628949
29633805  11103779
29633756  12182744
2354417  1981372
29634009  29617368
29634288  495021
29634743  6833711
29634827  2160515
29634243  2236747
29634542  27755504
29626130  12637216
29634929  19395257
29635117  2190161
29633897  5905896
29634408  15719930
29632234  24373787
29635377  2973202
29635017  24157716
29635278  3014940
29635426  27870003
29617350  12266617
29635513  15127834
29635823  12542185
29635559  119123
29635745  28928632
29636118  29201211
29634678  21073496
29636218  306313
29636156  11080132
29632509  23614106
29627233  11974428
29636614  750486
29636664  4261133
29636483  860187
29636635  793494
29636235  29634037
29580363  18556200
29636796  610245
29636875  2730029
29636933  14220321
29637074  986006
29637227  19777612
29637013  13925845
29637265  20876407
29637096  25484091
29637269  29532664
29637310  588004
29637252  6627301
29637295  27842968
28671937  25484091
29631133  3577641
29626810  2864303
29634869  10715586
29637174  14187963
29636205  6830797
29637242  24176008
29636297  27015714
29637370  2312756
29637368  29188063
29430689  12769982
29624667  12281975
29637866  495021
29637988  14189606
29638304  5740307
29638427  218384
29638360  218384
29637064  153724
29638613  4660142
15954594  14220321
29638730  22915543
29638822  23294658
29638871  1752499
29638984  1998544
29638874  11840650
29639003  1887097
29639062  13056893
29637464  5053664
29639022  1884724
29628050  4008598
29639385  16622504
29639257  2030847
7821940  4035538
29639218  25881041
29639378  3841317
29639545  495021
29637975  541954
29637975  3128530
29616514  8445634
29636978  12049480
29639776  4261133
29617082  29635005
29638417  8168548
29639791  4261133
29639852  1207406
29629663  5738242
29639949  4261133
29639606  4810803
29640062  12395127
29639935  2202381
29640081  5211194
29640022  29612479
29640398  2274242
29640173  2167916
29640683  4660142
29638830  2745265
29640773  6837580
29640844  20792947
29640884  1780893
29601235  18307185
29640492  285793
29633523  588004
29641216  14220321
29635070  116574
29618211  14220321
29640435  513832
29638271  1067073
29637524  2477261
29634116  4044726
29633030  29626204
29632575  858572
29631517  9276639
29631026  25709385
29641362  22937618
29630801  3197708
29629257  16639721
29624957  5498865
29622843  19125707
29621535  5941626
29620209  12209121
