29617489  19283083
29615358  6415728
29615218  124671
29608946  3066891
13902652  7802196
29613646  29571582
29613861  40480
29613328  25249412
29612353  12905012
29612408  1064977
29606651  19464274
29606323  10878695
3478061  2923856
29604078  2900023
29601933  37335
29601383  8135852
29601011  6416117
29596651  13623392
3662288  4319537
4600974  4319537
29598629  29560577
29598221  4010258
29592395  1415851
29576421  29560881
29641879  29640948
29570194  625799
29640295  27118535
29501179  11060833
29641877  24494723
29564953  932148
29642016  20607004
29642170  6372065
29642347  7056749
29642374  13102045
29607411  21321789
29642451  20766147
29642470  1215208
29642330  2821040
29641377  14442896
29641458  17269109
29640881  29545490
29637805  1108
29635509  60174
29643041  14220321
29642504  2435156
29641151  355492
12117023  11581649
29637670  13502346
29643367  12769982
29643266  4028889
29643525  11008611
29641912  8588838
29639554  27968022
29643667  6111961
29643582  19183311
29644091  10250617
29643833  20790360
29644376  4685450
29644369  671703
29644434  6190331
29644223  27404245
29644036  23998986
29558458  11677743
29644491  8028957
29625112  27854333
29643167  10251245
29645246  2232
29641861  13114043
29641440  1676552
29645587  11633610
29643840  218384
29645694  2686946
29645696  8388470
29645571  23293969
29645917  3076414
29644799  29642750
29646275  9547055
29646416  901712
29601781  2118656
29646554  4660142
29619011  12858363
29640845  23428684
29642660  18050071
29643464  27742070
29646990  388242
29647073  19432753
29647230  1065240
29647276  21593
29643121  28147096
29647572  3803349
20541306  18907131
29647473  15016725
29647809  673075
29648173  4969243
29646314  1743433
29648330  203198
29648326  27694273
29641486  23131838
29648352  13035674
29648144  8880088
29648508  5374311
29648503  3076414
29643982  28805252
29648636  3896286
29644197  20196298
29648750  18147768
29646134  14552529
29649092  2475008
29649114  18050071
29649549  5371047
29649557  413071
29649557  22937618
29649626  2703599
29649603  1908010
29649602  8207325
29649775  6018633
29649565  8743390
29627537  10729443
29641865  12573816
29650554  638381
29650618  29648326
29650696  4201441
29650295  9018993
29650719  290884
29650778  14220321
29650881  4261133
29637101  27512326
29650659  7055146
29648080  17107014
29651088  24644436
29650724  27454265
29649652  29643667
29647609  14570577
29651060  23105433
29650700  4660142
29635166  16285030
29645969  11930201
29651099  7069167
29651497  204476
29651499  29140402
29647936  6218143
29651123  20279484
29651765  4660142
29651834  2448843
29651832  6343166
29628026  15495591
29651792  19425714
29652242  3311903
29635183  16390257
29652299  7641791
29648609  6579046
29652357  29645154
29622918  1573968
24259381  655537
29652339  7784148
29652339  24085680
29634782  26977954
29652078  11321491
29652875  4660142
29652975  3748
29652853  19075671
29653113  29649652
29653080  22703549
6633432  3533301
29596857  2663115
29645576  18364682
29641020  23040531
29653257  6487366
29653559  27562813
29651419  26046183
29653795  4261133
29653089  24545916
29653930  29645375
29651654  29645375
29653938  11456403
29650971  16951080
29653935  15211479
29648362  27876547
19925107  7665673
29650540  13701100
29642665  29042109
29654795  4660142
29654950  16771122
29422189  25853947
29655080  14155480
29655420  1711990
29655216  16962430
29655678  1750273
29655956  279170
29655969  4660142
29655994  7376238
29655770  1711990
29656162  27942793
29656114  27198661
29656234  6827752
29644156  7823556
29655800  24769471
29656399  29645303
29656451  17384034
16089009  3922404
29656266  3922404
29656209  10816033
29656380  12839001
29656666  27588136
29656884  16982449
29655829  3954616
29657060  8336858
29657089  18050071
29654609  513600
29657220  4436842
29656891  19692157
29655494  23341714
29657086  15164864
29657246  4244896
29638706  1066275
29625955  2087103
29642102  7804673
29657566  26499815
29631497  22124596
29657684  2851384
29658311  14220321
29657910  3934570
29658370  3446216
29656815  28220147
29658714  1711990
29656971  16256587
29655527  2684221
29652575  1083159
29658850  13437446
29651323  31057
29655397  23024831
29659109  5554734
29658403  14791188
29659195  3679694
29654176  17364127
29659207  16460313
29659016  1207406
29659401  5389507
29604129  16921652
29659517  2973202
29659774  451025
29659933  2056097
29660189  14220321
29660186  3634599
29660248  4261133
5969470  4133844
29660062  3112946
29657378  12032214
29660410  22209338
29660552  5226285
29658444  218384
29660619  40480
29660912  18936597
29660166  18751005
29592080  21442425
29661133  1963901
29660782  29631571
29660637  887178
29660343  16959576
29661132  18812047
29645783  10841076
29661502  553682
29661422  1468840
29661376  17298912
27820681  11317637
29661672  7588784
29649666  20357839
29647283  13556885
29653538  29503020
29659977  15821942
29659785  1738980
29662448  15909788
29662525  29401873
29662453  5121495
5551441  677620
29662659  27118535
29662400  248273
29662890  12571197
29034302  29545035
29662546  16670931
29663076  13934514
29663080  2531253
29663177  2973202
29657157  8833399
29657157  1555262
29662353  665453
29653616  8283797
20189379  12664230
29659521  6829736
29662711  18008547
29663660  1851633
29663596  11321491
29663630  26577084
29663941  6910115
29664159  5229809
29658797  19398787
29664341  28137451
29664283  18023683
29365234  5554734
29664506  1826519
29664595  10264695
29664454  12573816
29658687  8267674
29663723  20240313
29664564  4660142
29664603  19590865
29664612  26446599
29479970  24043904
29664662  40480
29664609  29545758
29664609  8866046
29665149  20279484
29665163  19056240
29665018  6668776
29665325  28771896
29665540  29333359
29661821  5818003
29617877  12573816
29663752  28387963
29665757  7056749
29665658  13573676
29665792  52550
29665813  11352611
29665664  270917
29666100  3259352
29666042  11296361
29666109  13780892
29666523  513832
29666413  1034621
29666599  20264644
29666039  15762857
29662026  2187482
29662026  179427
29663511  218384
29661686  26447049
29660999  604424
3181339  27581
29666461  6860779
29640762  2997918
29667477  1641868
29667495  306313
29653625  29096643
29667655  244777
29658874  409784
29533072  1336628
29666455  15842229
29653862  2839321
29667836  7793935
29658946  2972578
29667820  860656
29648288  29641356
29667648  5664741
29668450  17292176
29668450  6575210
29668599  258793
29665760  7903800
29662295  1144805
29552160  16166039
29668985  5431941
29665041  11280661
29648852  1939656
29663178  5542749
29668884  17054044
29669119  20563772
29589548  27665917
29663439  564557
29669347  11112058
24388492  4312319
29669777  24167886
29652351  13878408
29669743  17364127
29669861  1296646
29670144  11050817
29666853  25426073
29661950  5163561
29668565  17180783
29639035  8824279
29670284  610245
29670207  2817869
29670560  2098642
12652241  4885675
29671033  12604722
29671182  203198
29671137  773
29670619  16911722
29668554  29659674
29671413  127803
29671282  16945837
29671564  24288726
26544839  26247467
26750969  6759242
29424730  4244624
29671878  244246
29671766  1695376
29661960  2700646
29660337  279170
29671445  28765205
29672229  29669854
29672548  8516498
29671526  9121395
29672287  9790435
29672373  28587698
29666158  2920416
29654351  29623240
29663018  27384748
29660905  687948
29672868  1975128
29673118  12423614
29673118  10393447
27196278  20638505
29673452  7649558
29659923  9442681
29673498  18050071
29673358  13779508
29673121  9682833
29672847  3243275
29659974  12021578
29672431  8917921
29666409  29672200
29670277  15364298
29668428  203198
29666621  4076770
29674153  1217088
29660746  5940225
29666036  42068
5370784  4671852
29665778  4195970
29661026  46155
29659337  2972578
29673758  14568049
29656679  11806253
29656411  4781420
29671953  3385229
18285709  159261
3652480  159261
29674257  2803321
29674220  6652591
29674612  6658752
29674773  5856682
29673693  16842912
29672032  915904
29669404  3027834
29674561  23446377
29674107  29648078
29675157  10240398
29673134  4500103
25384033  24039010
29675293  574594
29672588  486099
29671310  2190416
29669523  2471935
29674963  2830834
29675719  29671051
29675539  11901074
29663825  17903577
29675233  2640053
29668067  4421706
29675880  279170
11831188  8992964
29675881  28865148
29676147  1380463
29676149  15681065
9121395  13737091
29675297  1913098
29676648  3312611
29442339  4528101
29676718  5821
29676718  2300285
29676853  15407499
29676978  4261133
29675945  14868661
28608678  9181153
29606647  12334495
29675037  513832
29663905  2260792
29343885  7674786
12521874  5559146
29654628  14482696
29671127  29658555
29677530  20087627
29677669  13944956
29677249  7459939
29675687  14621891
29678124  8460242
29678177  22100061
29678159  23667086
29678132  9059511
29678184  14207739
29678148  2087510
29678052  2334510
29672990  24257247
29678431  11182339
29638943  19939368
29678584  29669384
29669891  29669292
29678511  6083531
29678511  1867861
29673869  9069061
29631344  10729443
29678799  20306223
29675790  671461
29678523  5679989
29558427  9478957
29678866  26916640
29638232  4271874
29679791  1555262
29589471  954337
29680061  2403132
29680121  24715864
29679718  2547306
29436817  3446216
29680210  4660142
29680139  10952441
29680249  18808226
29679374  495021
29680590  3559337
29680493  218384
29680800  1769403
29680768  3694276
29680794  14154892
29681272  12678013
29681188  1881905
29681571  15938786
29679016  2716069
29679016  6400632
29679016  7145514
29681924  18358713
29681805  303200
29682091  2089083
29682200  642763
29682018  16881196
20628061  8486147
29682159  3441153
29681384  12132099
27244508  25887943
29605667  17173425
29682306  29661960
29682387  8395168
29682223  10586696
29681330  12573816
29682628  8868338
29682634  24016046
29683072  29682821
29682708  1466240
22307172  20087895
29682990  4189158
29522240  29336227
29683961  3737139
29371881  29624947
29678755  12808878
29684786  1679605
29438912  19846807
29681264  11345896
6178303  1628608
29685030  24644436
4860708  29652337
29685082  5311124
28899232  12752225
29684488  27065249
29680950  7255649
29686086  513832
29686018  4172722
29685992  11922383
29685589  4736
29676943  610245
29673155  4660142
29673155  779091
29686321  1185739
29686257  11174961
29686469  4261133
29686564  1129216
29686561  8110934
29686561  203198
29686346  517579
29685543  15359702
29669994  25853947
29686367  3263892
29685228  16328946
29686864  15443939
29686807  2060253
29686713  29612258
29687063  8983843
29617173  2201917
29686369  6507432
29687179  14220321
29681878  29684620
29686544  2429944
29687139  29685846
29687228  20416108
29687520  14220321
29687399  24933592
29687632  53827
29687423  6343166
29687687  4660142
29686298  12769982
29687857  11322801
29687227  1059559
29688100  492809
29688080  17164067
29688021  23667086
29688386  7980007
29688635  5838608
29688648  19939368
29688903  6988160
29688229  2074606
29687798  29660871
29689522  4312687
29689434  13484516
29679803  12530406
29689820  8320993
29690017  4660142
29689973  2804818
29690251  14454736
29690368  3245967
29689408  15688051
29688834  29235674
29690556  27219479
29690571  2785485
29690745  1911281
29685929  71022
29691033  24006234
29691169  2223386
29586488  337704
29691158  28564801
29683864  16326807
29691279  2986296
29691327  513832
29670372  29691199
29691443  513832
29691374  27291087
29689611  12462615
29691658  3570796
29691882  1114856
29692411  334518
29692486  5010288
3901525  1862261
29692568  17498216
29692699  20333186
29692704  1248423
29691362  1014861
29692732  6802601
29692869  1494953
29594126  16902902
29663810  6848970
29693092  4736
29693140  28335732
29692295  28466925
29693268  12662851
29690409  3684463
29692049  15657686
29558040  29547861
29693579  1880172
29688403  15278944
29693802  3749231
29693822  26684868
29693434  218384
29693788  29682673
29694172  495021
29693927  1686699
29693873  10395509
29693088  2895777
29693276  29275441
10205895  10568334
29690950  26430259
29692373  6281700
29674731  17379482
29649056  188545
29654893  3577641
29636778  11541428
29634240  2240348
29625968  8450812
14442015  11691169
29694660  12769982
29693971  2598129
29695232  6307207
29695456  2950332
29695630  2098368
29691501  19123533
29695427  475763
29695985  2042813
29696099  26330178
29696054  12790114
29696119  2422468
29696429  203198
29696283  11145696
29696842  4261133
28396091  27867284
29697019  5872815
29696796  23046565
29696968  1332510
29697202  513832
29697174  7027306
29697276  12573816
29697028  27040924
29696417  533783
29697504  2118656
29697932  8369999
29698218  513832
29697178  477572
29698405  19098143
29698405  17886992
29698197  279170
29698339  27817577
29698541  1127738
29698159  4236103
29698833  29462651
29697991  4680143
29699013  14220321
29699149  5187530
29699291  26516683
29699468  19686599
29697066  25983228
29699587  13873701
29699587  10914576
29604293  1299871
29699627  20389248
29699617  785715
29699729  218384
29699615  21454739
29696596  29370587
29699869  29698913
29699941  18476088
29699311  2142535
29699850  10569914
11951323  17734230
29696541  18294606
29700589  2612802
29700518  29691513
29697163  1227571
29700761  240178
29693035  5919303
29696295  171928
29670483  28631002
29700885  2309694
29701028  1663807
29701022  8909097
29692863  16245767
29701113  13548676
28511509  28201423
29701282  4291912
29701503  3037203
29695399  14419464
29697822  29648152
29701822  23446377
29701887  279170
29701831  4952899
29701998  8060979
29702099  263614
29702141  8098202
29702237  2835505
29678419  29525127
29687827  5191878
29702759  2438516
29702549  13942701
29701374  22003019
29702978  7250939
29703184  12769982
29702429  6675066
29702429  26034177
29684694  2118656
29702519  3533370
29703440  4054075
4047472  156503
29703574  686439
29703574  588004
29703533  29584365
29703658  3178801
29703799  279170
29691538  7154914
29701983  17277670
29701211  8120634
29703157  3907299
29343730  14722654
29704192  19291873
29704402  8794397
29704342  12454794
29704436  19845213
29700841  17125710
29704480  23758922
29704470  311165
29704455  432112
29702635  27456242
29704645  2784514
29704622  13941631
29704935  12317667
29699346  2429000
29701492  19544452
29705217  29682494
29705176  18050071
29703815  23353173
29705393  18735040
29703980  1430548
29703207  2850573
29703847  7118178
29648356  26533510
29705909  15636367
29705850  29457720
29705923  5293280
29706217  1849375
29705912  2839321
29704576  12545129
29692143  211062
29683043  10443269
29706446  22770342
29705451  851926
29706355  12573816
29706603  27906082
29706544  28379099
29697488  6282655
13009264  6295502
29703166  2310102
29706806  2847949
29706221  1264397
29634900  29705703
29706140  4261133
29706974  4660142
29706922  6677035
29706260  29672176
29706178  3240331
29706317  17439683
28814631  218384
29706828  29189559
29185151  9162933
29694672  29613304
29707466  12511591
29707229  21060992
29707521  7342035
29707656  9490058
19856063  706405
29705602  16728265
29706758  17212722
29707964  17364127
29702257  21264951
29708174  11103384
29703006  29509692
29708223  487258
29686548  23743384
29708463  24701075
10761939  29380596
29708597  1266303
6645843  3653298
29709002  6175548
29707403  29707855
29709300  513832
29709318  20318095
29709311  328496
29709467  22824952
29709625  26665499
29709650  16152547
29709479  17364127
28550373  28548196
26441183  7364003
29709851  3698200
29710005  18050071
29709605  11457704
29710132  4261133
29710092  28152801
29710319  11787665
29710011  6352281
29710321  4660142
29710438  17364127
29709858  16923167
29701261  8515936
29710545  18725842
29705838  27432030
29710883  761969
29710877  588004
29710988  6005582
29705442  20638699
29687733  12573816
29710930  495021
29711165  1885557
29697863  218384
29711360  2509679
29711451  19308177
29701844  29699017
29711507  2003003
29711585  395401
29710984  6441218
29711703  8004237
29711818  218384
29711733  17863619
29711960  3001836
5040295  1838656
29712118  12573816
29712139  218384
29708504  8028957
29708504  622192
29712314  4368946
29711884  26327957
29704646  26375748
29708261  6308687
29705532  443909
29712701  1025579
29682401  11524356
29713140  8752321
29713225  6921185
29712704  1452721
29713346  10655202
29706852  15417254
29713743  9540576
29712520  5493691
29713080  1641219
29711595  5233308
29697786  19357707
29711088  2805427
29532534  1525117
29714196  12573816
29710031  5765018
29712277  20504714
29682392  5738619
29714048  14233330
5823438  13654401
29711246  21112302
29714621  1711990
28417409  6850500
29713254  19449142
29712194  8519669
29714663  13840429
29713226  4836710
29711765  13743058
29714771  11144513
29714836  60174
29714914  2808796
29714719  24626
29714197  4227994
29714377  8652933
29714326  24586573
29709949  4954389
29246071  8560959
29713775  29641020
29713775  23040531
29714749  1246116
29715392  18050071
29714904  15542147
29715258  436120
29715398  6070163
29715506  1129216
29715533  13989456
29712250  1054022
29713416  10334267
23870649  20456694
29709035  15595289
29715703  4261133
29713962  5216272
29715795  17299581
29552946  2793150
29509034  1513485
29712693  11695270
29715916  17785765
27646598  13489329
29715409  7674255
29716189  5471158
29716237  4504662
29716237  11364533
29716297  5673269
29714535  687998
29713338  7045040
29711870  22358
29712622  1489231
29710350  13999506
29706114  13999506
29716656  23767241
29716715  13715743
29712794  4402110
29716977  7980456
29716638  14517094
29716818  26140002
29715920  6833370
29717118  4660142
29710529  12252530
29666460  24764498
29712836  153724
29696685  29642999
29717479  2973202
29715002  24644436
14226399  12432087
28104955  18931934
29717696  5749488
29717963  3481828
29718051  5630486
29717970  10716013
29710812  6432970
29718030  60174
29715983  20489908
29696481  9655181
29717589  27409375
29716345  1452871
29715675  29706114
29718279  413898
29718286  767999
29718531  299495
29718538  4778627
29718455  3842155
29718709  1287567
29718737  2973202
29718765  29716253
5104607  574242
29719121  18177174
29718789  9443762
