29780408  7073484
29791137  1056728
29786104  4114835
29791358  5673269
29791471  8198105
29791537  8028957
29791538  1398753
29771816  4459058
4614542  4480908
29791625  11163968
29791805  16740256
29780589  14185584
29791500  10819959
29789671  29403706
29791147  28069043
29783469  4291165
29789354  4612471
29790847  1274983
29790657  4261133
29792448  6334830
29792392  28567380
29775933  29629786
13595033  9506353
29792625  1106377
29792371  19412382
29777255  25256037
29791089  12222594
29792939  4817651
29792994  6262203
29792817  118190
29793069  10007147
29793157  349025
29793157  93039
29791288  397483
29793420  21806064
29793569  406121
29793619  14220321
29792976  14133600
29793593  11509695
29790183  10604001
29794215  2096361
29767109  7674786
29794342  12769982
29791738  604424
29790410  919690
29502256  8228281
29794423  500580
29793962  29788775
29785301  29735016
29790319  11898174
29794318  9980645
29794531  29780320
29766538  12328603
29794847  1184123
29794445  9035424
29794862  6244939
29793758  3481828
29795099  14220321
29795177  672143
29777548  273452
29795131  29777530
29795001  24028860
29795492  125113
29795551  607112
29795636  4083351
29795340  29790070
29794988  5605125
29795571  3812055
29795672  12852442
29790297  24644436
29796288  25963248
29791991  27800376
29796715  8844915
29673668  29547185
29787310  18155883
29745204  11222773
29797123  70324
29796976  1184624
29797092  16893209
29797022  1410563
29788120  13691054
29797715  12953127
29797950  1576753
29797665  6229024
29798316  2973202
29798247  6392739
29798495  17333
29766918  15331983
29797525  15138723
29796848  29797630
29790273  22574702
29799058  13259419
29795581  22564817
29798780  12282628
27165713  11563319
29799012  9170999
29794052  17923692
29799631  21970848
29799342  79923
29800045  4660142
8352176  12573816
29791563  26554814
29800141  271440
29800274  5941725
29800379  201323
29800452  495021
29794580  29790579
29679973  296503
29776279  19498485
1445709  595957
29800760  2429944
29800948  16293741
29789757  14774282
29778030  2853416
29795044  1506527
29801123  29800255
29801250  1620662
29176516  29166989
29801034  21197410
29801539  746525
29801404  8276983
29801396  153724
29800630  17525484
29801735  2973202
29801430  27131361
29801430  24141900
29801626  16937022
29801626  3127429
29801163  5627284
29801948  12769982
29801882  3693351
6450780  6405746
29802050  8759868
29801523  15828372
29797431  17249797
29802127  27015857
29802127  5240789
29797495  22351798
29741107  29764324
29802551  24536154
29800393  26603747
29802787  3978492
29802819  4188592
8731627  46586
29802370  14916826
29798880  5103121
29802337  15594946
29521101  7697001
29803373  27461801
29802772  12573816
29803813  737240
29798600  11013227
29804008  6069480
29803951  94488
29804220  22683298
29804693  12769982
29804700  9847288
29804725  26758297
29804969  2898311
29804891  251204
29804810  11321491
29805313  513832
29804904  95727
29805455  22113675
29805652  11321491
29805619  1546694
29013233  11399682
29805272  29803215
29804184  27376465
29805613  406230
29806034  1610845
8191721  1610845
29804955  6229024
29806211  11922383
29783841  59895
29805435  14790014
29806251  3299972
29806289  15013077
29806455  4261133
29803802  20263954
29801440  13074319
29805642  7654971
29806561  15745042
29806227  4676095
29806817  24108586
29807066  14220321
20154088  6505033
29807294  2559527
16324095  3674490
29806516  16324095
4168981  1771786
29807494  3700459
29807629  4927688
29807652  29139054
29807685  248830
29807712  29807747
29806313  19640280
29807220  11114492
29806232  2891514
29806379  17759735
29806609  10859213
29807321  5177846
29807270  29790070
29807283  4175188
10270027  7556155
10260311  7556155
29808044  28998697
16890900  1907993
6842642  4743116
29808509  44715
29808645  36183
29808645  6843441
29808510  9719434
29808667  18093928
29808876  15796499
29809045  5211961
29808851  4660142
29807877  29379636
29808886  2523742
29809128  10844064
29809302  24623120
29809308  17147203
29795242  9125713
29809539  355700
29804242  25975811
29809839  2185320
29809982  16693165
29810083  14220321
29810043  29804288
29810401  3848990
29810571  2167916
29800648  4653831
29804487  8732517
29810185  9153571
29810662  9240556
29810851  439573
29810886  7674786
29811071  10111042
29810999  968792
29811495  22937618
29641379  2407284
29811215  1208118
29811534  3604478
29811657  14220321
14123999  19461521
29796247  4425289
29811772  11936339
29801862  29800468
29801862  4488035
29811209  16388959
29782879  24810712
29811895  1100260
29811957  3342517
29812001  8820286
29805880  3019760
6936972  6921792
29811825  6707900
29802104  5686735
29812533  29809481
29812614  20660999
29802468  11169445
29292972  29290952
29808184  25009870
29813294  495021
29813794  1987626
29813802  409784
29812705  18330451
29787840  12304082
29814267  11922383
29814238  15666048
29814178  7063324
29814586  2393179
29814396  11309194
28916124  5735997
29808462  25360411
29808462  13474754
29811013  14357816
29815311  7161412
29815420  359494
29814984  29813225
29814300  2973202
29815045  19487063
29814313  487904
1821495  7131670
29814425  14220321
29812164  23265948
29811418  12448171
29807269  9251354
29806153  15739263
29806124  11254787
29815281  2808535
29815258  40480
29805765  2973202
29805765  2546314
29814618  29812596
29815747  24766826
29815435  56107
29815936  949433
29815950  23353173
29805198  114543
29815366  3907161
29814052  7355187
29803513  27652937
1369715  5003220
29810906  2901831
29815549  4244896
29816303  29816193
29816122  2040560
29814170  6975755
29816632  25461215
29815009  22403378
29815762  1109022
29816885  826398
15900381  4913922
29816844  19818537
29816941  3661025
29816824  7598135
29817095  2891937
29817169  12832642
29811336  9887534
6628611  171952
29817112  1139762
29817441  12321177
29816234  29797152
29817278  11429197
29797253  13104800
29816276  29809751
29818140  6847697
29817510  7717851
29818027  166221
29806239  6771428
29813791  18089993
29803011  18694732
29813521  18410407
29818438  19629067
6580598  171952
29818633  761194
29818205  10795078
29818518  2694411
29818682  2729752
29818706  14944458
29818605  6809590
29819009  22397861
29818880  14906232
29817831  10566558
29818778  7130425
29819157  3751853
29819116  240178
29819472  2167916
29819220  949433
29819668  901115
8584599  2601027
29785678  138313
29819452  8894005
29765244  201323
29756569  2623651
29739353  9203037
29819920  13763433
29820067  4660142
29819601  4162363
29820270  4660142
29807740  1075540
29820323  22015179
29820332  8914546
29820004  23805024
29820893  3940213
29807339  218384
29820969  75175
29821083  18050071
29821328  1313373
29791455  829952
29820940  28500486
29774933  29755822
29772426  7931131
29820876  2592092
29821546  24473213
29821608  14220321
29815551  2591098
29821853  5788037
29821866  2686556
29818415  24636956
29822018  9847376
29821966  12574414
29456767  279170
29822034  4015324
29812781  18050071
29822543  495021
29822337  758849
29798056  12135925
29822826  1972262
29809789  21988956
29822823  7938582
29796264  1759300
29823250  6163225
29823383  218384
29823458  8523991
29823563  17643825
29823800  3663745
29823237  9985559
29824007  10361460
29824090  18050071
29817854  1604213
29824194  8028708
29824534  613183
29824140  724086
29824676  90982
29812789  16853477
29823765  5373780
29815178  4950655
29823840  29787438
29776905  28502346
29824190  7032398
29772825  12329191
29803307  22586313
24500634  10050465
29825221  29457720
29784619  29457720
7205413  295120
29823429  588004
29825400  13591584
29815189  21537663
29825709  2291470
29825709  23096305
29825739  5431941
29825893  14131008
29817748  2159390
29823067  9509668
29820568  1365407
29818048  4504442
29826391  13840429
29826294  6712017
29826817  2274242
29822461  6307122
29826814  5730092
29827019  889516
29827136  6447045
29827072  16997611
29512080  29509014
29826803  6507293
29827236  106591
29827508  4261133
29827508  12769982
29802053  9747998
29826150  26801252
29483585  29483626
29827296  6242955
29826768  2154623
29827857  19339088
29827782  2246579
29828003  610245
29812211  6416292
29828256  10788823
29814173  2371118
29828481  9584719
29828448  3737139
29827424  1932311
29827424  1759300
29827947  27606449
29828967  750486
29828355  3354279
29829191  218384
29829158  60174
29829211  6343166
29829407  8028957
29813086  25384634
29829485  18193792
29829301  17777219
29829561  7582401
29829700  25735922
29822631  29817121
29828339  20002503
29829899  29584365
29828559  4660142
29829521  109383
29830136  966225
29830124  299495
29812977  1043322
29830167  29782556
29571284  978061
29826104  11258888
29830157  29819054
29830418  10160664
29822592  2418270
29830447  12652937
29829980  111345
29830059  1873741
29830552  4480334
29830552  2745796
29830907  22937618
29830939  20513297
29830954  3442394
29831122  10137692
29829019  1109043
1109043  921297
29830063  3133264
29831008  20198247
29831812  23446377
29828642  14414884
29832208  477572
29831975  18071557
29832311  823724
29832403  8336858
29819978  29582388
29832411  21618423
29832597  5121495
29832682  279170
29832589  203198
29832895  29831061
29832072  18746245
29810089  19961648
29832070  29762939
29829843  18050071
29833345  881515
29833395  20002503
29034417  216875
29807272  24995284
29833194  22120639
29825710  5210535
29825379  5676106
29827871  4660142
29826279  10358745
29830103  71022
29819051  22089022
29808720  11943841
29833383  218384
29834558  18050071
29834600  4178576
29834643  4660142
29820846  4952820
29834557  8537130
29834906  23943322
29834905  14909997
28945119  28941924
29835214  6857468
29816689  18397962
29835419  1485155
29835419  13079569
29813040  2467844
29835638  1168345
29835682  5368862
29835870  20001427
474806  2116719
29836060  2419749
29836113  2973202
29836161  7060016
29786759  218384
29835744  10268028
29833091  21762293
29836241  2505181
29836241  17836398
29836140  12573816
29836612  218384
29836650  10948920
29833676  10685998
29834394  29342286
29831722  1929962
29836586  271440
29837002  513832
29782921  28967242
29761652  29784351
29836848  4420815
29836573  547622
29836734  23197243
29837226  14220321
28897701  28900290
29837240  2031111
29837309  21077322
29837298  18337653
29837468  513832
29825700  16205347
29797806  6487472
29837559  5210535
29837771  4772425
29837475  24176008
29837654  24975167
29838152  3737285
29838291  223918
28980956  890966
29838516  14220321
29838516  23667086
29815615  24414299
29838624  968001
29838426  767999
29838426  7343833
29838767  4421706
29836866  29832507
24334042  23105433
29834707  12259770
1505675  101439
29834872  5425568
29834872  9245408
29833852  2269307
29838778  1445702
29838778  2934258
29813729  11227395
29839274  513832
29839515  2726304
29838703  764631
29838878  7110496
29837938  21713482
28913432  28848439
29839954  513832
29199120  29197084
29840387  9457832
29837314  5706437
17231723  2075335
29215007  29212959
29840557  9804777
29840363  13199432
5632427  17364127
29839151  28039324
29836097  141525
29840221  16214768
27509817  8238661
29838332  1686569
29839968  4660142
29840870  24310696
29841021  155739
22648938  1171422
29841207  750486
29841231  13506832
29836307  13012275
29839672  20016691
29841209  1552301
29841432  4216745
29838686  290884
28663072  20116162
29839047  10040069
29841478  28036117
29838976  3969713
21106978  24339502
29836069  454854
29841359  24028860
29819768  18215975
29842008  586182
29842248  15963281
29842299  16704290
29842375  1584267
29842427  4904292
29842513  9931993
29836393  1726073
29843041  4880413
29842874  9316120
29817617  10404348
29843632  22937618
29843634  2973202
29843345  29843165
29771220  11531762
29843331  12462615
29841547  29823843
29843383  8026694
29843725  11514084
29836085  41948
29838547  14942460
29835845  14448649
29844177  232535
29843080  6036793
10977782  10410023
10410023  2342162
29844028  14116003
29843997  218384
29844401  14805851
29844537  4660142
29844504  8555771
29844821  29819033
29844747  24095875
29839765  4445720
29833821  7479946
29844019  7201862
29845460  218384
29845348  8032080
29845565  29399010
29845507  11962457
29798753  766080
29845445  10593547
29845673  1014861
29846032  5150637
29845454  8474100
29826076  28504504
29846273  14220321
29838306  424104
29845850  6620165
29835229  195951
29840246  24644436
29846392  24644436
29795037  29797382
29846580  11059390
29844481  6258796
29840666  18050071
29825683  7055146
29845772  11923272
29540899  29820545
29794443  29820545
29836887  4052940
29840597  13725198
29847132  2069564
6145037  472951
29839917  14502006
29845263  29767241
29847351  11138693
29847059  14615590
29847960  2686855
29848206  588004
29840970  9020084
29848036  19438023
29828118  29807997
29842849  3596766
29844700  1080247
29837947  20326478
29848284  5078239
29848452  466345
29817951  5028433
16045017  4078401
29682688  1395513
29660562  2339101
29839600  15129795
29848722  3319075
29848675  16339656
29840289  11195692
29848821  4968406
4234777  4968406
29848820  4208784
29848917  262427
29849193  28961811
29847641  26252233
29823189  279169
29847619  6438086
29842069  20035101
29849552  107705
29837709  139630
29837709  3256242
29847363  7255089
29825548  1147706
29826077  289498
29843779  5089841
29849388  21756180
29850102  14055794
29850376  21685911
29850604  29848490
29850442  15163938
29850908  7725795
29851024  22937618
29850432  1953984
29851303  9299993
29851113  14220321
29851402  18716863
29851625  5282999
29852149  29833415
29852173  23000126
29845966  14768191
29851290  29400938
29852243  24644436
29847677  25185578
29852293  16305318
29852410  1461432
29852361  23667086
29852609  7854969
29852675  19955898
29852675  6976721
29807148  29803708
29852850  20940979
29852921  2012589
29852909  18357256
29848774  18024539
29853361  4810841
29853450  669742
29853196  3637972
29841883  5257166
29841883  8253789
29853824  2158395
29853731  383947
29853797  15396124
29853797  926752
29853843  5543661
29852536  13903548
29849250  24320456
29854045  36901
11466419  7131670
29854157  2745265
29853818  4660142
29854448  8759868
29853995  341872
29854501  23353173
29839790  10760272
29854798  13732413
29854546  18297965
29854886  6358349
29520559  19923091
29854943  16756174
29855060  18050071
29855220  18672456
29855211  5105517
29855409  12814667
29855114  15650928
29854492  29813108
29855459  25886545
29855094  2448666
29855514  13396662
29853351  140131
29854772  14813142
29819371  3481828
29855845  29762391
29855845  29832791
29772766  29762391
29832791  29762391
29854408  29762391
29855966  21067443
29855966  301134
28864524  1726630
29855931  4862193
29761019  29762391
29855592  1466240
29855649  21894964
29856201  6338217
29851031  5913130
29855880  14220321
29856467  8894797
29853608  7375561
29856273  24644436
29856504  1535403
29849092  218384
29856739  11704255
29849917  7141985
29856890  15452004
29856970  808006
29856761  29657204
29857293  750486
29856872  20541024
29857327  8495687
29857476  218384
29857456  29804104
29848251  17150647
29831416  949433
29849888  215497
29857700  14220321
29821005  18304722
29857639  4559032
29827905  5580761
22270950  572547
29846091  24984576
29855675  11753085
29855675  10838426
29858093  29457720
29845676  29429684
29856755  1917576
29857525  15847623
29845371  4660142
29446565  218384
29850496  218384
29858399  5210535
29858725  1504717
29858666  6121271
29858826  203355
29850764  5778020
16536760  21106801
29859569  2390063
29837565  6479977
29859660  29795599
29845027  549
2551775  201718
29858196  4487598
29860273  5721904
29853320  17499013
29832384  7610689
276602  2176180
29860298  29859678
29858663  12462481
29753790  29706682
29859357  29852945
29837311  29860601
29861215  8302290
29861352  1091045
29838005  148963
29861748  3620116
26780109  18549771
29856335  11660318
29860138  182287
29861739  10505144
29855857  992450
29862133  7288432
3177372  330793
21905921  3177372
29861694  22937618
29862137  8031481
29852616  27060490
29859492  10414995
29859492  10247050
29859380  22876978
29853903  29803419
29850539  29803419
29843553  7269268
29861980  6652591
29862931  17307275
29863081  8028957
29863178  4421706
29863162  13147278
29862684  28884217
29863185  4660142
29863405  203198
29820253  6808578
14249594  6808578
29863520  1162766
29863397  5282264
29840765  29818820
29850147  29819807
29818476  27439368
29863808  119123
29812324  1652128
29863803  25901460
29861591  5320922
25526026  24036310
29863960  4611591
29861721  21871188
29737988  19301516
29864041  4482686
29863154  12860595
29864146  231767
29853379  401656
9727729  4905743
29862197  29048482
29864595  312443
29775704  4261133
29864231  3871984
29864035  23600403
29864603  2575216
29864834  29863849
29865094  5605125
29846094  17202128
29865104  14220321
29864905  29863405
29502216  12268668
29865174  4935632
29864844  4152431
29865213  24124618
29860497  29854162
29865638  3451099
29865641  12010756
27371819  10263564
27792719  27886618
29864034  29821737
29865884  2108467
29827683  13406791
29865817  25396786
29858746  13092587
29865916  1361340
29860756  2398763
29866392  9985912
29866434  218384
29866532  513832
29866700  2658908
29866757  12723818
29866678  19282897
29866723  16084374
29866712  15060887
29866780  18050071
29866799  1014861
29866890  20939299
29866872  1719070
29858982  12139486
29860453  4261133
29866763  7930105
29862558  18050071
29865619  18050071
29867138  3307409
29867205  7705139
29866076  20215744
29867372  4684722
29867438  8896758
29867517  6952145
29867738  23353173
29867760  27932167
29867886  218384
29867984  29076312
29868023  8028957
29868101  7609130
29491448  29625590
29867987  7369445
29285435  14494375
29868567  11321491
29868540  25721884
29868252  12605315
29868642  5701608
29868691  381542
29863950  12573816
29868772  7368191
29852988  20108511
29868919  29782877
29868848  64981
29868832  8073278
29868912  7905733
29843418  4958799
29865845  4380381
29862430  4905406
29869056  10586153
29839184  18708849
29839793  6941533
29869065  218384
29869717  25076276
29869644  26447239
29867933  7124884
