29869925  180172
29869952  29785301
29869971  14802047
29869177  8511901
29870176  8885019
29870271  750486
29870313  2973202
29870380  6777483
29869782  20279484
29870501  11095122
29870462  27759084
29862577  20223487
7960149  13395114
29870750  27345284
29867768  2973202
29870945  5210535
29870969  461139
29870001  25607247
29867722  23820931
29871299  2933399
29871306  56867
29859381  8213014
29871297  13568066
29821039  19075381
29871375  92396
29826476  29777164
29868498  1429908
29869763  332872
29870798  2393179
29871494  4948816
9211405  79165
29871774  4261133
11524063  7296288
29798818  29797770
29709288  337704
29871977  218384
29871901  17498216
29871901  12769982
29872035  3618340
29872065  29023601
29871552  29811461
29869743  16505367
29870911  574691
29867356  21463377
29863070  18425841
29872057  11088303
29863684  448125
29858995  527214
29872241  1669190
29872290  2628842
29872209  29861042
29866475  1064977
29872420  1461432
29872420  28388536
29872460  13914355
29872507  9882284
29872486  5136447
29872569  13436665
29858157  29855822
29872447  5199852
29870920  12573816
29872493  1458633
29872636  13599638
29872606  29860282
29872515  218384
29868177  2942485
29828384  3835612
29872288  1665533
29873124  2953684
29873232  1711990
29873248  17708562
29873231  28496761
29616746  12713364
29873174  17509774
29873394  240178
29873403  409784
29873505  13944956
29866601  51438
29873594  23460096
29873594  2973202
29873562  4499528
29868483  21981922
3099997  6602422
29872608  20281835
29802299  849308
29860050  19727896
29873831  25141848
29873329  1014861
29873897  23521600
29873882  7917608
29866773  13151570
29874093  13336319
29874259  4411020
29874127  6992681
29874347  8548030
24928493  3819398
7296288  3819398
29836260  509211
29874029  19458633
29874690  28482935
29865153  12088469
29874677  19635090
29869154  12783217
29864405  1609899
29870070  6861233
29767221  29748152
29874838  10149959
29874969  2973202
29873088  29872202
29875074  25379616
29874723  17530542
29872814  1559770
29861823  202463
29872916  13489827
29875626  4261133
29875638  4261133
29875136  17143104
29875328  29838874
29876011  4923077
4452323  4820067
29876238  15717240
29876234  215497
29875960  27641432
29876370  18050071
29865742  11307070
29876510  18704924
29876570  16180117
29876626  14220321
29876710  17498216
29876725  410593
29876797  3841317
29876330  1520429
29876661  8885663
29876927  16635530
29848797  3596089
29875113  17246309
29876730  46155
29860909  10214701
29874972  5289328
29870735  2481879
28496761  1445385
29877030  7220681
29876527  9673895
29877410  4261133
29877424  11163981
29877275  29728753
29877455  4660142
29877351  5875021
29877568  5873810
29877381  14027865
29876594  218384
29877731  28250680
29877715  26852656
29877733  8710619
29877820  4261133
29868829  26820651
29863759  7545254
29845994  26229758
29860873  29852273
29861858  2456344
29859824  6431335
29798675  25491528
29847244  14067889
29838572  6478375
29847565  4480652
29847130  24824273
29843241  5377423
29877638  2821082
29857438  453161
29875914  7681756
29878042  3615721
29830227  5703552
29878151  3537878
29871863  29563613
29878295  29878236
29877752  148441
29866945  21374773
9082909  15507401
29878363  8239994
29878617  1170807
29878145  22146094
29878689  9233000
29878595  1808553
29878843  18050071
29877991  3059044
29879028  218384
29878307  29876965
29878952  3224834
29879033  12502715
29879153  11973525
29879266  14220321
29879423  1711990
29879271  4446203
29879359  1475297
29877461  218384
29876545  29714078
29821747  7263282
29647904  3282418
29879741  19484175
29874672  4044726
29879879  8336858
29800625  3178566
29879942  513832
29880097  14220321
29880050  12573816
29880435  19390810
29880790  4261133
29880977  1565600
29879300  747802
29880472  7854969
29881109  218384
29881224  218384
29876854  10410082
29878488  29869098
29881334  730620
29881662  6822725
29879179  3451145
29881828  5431961
29881930  1711990
29881978  6728361
29881901  29880051
29882142  25098021
29882144  6474768
29882163  1597007
29882412  6487366
29882294  26477840
29882427  8254941
29882336  819446
29882627  14814158
29882558  466345
29882646  1734005
29882796  29882428
29882956  14220321
29878713  29875565
29882253  790228
29882971  29851749
29883099  60174
29883152  750486
29881580  28114588
29880904  8811594
29883386  24960053
29790886  29772111
29858078  21218857
29883659  26654194
29883647  4969171
3474119  751681
29883852  29882564
29884204  2973202
29884228  14220321
29883385  21129020
29884308  2564425
29884387  22094111
29882082  588004
29884597  10557486
29884616  26982979
29882703  513832
28374873  26910358
29884369  10152872
29884674  1559770
29884843  29884391
29884925  16473068
29878250  18116987
29878794  14509652
29885051  9246246
29885092  18050071
29884754  14220321
29885155  1433204
5024126  507436
29878350  12530406
29885353  336859
29032545  2039795
29885201  114527
29885476  13840429
29885490  14028959
29885869  4660142
29885915  295104
29878056  4085973
29886288  18050071
29886625  218384
29886328  12838407
29886685  7220681
29883068  18523745
29881106  6121097
6058450  6771938
29886738  2274242
29886627  4281424
29884881  8962909
29884881  18790192
29886840  9596652
29887307  12573816
29883877  29688899
29887332  10390606
29887028  6179178
29887034  29886181
29887561  24644436
29887554  21023763
29887678  14163763
29877854  10979158
29818655  7671637
29888072  218384
29888019  15702419
29886297  6069167
29888070  2311421
29887739  15945428
29879466  2528318
29888485  8478210
29888648  3767365
29874082  15521451
29888884  14220321
9001294  17364127
29884821  2090033
29889151  9605913
29889456  23553723
29889622  29881447
29887171  4660142
29889754  10206905
29890155  203198
29890130  5978684
12351013  4011075
29890610  20237474
29887243  218384
29890936  8799646
29891123  3737139
29891303  6931293
29891233  2591098
29890836  29880673
29888164  1549924
29842430  19441155
29891293  4616202
29891293  133973
29891617  279170
29892304  879
29892769  6133723
29892889  10000005
29656479  4138527
29889121  17117753
29892756  6914152
29892885  12911526
29893291  1068834
29708270  26668970
29893355  15225147
29893427  13455411
29893416  4244896
29892082  2591098
29891908  218384
29881762  25982010
29893121  27448131
29886435  160970
29886617  29140402
12232723  513832
29893587  24831850
29890802  4012998
29891115  9428573
29893916  25126148
29887530  3469507
29894081  203198
29893126  4172722
29894350  25807157
29894426  10730212
29890241  2971315
29888120  4188592
29894890  217805
29894875  19491491
29809104  1177862
29895230  20614189
29894811  1165635
29895263  750486
29895068  10445357
29895486  1006289
29895638  307179
29895712  29817405
29895836  949433
29895827  14220321
29895802  1660124
29895219  3085696
29894798  24644436
29895518  18050071
29818829  400212
29852468  9805201
29896117  27503965
29896341  8449716
29896373  3853767
29895906  3008817
29896314  18206797
29896594  4261133
29896513  14220321
29895308  21802253
29895308  27781650
29896440  23980530
29896440  111102
29896677  901712
29895023  9251354
2568966  750486
29896315  750486
29896783  6822725
29889019  4967799
29896952  1169248
29803400  27504608
29896901  8336858
29897188  7688765
29896613  563369
29888536  4495688
29897349  3446216
29896459  11599069
29897506  16693094
29878222  21731439
29897719  18567552
29897853  27408131
10269290  718891
29895019  217776
29887809  4287473
29897677  4632322
29897184  12573816
29895196  3853767
29897932  5461295
29889184  22760804
29897662  7364969
29864057  3637999
29897908  12145390
29898456  14011749
29898251  218384
29898186  7161821
29898643  2941960
29898688  252489
29898488  27646180
29898488  16388078
28977106  6003883
28312514  29006822
29856511  29497797
29888963  9669458
29892933  29441901
25129555  29005750
29898840  29890510
29899034  506366
29899304  5486789
29899237  17934526
29898303  3409053
29899592  60174
29856800  14692560
29899604  7627098
10229396  7665673
29899871  2433198
29876592  109023
29899962  13387742
29899730  192249
29900142  1680528
29900469  21807987
29900495  8938235
29898658  29875914
6237259  5117948
29900162  16283799
29900384  5805843
28572751  8231762
29900174  3419332
29901145  610245
29900951  7921296
29901438  1359469
29901654  218384
29901671  1319615
29896838  17973964
29899593  4660142
29901262  2973202
29901803  18050071
29901708  9112305
29902057  2547428
29902140  1051782
29902451  18818381
29902509  6863974
29902461  1126915
29896248  540748
29902866  60174
29813404  14917354
29903090  24644436
29902781  26577496
29902710  4685450
29902535  18382311
29807187  4469929
29901589  26630985
29903497  538346
29903555  57483
29903474  20212378
29903680  60174
29903123  12773822
29903876  3023514
29903907  24991018
26084770  1495407
29904199  513832
29903952  29899654
11918290  1495407
29756836  14715011
29901472  29738808
29904342  370195
29904472  13840429
29682847  2616540
29904532  6796492
29904688  513832
29904559  2695444
29904878  2973202
29904679  28376462
29901401  6414942
29905031  10126134
29903760  16763322
29905099  3345553
29905255  24938948
29901683  26906367
29904265  1586560
3599378  26824663
29905334  11780397
29905504  1390607
29905239  15439919
29905229  26677938
29905216  1807906
29904684  18690770
29893195  7533321
29906472  12573816
29906436  21614055
29906553  7421013
29906427  53849
29905959  13098030
29905183  7287659
29880439  11135741
29906678  3158730
29906317  4074257
29906808  11922383
29907089  28614078
29907150  7457191
29899129  1132422
29907187  14220321
29907298  2603956
29907100  218384
29907533  15345159
29907638  28639114
29907492  7571326
29907210  20002242
29907532  9546377
29907828  218384
29872393  8639567
29907489  1384025
29908628  4261133
29908990  14243003
29908807  11922383
29908846  3840582
29839204  29838020
29907829  9642055
29909333  9952492
29909673  1390607
29909569  4208244
29909135  13465168
29907619  13840429
29907666  10761411
29907268  6322627
29908842  9848295
29910275  2508215
29909409  25607247
29910473  5855811
29867870  29900177
29910403  12052468
29910112  3627107
29910493  2194992
29910610  3940213
29910955  6228528
29910820  6054380
29905780  29886897
29911437  7814688
29909772  4610959
29911373  856833
29911383  6999889
29911640  7814688
29911505  2295290
29862411  12808878
2516199  15005263
29898994  16026944
29815921  127803
29909340  886955
29909340  15275195
29911975  4772425
29912148  13571700
29910490  166221
29888928  16779469
29911795  860187
29911795  9266632
29911940  16036572
29912452  15300550
29912398  4131092
29912526  4120160
29912228  761194
29912802  29906555
29909181  18484543
29905686  4660142
29912877  277772
29912911  2011664
29912930  37628
29907715  11518168
29912437  29777492
29912640  12573816
29913158  6209904
29913216  11114622
29911671  29890747
29912882  2464966
29913231  1058049
29913093  18699075
29848939  24786908
29913408  12573816
29913609  5449526
29912654  26502876
29913711  133571
29913929  12573816
29880986  20382287
18001809  7051255
29914112  8724582
29914431  8028957
29897598  7528881
29914285  20238183
29914143  462537
29914289  995944
29914695  29756621
29915029  10181729
29915069  1341358
29915037  2099414
29915290  28914283
29914966  22955317
29915622  14220321
29893779  4671859
29915778  29901555
29915779  23294658
29915762  15112125
29915979  4434076
29916129  29797806
29915828  10394755
29862959  14555996
29915222  26877
29915854  188461
29905880  1696877
29467573  29005958
29917241  29005958
29906659  28180915
29916876  1323596
29917175  1595611
29917438  203198
29917324  2381316
29865336  8631327
29917152  28957279
5168372  28957279
29917821  4354418
29918021  10011780
29918318  23353173
29909355  2167916
29918004  24822748
29902891  29905071
29918449  203198
29918173  4824342
29918726  4660142
29918557  29457720
29918828  798766
8988824  2556190
29873184  6978631
29801020  26742180
26017171  27124539
29737707  28957279
29917023  1208320
29917485  1686724
29917598  10450644
29918079  5208679
29919244  14472794
29919002  22432811
29912089  29792616
29693489  462974
29919838  2167916
29919805  24031621
29917761  1619259
29919404  28724372
29920038  1267869
29918717  23079456
29919772  28708216
29919772  22814097
29918197  7435039
29920052  5208679
29920356  1132941
29920487  18050071
29920455  21881992
29920491  1759455
29920563  2973202
29918561  23466154
29920364  12986386
29920883  2435216
29919364  1914585
29921146  901115
29919846  1670862
29921247  4261133
29921392  12662318
18595760  19159977
29921461  513832
29921503  1132941
29921530  10118301
29921617  25551766
29921703  2028517
29921948  1235617
29890065  27571727
29922057  29921540
29922062  19176898
29922116  5051894
8937709  15334201
29921540  6281322
29918017  15194436
29922072  4739230
29911246  8559021
29902774  24079120
29922335  4172722
29922093  3642035
29917518  16930443
29922443  20423980
29922678  13840429
29922157  14220321
9244469  4982073
29922974  2193012
29921922  7534169
29921922  10520048
29922944  7519618
29921154  29920568
29923138  6443433
29923115  1197575
29920496  29915146
29922849  19591216
29922154  11798337
29921410  2659000
29919795  218384
29911834  14898617
29923344  12004603
29919912  9662730
27045937  17912481
29922958  29845451
29882826  29775842
29864145  1892375
29571627  25212800
29720901  29724763
29712609  29731027
27434102  26461888
18550971  25212800
5567500  25212800
29923303  25212800
29923729  3703180
29923763  7656280
29912842  3985812
29899886  13358213
2501324  1914956
2501324  3089553
29922992  4160860
29869764  29428227
29924480  376278
29924221  15479928
29924249  19402207
29924667  513832
29914462  7722159
11358411  11277432
29924751  7074
29910749  2422468
29924522  1827058
29898025  10309415
29925221  1786436
29923887  25671299
29920226  18428891
29925518  15024933
29925588  2973202
29925541  5891840
29925512  24617442
29925400  2530
29925807  17300917
29925896  19309908
29923343  5689564
29925823  12989446
29922763  29924447
29919447  24644436
29926635  19648240
29926359  455612
29915067  4748014
29909960  28771834
29925907  22343224
29926444  7651
29927014  610245
29926391  23757460
29923797  16839636
29919380  12311148
29926764  29834728
29926514  513832
29920976  15922152
29918690  2161634
29927360  5121495
29927541  18050071
29926897  11001333
29689799  21752637
29927777  3804850
29927851  20084125
29927324  3181594
29928005  4176328
29928047  24687736
29928145  1451009
29928225  2973202
29927880  1132941
29924448  13974402
29928565  21633115
29927930  218384
29928726  5233502
29928709  6801577
29929224  27073082
29929240  218384
29929297  18041078
29929596  5563638
29927449  4574912
29929409  495021
29929496  26803924
29929916  434761
29929676  9985912
29734923  20106162
29929907  9496350
29929783  10689372
29930321  14220321
29925742  4393217
29930484  29850511
29930832  9660791
29931251  4660142
29930637  12115833
28567301  5546142
29931408  9740275
29931407  29910473
29931087  13140523
29931694  19692157
29931629  383947
29931787  18050071
29931900  11040472
15389275  1406783
29921212  8004237
29932244  29932080
29932304  2973202
29931889  2600905
29932382  11251376
29932491  20170251
29932703  3059044
1914956  3089553
29929036  21809296
29921464  23143945
29932137  29930848
29933482  29931512
29930806  20619704
29933569  29220579
29933567  11321491
29933481  2941048
29933657  4002340
29824620  10866944
29933523  1014861
29919746  4281424
29933915  2788080
29926460  4386300
29934487  5890382
29886872  5508341
29927908  13903175
29934729  4467539
29764810  29699024
29935250  2973202
29933860  14385633
29935654  18050071
29935510  8191124
29935315  20124079
29934164  16977431
29934892  3134683
29924030  4240080
29935709  22671930
29935730  18634087
29935028  13791984
29928081  21760969
29936096  499405
29886205  8784222
29936000  4706814
29936583  1470735
29936660  7122609
29936828  5605125
29936698  22713703
29925762  3627107
29936816  10118301
29936858  2091465
29936865  29850626
29935741  1883925
1108101  3282510
29930142  279024
29936035  1667278
29936035  4128436
29934606  4197591
29910212  6466282
29937370  24795079
29937425  3188882
29937258  4660142
29935646  218384
29937440  3446216
29937489  1549198
29937772  826782
29937946  16682847
29936442  365191
29920813  25995602
29935850  12230181
29935458  1403615
29935324  15372585
29935459  2693776
29933352  541390
29938218  13191854
29938690  306313
29938746  1691928
29933755  25574501
29937540  14229072
29938581  12270238
29938960  8328983
29939054  1014861
29933170  12070942
29938750  12696728
29927666  29875017
29939301  5076944
29938953  3254839
29938587  13134329
29917444  24103101
29934597  19147
29939374  383192
29939537  4543936
29937931  14796501
29939930  13180488
29940161  473932
29843647  3114252
29940332  1670862
29939165  22928255
29940017  16373906
29940298  6439579
29940349  1373164
29940135  4660142
29901276  25928263
29761278  10585759
29940441  82256
29940341  17074422
29937606  21881992
29940957  3200801
29941235  26310869
29940504  1978933
29941580  588004
29941525  3888902
29941722  16217627
29941833  1420752
29942132  28630329
29926496  3214297
29942238  26665499
29942126  29723458
29942259  11922383
29932951  18050071
29940660  18050071
29942515  495021
15224841  6859459
15227888  6859459
29938528  2823068
29942867  23345554
29942366  25723220
29931718  10155415
29937220  7305483
29942957  554408
29942935  2129693
29933436  3806126
29943309  203198
29938504  406230
29943403  12573816
29943460  1906787
29735408  29876345
29927398  6285006
29943717  28744753
29943788  29941596
29943881  5064977
29943727  259398
29933027  8839506
29943909  19259233
29943909  1069666
29943860  3734247
18085554  179123
29943690  12044616
29944541  21002417
29944520  5440912
29906224  7343354
29944448  431391
29944371  27865317
29937650  5108860
29944706  27350941
29929497  27350941
29944986  26383635
6215069  5423560
29945366  15356660
29945609  310870
12032035  16060899
29945964  15112125
29942099  21436377
29945785  24644436
29933332  12871157
29945832  20279484
29944417  28593476
29946027  29654766
29911301  29890495
29945291  279170
29946276  18713321
29946055  28648789
