30016099  12573816
30011199  10381649
30015166  30004494
30016062  427477
30004708  2288485
30008038  1545263
30016787  225337
30016787  2977075
29992828  15016250
30016972  5998309
30016265  13446129
30011930  1206073
757300  52353
30017172  236129
30013951  1625234
30016203  14052093
30017390  29201211
30017356  3755606
30016762  13683577
30017338  3507042
30017433  19212126
30017550  29140402
30017570  29621970
30017532  323640
30016961  51470
30017793  4261133
30017934  30017128
30013180  30009601
30018095  12573816
30006852  30001195
30013637  30006944
30018366  9777122
30017196  24317346
30018647  3507042
30018495  29723458
30018836  6179335
30018770  114543
30016722  28931384
30019466  767999
30019541  26873953
30019576  9122277
30018266  30012529
30013847  5434419
30019740  3446216
30019764  20449427
30019746  8336858
30019793  671815
30014013  29672449
30020210  4388513
30020451  2007666
30020491  8693342
30020491  10066538
30020789  14767530
30015154  12573816
30019913  24644436
30020713  21784200
30020702  6389827
30018395  29890747
30014613  30000822
30021178  5034529
30021051  19414026
30020769  18454291
30021330  22951107
30017376  18050071
30021106  22080564
30020034  21498667
30021361  6544640
30021526  19205916
30009962  10217134
30021494  16860021
30021643  3509714
30017543  12688717
17349736  1911015
30018769  27100729
30021941  8028957
30022136  5048371
30022124  13791984
30022138  7503450
30022265  7026507
30021597  2973202
30022322  14220321
30022379  633059
30022183  21067625
30022648  12575990
30022545  10407159
30022784  2130932
30022851  9891414
30022876  25111831
30022986  5564450
30021759  437262
30020300  8203750
30021539  26796492
30015397  241145
30018192  6975755
30014581  2393179
30022771  29944249
30007450  21067625
30023403  2419749
3295270  111155
30023506  5205999
29991726  30003555
30015160  449763
30010693  7577678
30023772  29071692
30023987  206045
30024111  2770321
30024389  203198
30024592  4660142
30024628  218384
4791144  1500314
30022695  7084112
29971654  18459937
29791269  17164230
30024690  12630128
30016872  21881992
30025190  664957
30020833  4917545
30025613  20668406
30025854  4389232
29970522  5814155
30018676  12212116
30025156  21497781
30026406  8670511
30026440  2030303
30017592  20755969
30026332  1680528
30026366  1568091
29890160  218384
30026945  1024525
30027281  2545544
30026928  12586132
30021828  22984438
30027327  18050071
30026839  24644436
30027456  23667086
14175675  14163390
30027296  1176352
30024010  30010900
30027599  4660142
30027607  23667086
30027635  29821226
30025210  10829835
30015916  17368872
30028262  2202381
30028001  14093513
30028406  9605913
30000649  12614011
29920139  16854280
30028608  4660142
30028762  21477560
30028647  7967806
30028837  14061724
30028484  727844
30029022  2612802
30026534  11910353
30029124  9257505
30028276  5472541
30028276  13661364
30029256  2564765
29998718  4775098
30029445  489269
30024395  7709041
30029732  1014861
30029620  7504421
30029871  15448373
30029825  98559
30027007  5164033
30029736  11431562
29860705  28630098
30030164  5545649
30030360  3446216
30030419  2667509
30030635  18050071
30026208  18050071
30030913  7837456
30031116  8028957
30031116  10612163
19791405  17082341
30031146  3422673
30028389  4698538
30028389  20076969
9629349  12573816
30031233  16616975
30027303  530012
30029793  11010165
30031401  18768527
30032076  275836
30028251  6683127
30016859  29995806
30032410  2033912
30032463  23140501
30032549  5884582
30032502  10894122
30020173  15295845
30032407  2956692
30032276  4323599
30020975  25377637
30032659  14220321
30032765  218384
30032898  4502092
30032712  30030939
30032827  2280688
30032934  3106452
30033371  8336858
30033387  40480
30033447  2723397
30033133  3608955
30033463  10777421
29949763  1006069
30027415  218384
30032692  27569307
30029889  27577082
30033797  1905607
30034064  11352544
30034304  30025462
30034287  4660142
30001276  18616497
30034766  30028880
30034820  27214443
30034843  4775379
30034624  13791984
30021482  23115272
30035161  4934913
2671141  805872
30035294  17538208
30034397  7138038
30035595  14508707
30035528  3679694
30035738  18599711
30036106  11728209
30036183  21219695
30017999  30014353
30027960  14114381
30031256  27670302
30033480  4357856
30036780  2587345
30035491  3303165
30036838  114543
28680333  19701556
30037252  4782757
30037282  22077608
30035578  29669816
30037629  1607612
30037460  17035478
30036155  504947
30037824  9585317
30037726  20563772
2092608  1828187
30037352  23340398
30036564  27468552
30037048  4269034
13148441  5266482
30038201  6115896
30030956  16736856
30038077  3308292
30038314  12573816
30031267  8696796
30038556  285793
30037248  10057752
30038420  20241315
30037279  75432
30038006  30032634
30019510  6572061
30038765  14211973
30038812  19075671
30038922  8228281
30038988  10242653
30013655  10291488
30039204  14220321
30039037  492384
29898010  16105072
30039465  14846547
30031630  5490301
30039560  1262695
30039543  6446007
13048441  1262695
13250123  1262695
30032641  14322274
30039766  24504582
30039906  6889949
22694626  1262695
16291270  1262695
9478603  6475887
30028435  9880279
30040180  14220321
30040195  806000
30040197  26503914
30033671  23667086
30040484  4660142
30040465  7746202
30039924  8299245
30040498  1756015
30040599  20067377
30040686  8016280
30040725  576095
30040326  661561
30041012  17188489
30041266  3705670
30041347  8641742
30041374  1995053
30041148  29079070
30039336  15513395
28000112  17936440
30041453  25552648
30041579  10482974
30041802  2128619
30041726  12769982
30041743  6226290
30041991  18050071
30037968  10006226
30041868  7824610
30042177  18050071
30042197  11656532
30042197  1453410
30042180  1795438
30042314  2973202
30042331  2973202
30042363  16255657
30039687  30039640
30042623  105770
30042666  2472229
30029607  6244217
30043029  18050071
30035166  6638085
30037852  16223213
30043277  30042334
30043099  25602149
30039998  742735
30036638  17884469
30043087  24752090
30042275  6343166
30043712  498400
30043695  7791149
30043760  26738392
30044005  6966319
30043283  4261133
30043450  26620324
30044422  218384
30044883  203198
30045032  203198
30044900  11794944
30044726  10947483
30044833  15924501
30042764  23250505
30041642  4252936
30045129  75746
30045093  4044578
30044479  29603652
30043733  23406222
30030389  8303365
30040540  401656
30045496  1139762
29916990  20537696
30039227  2811001
30040171  9567673
30039349  3556157
30044687  30034047
30045998  4468877
4816491  127704
30044367  2350211
30045859  3661025
30043422  495021
11877988  12859942
30026853  11032015
30046842  1147615
30046698  51574
30046951  1837874
30026228  13332268
30046492  25193961
30035313  2310452
30019745  2340406
30019745  10272250
29875802  18938331
30047049  2328671
30045245  18058875
30047226  2822005
30042563  22580516
30041887  29826442
30047295  838227
30047101  9450864
30045514  25146544
30047604  15454220
30047323  24644436
30047656  1086539
30047377  7031885
30047365  175547
30048059  12610995
30043977  14220321
30048172  4166966
30047424  4660142
30048554  9413046
30047376  6921792
30047376  7089
30047376  6936972
30046490  6132796
30048133  7073484
30048586  8028957
30048746  19711385
30048566  27629027
30048879  496052
30048839  5938466
30046752  4662048
30046581  3770125
30049007  8708342
30045798  6343166
30048620  5210535
30040713  5894229
30041835  25609405
30049052  6904805
30043160  25871513
30039401  8228088
30047679  4993532
30049315  359047
30049410  1549801
30026119  25201306
30049769  18360891
29862049  8315744
30049948  6705193
30049518  12573816
30050117  2167916
30049953  25018653
30050405  8336858
30050455  16298166
30044515  5536018
30044515  5466411
30033255  17497667
30050740  5409138
30047314  20925208
30051234  15293975
30051298  3781520
30051736  995255
30051736  2515477
30051797  203198
30051724  7288614
30051860  4172722
28586280  9295180
29906759  570642
30048954  26260790
30051422  650393
30049736  16451777
30010899  950409
30037088  13866953
30051404  1527803
30052704  1342712
30052961  3061
30031368  29987856
5021518  574805
5822797  3951491
30053485  949433
30053917  25632974
30052268  6061565
30053900  18407988
30054088  1500402
30053648  40480
30054021  18050071
30054437  13840429
30054349  6619377
30054349  50801
30054152  4172722
30054635  7853130
9137519  5627284
15366841  12351244
30048141  447537
30054054  18096519
30054054  1151284
24050866  4878887
30054706  4736316
30054963  14968093
30054859  29144361
30055151  6847697
30055188  15183576
30054873  3225891
30043592  2441036
25930839  7459965
30055434  30053613
30055562  17434
30055205  6816951
30055536  3435606
30055470  7290438
30055736  4172722
30055678  3704807
30055777  11769667
30055945  4169503
9411483  820557
30055045  13286882
30056137  4544126
21823853  12943107
30053885  30051271
30056252  3294889
30052162  6961526
30053125  12072454
30006502  365826
30056209  4033723
30056209  419163
30056684  5507234
30055339  8767166
30054518  30050221
4993532  19037429
30056882  1759300
30056998  574881
30057002  8028957
30056095  11922383
30051533  3697092
30056151  14551608
27488360  27172217
30041848  18957972
30057344  29150159
30057272  16331248
15183576  4154864
30056885  1782704
30041812  21708931
30057454  3571975
30012910  14577162
30056682  11163297
30057566  2351792
30057662  498400
25632075  12573816
30057873  22147959
30031728  3786564
19948581  364209
30058021  2745265
30058027  14452335
30047356  9477922
30057944  12953127
30057851  11872316
30058312  5259714
30058497  26477840
30058555  242882
30058608  3648712
30058561  4261133
30051465  3485103
29360127  14209085
30058841  30031655
30058774  8205031
30058932  23294658
30059027  10323071
30059098  16804093
30059217  1814095
30059042  12337671
30058866  20279484
30059301  26003574
30059424  17593048
30058940  15023037
30045106  2673651
30050605  454202
30045486  28896733
30059852  6194950
30049913  28917557
30058805  28002
30058805  103512
30060069  1744665
30060418  5997027
30060539  2113940
30060560  29308898
30060311  4365323
30060832  2591098
29754387  19726643
30033830  29976484
30060828  2921945
30054857  6966680
30061145  14220321
30060955  6132988
30061272  1680528
30061231  5951464
30061338  2973202
30060146  3840957
30061666  29457720
30060669  166221
30032185  19387552
30062091  7093417
30062106  218384
30054051  18046285
30062422  4261133
30062521  23050664
30062332  7191626
30062332  4559925
30005639  6341730
30063035  274626
30063101  13102045
30062753  6441218
30061969  2532218
30060080  23293814
30063287  1420562
30063018  18855178
30063699  3456177
30063402  30046540
30063884  18731707
30064341  758688
30064351  3333665
30063684  3387127
30064398  4261133
30064109  4660142
30064711  5121495
30064107  18050071
30064705  285928
27219715  23312374
30056582  29216856
30063408  2056729
30065108  513832
30064970  6759515
30065288  9561295
30065408  18050071
30062297  8370926
30065476  18050071
30065351  18676956
30065799  275018
30065858  659887
30057159  3059044
30066085  2167916
30066181  23446377
30066097  276516
30037403  2152334
30066213  19840509
30066267  7783145
30066275  12909755
30031283  18931786
30066528  16560322
30066164  21273550
30066734  8028957
30066735  28325744
30061502  30048317
30067071  7856808
30065407  1817792
30065579  4261133
30065853  8561124
27115090  18994685
30066814  12573816
30066549  394616
30066487  4660142
28553827  28248496
30060977  1897696
30063905  13849434
30067575  3703658
30067613  26537986
30066987  7014052
30067996  2932505
29999415  10128681
30068009  25337676
30067738  15712230
30061775  122102
30068077  21803555
27051704  27699144
30062430  219585
30068334  218384
30067310  4203646
30066172  3345389
30059611  19036443
30061715  15551779
11506900  1982533
30065748  2745076
30068385  68113
29938796  30045690
30068663  6749634
30068877  19445798
30065456  409784
30065456  29140402
30068942  30061896
29996808  30031643
30059343  8367421
29828662  20231393
30064726  15285179
30063154  12482339
30069573  15212126
30067912  203198
30069904  2090706
30069661  28479802
30070020  63166
30043027  8634156
30067445  29908591
30068694  7584716
30052019  27925006
30069899  42294
30069899  3443606
30070543  2455161
30070622  12819377
30060101  6153323
9297557  4706499
30066442  2527899
30070810  242813
30070619  30069881
30066661  26330348
30070802  12573816
30070992  19584758
30071176  8028957
29910704  33720
30071157  2879132
21251117  13290421
30071289  920353
20333860  5250412
30070043  17192005
30050824  16404435
30071194  30047795
26010485  689375
29619906  2422468
30071720  21975881
30071807  201183
30059897  7143505
30071074  1378671
29210033  26055907
30072171  9761907
30072164  12026885
30072023  22192291
30067980  18650965
30072402  15358261
30072267  3885084
30072775  29621319
23607905  6497552
30063703  18327314
15212126  398395
30073029  25714085
30072254  4862178
30073007  28250680
30072542  12575201
30048636  8363108
30049562  7482443
30073583  30071637
30073003  3709560
30073688  14552569
30073788  11560465
30061664  6659411
30073808  6942477
27341855  24132089
30073507  12769982
24530700  10702040
30070823  11615396
30074275  1445845
30060653  16782047
30060653  22618156
30074768  23667086
30074694  10316114
30074816  12573816
30074736  6536094
30075003  400212
30075181  4300440
30073490  3309533
30072944  26537541
30075264  29410329
30075367  218384
30074626  2167916
30075348  29944249
30071296  18050071
30075006  24367930
30075523  3437410
30075657  1124265
30075673  899514
30075848  5890584
30076134  20694796
30076074  14911158
30075991  1386055
30075577  30073195
30072528  26595069
30076293  13195081
30073864  2606424
30075730  1547476
30076492  4038479
30076014  24605547
30075341  11050817
30071639  2784514
30076582  4659929
30074751  4165859
30077467  1472498
30077130  489269
8870793  12573816
30076660  28331397
30077780  871858
30077844  5567578
30077876  4343624
30077978  1163076
30078285  21350478
30077030  25809168
30078441  610995
30078458  4969243
30078511  17683458
30078686  1385864
30074951  4660142
29876275  11155983
30078563  23764314
30068450  10974206
30079646  901115
30079653  1373164
30079669  2867027
30077439  30055339
29897199  15578663
30075021  1491383
30079876  203198
30079986  22015899
30080063  9554636
30080091  2106475
30080407  359788
30080374  9686203
30080596  1506801
30080642  28842628
30075258  8521759
30034379  30022594
30030362  25156483
30079588  6002254
29997900  30010062
30080925  26754129
30080695  25437502
30081154  9675430
30081312  9661478
29511528  29535316
30081613  8953110
30081726  19007383
30081707  13136863
30081865  232535
30080698  17357226
30080968  8028957
30081805  14220321
30081875  203198
30081956  29829603
30082206  4660142
30082391  4345621
15271159  9875319
30071154  29983967
30073207  30066967
30082595  9953157
30082668  13551767
30070305  25881041
30082819  6441218
30082930  29182244
30077673  29923879
30082990  571394
30083209  13829434
30083228  576169
29554798  29538065
30083522  19052316
30077698  513084
29960103  29960168
30027319  30022744
30082445  25721884
30032998  30046469
30070417  30066941
30083597  14220321
30083805  30081847
30080472  11561422
30083892  29797172
30084003  1369004
30084081  12487592
30038756  29948478
30082981  13900183
30076860  14594422
11953877  226663
30082336  25729784
30084757  10272279
28555527  7085545
30082227  279170
30085150  2257441
30085237  9873873
30085467  4112686
30085347  2802541
30085824  6697753
30085908  495021
30085703  10885218
30085839  4261133
30085839  4842759
30085899  29358674
30086059  279038
30085950  6920302
30085935  5849370
30086091  9815762
30085699  18782324
30086525  2322603
30082698  14254321
30086618  5046026
28721280  11550432
15483844  4050087
16273810  924394
30086992  241789
30086187  19981190
30084755  13673441
30087303  909555
4614378  1755958
30083749  30071432
30086970  30076678
30087509  177506
30084007  8094992
30087250  30051412
30087740  962132
30087846  759966
30087003  3577641
30087026  4711589
30087887  8535226
30067940  30043691
30088409  13946415
30085546  1311507
30088498  750486
30088237  30073255
30088237  15096397
30088672  750486
30088672  111102
30088919  19253820
30089336  12059211
30089407  25425130
30089477  3577641
30088933  4878255
30089518  11530196
30089506  2911442
30089495  1313120
30089473  14220321
30071019  218384
29974158  9328720
30089752  16778425
30076895  10413977
30089782  14413583
30089840  6248333
30089946  122102
30089806  4660142
30090092  21633115
30089943  20584355
30089880  29189559
30090172  3397113
30090084  18737407
30090180  230751
30090456  237159
30090460  24412322
30090678  3038901
30090933  1698660
29928159  29923851
29928159  29912436
30091172  1834642
30059898  25425130
30091698  12953127
30091776  3282823
30091715  2100829
30092089  1254544
30084207  13489471
29985615  14327409
30092419  12722095
30092386  10609268
30058975  20521082
30076911  21801950
30092510  3019512
30092670  513832
30090388  5210535
30092289  2176991
30091692  2345196
30092812  2199897
30092791  18744386
11065637  11747833
29642464  11747833
30092937  17637846
30092976  9413046
30082652  9520277
30092856  801032
30093077  14450731
30093124  7049875
30093167  12708732
30092369  30092350
30092000  7734150
30093382  371875
30093165  27647737
30093377  2340406
30005223  22617179
30083791  10184086
30093548  845021
30093634  10463741
30093464  5217246
30093765  9580922
30093679  6238139
30093872  26346647
30094023  2766466
30094175  3437897
30094124  6194950
30093678  5137943
30093678  7706152
30094297  4684454
30093571  483193
30094244  8028957
30094319  4484690
30094485  2978447
30093897  3406891
30094643  2973202
30094725  750486
30094732  2875075
30094617  20821269
30095024  3127429
30095072  16981763
30091176  19268462
30095351  5188274
30094080  15238928
30095739  14220321
30090176  10183370
30083998  18296192
30095489  2225600
30095925  9535954
30096028  895171
30095977  750486
29939708  7314901
30096074  5387764
30096319  28988260
30096290  25607247
30096264  27053575
30084301  1248510
30096099  11791187
30090407  4894120
30019899  22383449
30083727  29975024
30095995  5803023
30096631  4125821
