30096754  9413777
30096818  1661273
1661273  588004
30096834  15744445
30094622  218384
30082012  30079789
30081896  840190
30095994  7301334
30094323  13659217
30097964  2081640
30084937  14614306
30098039  8331119
30096206  16812938
30097791  12743837
30097083  15242592
30096625  3127429
30098316  16854280
30094146  30092236
30094259  14220321
30094259  5316697
30093705  5690541
30018466  2010892
30092801  531292
30092666  788225
30070852  2295290
30098639  4261133
30098771  2167916
30098781  13832720
30098829  845021
30099068  203198
30099096  11880199
30099203  2865373
30099256  1369831
29007900  10325678
30099329  2937227
30099230  30092219
30099408  2934563
30092219  2562851
30099544  9749598
30099415  11363083
30083917  744319
30099300  9997509
30093799  18050071
30098269  1169248
30099772  2559527
30099676  21092079
30099836  12769982
29965857  27900568
30100169  1383797
30100193  25622359
30100377  23708102
30095921  22519784
30101072  9655202
30101168  279170
30101246  463215
30101304  1182189
29912727  4750806
30100849  26294878
30092068  4796872
30096749  5677470
30101508  7631758
30101396  9262959
30101876  6147884
30085878  15016348
30080377  14688030
30101954  4660142
30102227  8777845
30017315  15006868
30100737  4459379
30102597  10433154
30102482  1674742
30100436  20279484
3799130  196830
30103208  2167916
30102840  3733227
30103275  182287
30102162  11275650
30102189  23689236
30103721  26114920
30103656  832059
30103958  1483504
30099625  241405
30102015  27946244
30103964  7858469
30103991  25639883
30024250  29519231
30104252  4387154
30051637  22049395
30103184  9484364
30104085  20600666
30045144  5597060
30104717  13523060
30104432  2620444
30104839  11420448
30103536  17236005
30105181  4502633
30103449  4261133
30079384  3236233
30105241  13840429
30105179  27093908
30105011  13216480
30104799  23935810
30105451  4017357
30102620  7746202
30105644  750486
30105756  2514548
14514467  27556104
30105430  27556104
30105419  22656734
30105419  20602859
30105836  7343833
30100662  16028014
30105334  3436398
30106451  3034941
30104501  29753641
30105732  5677558
30106686  2588666
29901111  11404545
30107010  24539521
30106491  9562218
30107259  4015324
30107405  15112125
30102843  4789709
30107080  25097727
30107634  22797249
30107688  2219786
30107703  287928
30106569  13772955
30107855  13896450
30107930  12573816
30107862  24196621
30107923  3427132
30108168  11271920
30107431  7112872
30103753  476615
30107718  28454595
9318674  149055
30108219  149055
30108203  5047721
30107177  218384
30108269  8328119
30081520  11271554
30108122  14220321
30108529  3842614
30108294  495021
30108677  2787887
30108126  9723164
30108781  30107474
30105934  24918252
30108879  60174
30109025  203198
30109024  19164757
29883732  208835
30109086  29457720
30109291  9150273
30108706  1255947
30108253  29514738
30105773  25566581
30075144  30066400
30109350  11138939
30109368  10336392
30109459  21416108
30109450  15209831
30109590  263400
30109595  6452959
30108541  4007427
30107433  10306690
30109616  12530406
30105225  9015536
30105225  5492512
30109783  5785745
30109747  7607410
30093643  1954397
30108815  10030921
30098745  29083778
30110013  10383593
30109953  29217690
30110113  751681
6473374  160608
6473374  4754152
30109265  7362504
30110364  7951821
30062435  2076838
30106184  7027288
30110488  30090223
30110966  29728753
30110805  11797216
30071588  1957406
30111187  10298794
30110865  21048906
30064155  7373752
30111270  2016250
30106055  12004603
30111445  47981
30111465  19289907
30111451  2430756
30111817  23584120
30112000  218384
30112005  2941169
30110820  4570366
30109060  6666423
27490505  27418096
30111959  3954438
30108937  8645515
30109124  11617962
30112470  279170
30112631  822452
30112526  27301006
30106096  437382
30113409  2310270
30113603  7726513
30072285  712392
30113457  1198886
30113606  4140437
30113215  16946173
30113678  26620110
30113604  6702367
30086163  16774946
30113870  29140402
30113688  8924599
30114227  29450283
30114261  8433459
30114266  218384
30114224  2943548
30114260  4917664
30113072  18389114
30113573  10971671
30114452  11345346
30114141  8387583
30114816  7945565
30114877  1132941
30114846  13234971
30114874  22410538
30106647  1182584
30102932  24809235
30114941  513832
30092086  7074114
30115359  13569776
30115365  27800539
30106745  54418
30115482  2970520
30115344  18792071
30113857  1409069
30106983  13875978
30106983  12267774
30114556  30063102
30100804  29896599
30115874  15925980
11639256  41233
30116178  6694280
30115661  3468150
30106248  25854300
30116374  12553274
30116344  276706
30112031  1844688
30111742  19304463
30102851  29668511
30116349  30068893
30094292  29972982
30117426  676824
7490206  818512
30117424  20926570
30117649  240178
30110529  29539526
30117390  27354812
30114164  7163815
30106064  7042905
30118213  20563772
30118452  40480
30118308  8703047
30114155  513084
30115809  5913396
30101354  70689
30118795  4668218
30119052  19585815
30119098  8587341
30119211  30104101
30119131  29140402
30117735  14261903
30118811  12769982
30119934  4357315
30117818  30119463
30117501  18535241
30120182  218384
30120218  9158894
29924692  2610497
30115620  3574680
30118015  2481149
30120173  6343166
8970767  5292343
30120538  495021
30119147  218384
30094863  18085359
30121030  3306007
30121087  279170
30121229  8276983
30116774  14446677
30120969  16959576
30121307  2591995
30121424  1132941
30121702  23584120
30080789  3537878
30121592  30117963
29982273  25001379
30121647  30114467
30121984  12004603
30121994  5078239
30121752  18408324
30112728  3066356
30116769  2973202
30122334  274626
30119994  2973202
30116716  18050071
30120675  18050071
30122018  23446377
30122518  5072693
30122594  25721884
30122647  13097395
30122816  19980425
30101321  25297812
30122772  23669134
30123150  1999020
30122183  4261133
30123547  6343166
30123587  2717480
30123372  6202418
30123543  11305633
30098543  4660142
30124014  4028889
30123994  203198
30123873  17278645
30118402  6457130
30124151  4660142
30124231  5532498
30124288  6670415
30118377  12093192
30118377  22409325
30124193  14694712
29543761  29536419
30120488  2079823
18940327  20850822
30116139  7628103
30116139  2731443
30111052  10082619
30124705  3682615
30124744  6393943
30124704  3883518
30124724  5868369
30122354  5920153
30125130  30124231
30111578  11631777
30114940  20480723
30125504  4660142
30123667  58744
30125567  8190541
30125696  29972406
30125739  52550
30125749  6125585
30108459  23216038
15597450  8276128
30125958  218384
30125140  28993566
30123795  4096366
30126017  14187201
30124799  30052686
30126260  8705195
30112110  279170
30120186  26274207
30126281  22623179
30125969  1816559
30126877  4660142
30126574  4660142
30126918  29999024
30126988  30107997
30124709  2468100
30125290  7081339
30126334  2615749
29987597  29986531
30123989  218384
30122445  513832
30120413  12584091
30117412  29286659
5854791  4049627
29711917  30111514
30115363  7668507
30113551  4746299
447739  410437
30108617  6796662
30109120  1238145
30108233  4969171
23181570  25425130
8586384  25425130
30107455  24221
17141303  1001335
30105719  2054598
30103426  10866965
30101785  156767
8114174  1972392
30100380  8149828
30099468  21739578
30099474  16352135
18078779  3563847
30099049  30054645
30099071  3754597
30097827  5643346
30097467  859111
30091656  15424834
30094495  4065312
11828997  11908665
30089172  4596351
29923851  29912436
30081930  3212275
30079825  2422468
30080710  2902056
30127378  1545501
30127522  28690622
30114296  134494
30127803  65035
30126047  7444504
30126047  3224878
30127888  1014861
30127670  25816470
30127653  5382548
30121158  3577641
30128174  538060
30127934  12770585
30127324  27479788
30114477  2622746
30116255  2508215
30112519  13730484
30041551  16959072
30125998  14187963
29830676  20741622
30122612  14843486
30129244  7745855
30128398  6613110
30129352  123999
30129371  6658752
30129359  5767228
30059465  1606808
30129539  2186525
30128127  16187049
30129575  3012488
30129479  27987331
30129660  11997032
30128299  8626392
29428449  28165916
30129946  23294658
30129981  5966274
30124429  12688312
29979221  28732074
30130181  610245
30129294  20484180
15933037  14853779
30130246  15450963
30130352  13343236
29912204  1139390
30130638  12769982
30105442  11565423
30130563  11321491
30130169  7912052
30130778  541487
30130404  3813059
30130886  279170
30126994  464687
30130966  1513485
30095159  18109547
26640975  12938371
30131166  782629
30130547  30128741
30130547  3847736
30131381  4660142
30131370  1242830
30129633  2701263
30126844  28110309
30130998  3568919
30131865  8028957
25632145  2082387
30131788  25165157
30119881  30071686
29698667  29537911
30131373  21895756
30131873  942571
30122356  6393943
30129490  22937618
22832911  18408324
30132190  4660142
30132198  14318020
30086822  13921876
29712603  29712110
30132571  1604968
30132504  1614723
30132447  26337003
30120200  25410178
30132696  18383636
29327180  29314665
30132720  3927628
30132465  26089437
30126991  396145
30133026  255898
2372559  4387901
6578164  2372559
30131188  25709069
30133380  18427601
30133313  750486
17426121  16270619
30133421  29633146
30133562  232535
30133602  263743
30133737  37073
28245256  21592351
30133803  7709041
30133856  9408050
30133915  950087
30134018  2723397
30133961  6137218
30134113  594853
30133995  1124788
30134192  9928238
30134072  21492436
30134218  54142
30134264  7074
30134250  1906991
30134412  3851002
30134440  11321491
30134578  22962762
30134267  4660142
30050912  17719159
30134820  6069878
30133973  20716812
8752837  495021
30096658  29983417
29981923  29983417
29981923  29959904
29959904  29983417
30134509  17810838
30128162  4660142
30123176  31497
30135192  495021
30135325  2780284
30135406  6522284
30135547  1133770
28518112  27347975
30135742  14699067
30127736  1206073
1574913  2506148
30133166  2915748
30068138  8396507
30135888  17813423
30132944  6158975
30133773  18195715
30135092  28301783
30136233  14834571
30136168  1252546
29910911  1694751
30136379  22539815
30133210  8236
30126893  19609205
23553407  18944668
30128638  3418128
30133437  27492191
30136501  3678869
30134841  27492191
30136158  4021851
30136649  13153616
30131346  11601974
30136856  1296843
30136900  17364127
30136258  676824
30136627  9602321
30119076  15551914
30136907  1665147
30137015  15454220
28526890  9602176
30132075  12618915
30136470  17371334
30136464  9977045
30135941  18930709
30136881  4042434
30137220  30132689
30137634  25994594
30029502  29271440
30137880  27163375
30013242  5415604
30072382  23280692
30138053  3698200
30138123  14220321
14933781  9674943
30138132  18174511
30074498  20563772
30138102  3982470
30138257  3457370
8975202  5490824
30127303  1948978
30138441  24812679
23241070  7228229
30126197  18230868
30126197  29201953
30126265  616645
30125498  1451138
30138460  29140402
30138496  218384
30127417  4560797
30127962  9413402
30138138  4032967
29173956  26696717
30138654  9282354
30138708  6771938
30138750  24716592
30138846  2946656
30138843  3213610
30126371  3744178
16689709  1191113
30047707  17627104
30131351  10629397
30139315  7862233
30139430  845021
30133438  7572335
30139574  24091046
30012680  3829602
30136732  30128395
30138886  5767228
25584717  30128395
23724013  30128395
11498839  30128395
21242435  30128395
30139825  5300962
30139622  1495407
30140066  5349624
30139905  9387267
30137383  626
30139976  3003145
30131999  19461521
30138020  11272437
30140323  2485423
30140305  18503333
30140458  11737661
30140518  13517618
30140498  19632093
30129763  13420958
30139870  30008335
30140739  4660142
30136987  13102045
30141020  28585791
30141050  7949705
30139030  30091773
30140817  12868808
30139943  11321491
30135830  5581886
30141189  3274775
10793520  3305561
30141236  2167916
30141244  30139980
30141418  18050071
30141559  2432669
30141601  4261133
30141687  4261133
30136584  13312582
30141849  1449805
30141593  25795035
29961754  29305018
30140483  30136626
18391820  3386667
30142332  4660142
30142353  30116881
30142227  2354336
30083495  4789837
30142437  2973202
30142583  28920666
28511829  25607247
30142831  2282444
30142845  13893889
30137593  1459656
30125667  30128395
30143278  18050071
30143352  24080785
30143436  22539815
30143436  6801283
14244775  22539815
30143463  5710485
30143448  1487845
30143470  23802659
6420182  3386667
30141518  1014861
30142935  9021306
28606614  9021306
30141847  16511384
30140711  1101750
30144372  29926485
30131040  5583487
30143800  2219786
30144474  11021932
30144023  19083357
30144607  28132869
30144637  1817792
30144199  15596679
23031481  23020493
30144757  28012384
30106227  5082452
29908984  16657778
30128308  2016901
30128308  8533202
30142939  698223
30143160  30140601
30145174  11321491
30144898  7195805
30145358  29326670
30145147  12573816
30145517  14227388
30145492  4157644
30080920  28319376
30145635  761361
30145643  28216681
30145838  12118752
30139482  30080264
30145900  4660142
30140979  5115199
30146206  1279774
30146318  3127429
3766976  750486
30146683  20262225
20174305  30140034
30146556  177506
30147086  17498216
30146919  11922383
6143402  2900881
30145833  11871520
30145206  2559527
30141888  5296959
30142040  161224
3872971  5557955
30139997  30133460
30139726  24041094
30140147  761341
30107476  26067096
30139105  3799038
30135709  4842684
30054554  3693626
30131867  1585525
30131489  1005073
30114806  2957066
30129418  12734721
30129067  218384
30128669  11198297
30080217  7625783
30080008  6825982
30079007  6802483
30076750  5202296
30073981  12087419
30064188  5265913
30011534  7752140
30039215  14005549
30038312  513832
30035680  15384486
30030201  2784514
30024622  16517191
30024587  218384
30024587  18638855
30023560  37335
30021938  218384
30021854  218384
30019514  6223023
30147268  12422660
30147294  218384
30140905  3577641
30147317  252703
30147103  10851906
30147501  30133490
30147428  53513
30146138  20563772
30147920  218384
30073618  2734025
30148143  24253584
30148078  2113795
30148248  513832
30148065  3715851
30148284  13670991
30147939  60174
30132804  20002503
30125474  18664579
30148539  16620222
30148103  142003
30148555  1365748
30148686  12573816
30148575  2973202
30148699  6935345
30147824  3807709
30062360  12738322
30128735  23418134
30148832  17627104
30145634  3230146
30148890  3121979
30148980  4532147
30149046  60174
30142946  30010406
30149337  7343121
30149180  2939073
30149605  336859
30149647  1373164
30149918  240178
30149802  11629896
30149889  5210535
30150005  540396
30140969  9634230
29961648  29942368
30129702  2790027
30129702  279170
30150123  995255
30148887  6115896
30146596  2784514
30146555  2784514
30150599  5446939
30149648  18398340
30150610  15913417
30150516  12769982
30150590  25337676
30151097  4660142
30150485  4261133
30151243  1897555
30150608  4477127
30147988  29175585
30151301  310870
30151516  4660142
30151736  13519965
30151744  14220321
30151314  8456538
30130631  1801017
30151906  17098515
30151916  10661545
30151992  12263715
30148177  636383
30151684  30150358
30151922  8906722
30152386  11312737
30152399  4459379
30150414  25766488
30152407  30151478
30152501  28329498
30151969  22937618
30151816  5373198
30151335  26653637
30152640  28148395
30152607  27028813
30152877  16625507
30152894  750486
30152906  203198
30147193  5618499
30152680  5410757
30147272  18994685
30152464  17317760
30153147  203198
30153096  17762032
30150033  29959792
30153216  14220321
30153407  725770
30153527  13042008
30153588  7395542
30153522  1874049
18713903  18628745
30153725  5490555
30153505  4261133
30149055  30015951
30153732  9985912
30153869  11438307
30153910  4261133
30149333  47752
30154127  19802502
30154212  17894376
30154178  16959576
30147879  18206361
30154317  8253789
30144634  1185802
3211156  858980
30154266  29661790
10910510  520328
30151683  2257170
30149701  17953667
30151067  2503562
30151585  17251854
30154445  13573676
30146465  55828
30154639  23767241
30148796  1090282
30154676  1144783
30154523  16041729
30154864  12573816
30154905  5486789
30154561  1829593
30154992  16662727
30155066  526728
29977914  2128542
30152549  3296893
30155158  14468659
30155371  4660142
30155347  279170
30154674  27623383
30155470  14220321
30155591  631783
30154014  10988807
30148849  588004
30155535  7220681
30135761  25693130
30151725  82726
30155336  4732544
30155842  1814953
24894580  4622600
30155993  509211
28320127  3076414
30154820  8378670
30156277  91817
30152161  791328
30143568  13997001
30056913  13751
30156689  12224535
30156672  513832
30156702  23348992
30070489  16913668
29813375  12662851
30146048  15685181
30157148  8120914
30157037  21012385
30157266  123198
30157304  1504717
30157263  29076525
30157249  2503811
30157387  9508518
30157547  3396754
30157621  15439919
30157621  2973202
30157688  2275004
30157739  15112125
30157923  12547201
30157732  7598088
30157834  1732348
30158171  12345569
30158244  218384
30156607  24329395
30146755  6826407
30158304  21979221
30157914  4535328
8774425  3384504
30158495  17768200
30158553  218384
30060084  6491769
30158664  3443043
30158743  750486
30158545  2731500
30010971  30008101
30155478  1665533
30159123  218384
30159188  4660142
30158904  22516046
30159574  2415239
30159724  5004233
30159610  1101508
30159976  513832
30159995  3239598
30160018  29577775
30160171  3571223
30160427  3309188
30160518  29515165
30160669  25879705
30130012  20881484
30161076  5777131
30161061  10189963
30156659  21139757
30161271  30022855
30160303  218384
30161060  12769982
30116889  16824853
30161799  16362930
30159842  3520688
30161657  25214632
30161790  1026327
30161970  5145838
30161551  14451976
30159512  683041
30160306  2206065
30160133  13791984
30148842  24043279
30153765  28202882
30156601  17324576
30134400  4144529
30154023  2835505
30153080  30151383
30150730  13796786
30140456  6545066
30150669  23105433
13499445  416208
30152011  383947
30150889  28262299
30142945  30141887
30148593  23951796
30147544  24640429
30026803  3584210
30011829  15834809
15229511  25425130
15886619  25425130
29998638  513832
29997807  1555262
