5784682  5752178
5787209  3885760
5788660  5787052
5789379  4894754
4103884  4103740
4107292  2093924
4108328  4130821
4113365  221346
4113365  1238613
5789966  5789436
5790485  5783393
5791536  319864
5791536  1180852
5793476  5688215
6502600  6502113
6502819  3128346
6503570  3191147
6511560  58851
6523841  151005
6530378  1846202
6532050  6530106
6877480  6862348
6879616  3837032
6881943  6875445
6883913  152313
6884449  4437715
6884981  3899631
6886138  3521254
6534186  6531627
6535558  4754208
6540938  6540673
6544433  6408077
6547056  4164451
4117502  4117434
4124254  3527203
4126869  25785
4129534  2238428
6889814  188414
6889895  1232097
6893273  5827008
6900459  6434971
6906892  1240852
6907526  11246
4130913  204877
4131006  4131302
4134264  2251283
6685092  4410873
6692880  3496982
6692880  5005115
6693951  5391089
6694387  6682386
6643835  1331505
6643903  12573816
6646725  6764757
6647286  5497937
6697695  1367454
6697695  3737139
6698631  6349617
6700417  6591604
6700753  6270004
6703862  967096
6559358  359494
6559358  1139154
6561481  6561429
6565138  206170
6565225  6565133
5619663  713938
5620281  5190091
5622335  5617683
5624825  5124835
5627215  5614412
6907747  2017968
6912223  4181872
6918192  712791
6924961  8028957
6927416  6694956
5629398  5628768
5639372  5637799
5639840  139926
5640426  4400325
5640426  4952554
5645463  5214344
6918293  6917823
6919006  308276
6921178  6906935
7071504  7060392
7073908  457757
7073908  569860
7075797  793924
7075848  7074083
7076166  1069095
7076698  7076321
5666873  5663128
5669388  5662190
5677530  3445070
5678798  159802
5678798  206154
5679134  3160113
6922007  6912092
6924488  753292
6926794  751849
6928532  683310
6929432  4984386
6930468  14530
6530104  6530085
6532705  1046635
6534175  2962927
6540393  1559751
6543135  34571
7076852  240152
7077234  810212
7077234  1680898
7077234  2030255
7080778  3577641
7087462  2894550
7091773  4038125
5899541  251403
5902935  5881676
5906276  5473
5907812  57708
5914832  268338
5916921  3879463
7096154  7088877
7101051  7100114
7102069  3156434
7102520  491376
7106531  15142
6546386  170921
6547088  2160476
6547552  6537448
6548715  1013239
6550953  5555063
6791372  6094403
6793771  3308519
6794371  1113819
6798792  6786420
6798792  6798445
6799226  6796812
6802268  3527496
6803931  5424236
6803931  6803852
6565940  5461768
6567246  5959579
6570020  2172152
6570503  6569414
6573862  1719048
6582471  2174728
6586617  237061
6586866  884007
6595990  6578778
6596975  90924
6598249  276524
5891555  739241
5895842  2766041
5901058  5901041
6617267  3199727
6617969  6497880
6618618  1470488
6626757  856885
6638959  4285855
6938792  6922712
6940521  767372
6942036  5430200
6943306  6958020
6945735  215255
6952830  1139160
6958069  371460
4138058  232736
4147918  257331
4151705  4024704
4156249  4156176
4168703  494163
6647797  3724112
6656178  2322355
6667431  3371039
6669746  6470651
5683053  5682813
5685500  199333
5686061  5686572
6671375  5460129
6680660  6641719
6683411  2896689
6683411  6433339
6687305  3577641
5794242  1863790
5799858  4215698
5807431  204310
5809320  1661466
5810988  4843809
5814532  332039
5815451  4186746
5816872  2485257
5817723  5816327
5904652  3930339
5914319  924389
5916691  5916497
4169503  588004
4175705  4175623
4177877  4177662
4180642  3675335
4183000  1351847
4192917  43021
5822603  8399417
5827317  5805823
5827700  686995
5827870  5026105
5833269  4780994
6651327  534894
6651408  460644
6653899  697108
6655052  927358
6655052  1270514
6659081  6659024
6693896  2208912
6707007  6705191
6709883  6603917
6719886  6719580
5686286  24853
5687983  200279
5688290  2034575
5694642  3324396
5696464  2412947
5698936  5675151
5918520  1396443
5919899  5914238
5929109  5865189
5945385  5891785
5947343  298976
6704498  6695749
6705748  6699738
6710328  148681
6716344  2207839
6721595  6917709
6723246  98449
6723281  995918
6724367  668694
6725904  291340
5705563  1105990
5711904  4636146
5716116  3763978
5716277  5216172
5718038  275689
5718549  4471514
6406986  343061
6408615  949433
6409551  6385204
6410764  4419785
6417146  4840420
6419954  6398957
5726680  3465465
5730956  1760518
5731435  991142
5734107  147181
5738987  1519349
5739655  5739060
5740323  1114287
5743374  3361036
5743374  4723747
5743374  5182273
5744553  5744281
5758257  2923957
5758568  3844514
6498258  70689
6498960  4133164
6499109  1952839
6504038  6101728
6504640  125113
6505040  6494689
6508233  1848176
6508233  3600945
6934653  2634159
6934653  6556853
6946434  6945850
6952399  1598954
6952399  6929957
6556003  3405329
6556003  4904920
6556069  2714400
6565000  56974
6567142  11674312
7108386  3528568
7114619  3773857
7116142  634745
7120168  4407818
6962156  6552712
6966670  6966535
6968765  3172166
6976689  202079
6728662  6639812
6728761  4712289
6731255  6722607
6732205  6666169
6740393  4565942
6744824  6743983
6748317  6747919
6749153  6553691
6420647  5999641
6422587  3427345
6423153  6416951
6426195  3622455
6726234  6724049
6729471  822182
6729846  6726389
6426370  6425696
6431811  3520285
6438465  6438502
6440746  3642129
6444554  3694620
6447489  5332999
6450740  855759
6450740  1316002
6960406  217776
6964733  6964731
6966724  200640
6966724  2185320
6970549  6970100
6976616  6974025
6977454  772600
5834686  2220547
5837077  5836817
5838383  1768023
5840672  5840210
5841523  4137785
4209572  4120677
4213866  6166
4222983  1319903
4226477  885597
4226634  202723
6671247  6665931
6676527  1513583
6688276  246930
6707781  6705051
4236673  2586596
4238302  4238144
4253792  4253027
5761251  5760774
5761983  4998239
5764341  1736295
5767442  5763935
6453471  6446904
6455450  6459688
6460423  127803
6730757  6730529
6730757  6731231
6736505  1717444
6736798  6728514
4258465  4252384
4265167  2397984
4290703  326060
4290703  2698767
4290703  2828154
4299877  4282823
4301499  103407
6985410  436852
6987865  5666134
6989418  494035
6996204  6992529
6996889  2582634
6461627  6413035
6463831  6438346
6466673  181214
6469949  121385
6471689  6437164
5767531  510269
5769003  142789
5769328  5769068
5771986  5732878
5776330  5775773
5781278  2419749
6739806  464417
6740299  183702
6745715  5240888
6749459  1271777
6751302  6638713
6757790  6843309
4305493  128965
4314860  3402466
4315646  600079
4317318  1919626
4323427  4316520
6998646  2530
7003373  3323113
7009074  6974561
7011010  6060029
4326435  186338
4335909  556133
4345855  4345465
4352421  2611246
4365439  442026
7013537  4075169
7015924  2128927
7018898  6807119
7020923  466521
7052258  2186933
7052258  2455963
4376721  4124957
4377207  4376962
4381051  933206
4382537  2134511
4383959  769
4384352  2138
4392976  4392974
6979104  2730411
6984720  5024126
6986147  28637
6986147  2923283
6990134  1215330
5842344  3828385
5842344  4914750
5849547  2545103
5853857  2004790
5855895  5840869
5864685  2799097
5866059  360748
6709032  47980
6715769  4258124
6717926  1634782
6718077  28395
6725163  2675655
6729522  5715174
5866123  5865789
5866961  1638223
5867242  5866134
5868731  1939
5868731  1294214
5873879  4022866
6730324  34093
6730458  3325208
6740854  6754583
6569078  6565592
6572186  2833396
6572186  6536275
6581248  6580597
6585247  4338095
7120822  14762
7123461  3913355
7124112  7172420
7127791  4214538
5786065  3330938
5789945  5685568
5791056  371875
5794071  4367723
5796761  456211
5806907  3700971
5806907  3737769
5815145  5829295
5816867  837488
5819582  1068284
5831507  2056
5838877  5832944
5845411  5845530
5847008  1302567
5849080  161342
5849759  5842576
6761735  610406
6762071  6761501
6766952  1916711
6772281  6771745
6783227  445910
6806237  6805918
6811726  5025340
6815899  2928002
5849802  5847354
5851874  5849438
5852342  375351
5860980  5860482
5862570  5076285
5862652  655065
5862652  679571
5864706  1062578
5865242  4050905
5868343  3048732
5868361  5868172
6767296  212528
6772848  2001617
6777124  5536476
6785973  5299219
6789385  3382954
7130382  4486048
7131799  6902494
7136548  7114614
7139420  797419
7142014  7070448
5876117  5873816
5877236  5037766
5880763  1815172
5880899  5749319
5882099  236129
5949801  4194207
5953602  2927849
5957396  2453908
5958725  2602612
6514285  1231104
6514285  6495738
6529710  517923
6529710  6525993
6532067  4317810
6535541  2694411
6538534  1469280
5919661  5854542
5921902  5922143
5922069  1263711
5924927  5922825
5926064  1404268
5929608  1468640
5961433  1600526
5961454  3507148
5961740  3610936
5970957  3769781
4395155  87422
4403986  3828835
4406194  487048
4407330  3499186
4409009  3412933
6790167  264307
6802260  1114287
6802335  10412
6805936  1058991
6806765  5761333
6816108  1880172
6819716  388242
6820052  1519696
6820052  2392393
6820052  3820666
6821715  4654878
6822422  4589237
6829944  3288367
5871208  2431310
5871551  3527496
5880900  2652998
5883240  5882627
5884844  512720
5888638  1138460
6741354  3530946
6741354  3722370
6746285  6594395
6749914  5678177
6751950  1245869
6476233  46586
6476233  5702163
6476433  1727958
6479820  2374416
6486661  6486272
6496732  4023830
6504586  6483181
5892182  5892016
5900163  5164211
5905779  2058210
5907201  5674449
5914110  2048718
5914110  3204349
5922952  5606839
5923552  5852863
4411674  2553333
4413139  74884
4415761  4396849
4432859  2117689
4434145  364941
4434145  406081
4434781  4424583
5972736  5727
5977009  5977655
5986683  125319
5987712  5987286
5987712  5987924
7053062  7051034
7053262  5727254
7054564  1026069
7142028  910882
7143568  251781
7144185  6993325
5890242  70579
5890659  1242755
5892731  4076936
5895203  721549
5895956  4471850
6991229  657562
6995943  6973583
7001989  6974561
7013421  5329818
5926878  5921026
5931715  10425
5931715  3389097
5934073  5930649
5935302  5934966
7026159  406485
7026668  3136505
7031169  5424716
7033220  1317486
7041606  7044412
6542827  295104
6542827  1277572
6543229  788482
6544065  6770350
6587021  2550624
6587791  6579215
6590272  6524262
6593780  232570
6755530  2708444
6757817  6742697
6760959  6675864
6761661  188688
6771306  6762698
6774863  6567088
7055300  232736
7057772  1895110
7058006  7057633
7062069  5241723
7063941  40730
6545401  2308850
6550568  449851
6551253  6464828
6565708  6167820
6569486  129389
6788794  1417957
6799689  3577641
6801026  1859072
6778994  495021
6778994  3749099
6779645  1057425
6783723  3384504
6783723  6771406
6786197  1522874
7144503  7146519
7144818  7126064
7150269  2861
7151988  7025996
5932229  5919720
5941189  4869373
5944448  975134
7072612  4716503
7075139  7074581
7076841  164926
7086920  6009078
6807301  6805107
6810416  4824068
6811713  3568222
6811827  4172722
6786597  3228809
6792598  5233058
6793649  6706819
6795255  6739453
6843516  3577641
6846915  4536090
6855714  90924
6855884  6855679
7160097  7159434
7161565  7161627
7162951  124326
7164691  7059334
7165109  572897
6505781  6467277
6514112  4738480
6515375  1557543
6519485  6519118
6522127  4461597
6527884  250692
6534291  457568
6535261  147210
6535261  6471210
6542592  239136
6542592  1912599
5989984  4917811
5991570  5991527
5995350  394809
5999051  151472
5999301  667429
6000930  1851920
6001016  794128
5936188  5788117
5940743  5938115
5945955  2902360
5947684  2238640
5897258  75746
5902491  263116
5907120  5594116
5908405  4146576
5913472  5912880
5923147  2881199
5964218  2809635
5964218  3346178
5971473  1699897
5971988  388242
5974063  3997289
5974545  5975733
5925321  5906346
5929848  730133
5929984  26305
5939995  5939063
7041899  2973202
7042099  4044275
7051525  511752
7061285  2928002
7070922  1653753
7075959  101268
5974813  669019
5979994  5975413
5984624  2100490
4435188  257212
4441233  7074
4445834  232848
4451543  38709
4456173  4455837
6577289  6567095
6579210  3245021
6582003  6578778
6592663  1736753
6595273  618535
6598330  6587525
4460017  4455873
4464697  3450983
4464861  692428
4468841  311696
4475786  1635549
7076940  4530262
7079905  636932
7081284  2973445
7081477  6715468
5940578  54566
5944254  1681679
5945343  5608759
5948632  2736784
7084349  620137
7087934  1477232
7097058  642154
7101204  7100757
7105441  2276200
6544962  5626538
6545157  3293279
6546659  1045430
6548433  51470
6560129  6561005
6802498  53002
6806241  56222
6807928  287543
6810485  65512
6821532  4585086
6821718  356846
6814946  1600218
6816325  231491
6821119  6526865
6825924  2842357
6596152  6595326
6599687  5099491
6605005  143397
6606884  190543
6857245  2253168
6863997  162291
6865474  6864110
5949674  5948273
5953418  5947552
5954911  3054347
5954911  5869925
4481066  4480926
4482152  12824899
4484474  208054
4486382  509211
4486589  170921
4493184  3944083
4509360  3767794
7089294  6950019
7093051  2038151
7102628  5355846
7119493  7120207
7119961  521040
7123888  3453085
7126879  4011267
6002116  3009730
6004681  1416585
6008468  128038
6009497  88740
6015227  5977358
6017099  5651668
7169303  7169255
7172915  7172049
7179799  526556
7179799  1319903
7188756  7188719
7189092  7176301
7194457  3682615
6796055  1491325
6799399  4973777
6800035  6581922
6800735  2000582
6810059  6765561
5950640  1045803
5953095  1610030
5963740  5626787
5967050  194812
5974870  3002110
5976274  5976489
5959720  2032818
5967883  450009
5967940  4723824
5967940  5342857
5973699  3569933
6561265  6420656
6561733  2385829
6574510  173726
6578756  4104154
6580219  6579305
7109685  1963686
7117507  1643007
7118009  3452086
7119581  6850368
5991867  360751
5992803  5990622
5997283  5997966
6001227  2404190
6005690  2429934
6866971  6847541
6869554  6829641
6878378  4516403
6883049  520031
6883726  2163036
6884619  6885287
5991576  5990292
5992044  6068275
5992461  5937757
6600404  1586592
6600753  69913
6609111  4998908
6613557  336859
6613557  1013385
6613634  1022597
6615672  3145511
6623989  6612056
6628067  6628919
6631984  750267
7125504  7123786
7125704  809538
7133728  447942
7134462  7132964
5979690  5978737
5986242  1904097
5986749  3991673
6884653  3502493
6886457  1035634
6886525  6889711
6890576  3024372
6017271  60121
6023589  201323
6023589  1903356
6026078  1190875
6026231  3614663
6812603  3378696
6812603  6802095
6813067  6807525
6826588  3598549
6833540  2475652
6835597  4421020
6839475  5199630
7196780  659647
7200256  7186435
7201056  4863072
7201574  25458
7205335  4316301
7132112  7132092
7134984  2764017
7136354  2632005
7140919  2784418
7143791  7165579
6823504  6393257
6825161  6825736
6829255  3492676
6829555  588004
5987153  1980953
5988782  289727
5989382  3275990
5991072  3724822
7134828  7074623
7136527  1145208
7137670  3898655
7137963  6361014
7149102  5031111
7149495  2292629
6028269  6027196
6030256  3354092
6033668  844195
6036021  1968787
6036021  3678792
6614978  2856571
6621479  3205792
6621479  6097119
6627295  475152
6627310  157944
6638057  1494713
6890712  3510646
6891614  5700532
6894256  7940
6894715  554314
6895158  6890384
6641414  6635659
6643922  4733851
6644071  6643889
6644807  672618
6644807  1121971
7149561  6160214
7161234  1102984
7164680  1458633
7167645  2816715
6841064  6839876
6842485  6847541
6844321  6843980
6854917  75746
6844981  218798
6845867  186523
6845867  425988
6850197  3577641
6852669  6740197
6854842  5799320
4512075  1792326
4521728  502250
4524779  149118
4525536  4525426
6860258  383938
6860658  199045
6866323  32149
6871739  289397
6872875  3627107
6019057  1138460
6024037  481970
6025087  4814668
6025623  5972149
7205722  294138
7211437  2057492
7212606  2839586
7212624  7212437
7213692  3268292
7213692  3862842
7217117  65512
5991297  1413154
5993619  6003439
5995291  1891444
5997095  5985486
6004826  385975
6580292  790558
6580628  2518232
6584806  5944760
6585376  439301
6585431  1987689
6587503  747296
7168788  222463
7174540  2825297
7182755  3835759
7183621  6639688
7183857  7181790
6037710  6063259
6038195  6035970
6040301  6026569
6828732  1442926
6840682  6840486
6855497  448023
6860806  3058897
6869537  6812777
6874867  9508518
7185034  6828351
7185663  7175699
7191150  185204
7191150  4603850
7203241  4003791
7203820  3919291
7207864  5150554
7214909  6506897
6877607  6850836
6879565  4081997
6891422  5654278
6891440  6490257
6633190  1310378
6633190  4094012
6633190  6633197
6633290  6633197
6633390  215255
6633390  5229850
6636064  1396529
7145514  1873983
7146114  1019036
7146816  1126905
7153972  1586003
7157227  5564396
7163762  7173465
6875347  6864681
6881014  837831
6885443  1885557
6888466  91784
6888466  3746616
6888466  6841354
6888551  130763
6858812  151969
6859095  6846591
6865026  1669
6865598  6808443
6048355  5575112
6050695  6048993
6052567  6053030
6059268  372370
7217618  2155688
7217618  5996727
7218639  7218514
7220176  3577641
