29997042  513832
29992534  6359847
29990001  883060
29986919  2782066
29957478  218384
30162209  20043347
29932841  28514346
29930784  2367381
29923918  1625234
29900696  7521218
29891892  25220340
29890392  504904
29885567  335600
29882592  7523911
29880172  8921987
30162414  8028957
30147358  29583849
30162969  3243348
30163159  1450774
30162877  12769982
30163231  253492
30162262  6468024
30163334  495021
30163361  6159900
30163446  3577641
30159677  24095875
30163110  1128150
30163353  4421706
30095941  30115944
30163823  20856
30159011  30157151
30163445  7043794
30164070  3174358
30164519  8270612
30164557  5347986
30164229  4322718
30164028  14431731
30164689  6297279
30163219  10843428
30146214  4146300
3128985  1354999
30155765  17613487
30165185  2932566
30165285  28006637
30165075  4328947
30165460  19671350
30165569  29845451
30165310  4399549
30165827  9562218
30165329  18518855
28006637  21109057
30165063  5051784
30164352  19757300
30166220  4660142
30164124  27561926
30165663  16951080
16900298  2040240
30165512  24644436
23592734  13430720
30165749  10513604
30161387  18050071
30162393  3862800
30166905  10117477
30166590  30144896
30166983  3450420
30166579  10256061
30167518  8735280
30167497  1120140
30167271  11696060
30163694  26335451
30167350  4045253
30167154  19381405
30167712  2004168
30167648  19854506
30167897  203198
30167968  2785964
30168111  3350385
30168180  4261133
30167829  30156635
30168610  8028957
30168481  7341658
30168634  1565600
26067972  16981921
30168538  5913576
30168709  24001778
21079849  12373538
30151442  12585549
30168814  1708444
30168675  609517
30168843  11864410
30151954  28648740
30169259  2011519
30168744  13308944
30169138  3499538
30169396  218384
30169083  13127688
30169593  14220321
30169398  12573816
30169717  1998544
30169720  12573816
30162618  12045581
30145138  65865
24841482  16108103
30170114  20449427
30170050  2647
30170401  2973202
30170372  279170
30170578  21911733
30170358  534690
30166286  8207325
30170842  798553
30170649  8708118
30171203  30141510
30170894  6441218
30171185  15681735
21307163  14123243
30171485  2215354
30151082  29780956
30171777  4261133
30170493  19730598
19994770  8131846
30171710  7062882
30014272  21924074
30171014  1673841
30170365  4192203
30172195  11381497
30172011  808963
30172336  5893163
30172679  336859
30170793  30051339
30170551  1121600
30159242  11475670
30173073  18050071
30172033  2340406
30173186  11321491
30172613  24889638
30173338  2402008
30173541  12664897
30173622  513832
30173646  289362
4344017  1720421
30173797  21255138
30159593  18253210
30173645  15410954
30172758  7860652
9282354  12573816
30173841  495021
30173989  7971292
30174061  6658752
30164205  1395528
30174509  14220321
30174548  21259942
30174655  5459444
30174793  2745265
30164218  14101310
30174956  3705937
30174917  8862023
30174704  4130027
30174553  30172967
30175165  610245
30175211  5704634
30174801  26773189
30175399  19403829
30175510  4261133
30175472  11321491
30175251  21739839
30175287  347358
30175657  4582137
30175393  6697753
30133608  30172963
29883063  29880292
30176216  18050071
30176170  89056
30176394  1917045
30176226  16317396
30176686  13049
30163190  1665533
30176842  2094797
30176724  218384
30177016  5467129
30177085  4816698
30177019  1050989
30176836  8028957
30177341  13634633
30177340  30173808
30159408  14003117
30177405  8257714
30177222  30174782
30171991  11137075
30177702  2545544
30175957  1986764
30177772  11887934
30177758  24900875
30177777  12573816
30168759  1186107
30177842  16197135
30177841  30152150
30165813  9130749
30178326  30155608
18350649  22589245
30178221  193182
30178364  203198
30178494  1795176
30178459  20172518
30178769  23667086
30172163  25721884
30178913  1556874
30179123  13664659
30179440  28890492
30135224  4261133
30179264  6354315
30179666  15141762
30179742  18050071
30179807  10748253
30179941  4195970
30179994  18050071
30180043  4062022
30179803  125619
30180214  3760152
30180184  16148580
30143045  14021208
30178710  888599
14346761  2389156
30166659  26364315
30177181  5957560
30133481  5311163
30179369  23667086
28363416  2201925
30180286  11321491
30176145  7772566
3922554  534648
30174126  4538484
30172771  11434431
30171694  16296145
30165270  18508743
30163144  20616319
11700193  665563
30166303  21926397
30165319  2302802
30180340  14220321
30180384  11054028
30179850  21562659
30180350  3829631
10365453  30180417
30180177  10597828
30180599  17776544
30180558  5038040
30180360  15655012
30180967  218384
30180623  513832
30181117  26519870
30181282  10704670
20263426  6491210
30181425  30181077
30181391  28935679
30181760  30115074
30171996  30168148
29556836  29535944
30182431  1286831
30182822  19697616
30182744  7829113
30183004  513832
30183087  25337676
30173076  9907160
12409881  9501799
30183430  203198
30183377  18507067
30103011  30081398
30174287  11893678
30183537  218384
30181634  9137157
30180675  767999
13225982  8207325
30183914  203198
30178961  218384
30183426  11354373
30171443  1120140
30183648  2591098
30123443  8587341
30184178  2560262
30184305  203198
30151757  26933683
30151686  19889740
30182867  2448213
30184733  12573816
30184646  11054893
30184646  13193071
30184601  25259488
30182140  7133151
30184752  24773443
30161220  30019591
30185638  359494
30185583  11794369
30185726  15475695
30185747  4931545
30184418  14720923
30185851  4765789
30185576  9501604
30170891  26212198
30170606  5082452
7979561  1474030
15433058  12144158
30185522  22730220
30121036  5894946
30075259  29775357
30072683  29775357
30185861  24927193
30186560  23512553
30166242  1740274
30186609  3577641
30187003  14391327
30186656  2839321
30160046  24244684
30187013  12311926
5741699  1529002
30187658  924485
30187508  10928677
30187745  30165300
30185571  12201090
30187557  885009
30187557  16642604
30187966  3577641
30184546  4937180
30187746  24122886
30188016  8906722
30188016  9455271
30146509  4660142
30188207  8909652
30188293  8763125
30188435  40480
30188079  1577475
30188567  4660142
30167669  29405141
30188657  3106452
30141716  12769982
30188672  29822309
30188860  491595
30188961  12807263
29059674  12769982
30188585  27344741
30189044  14084222
30189011  15757665
30189287  4660142
30188765  21087979
30189129  20260458
30189618  6674669
30189606  5192512
30183271  4481708
30189760  11355623
30180658  24644436
30189161  18050071
30189849  240178
30189150  4543936
30190009  3842614
30189827  18093928
30189827  7008877
30190153  10309968
30190203  1560788
30190376  11306736
30182103  3945583
30184831  18297120
30190832  3394835
30190753  30185812
30189619  20594093
30190398  588004
30190954  11570356
30191318  6579986
30191302  18362368
30191236  1769332
30191555  29096643
30191969  6441218
30190931  30188301
30192172  7194326
30191100  19767752
30191326  8054461
30192243  403421
30191234  28576173
30192464  17498216
30192416  2504071
30178378  8355064
30193083  1416697
16758734  4007382
30192678  6373145
30192436  9109831
30177452  49002
30187570  8619406
30193279  14832741
30190616  1890690
30192169  8634156
30193607  513832
30193831  19361663
30193641  2041778
30193821  740358
29528851  29406533
30184623  40480
30186183  16461345
30126357  27424848
30193849  11489428
30193970  5057990
30194109  4049773
30194069  4488716
30193915  6261126
30194122  12259323
29605408  29623987
30194250  7265315
30097461  30086869
1460540  1163984
30194353  513832
30194559  17498216
30194685  1424510
30194877  4751972
30194861  18050071
6338025  6066901
30193244  3510614
29675274  18656808
4010322  403421
30191469  327429
30194095  29813803
30195170  533905
30195146  2630392
30195215  141545
30195405  23047052
30193966  12592913
30195318  21137071
30195114  29080650
30195591  625799
30195601  6933763
30193183  5751495
30195815  12859942
30195052  19425714
30195836  28097620
30195997  203198
30194153  27612996
30195978  4739903
30195847  4660142
29883982  29883823
30196635  17103157
30192553  2376250
29883499  29883377
30188275  11673335
30196709  5660437
30197003  17498216
30196851  2221304
30196787  9391838
30197071  25369903
30197299  9277661
30194775  25881041
30197470  30190082
30197495  1132941
30197659  513832
30197570  20782534
30195635  30180530
30196329  4660142
30196329  13718188
30197384  18194255
30197793  3331762
30197919  11321491
30196117  29847703
30197920  30173427
30198096  24644436
30198061  509211
30198095  18337407
30198248  12992393
30198251  838177
30198325  7230808
30198272  7034971
30197909  4244896
30198029  13050846
30198160  2559527
30198496  11407501
30198316  9415282
30198800  11317172
30199004  9508518
30198809  25976909
16158883  6922187
30198861  690151
30199313  3873215
22959453  30199130
30176833  27791532
5782631  4418
30198548  26607834
29984552  29979370
30199577  840501
30199392  18050071
30199139  7108668
30196775  1718389
30199608  676721
30199551  5589067
30199585  5525795
30199792  23223090
30199883  5313322
30197573  11616835
30199884  3413544
30200081  10825926
30199217  12045600
30196101  4026021
30200241  6846191
30200620  1673071
30135973  7878730
30200513  23380171
30200234  18389298
30200794  1494953
30200874  8163746
30200826  15650376
30201133  13728430
30199697  14404139
30201092  10278513
30201482  3698043
30201406  2430655
30201428  4453001
30201717  4660142
30201174  19868976
30201660  271526
30201601  13174314
30201052  15308747
11888892  104601
30201141  11616835
30201457  129077
30202209  1009860
30202392  7455374
30202565  26892772
30202516  311165
30202652  495021
30186582  14659023
30202647  4298654
30202725  19942953
30202567  17498216
30202163  7778902
30198387  1107737
30202996  6390341
30203339  8961478
30203518  11321491
30203472  1577475
30203553  2414150
30203776  37073
30201572  11321491
30203722  9508518
30203892  14421718
30201988  24644436
30204151  1882762
30203514  4359869
30203967  30173085
30203835  7050798
30204464  750486
30204497  25754942
30204709  6166667
30186224  10815453
30204705  24544792
27126058  921133
30203974  921133
30205433  11654449
30205582  18260379
30205533  15899619
30203077  29661252
30198791  30147045
30205834  4772425
30204825  18248789
30205702  12769982
30206124  6378889
30206340  8055389
30206226  33242
30205427  1495487
30206390  25337676
30203063  23803743
30205831  18050071
29997705  3076414
30207167  1326683
30206830  10493084
30207271  6276358
30207188  598113
30207353  9262109
30206937  4261133
30207659  12304082
30207668  750486
30207783  279170
30207894  17414109
30208060  13539253
30208121  12859942
5969583  279170
30150709  517006
30208188  13228096
30208517  1940214
30208679  265953
30207693  1555262
30208640  7927213
30206498  19843506
24144454  2285270
30208903  8336858
30209104  676677
30209107  24812679
30209083  29602036
30209222  676003
30209261  8027323
30198420  271440
30209408  119123
30209418  3510964
30206022  883060
30209580  591094
30209652  1447376
30209826  203198
30209993  819446
30210142  14220321
30207617  513832
30185212  3650447
30210670  203198
30210945  742764
30209130  10990436
30210847  17299581
30210847  1207406
30210988  10225098
30211214  9742564
30211081  633780
30211216  14994391
30211517  14214427
30211237  9046675
20436579  14761724
30211767  14408752
30212291  8456538
30212358  14495030
30212466  4226734
30212559  145176
30211668  3173462
30204247  17300582
30212726  950087
30207203  4261133
30194463  2763714
30212899  12573816
30209276  14187963
30211623  3820179
30213449  38987
30197212  10821504
30213400  1044688
30213695  6441218
30194923  2745206
30213758  21806970
30213604  560123
30213408  15965376
30213863  10575544
30213565  8180019
30213976  30210691
30213925  5519368
30214021  4261133
30213777  22519784
30214027  9344271
30214121  218384
30204495  4912733
30184284  3880671
30214456  11998514
30214750  6386423
30136879  24567858
30214680  4660142
30213055  25571878
30214701  20698470
30214848  26478847
30214773  28993657
30205813  30196894
30204395  3537878
30194831  201323
30194831  16200965
30153630  11264005
30144550  4231382
30144550  1732348
30102339  4246077
30102339  10256061
30075634  10729347
30215200  18050071
30214700  8822810
30215539  1458633
30213048  10921684
30215509  6281322
30215746  11321491
30214643  27001604
30215673  4216745
30215766  1854
30215461  218384
30215741  17197068
30215811  232736
30215968  29923704
30216041  25850328
30216305  5596404
30216332  406121
30216234  12138298
30216419  30186690
30216180  240178
30216533  924265
30216677  29790070
30216861  12573816
30215242  28745153
30210931  26533510
30217239  871858
30216558  3403909
30216558  3437897
30215874  2145912
19350724  19345111
30217026  4505566
30216835  23575095
30217420  30190038
30202417  27795943
30217831  12573816
29741047  29590041
30003061  30002205
30217982  495021
30209516  28767413
30202854  28959993
30205798  15285944
30209876  6343166
30218475  584824
22089212  20279973
30217529  767999
30218579  9673
30218634  1944481
30218757  21413125
30218895  308364
30219165  8777257
30215817  3373763
30219187  27551032
30218583  10606373
30218695  10731375
30219554  610245
30206483  25171246
30219583  279170
30219642  28801859
30219814  19562103
30219945  18050071
30219206  13870101
30205175  29678652
30219632  26968921
30213778  13630789
30209271  27615253
30220219  17262875
30219702  28331257
30220463  7118575
30220517  18050071
11827634  11346180
30220537  70797
30214905  5647075
7118575  6439579
830618  6439579
30214879  19770888
30220604  4655143
3088098  2100758
4511301  2100758
5178314  2100758
14470973  15129137
30220057  20547819
30218924  3080421
30221225  513832
30221138  12093319
30221171  24644436
30193957  29650500
30185561  9999512
30221579  6916385
30221319  60160
24376546  15177801
30221893  15112125
21861291  12139152
30221787  30218157
30221323  8102528
30195859  1187518
30221616  895444
30222041  4059775
30217594  12774210
30215664  6843030
30222380  16783294
30222317  9122195
30222340  10349857
30220885  12660983
30222691  14220321
30222725  20035101
25291840  20035101
30221334  26915789
30222819  7392167
30213746  24133022
30223000  367545
30222975  1879255
30222435  7481441
30205019  21917016
30223159  20972801
30223238  24644436
30217593  25707287
30223483  17498216
30201794  15972175
30223548  18471500
30223779  7484210
30222509  17508413
30198318  29873439
30224126  1233546
30224229  20388130
30224016  6957631
30224627  1946165
30224612  13009675
30224612  4664850
30215025  30028151
30224685  767999
29953886  26896899
30224547  9122195
30224688  19600372
30160546  16399974
30225064  1317612
30224737  9071814
30224579  256859
30224779  218384
30225035  4660142
30225368  865911
30221546  60174
30212512  23285530
30225565  1402030
30225054  9335169
30214562  2797231
30221933  13737745
30216925  2118656
30225794  541487
30226150  750486
30226291  2631596
30222298  17964474
8574945  4886196
30226517  16600708
30226540  4997085
30213822  10240703
30226715  7869592
30218864  6139163
30226901  3391576
30226861  218384
30220955  10822407
30225058  24644436
30227069  60174
30179607  11206015
30227058  11321491
30166156  4261133
30227323  5678216
30222334  12769982
29975559  30051949
30029336  30051949
30075326  18666601
30103492  30075234
30227652  5364278
30227638  10961714
29289335  29150835
30227921  17209260
30228041  12769982
30227867  23547200
30224100  12570324
30228410  12457234
30228432  218384
30225408  24195089
30227225  2530951
30224045  4123590
30229135  54142
30229263  12530406
30224939  7096989
30229841  8757177
30223448  11916062
30229940  3997748
30230040  29667199
30230154  19269714
30230621  650849
30230672  2019339
30228558  694080
30230989  4660142
30230847  3272096
26176717  7308535
30231035  3903317
30211639  23165011
30231366  26346727
30231499  1643067
30231516  12953127
30231221  25919236
30207201  10780858
30231409  60174
30227888  4969243
30160108  28677455
30230822  14556733
30205875  4676433
30212564  29912773
30232000  18093928
30231403  1348118
30231787  15186245
30232255  14220321
30228839  19334583
30232346  1789945
30232224  10851273
30232567  12573816
30222744  29959377
30232784  1253934
30233100  8634156
23168838  22945709
30160799  27740044
30233704  1017224
30233904  742764
30234164  203198
30234114  8735841
30234114  18130025
30234322  8028957
30234345  2265503
30234464  9523197
30234378  463299
30235193  30231679
30235200  7948789
30235490  5211961
30170629  7326632
30235866  14147157
30234922  16630238
30235902  2044616
30236005  489720
30235606  22756372
30232120  30213883
30236252  9251354
30236188  5545649
30229542  24644436
30236138  14010022
30236705  495021
30236974  19995
30237172  12573816
30235219  16439936
30237102  2560946
30237232  6238992
30237291  556133
30118634  16821339
30237255  21014197
30236797  1132941
26349239  22148782
30237184  28588827
30232949  18050071
30236749  26074993
30237782  17498216
30237452  750486
30237792  11782328
30237554  17925020
30230747  4261133
30236975  3552461
30233053  2263996
30235476  14919978
30238649  19061037
30238862  209686
30238833  14920801
30234842  3495926
30238935  2612802
30239013  1328223
30170499  30164036
30238363  28646858
30213884  30211775
30219231  1056728
30238967  348410
30137585  26559904
30239047  16736856
30190092  26685636
30236176  11952819
8108903  444080
13184998  3832792
30239281  24844250
30180861  9787482
30238822  30163138
30238299  5129294
30237686  19279679
30236162  20899520
30235990  18093928
30239926  4261133
30222802  29682475
30240062  24119624
779853  611459
30240362  11777908
30240386  1713038
30240429  17256258
30240616  2973202
30240452  2731542
30240893  3602827
30032056  30032180
30240669  7574502
30240719  837488
30236412  20941539
30241044  9772036
30240943  4219260
30234231  11005286
30239844  18133226
30240348  750486
30241347  16257538
30238681  3505983
30241496  14067547
30220110  1368584
30241776  30238301
30241830  218384
30241678  113511
30241919  7237536
30241821  4965335
30241917  20003254
30238880  21310819
30242184  949433
30242099  203198
30238318  11777908
30242350  363681
30242366  28639692
30241927  5431351
30242374  11581543
30241767  19482686
30242059  21881992
30241724  10146080
30242981  5067604
5619417  5621422
30242871  3106324
30224052  1879247
