30242865  1373164
30242865  5036700
30243172  6667115
30239095  1878769
30163452  24718134
30225374  1007981
30243267  1123725
30241929  1796506
30241929  436351
30243891  1494953
30223940  4366730
30239294  8639414
30244314  5525795
30244199  7597559
30234680  7570327
15795641  786142
30237895  10718617
30243820  21747254
30239482  4910963
30234854  4194489
30244602  24159301
30199130  2587345
3224834  542938
30243305  12436927
25246606  12436927
30244728  15745042
30244923  203198
30245071  4660142
30245464  1928909
30244076  12641354
30245288  900411
30191299  18333441
30224690  4201713
30245825  3418128
30245805  1663995
30245858  6269765
30246059  40480
3971095  30246007
2441279  30246007
30246030  1041554
30246389  431684
30246078  25425130
30245397  14124610
29654591  29373286
30065371  614818
30246616  218384
30246593  30246186
30238171  305044
1811783  1500866
30246599  10242695
24823264  10242695
30213865  28235484
30223821  29121260
30246920  226703
29658410  29656223
30225926  6311779
30246321  22501114
30247344  29140402
29984341  29983833
30247576  1197634
30247491  20437067
30247674  21724326
30244513  4452610
30246550  30242270
30242677  4344906
30247788  15624312
2676436  2182716
30229786  12117195
30247763  7363766
30246981  5820238
30246145  11556493
30247870  2595392
30248012  14028959
30247456  448438
30219914  7203625
30241676  21151792
30247954  27198661
30225568  20625582
30247968  438188
30247968  11463734
30242404  4660142
30248434  11112602
30186236  16696993
30248671  5618855
30248736  2340281
30248636  18155883
30247420  24431427
30243454  15790432
4041294  3427306
30249007  3385229
30249056  30064996
30249146  208105
30248134  5210535
30249446  513832
23616478  2698460
30249710  24539521
30249304  2348442
30249812  614818
8168735  1809347
19587128  1809347
30239912  799511
30250043  4546951
30250035  218384
30249800  30241261
30248098  1132941
30250377  40480
30248118  2973202
30250621  8336858
3827456  1520800
30250820  20489908
30250767  14170647
30249096  30242862
30232973  1915636
30211104  29894064
30251362  11777357
30251454  30251426
30208973  476105
30251289  30250405
30251632  203198
30251809  17564753
30251607  1545571
30251885  14220321
30251595  4606961
30251914  7536689
30252053  14220321
30252513  1916053
30242531  4911174
30252874  7923369
30252496  15757251
30252375  4207656
30249175  23294658
30250114  4945178
30253245  1163879
30253226  27716332
30253162  11922383
30253354  4261133
30253448  4471470
30253445  11932805
30250081  8458290
30253715  29124995
30253341  3726505
30248580  12061774
30253927  7164630
30254311  19562103
30254367  16062899
30249279  944700
30254459  7508313
30254503  2945113
30254529  11464396
30254461  30239158
30254737  4660142
30254801  10648693
30245414  11026016
30255383  6493605
30255404  6441218
30255515  1511988
30255213  5002233
30254995  15644254
29556133  4998825
30255816  1389027
30254850  12533885
30255886  2201819
30256013  3635722
30255776  12769982
30256165  28877109
30255234  8104391
30252983  4535647
30256446  30254908
30256648  10000005
30247319  6972883
30256661  596862
30189162  5015732
30256400  1014861
30255862  260738
30256904  15766353
30256594  17874744
30254188  495021
30256757  14129774
30253608  4660142
30254068  2914633
30256893  13807052
30257215  814001
30257215  12037085
30239497  12662851
30257481  949433
30245476  7608145
30257607  9256257
30253861  10724428
30257730  574801
30256444  4660142
30217730  30213883
30190627  1086502
30155730  18487109
30257201  6193960
30258380  1270016
8516387  14211843
30258502  85190
30258491  18050071
30257340  92093
30245198  2381718
30257768  28054410
30258628  3017695
30256993  5501451
30258230  6153765
30258969  8409577
30258827  4611897
30255685  21739839
18851502  21739839
22543475  21739839
22538430  21739839
30259269  2167916
30258986  3302941
30256197  25049498
30259176  337704
30259176  5595353
30258954  5456120
30259504  40480
30256002  24104596
30259128  5324415
30258859  806000
30259869  2236747
30259686  24835638
30259965  5743385
30257292  1496682
30259935  1638766
30260063  14220321
30245026  5861661
30258874  26161486
30259458  1200998
30259458  816128
30260392  321294
30260028  8754980
30260426  2126551
30260483  2180391
30255988  30243540
30258504  13507763
30259061  18609160
30246473  30130673
30260864  24028860
30261138  25942098
27086078  28065930
30261327  4261133
30261389  218384
30128437  24417198
30261464  28689706
30261411  18575623
30250663  9260303
30258957  15930003
30259950  3453746
30261909  10588317
30261910  625799
30262040  4172448
30262099  14220321
30262329  24810028
30262446  279170
30259884  3418128
30262224  578967
30260047  30239661
30262798  5121495
30262724  666799
30263038  444798
30262897  520810
30263161  8025297
30257667  16801173
30260795  17939197
30263237  9449452
30263223  12390971
30263420  16256056
30263347  29452976
30263390  9959337
30260766  7650542
30263406  13018295
30255241  21881992
30257619  30255241
30264265  1026069
30264371  2989695
30258390  14469208
30264593  1024070
30259653  15560508
30255700  24709566
30264772  12573816
30264792  1788608
30254394  14220321
30264650  10675211
30263998  9792664
30265151  11091623
30248481  29472011
30265200  20966969
30264952  5404665
30265126  2973202
30264984  18050071
30265367  15763173
30265038  4618065
30265592  2057045
30264723  19404965
30264062  932300
30265141  5225763
30265772  11187148
30264757  4660142
30265958  22219766
30265985  12573816
30265993  2817869
30266072  358240
30266000  21895756
30266091  22791150
30266394  21259942
30266444  4968406
30266555  5891840
30262145  18710039
30267030  4660142
30266669  25488037
30234308  4503277
30107146  9596276
30266927  5804256
30267162  19517794
30267288  2988017
30265530  29343172
30267405  18050071
30267469  2988017
30263622  18045169
30267679  9577304
30267421  10782863
29946150  29926820
30267777  530614
30268208  2695444
30268188  750486
30268249  29711806
30239636  17678197
30268238  16710800
30268226  11321491
30268433  2167916
30267521  7520432
30267521  6558285
30268677  23207657
30268769  2662778
30268952  9656941
30269056  3435089
30268971  22026694
30268197  10171122
30269067  13807052
30269066  3556048
30269544  2529184
30268835  20172280
30268219  7489893
30266154  218384
30269661  30267719
30269704  3027559
30269847  19803263
30259612  9348639
30268750  3121979
30269032  24644436
30269622  18050071
30269977  24644436
30270051  29157
30268487  24163152
30270208  8028957
30270264  12769982
6470496  1813853
30269435  12714922
30270468  24087518
30270445  9353929
30251083  24339807
30270770  3082475
30270755  22473053
30270855  17386774
30270903  12769982
30270952  1186789
30270941  5865069
30271069  13791984
30271184  1042110
30264164  513832
30246261  520810
30271332  11425274
30271143  17843596
30271271  18979837
30271357  30235082
30271400  18880654
30271527  22844840
30269557  13506398
30259271  4660142
30269842  868997
30271534  6476361
30271154  11922383
30272046  203198
30271578  2778109
30272279  12573816
30272473  492384
30267541  29944249
30271820  18797251
30272638  30261826
30256565  18333327
30239567  8373197
30272400  673153
30270080  26151817
30270629  27342863
30269768  3134275
30273089  12573816
30273304  5202496
30272941  18229279
30273419  30260615
30273073  15722802
30215016  26895349
30273720  30251740
30273931  18050071
30272841  18422140
30273967  5919351
30269122  30267753
30272618  3582621
30274156  419119
30274419  369602
30274465  17498216
30274284  27838390
30140859  2693776
30274643  28075100
30274473  2704314
30274865  901115
30274574  746224
30275045  23667086
30267797  12281975
30275369  4312439
21737800  12347775
30275441  20940979
30275496  4261133
30275589  2494754
30275575  22501114
30275616  4261133
30121241  1296843
30271422  18050071
30276084  4261133
30276072  18949813
30276263  22660059
30207510  26078116
30276479  24059327
30276601  5082452
30276571  3354453
30276519  19896870
30276831  2274242
30276769  14917375
30276927  920353
30276857  30276474
30276925  4735342
30277117  30272143
30249676  1549801
30272456  20279484
30272456  27977525
30277052  7774814
30275897  5057990
30277432  336859
30277531  9353630
30277571  1139763
30277633  4192025
30277707  22972107
30275175  29140402
30277820  12573816
30277789  14220217
30244580  2839321
30278002  18050071
30278140  1239938
24734901  23871225
30278189  13092715
30278134  486757
30278260  16194567
30278266  1596782
25141737  30250934
1116493  30250934
30278306  23294658
30275963  3821827
30275648  1200214
30276843  19493360
30278476  14643406
30277057  12125645
30278430  363681
30278474  15052731
30278552  589368
30278694  4261133
30278852  750486
30279018  15112125
30279023  40480
30278917  1115447
30275543  9801630
30278976  30190082
30243918  30249920
30275647  1917576
30275647  8191124
30276468  30168779
30277929  3483156
30279236  1955885
30279081  1789945
30278072  9030065
30279593  11192503
30279359  30235082
30279529  1373164
9629488  8153271
30279070  19230377
30276587  22922365
30279945  2612802
30279945  986006
30278801  2788942
30280255  1239938
30276350  4194207
30280668  798545
30280641  25499541
30272236  4140448
30272236  13843294
30280654  434761
30280856  1663807
30268414  218384
30280758  3296893
30280758  14017996
30280980  4244896
30275117  513832
7775179  10724428
17889993  10724428
30280852  28734277
30280736  20671307
4566587  9069379
16050051  9069379
30281066  9069379
30281163  3367561
30280592  21976070
30280653  29736089
15497065  9069379
20117429  9069379
16824832  9069379
12891933  9069379
9357377  9069379
6938165  9069379
9296030  9069379
30275206  30107011
7881850  9069379
13764497  9069379
16886825  9069379
9249166  9069379
20368845  9069379
30279217  12407778
30281192  23306658
30265497  574594
30281587  588004
30281042  484462
30281453  2623118
30281644  321068
30281697  14220321
30281908  12573816
30282200  1559770
30282245  2033912
30282526  21537025
30282333  3126972
7285952  4707012
30277029  21247781
30281937  29617291
30280451  1036856
30282777  1185545
30282904  12281975
30282974  18926999
30275473  2397321
30282830  17920028
30282865  19981091
30283137  54142
30278029  15396874
30283064  129677
30283352  2556419
30279483  29014063
30283452  327544
30283153  30281820
30283572  17840893
30283511  11373259
30283280  2958684
30280204  11461607
30279799  30257936
30279758  12146380
30272354  574594
30269092  513832
30265588  6006618
30239859  3522579
30264017  3153546
30263725  22127355
30261502  3626061
30260460  7304002
30259985  5763973
30259724  8688668
30258776  10727521
30258274  18523248
30256820  25706216
30255212  14980717
30254865  4993947
30252415  218384
29625959  21977704
30250625  1200621
30250454  218384
30247607  218384
30245837  2730851
30244273  24593872
30243599  2016654
30243367  7904695
30237209  19896870
30241240  8683018
30238788  21361781
30238117  34413
30235671  10382929
30234953  26513336
30234407  16710439
30228077  11118070
30227681  409784
30227477  1039289
30224561  19551298
30281913  104420
30281639  8779765
30283743  621577
30280366  4660142
8336856  11271554
28798841  18406421
30284098  2081640
30284075  1213394
30284281  1930459
30284572  17619724
30277201  2620444
30284485  451415
30280294  19355370
30285257  8904782
30285308  588004
30285386  4660142
30285379  20077487
30279118  8002603
30285714  2181079
30285622  8693741
30285969  9257505
30282359  25967783
30286142  450039
30285816  11821303
30286007  6374050
30278957  13905164
30286365  22279230
30286398  7999148
30286351  838261
30286455  21643715
30286524  189549
30286518  1132941
30286632  1653970
30286703  30285611
30283537  30280264
30286698  4660142
30286791  12917727
30286806  13840429
30283463  19992148
30286628  23446377
30286814  15523514
30285847  825362
30286241  4719438
24909303  20688034
30282305  12201928
30286678  2991405
30280296  13654168
12326986  3261925
30286460  81180
30287535  13621329
30241872  5276892
30287593  8843578
30140646  16467545
5711452  434287
30282935  26571328
30283808  24644436
30285439  24644436
30287672  5812493
30287985  3009380
30288042  1123725
30283648  25646985
30288361  10844064
30287284  4948663
30288228  283967
30266319  129507
30288192  22787000
30286172  3477766
30288209  18470967
30288447  23278691
30288051  487181
30288091  20433655
4369868  2587669
30288633  6458793
25040428  27289651
30288640  901677
9840768  2587669
30288707  8887794
8055198  7642883
30286620  5057267
30288631  25163805
30284532  7389069
30288650  11936339
30288400  8175144
30288363  29890530
30289090  2485423
30289090  1470488
30043394  26895349
27472595  26895349
30283857  10831789
3231079  1064499
28871402  12290336
30283858  16981921
30066647  26225236
30284349  22958285
30286247  28927475
30289276  1105169
30289374  2597166
30289630  17748071
30281729  13744779
30289835  2973202
30289828  18050071
30289848  13847755
30279357  24212723
30289912  1494953
30289048  10367698
30286192  4708419
30290339  2821040
30284562  7263923
30290651  12573816
30290635  2943556
30290627  2090706
30286107  3342984
30287210  7488211
30290764  12769982
30290902  15531530
30290833  1036941
30288115  27677397
30288505  7031885
30290730  8827951
30270148  1352370
30288869  5541813
30291253  25422536
30289486  30287437
30281606  30142755
30291390  17537909
30290393  16932602
30291714  1536054
30291654  733384
30291729  20294915
30290391  23886653
30289051  448910
30291832  21180269
30283273  17667935
30291751  36707
30291932  12573816
30292073  1520429
30292104  5431941
30291636  24415662
30292215  21205485
30292542  8002603
30250573  12168043
30292322  30249493
30292632  30235082
30292469  24003291
30292635  7244558
30292719  24644436
30292894  30283702
30292515  27541145
30292907  2254404
30289005  26402832
30293007  24644436
30293239  10861501
30285233  1321331
30293300  287085
30293348  2146046
30292312  30281778
30293668  13405822
30293666  14220321
30293969  24644436
30293987  1197575
30293952  19883815
30293957  350047
30294043  14212523
30294297  25651641
30289061  22807757
30294198  28027022
30294503  5089841
30294383  30145955
30294840  912596
30286416  774175
30282403  30280543
30294703  10492566
30294703  5057954
30294343  23318109
30294921  1051379
30295082  3183818
30295167  14474555
30295300  18757097
30290947  16440283
30295506  23318109
30295477  29457720
30295440  444080
30254486  5348454
30295652  4543936
30295512  20853451
30295512  24466857
6715404  14583761
30295666  8329887
30293942  218384
30292483  29249204
30292483  20372439
30294902  16310958
16588126  14553417
30295786  26702624
30231284  4731071
30262486  2014835
30291794  28038393
30296257  750486
30296222  24838589
30296198  7530725
30296404  761194
30296370  15961813
30293747  19734565
30289155  30269854
30296836  2674174
30296836  8579657
30296509  10151834
30296873  2706125
30297382  27482579
30278305  21216454
30294059  43249
30293416  1404210
30297970  17364127
30289717  30044635
30298036  11408130
30296675  2005079
30298165  24018327
30298421  553682
30297779  3782827
30298175  2091465
30294270  14359546
30298688  3057526
30291263  5788117
30298753  9754604
30290700  12708253
30298712  167343
30220088  26803458
30298880  750486
30298594  12769982
30298680  1064121
30298663  1341467
30298663  4744186
30299116  3930975
30299246  6154790
30299342  2870680
30299157  29837203
30299730  14836228
30299226  23609162
30299773  30279321
30299541  21359604
30298392  22756372
30295161  1656859
30298917  7714883
30298917  7180515
30300868  1817792
30300694  25815447
14159386  10196982
30301009  1751301
30301293  495021
30300276  24704515
30300548  4155996
30259812  21833537
30291368  3615147
30301677  4228864
30301759  16201068
30301773  4217510
30298879  5686692
30302026  676824
30210982  29432717
30302088  22207447
30302036  4589237
30281901  30277070
30287078  1752667
30302508  11321491
30301692  24644436
30302241  4660142
30302116  14104556
30302599  5894818
30261696  12575068
30260192  30258097
30302454  12423614
30302503  28406174
14761225  4299435
30302727  15500894
27645460  27535023
30299857  14072940
30300814  29504481
30302528  23667086
30302528  14220321
30300269  12585551
30303167  10383321
30302796  1117888
30303260  60174
30303187  4828388
30302403  3821515
30303318  18367522
30303596  12405264
30294207  4694633
30294207  30109634
30303793  4176328
30303684  17364127
30300760  29378566
30303825  18473312
30303882  22860582
30303933  21883768
30303883  25559725
30303417  26916640
19113294  11238517
30302597  8308252
30304632  8634156
30304837  6805482
30304928  12894082
30305076  18050071
30303864  4244896
30303173  8768317
30305048  373419
30304642  9761970
30305364  359788
30303056  12573816
30305511  5002351
30304074  4994454
30299026  19375357
30305063  8078167
30305742  14675695
30305619  3540243
30305705  5121495
30305957  204476
30305957  4138649
30306083  5121495
30305900  29928412
30304845  2934563
30301057  29997942
30306406  22648978
30306345  24644436
30306364  5383271
30306641  4660142
30306348  13604090
30306393  9010734
30306329  8880668
30269047  6501043
30306851  813086
30303787  30289673
30306443  22666108
30263228  19823946
30307178  24644436
30307217  2801601
30307121  5750203
30306505  18422127
30300058  30015951
30306818  345745
30307385  9384758
30286370  1595736
30307356  2794162
30307636  975134
30307598  2295290
30307917  15112125
30307899  17546601
30307920  13498519
30307966  19916362
30307750  19504330
30308078  21633115
30308171  10087113
30308293  409784
30308390  24939434
30307644  4651437
30307873  26593831
30308264  5431941
30308511  3024507
30307619  24644436
30308629  4459379
30230696  29949267
30308807  12866205
30305788  2177781
30308882  1391278
30308336  19112696
30309141  14329916
30290146  30308968
30309329  1688099
30308605  940287
30308601  8612466
30308538  10762287
30309213  520810
30309564  24644436
30309594  2167916
30309065  4429440
30309643  16044514
30308603  11300900
13225708  11342032
30309420  20470010
30309769  3857317
30307246  406230
30309748  1378765
30309791  3985214
30309123  625799
30309922  513832
30296980  23249843
30309917  7042611
30301399  12778012
30310016  24644436
30309627  13793162
30310124  20050932
19623637  14868042
30310241  13714607
30309590  513832
30310004  529085
