30385453  5904045
30383420  4780893
30385568  25706216
30385513  4261133
30385519  4719047
30385556  2807785
30358653  9477476
30383076  5619832
30385812  23308193
30361112  727516
20209225  17074365
30385447  2925125
30386172  11321491
30386231  21070101
30386228  218384
30386268  4261133
30386276  4660142
30386351  8976627
30382944  3458553
30381710  485306
30386424  29140402
30386532  60174
30385218  2637702
30386638  1451009
30386750  4660142
24187767  3439316
3614085  3439316
30283156  19896870
30384716  9022099
30386703  21549480
30387165  1711990
30386917  30243606
30386920  361271
30387459  5004233
30386861  27535023
30387549  16801322
30387685  10041810
30386529  1511745
30381341  24644436
30387866  15235885
30387949  20639108
30387856  30356957
30388229  1897727
30388079  30387120
30388600  6270004
30386828  30388614
30388642  30224229
30316628  30238371
30388772  9262109
30386993  6718102
30389011  17177303
30389352  1917576
30386019  15933958
30389676  276706
30349653  4534146
30390071  21732569
30386068  16596515
30390368  30365696
30390528  1659749
30390521  1132941
30388110  15099530
30390539  2081418
30390636  30305022
30390852  22758990
30390984  3850633
30387519  5902822
30388503  2523765
30357089  7586860
30390116  4660142
30387240  19589309
30391049  7674786
30363451  18932
30391361  12090896
30391396  735204
30387407  22485375
30391578  7682560
30391683  218384
30391636  2184513
30388781  22999830
24693737  9670075
30391837  6918493
30391281  4660142
30391767  4020786
30391767  28498660
19005219  26114920
30392063  16670125
30392013  508630
5915096  4550505
30392143  16338281
30391087  19672760
30392059  16432
30392047  4636166
30392296  246564
30392542  20535247
30392619  656012
30387853  4668042
30392436  8744085
30393123  5431941
30392942  30378814
30392869  8503825
15603390  4911577
30392968  1817792
30392709  84855
30393573  12769982
30393321  121387
30393186  26212487
30393778  2630013
30393630  1863153
30393596  456792
30393939  512528
30393939  511088
30393756  30235031
30394044  476436
30392698  15445164
30392698  2628050
30393998  12769982
30394101  12769982
30394154  142003
30389073  48239
30380191  1534804
30380191  8171968
30394396  9605913
30393469  3610010
30390634  1101750
30394804  5545649
30394763  4172722
30394561  921262
30393959  132988
30394846  19625487
30394912  5466451
30391282  750486
30395163  23243701
30394705  9712605
30391723  10795424
30395281  1688099
30395202  1299336
30391874  13257990
30395264  3029079
29759414  9712605
30395406  18767330
30394440  22501114
30395693  8491116
30395024  18050071
30395435  2569418
30394925  12135518
30394925  14520830
30396036  6832596
30395029  30392557
30394881  21749305
30396179  11321491
30396398  2563632
30396416  218384
30396351  187453
30371985  23386472
11326729  2274242
6571551  2631001
30396683  2869212
30396803  13183630
30397153  18050071
30397156  3818193
30396650  356950
30396974  5936112
30396751  17067294
30397512  2749244
30397599  12769982
30396942  2839321
30397186  743402
30397835  30163783
30397683  30327598
30384001  14494747
30393038  29767342
30296030  30258210
21189495  9270844
30398634  7000777
30398740  19148407
30398770  20237474
30398770  6115612
30398723  12732445
30305398  120876
30398905  30395635
30398951  13895867
30398877  6729605
30399063  22656734
30399146  30376759
30384135  14928939
30399155  1391548
30395850  14162648
30399475  10872730
30399560  12769982
30398585  20044744
30399744  30378896
30399837  3770782
30400013  234217
30397682  4165859
30400026  24088312
30355089  11962518
30351273  4948946
30394446  30396473
30400275  28879793
30400409  12453580
30400409  3249524
30400420  18050071
30400508  833032
30400424  3333665
30312039  26431676
30400691  1150381
30400316  2275896
30400931  203198
30376509  15327376
30401095  1403615
30401118  24105690
30401252  14220321
30401308  8803674
30400926  5590150
30401292  4322718
30401629  5343689
30398072  377203
30401681  30399880
30401745  588004
30401765  1168807
30401822  3072307
30401868  24644436
30400572  28448060
30401996  4660142
30401511  1201518
30398226  14484787
30401937  1680528
30401955  6849774
30402359  1712592
30402379  452610
30402538  12059744
30401956  30298899
30402655  19896870
30382833  5620324
30402773  11238953
30402634  19941703
30402859  1643067
30402955  2598009
30402343  24957905
30403272  12573816
30402542  218384
28752384  23318109
30403548  18050071
30403489  16945759
30403305  689354
30403120  1094173
30403830  5915096
30403765  7355187
29867228  30385007
30403682  9071568
30403623  1343044
30403975  2770321
30366146  15922749
30403785  29555303
30403935  26643536
30403935  8906722
30403759  3247183
30394295  14790014
30404163  7983204
30404455  1044360
30403054  18358604
30404554  19858600
30404556  1869452
30403675  11052132
30262738  2591098
30404793  13331771
30404964  8336858
30405013  8336858
30404955  1847789
30405128  1051379
30405240  15555541
30391705  30399995
20850973  18664579
30405326  10859523
30405416  26291988
30405623  11321491
30405522  28355684
30405647  218384
30405683  6441218
30405068  28796288
30405800  11507032
30405842  5069687
4412171  19629067
30405690  26082414
30406134  10768724
30406112  291978
30406245  15112125
30406149  30404786
30406298  11780048
30406314  1939609
30406366  2973202
30403814  729295
30201702  30216130
30406460  1187518
30387617  29386309
30403341  12805981
30402730  29357917
30406818  1916392
30407114  28313895
30396096  30379160
30407293  2876536
30403639  6343166
30407453  610245
30407548  19704805
30401500  4660142
30407645  40480
30407742  25020502
30408308  4261133
30403654  5210376
30408926  176918
30408043  26969415
30407197  1732348
4948532  2658922
30408196  18885247
30389723  10437423
30389723  2269840
30409751  20032913
30339321  1658433
30410289  5041494
30410316  8946906
30410358  4660142
30406473  30226658
30410370  2446248
30410526  17227026
30410547  28988260
30410544  4660142
30410581  1917576
30410476  9713294
30410114  1846202
30410104  6425707
30411144  10888391
30411191  5041494
30411263  3859966
30411360  29989443
30410159  6478441
30407330  9953482
30409373  9414990
30411561  4438710
30409397  8269048
30294326  12573816
30359180  233850
30410753  1306727
30411669  28542228
30412110  12573816
30411397  21273672
30411598  2757549
30412167  29610261
11564272  65865
30412383  799968
30411875  7372972
30401124  37335
30401124  24510188
30411451  23791060
30412638  5976289
30372709  25039084
30412580  15108285
30413044  24715864
13197956  6567923
30412878  3972038
30413097  522563
30413204  4660142
30413334  464342
30413455  8710619
30413614  26328632
30408851  4299846
30412052  2150767
30410496  218384
30413322  11088365
30412529  22213122
30413803  3619046
30413947  30400108
30413982  16631636
30414166  9554636
30414330  3293353
30414361  18050071
30398687  2255220
30414418  8311604
30351930  1751301
30302996  4745112
30278544  2503413
30233813  20545301
30269931  2110782
30414516  152975
30414677  11225261
30414784  30214531
30406683  13312906
30414494  18333459
30414736  21923838
30414368  6620165
30404654  6476929
30414856  25956995
30414994  2674417
30414996  7459939
30415047  12953127
30415164  24281927
30401438  30335211
30415269  12573816
30415380  23667086
30411045  14641899
30415464  30378593
30410755  8713963
30415507  9297899
30415600  21255138
30403280  9543722
30415796  22372846
30415903  409784
30415889  30259391
30416101  7131652
30415844  13977688
30415204  24812679
30416038  20512855
30412752  9654623
30416050  9112305
30416249  279170
30416460  513832
30385853  3059044
26068730  2244637
30406625  7608145
30416825  14028959
30412519  4830588
30416144  28601302
30416467  12437472
30417209  3639908
23069722  185937
30417349  20466179
30417477  218384
30417394  30416248
30417480  6224121
30417589  2296567
30417514  30409309
30417491  750486
30417744  5245840
30417907  2504803
30417194  218384
30416322  1555109
30415325  9886266
1873832  1514910
30390389  13820596
30401744  156503
30412603  20321212
30408303  16730364
30403365  2942270
30402394  30400903
30400903  30379803
30401870  17967114
30396693  2137690
30396336  21387948
985846  17359
30395199  8183426
30393606  2246862
26987847  12670169
30390592  5853879
30390248  955624
30388441  5786697
30382972  17035762
30388971  14464372
30388439  10266750
30387185  2920315
194698  60764
1010919  60764
30383321  10075997
30381873  6468730
30380516  20734540
30380444  17679876
30380444  5316131
29207754  14533954
30377870  3177733
30377758  14897366
30377702  37335
30374399  17375308
28678298  6160848
10563920  23294658
10563920  1781445
12557376  23294658
12557376  1781445
16912533  23294658
16912533  1781445
30417017  3059044
30418217  4504291
30418130  10937350
30418321  8675206
30417278  14543683
30418471  1436962
30418506  29890747
4104697  194852
30170577  15105436
30418665  750486
30418430  30417823
30418364  6771374
30415251  20618008
30413214  28107636
30404553  1613341
30404553  3803153
2404221  16772842
30419045  1014005
30418816  142003
29682086  22345668
1776687  5226285
30419324  70324
30419298  10054732
30417542  13632442
30419522  38987
30419386  9481865
30419386  2939218
30387406  18050071
30419589  2310270
21313846  2550123
30414522  17498216
30414372  9713058
30419816  60174
30419902  840501
30419853  4731810
479343  30214531
30419681  21288345
30409293  30374790
30419953  13840429
30420006  4421400
30420092  24644436
30420187  4506078
30420188  2261079
30419787  15772275
30420183  4660142
30420260  30419803
30411998  25959365
30416096  30128395
30420674  949433
30418171  25256451
24328663  3428536
30420817  588004
30420811  8997274
30407978  9785027
30409914  3389545
30414274  30299093
30421181  949433
30420095  20700535
30421194  12805946
30419412  28219257
30421236  2168201
30421280  18050071
16702312  5293736
16702312  20069723
30421393  12769982
30415330  4828833
19852128  30299093
30421226  21090041
30420758  3469885
30421593  11321491
30421569  5644836
30421589  1118529
30421274  10333016
30421050  3391394
30419157  2201598
30420061  28952599
30402047  18397962
30402047  21657319
30421780  3210935
30421080  18552891
30421117  44715
30421753  1294501
30421792  7056749
30422155  513832
30422262  10943137
30419907  11205911
30422456  30413097
30421153  998066
17558289  16748387
30422116  28351968
30422752  23617372
30421070  14933648
30422895  279170
30422934  949433
30422810  12046315
30421570  25488037
30422906  5136845
30423391  4706499
30423275  2943556
30423528  12433438
30423092  23446377
30423586  17498216
30422748  2952667
30423753  28177885
30423863  4659517
30423751  5064563
30423916  513832
30424094  10301907
30424004  3885817
30424147  164194
30424080  8594591
30409337  30419817
30424249  150446
30424412  6464404
30424366  3919291
30424428  218384
30422300  231767
30424585  4901815
30424682  2158395
30421621  21072162
30424828  24216008
30424803  13102045
8204341  6136576
30425101  11565469
5706437  38549
30425123  18676935
30425183  2763714
30425233  28531756
30425187  30424622
30424201  30035205
30423582  25986538
30425579  1670862
30425618  20672238
30275370  8288095
30425781  14220321
30413323  14215382
30425280  20031734
30425708  16058736
30425796  17604665
30425044  28677670
30413086  454202
30382623  29950956
22983926  17181687
30396081  588004
30426200  594266
30426081  22519784
30426800  394767
30426895  4773969
30427070  513832
30425889  5150637
30416285  1700081
30427095  826782
30270730  26446599
30426921  22534067
30426548  1410555
30359409  8356640
30427465  9674688
30427568  8529070
30427595  12858501
30425872  3678056
30426796  10261429
30427740  14220321
30413098  2097539
30427668  14220321
30427935  2559527
17515199  14956027
30428249  8028957
30428277  15654374
30426899  5214153
30428511  13189764
30428052  7894791
30424314  28587698
4923295  7794331
30428362  30427424
30427871  8241470
30428585  2973202
30428425  11196495
30428712  30110807
30428712  2998519
30424995  2973202
30428730  3723499
30428706  14927585
30428847  2212024
30428544  1287567
30428951  23923802
30064547  17144997
30426227  102558
30429155  4148499
30425299  4660142
30427203  19268558
30427335  24503827
30429204  6943016
30429351  4660142
30427793  24219374
30429378  5036700
30429413  116038
30425982  929777
30428623  2420135
30429121  995593
30426172  5346186
3307554  3015904
30425806  4724980
30429519  2524611
30428932  5305854
30429814  2755945
30429894  750486
30429493  388464
30430115  2973202
30430244  14220321
30429509  673203
30426587  9001509
30411410  12448592
30429008  21246737
30430589  30429933
30430603  6620165
30427253  2969762
1538065  359047
30430851  30397555
30430873  1559770
30431090  16196425
30423807  30324059
30431129  2232147
30431167  22892087
30396221  13275054
30431490  2255220
30431957  22458575
30431986  3804079
30431143  8502068
30431951  11813381
28139183  882826
30432272  19583063
30432253  18480633
30432336  5139995
30432364  574881
30432453  273238
30432541  4271566
30431308  25889234
30432533  177719
25178957  218384
14129251  4965159
30432810  3481828
30428968  6804134
30432097  8050244
30432288  9463318
30432918  203198
30416852  16748387
30416852  25993033
30416852  29693128
30433175  1653970
30431030  15031338
30433087  4660142
30430966  8028957
30432339  21192386
30432856  4278845
30430752  3529746
30367954  14868096
30433760  5438060
30433613  13102045
30433858  3737139
30433647  1060284
30431767  28494089
30433799  5185230
30433929  2717480
30422861  16565054
30433778  291978
30336280  13376122
4332877  3671685
30434498  7627098
30434491  10004906
30434426  489258
30434154  8719585
30434134  13721093
4900682  8031831
30432594  5767479
30434619  30429281
30427275  14823713
30435027  4483540
30428810  7520432
30434974  242822
30434044  24101287
3446538  2630013
30435572  12769982
30435828  2491068
30435797  3469925
30435892  23667086
30435403  4261133
30435245  4485770
30435788  30159085
30434768  15745042
30436093  4660142
19759289  30299093
30435753  8428932
30377980  114543
30436445  7056749
30436361  6082412
30436500  726334
30433844  4076601
30436705  24770887
30436495  1276862
30436905  1881922
30433050  533905
30436881  25053605
30437141  30435290
30437389  12637737
30437236  1756015
30437392  7480243
30437488  4162725
30437589  6209904
30437938  2297403
30433517  10554405
30434757  24809655
26946848  30128395
30438051  18050071
30438254  25233969
30438253  3546020
30431643  13239986
30438369  2455654
30438285  18050071
30438057  30409913
30435414  2167916
30438555  2459916
30438049  23765590
30430861  26597286
30437339  24014122
30438998  15112125
30438927  819416
30439258  4660142
30439345  949433
30439317  5932189
30439305  21982987
30439224  15604196
30439536  18050071
30439701  3917250
30439729  10594052
30440120  1235131
30440061  1056411
30440284  23318109
30438994  11321491
30440717  5473542
30440790  4261133
30440912  12769982
30440746  1517557
30438096  8830790
30440918  13840429
30434769  286534
30441094  30439372
30440866  92720
30441340  11321491
30437630  218384
30441112  18368831
30441478  1109061
30441287  30371860
30440603  12209628
30441811  16982449
30441523  961581
30441769  2274242
30441927  29250386
30441972  6300213
30442055  23667086
30436540  26838730
30441596  15390345
30442122  12769982
30441831  30437047
30442089  14516915
30441912  30439689
30442068  2487074
30439654  27981488
30442290  11480763
30397958  17132003
30439788  2578128
30423508  8772595
30442568  25721884
30442769  6343166
30442824  4895294
30442827  6658752
30442924  559844
30443036  8317982
30443166  12032185
30442796  15993935
30443225  14994391
30443421  7623275
30317835  14375289
30431412  27360145
30444049  1481178
30438322  23353173
30403653  16581153
30438252  8394562
30444284  4660142
30444354  3079415
30437631  17907445
30443790  26247345
29254001  17622622
30442441  8034428
30444613  15170192
29182839  13084836
30444611  588004
30444517  949433
30444517  4176328
30440505  10178292
30444654  4261133
30412239  5983396
30444722  40480
30444821  14220321
30441960  14267363
30441960  13318812
30444831  5078239
30442062  1880866
28964280  27609442
29439525  29137591
29407170  3144940
30444995  7513081
5786241  5665632
30445195  1116992
27501873  27609442
30445204  5397726
28971734  2403632
29040535  28930125
30445529  8322849
30445197  129677
29129283  28710728
27776488  2937381
30444475  5878603
30445829  26373598
30445815  16284639
30445888  8482268
30445505  27932333
30446064  18050071
30444125  30428099
30446027  218384
30445459  30425938
16477098  3760816
30446251  905551
30446430  4559925
30441611  8337309
30446451  4261133
30445588  14984989
30446772  25113132
30446806  15666048
30443541  16691778
30446847  17564019
30446902  4862178
30446375  12197274
30447069  4870328
30447138  383947
30447149  8101546
30445172  17430377
30447328  15112125
30447393  232535
30445849  30387161
30447451  1456253
30447470  14220321
30447642  359732
30447591  4421257
30447619  11843226
30445709  520237
30447802  28639692
30444338  20769723
30445676  13987365
30447763  18050071
30443358  7798259
30431848  26059715
30028055  1373164
30447901  2770321
30443852  30437856
30448081  16601018
30448195  9508518
30439772  146359
30448095  1168345
29208036  27032633
29029421  610193
28370113  26112410
30407000  9942594
30448342  293431
30448342  16686788
30446927  21254118
1910534  205614
30448742  203198
30429091  1381725
30448808  19432753
30449335  1152299
30446755  4250063
30444207  28008262
30449745  4660142
30446622  20279484
30449547  3244361
30449545  30433574
1776625  381542
30449907  2269840
30450112  14220321
30450026  18693005
30445134  10334688
30450392  4660142
30445960  1729824
30397439  1211514
30450960  7745609
30451016  1504459
30451271  4660142
30449935  12769982
30451200  337878
30448777  1741933
30441893  218384
30451579  7150593
30347234  3054600
30448949  5939776
30449040  27585225
30444730  26416206
30450145  218384
30452233  1005336
30452365  8827430
30450631  17151825
30452382  22518862
30401184  7719741
30451803  588004
30451492  2953530
30452477  23353173
30452526  27377717
30452556  1912813
30452596  2305669
30452423  27208570
30451936  8339200
30440994  6563885
30258527  30273939
30452601  17432730
