30445316  1535403
30453201  4660142
30448610  7824610
30453041  6854099
30453323  2109583
30453460  23211641
30450673  23627864
30452380  16518566
30453609  3441358
30453144  5223039
30437118  20523480
30451977  2816816
30453378  6491463
30453067  15367762
30453968  52550
30453839  218384
30454276  4732827
30442638  30292159
30454527  4660142
30454586  5852863
30454839  2114757
14763363  2114757
30454924  20449427
30454819  4444090
30454539  962255
30454745  30415756
30455059  13840429
30261440  4348802
30455126  12573816
30452550  16573995
30455277  30431910
30454630  15477025
30448709  8404611
30455857  762011
30455563  9789871
30451486  647259
30456044  23363529
30454881  17947736
30456175  1343053
30456159  3687034
30456303  7022568
30456429  30450790
30456466  186822
30352141  25997720
30453804  24644436
30453940  30444648
2996061  22160621
30451829  24644436
30456488  30242770
30446176  26486100
30456437  17474390
30456552  30023867
30456898  7958298
30456815  5529718
30456144  29051781
30455029  7371903
30457034  279170
30457265  16959576
30441473  30252292
30457499  18050071
30456463  26683762
30457110  26164379
30454171  14511454
30457894  4348478
30444604  24107002
30457741  2447880
30444057  29921059
30456602  13733506
30458491  4802015
27855346  12194844
30458499  203198
30458419  17231675
30458048  23667086
30458846  13159080
30458900  5362036
30457573  30454601
30458927  9122964
30459118  2367381
30456233  25682370
30444729  30435015
30459386  30318965
27943752  6321975
30459293  17252615
27743758  1303938
30459573  6343166
30459590  2591098
30451849  2803646
28170763  663402
30443708  1253786
30457822  6153323
30455930  16393442
30459726  13189764
30459726  30449994
30459299  16062899
30459750  492703
30459729  19269426
30445218  2382764
30459906  18050071
30459853  4768728
30457855  11195288
30459643  2499487
30459424  819184
30459424  300416
30458724  2268868
30460621  3220277
30460008  29159358
28423648  13836606
30458224  3750380
28461049  22496863
30460806  26277626
30460964  4660142
30460908  9539052
30461057  2973202
30053733  5964255
30461121  15479928
28276375  19378484
26216533  22105775
30461285  1132941
30460432  29061300
30461215  26336486
30460945  4161874
30461098  19112004
30461098  28248723
30461098  16180107
30461611  7093860
30461580  6843549
30461024  29201939
30461203  428918
28276564  14373625
30462001  12769982
30461898  3814145
27149053  19218729
30459878  30198701
28324156  26877537
30462180  13683069
30450681  16086962
30462485  6093537
30450899  10570757
30452963  14146850
30462651  16966961
30453855  17781842
29429117  3226495
29827406  10134867
30462966  3127507
29589361  2501033
30450071  18086582
18972167  14432165
30463211  231767
30460962  12769982
30463230  1087157
30463012  742764
30463350  9907419
30463470  27509958
30463438  3949876
30463443  933447
30461019  21509714
30463830  6980608
30463926  21056075
30463937  14220321
30463824  21811630
30453452  18212697
30455821  29091028
30464173  6198018
30463846  4261133
30464057  4261133
30353615  30458163
30463896  10446581
30463954  14397874
30464396  1012140
30464581  23667086
30464473  2422468
30464571  15336347
30455790  2422468
30453420  2422468
30464226  4057948
30432297  9748076
30464827  7999148
30463627  805107
30464900  4172722
30465220  15839169
30463751  15258695
30404840  29578142
30464304  6180256
30465434  1786436
30464301  14220321
30449082  9979194
30465715  17261798
30416941  30415493
30464575  20429960
24752569  8607057
30447841  13393174
30461971  2718442
30178476  26317564
30466004  798655
30454354  11158929
30466765  30332082
30466830  30200257
752107  531623
30466897  563827
30467054  6197370
30466962  2292703
30464986  8028957
30467108  203198
29139138  203198
30465841  30463897
30466602  4660142
30467329  2973202
30370496  30125410
30467458  19896870
30467860  217258
30467736  9333681
30468189  20859706
30458766  4930914
30468558  15167899
30468461  16384109
30468758  16185514
30468963  11321491
30469078  8708632
30299330  11599069
30469483  19896870
30469463  3737139
30468061  13499040
30469433  671703
30469755  29667199
30469874  79461
30470157  1847789
30194337  3139879
30419440  27247308
4536689  3139879
30470344  9868653
30463490  30365055
30470254  20424279
30470611  7519618
30470596  13019993
30470076  8906722
30470460  937000
30470887  21692193
30470839  30452130
30466695  3704804
30471138  4512312
30471230  20002503
30469784  2393179
30471126  14301389
30471099  21153635
30470824  26178264
30460155  7432744
30471499  2515477
30465507  2218005
23613245  13444876
30471652  7163971
30471549  111933
30466303  2027069
30468439  12810638
30471748  12667721
30463573  5927109
30470766  30468431
30471737  28258723
30415948  10062887
30415948  26114920
30471877  29363372
30472006  14220321
30472357  3446216
30472470  203198
30455568  12835396
30472716  3877230
30472144  14220321
30459648  4725773
30470904  23294658
30473034  5339200
30473141  26047844
30472449  2927391
30473226  189645
30473395  750486
30472914  142003
30473661  40480
30471442  30277846
30470894  135995
30473651  2447791
30474117  24815494
30474328  15839593
22347909  22502533
30473581  5963669
30474553  9001509
30474661  18155347
4247840  70579
30474810  142003
30474954  19513174
30475110  3312853
30475030  16113850
30475180  18050071
30475246  2937227
30462968  4660142
30473448  9334636
30475283  3825979
30474164  15760581
30475419  5478951
30475538  2879733
30475537  28734277
30475608  2773002
30475608  7398703
30475608  2936213
30475132  8758677
30471639  21174593
30463782  18746149
30471168  12270224
30475970  588004
30475836  4023462
30467043  16677191
30476103  12719352
30470647  4261133
30474124  3695224
30476700  4660142
30476776  2167916
30428960  4210042
30476351  12518494
30435220  30434726
30476728  1219607
28533660  24501042
19154992  4429605
30477279  3735286
30474892  11613371
30477013  16764549
30474633  27928219
30476671  4562257
30476724  23802939
30477496  7189420
30477651  20324962
30471483  23667086
30477839  4181774
30461316  1615792
30478058  11148433
30475749  24383788
30476866  1653982
30477893  7360686
30477936  23026684
30473572  3698267
30478267  588004
30478401  12769982
30478352  1861682
30478454  24564603
30478472  5308200
30478675  26181221
30460941  30316586
30477681  29983341
30479058  2785376
30440757  3659326
30479783  6993325
26451024  787160
26355290  19095640
30479865  21282920
30479043  23285530
30480104  1014861
30480156  44715
27501450  27501464
30480732  648992
30480768  15479928
30475209  2973202
30479362  2167916
30478536  4978877
30474276  4478750
30480976  276706
30481224  18050071
26930333  6086656
30481234  12199353
27086234  8146447
30481305  25501456
30481431  409784
30481437  24644436
27523623  5928046
30481028  14220321
30481466  9723765
30474852  30339582
30481639  3157426
27687005  27363741
30482122  30479081
30464043  28842851
19889583  1299837
7846518  1299837
30482756  30147165
27000825  11031295
20539215  21966677
27467330  20734540
30483013  17937841
23258458  9661081
30482590  28911634
30482443  30479766
22410368  20694317
22919662  2372248
30483126  2570756
30483231  3437786
30483391  2777878
30483613  413071
30483256  30020286
30483619  4616202
30483870  2048720
30484195  14580337
30483691  23616478
30477518  30474122
30484646  6441218
30484938  5378677
30484202  13633085
30485134  14220321
30451746  495021
30483355  30101047
30485636  4179349
30485185  605533
30481710  15209831
30485848  16127115
30283408  5090440
30485891  17364127
30483765  15003518
30486165  4261133
30486330  9229645
30485967  11901882
30474507  22395417
30486483  2770321
30336525  29865172
30486064  13967063
30486064  15489185
30486064  12495345
30484933  13076890
30476025  27471968
30486733  14153665
30486511  23566862
30486325  30382783
30486897  7313803
30480275  30461001
30484702  30466490
30487214  5126455
30487182  2300757
30461975  30466490
30486929  2622777
30486308  2973202
30486308  3434601
30487593  12385179
30485168  6613143
30487877  27506735
25423034  5193518
30487968  16514230
30487854  2546314
30488018  23353173
30425794  2745265
30488080  12953127
30488050  6921105
30485993  5363397
30481331  23016606
30488219  13905741
30487846  30189926
30470238  30448208
30488743  13033037
30488063  14639001
30486703  28021836
30488786  2305395
30486213  13963022
30489052  10476665
30441440  279236
30488546  15968273
30489082  2122380
30488405  692856
30489410  14633968
30489565  11321491
30487695  5081557
30490124  5195837
30490172  30486441
30398884  30490445
30490679  27149034
30490730  19697410
30490766  418006
2325126  646307
30490850  24577087
30491089  60174
30490999  15624074
30449255  28065269
30491322  19248443
30491558  6343166
30491577  2553354
30491185  18050071
30462095  29671524
30490509  12086453
30491990  858572
30491880  9702643
20371695  4450579
3970918  4660142
30492053  13078736
7796654  1669403
30485306  3505004
30486345  20279484
30486810  25542661
30492337  13335351
30492552  1315976
30469840  29218468
30490182  22956136
30492579  16296670
30492748  1680528
6234711  6044978
30492964  2973202
30492985  742764
30493028  27491620
30493153  1867861
30493115  14220321
30492883  18337407
30428895  401656
30493220  30384261
30493297  3324770
30492999  4886632
30493345  2540050
30493351  22739455
30492853  19004783
30493700  5159540
30464518  9340298
30494182  218384
30493478  30493731
30473750  25425130
26844501  646307
26844501  5114930
30494538  22713703
30494687  5677470
30494791  240178
11224210  1831753
30490005  928694
30487667  12573816
30487799  15114093
30494881  12024226
30485483  14367727
30483978  24113066
30482123  901115
30494820  9273016
30494987  27912113
30495142  2973445
30492437  4172722
30495144  9066658
30493740  18753356
30495420  5802327
30495547  10775894
30494054  8102528
30425913  204461
30425913  1186535
30495473  4295432
30495618  2167916
30495771  4261133
30485541  23710829
30495897  383947
30495479  10413659
30496028  25260125
30496113  2830366
30495378  2770321
30495130  27729388
30472067  5644011
30493712  11118237
30491351  26975856
30485943  12712137
30490599  30489734
29935723  30345143
30490259  3730019
30490259  588004
30489872  9968682
30489539  2411270
30436335  285793
30488862  8115722
30488338  7876724
30455577  12369957
30485180  926594
30496121  3786823
19920830  646307
23371947  28575327
19330832  4757800
30478601  19106753
30478646  30476522
30478019  26595069
30475908  1119385
30476225  12537856
30475407  19793895
10795997  212321
12930134  10795997
30475199  1036754
30475111  16284431
30453551  7114661
30474831  2250112
30473992  17999409
30474058  11361332
30472570  25160297
30472532  1352587
6937660  2434592
30466010  9816252
30470802  997942
20543811  11714159
30496356  23667086
30406749  22353633
30496665  750486
30489007  9981274
30496806  207000
30496904  218384
30486205  8605419
30497682  233553
30455302  3025396
30498298  710957
30498601  4660142
30495739  26114548
30484873  21661827
30498584  4312439
30498332  29164080
30492221  30060000
30498522  4660142
30498716  3700971
30352266  14220321
30498809  30497816
30499050  19822700
30498014  1227121
30499044  10545960
30499079  16388959
30499017  24064818
30499228  2863347
30498769  1000924
30499181  3997966
30499559  23550231
30499485  1551966
30499713  5229809
30499932  13359363
30496919  13548040
30492966  5865353
30500021  588004
30498582  22468700
30448153  13330011
30499054  8007858
24289460  30128395
7314047  30128395
30500160  5025910
30500093  218384
30500312  7160737
30496547  20625582
30498998  4348802
30497805  7850266
30500290  12769982
30500051  2450954
30500535  215497
30500214  298750
30423896  11601423
30500672  769963
30459815  11332422
29094955  28624349
30497764  30182827
30501215  166221
30501234  21960499
30499954  11599533
30500773  4261133
30499553  12769982
30499423  12769982
30500916  4261133
30498250  10671950
30501504  8947441
30501866  5898656
30502522  1261338
30502593  1711990
30502558  29980865
30502990  17498216
30502680  7324177
30503171  8425964
30503403  3571203
30503318  5385714
30503925  2158347
30504053  16955258
30504524  516049
30503196  14211843
30504418  13704615
30504676  1531093
30504714  24301986
30504744  7327056
30505008  5431351
30503530  8456008
30505242  4908122
30505341  10465191
30499078  22349680
30504826  2669632
30505393  29770412
30505699  11321491
16026371  16108103
30505973  22937618
30505968  30503167
30505745  18050071
21728854  19958450
19122790  4105331
30506219  28646303
30505031  29890747
30494640  30361149
30506209  3040374
30506350  4279420
30506659  5605125
30497982  29797172
30427576  30464105
30505533  8374870
30506812  19902078
30506162  25381338
30493300  27989751
30506087  371
30373544  30437382
30505780  30118284
30505641  27741566
30504384  7233328
30507105  520019
30507146  583336
30498991  5840866
30500733  30440387
30500419  237327
30507050  18506374
30493736  19002744
30506455  1062045
30507633  6134547
30507708  6243193
30507645  495021
30508039  8044750
30507675  25529278
30507675  21550847
30508081  6618986
30329677  30503618
30508578  4968406
30487138  24062032
30508892  10382929
30508830  6754919
30508732  3195941
30508689  9304984
30509436  1073396
28492412  3656723
30506329  12639850
30506788  19896870
30509590  18441194
30509725  290884
30509874  12769982
30507440  4458705
30160403  6817572
30303851  9392143
30509437  13883917
30492655  1139762
30463764  17642447
30510376  17523167
30510066  14602062
30510285  2497575
30510149  4653224
30510049  16957320
30510610  3669970
30292187  30174665
30510778  1455581
30490149  469357
30510869  30507388
9062699  30128395
24556931  30128395
30510802  1327229
20504611  30128395
30510628  24938948
30486310  398518
30511137  22656734
30511193  29972856
18798087  27028975
30511515  14923407
30394010  25952243
30511768  949433
30511713  13522948
30301442  4689497
30511637  13159337
30506782  3751797
25278558  27639739
30474929  6670360
30512596  4261133
30512686  5189699
30512612  2209224
30512793  135448
30513223  19245205
30281757  13591983
30508899  8028957
30510474  1457305
30513174  10011302
30474432  5601730
30513045  9428573
30512646  878833
30513526  447107
30513660  12573816
30505410  10392255
30513604  3311903
30513234  24231680
30513781  9620586
30512864  8881453
30513795  6585276
30513972  2399307
30513956  8336858
30513963  5590381
30513127  24587218
30514281  12769982
30512833  2885173
30495421  3938283
30511922  4660142
30514967  22937618
30515019  30509462
30515053  4261133
30515028  30131686
30515251  496440
30515430  55984
30515395  22313407
30515397  2772400
30455724  30497880
30516049  30157072
30511361  30460673
30498490  30487729
30516228  11516163
30516292  2512946
30516468  513832
30516250  25287577
30516644  30510524
30516687  16353455
30515367  5042902
30421389  23318109
30516735  24836526
17087932  6417591
30516896  20585754
30516747  6123603
16664722  6123603
30516976  8004237
30516917  6947653
30508204  18783535
30517099  11321491
30515885  30491617
30517331  750486
30517302  282118
30517214  30515749
30517452  30141767
30517453  19183715
30517458  18090959
30516529  29980865
30515095  30319618
30517863  750486
30518144  18880772
30469410  17847927
19038799  5078239
12763255  5078239
1833734  5078239
2628050  5078239
19913332  5078239
30518382  27065727
16814306  5078239
11982197  5078239
30514554  43870
26041470  7432483
30517152  23449319
30518482  10685635
30518946  1494953
30519035  4616202
30518599  4969171
30518169  140131
30516892  218384
30513214  4462454
30516326  15467964
30507579  3707485
30510890  12954161
30510344  29966311
30510349  4263964
30504680  9822663
30504299  529085
30454971  7709041
30503005  4969171
30501394  29790070
29113262  29684691
30500440  5421653
30500150  7539
30499707  218384
30497317  218384
30497219  7800494
30492152  7348711
30479695  7434845
30469522  136474
30465233  19326229
30464838  7381641
30464616  7766259
30462587  218384
30461624  346372
27799985  21397939
30457549  9963020
30457087  4297533
30456973  23704812
30456669  18403238
30456669  19349585
30454617  1266139
30444232  9794189
30455274  14389349
30454933  3504986
30454520  10451218
30519148  14735630
30519210  21436831
30519057  14028959
30518975  20279484
30518559  153724
30519273  1009860
30519302  21516491
30519464  495021
30519682  610245
30519822  3228260
30501699  5499562
30513346  2852748
2530443  2530274
5376928  2222355
3694413  261638
30518554  30265001
30511744  25306570
30511788  513832
30520120  2605032
26076227  24210692
30516423  6312597
30515910  1064305
30520576  4660142
30520607  9165222
24150518  17025384
30520601  1822350
30520717  40480
30520753  513832
30520761  12853283
30521051  5809790
30521067  3539717
30521379  1227286
30521157  14046669
30521685  11460903
30518010  7030699
30521465  845021
30521465  5438060
30521291  1179970
30520797  6381689
30522058  4660142
30522201  19211635
30522393  30301844
30509332  3397513
30522980  1726302
30522721  9264763
30523263  1461432
30523373  4261133
21204017  20541306
27703455  20541306
30521953  18960339
30523419  218384
30523561  5212870
30523586  4176328
30523644  14220321
30522828  9985912
30523611  4824342
30523285  25103534
30522080  949433
30523745  7174066
30523095  28882482
30487741  13440099
30524487  1631959
30516043  13704789
30524579  26369246
30524969  10376322
30524242  21839523
30525093  13484663
30520787  12807855
30525228  4371082
30525264  4406501
30524979  177506
30525319  2193012
30520911  2977497
30525469  1861382
30525761  104420
30526287  13489398
30526426  5052429
30526454  4660142
30526394  18604768
30525196  16303779
30525922  30509788
30526749  1592876
30524514  30522635
30526886  18050071
30527181  498400
30524704  18171246
30527451  9340117
30464873  28097182
30526396  3127069
30527501  9391838
9018420  8684049
29325920  26386418
30527161  2973202
30527857  17163248
30527307  6126557
30528285  2784441
30525785  18050071
30528170  14220321
30523277  1212344
30528449  3737139
30528466  818828
30528642  246038
30517936  21170342
30528518  4651437
30528958  933554
30529095  5047407
20655186  13594979
30529339  24872086
30528409  8459903
30527800  12573816
30529531  60174
30528171  14220321
30474126  30434824
30529582  14975104
30530041  4261133
30529776  285061
30530101  194465
