30750082  15687670
30666806  10156696
30750525  11258724
4918729  9707794
30750101  3476782
30750919  5374546
30751168  2403122
30749551  7220681
30747344  18147585
30751666  30361149
30751566  26410420
30751705  4261133
30751607  30680938
30751170  28716043
30752155  6786102
30752183  27802615
30752353  6734077
30752455  12862624
30752398  14588767
30752676  5315539
30753080  3726505
30753047  4099963
30753160  60174
30737492  732039
30733782  3205027
30751830  3144419
30753518  23716135
30753625  2016407
7878055  5459581
30753747  837488
30752957  201323
30743206  642656
30751974  10992339
30751374  369898
30754302  14220321
30747897  750486
11360799  3197250
30754422  1402227
30754037  24644436
30754158  8504739
30755102  5074531
30755106  7814688
30752334  2506793
30740821  19067556
30755441  3173320
30753926  19845944
30755580  279170
30755672  15112125
30754843  29480452
21958189  26597542
30756086  4660142
30750707  17763707
30752464  11160192
30742593  12573816
30756042  30743329
30755170  19995
30754336  25721884
30756553  60174
30756117  2422468
30750104  10727118
30749533  18050071
30754253  18050071
30754817  18050071
30756204  1927477
21693963  19330780
30756741  1855170
30756875  5929107
30720207  25445118
30756708  493819
30757179  14220321
30757265  18721375
30757379  24644436
30754010  22279290
30726957  4235107
30756938  1778994
30746356  27907373
30755795  10027330
30757671  8028957
30755501  11839855
30757174  22489398
30757290  2691325
30758229  3577641
30758245  9673708
30758245  12806450
30758393  19692157
30758386  471546
30758390  240178
5796537  4328947
30756702  28551938
30758557  15338727
30755732  3351809
30759308  17815857
4042488  21387391
30759104  203198
30759186  9032856
30759430  24027116
30759576  827649
30758325  20534056
30727414  30705452
30758755  30589219
30752267  9605913
30754209  5226311
30759896  1822849
30757085  8489288
30751964  16212169
30757594  683518
30759688  4660142
30756227  13174297
30759476  218384
30760010  2196641
30759922  2595392
30759737  28410901
30759397  21030391
30760143  10696941
30760125  27208198
30696965  2604727
30759207  12330013
30757782  7526152
30760257  21706415
30698127  1997721
30756797  16435879
30760688  3137094
30757779  1018001
30756962  22123148
30760753  20279484
30755447  30748496
30753086  28442505
30759762  171027
30760165  11535814
30759743  11820628
30757160  218384
30760777  14220321
30758618  29289316
30758391  4172722
30761194  2973202
30680811  431628
30754425  2819367
30760634  12769982
30761372  30742434
30761405  30146891
30761320  229924
10802270  2372248
30736540  2177836
30707206  30693889
30760295  14483837
30761899  30706114
30750370  134099
30761526  15261313
30762089  20279484
30762063  14220321
30762241  15984414
30762407  11003289
30693989  30692807
30762427  29837203
30761112  23375422
30758570  11364533
30762704  917163
30756749  18394924
30762714  4535328
30761248  1414365
30762748  14814771
30761113  3824369
30748796  10790204
30742869  2113498
30762643  8223103
30763034  14028959
30763061  2612802
30763132  6201306
30763365  30671563
30763585  15933958
30762848  8638621
30763688  30673672
30763718  5121931
30763779  4359870
30763488  4261133
30763808  25885591
30763873  30642287
30763337  30759732
30716427  13857143
30764124  21966476
30764041  30687142
30755729  23555109
30764101  3422673
30764430  14220321
30743379  7536988
30764562  27482579
30759061  29518223
30764652  5187530
30759701  4830588
5388426  4830588
8384293  4830588
5031899  4830588
9501953  4830588
30764788  4262669
30764771  10861852
30764976  4261133
9071022  5794984
30765101  12573816
30761718  279170
30761374  5335273
30763273  14533575
30765213  7953053
30765493  30221432
30762141  9393038
30762308  30581884
30765883  14049480
30756983  21895756
30752472  20377991
30745852  20453723
30755264  115813
30765511  16951080
30765867  5635582
30766424  3052442
30765545  20105364
30766548  8028957
30766232  30652964
30766705  4570037
30766808  18744910
30767100  20876043
12268968  18664579
30767345  218384
30760415  15976080
30767418  16053357
30767450  19490428
30766546  3554658
30767481  4261133
30767527  4175938
30767572  11758407
30767840  5203022
30767850  8462010
14139351  29986657
30768168  2909451
30768472  6969881
30764809  11599066
30768814  8435183
25607546  25564150
30759595  30726086
30769255  19571451
30768841  3127429
30769631  14220321
30766915  4018154
30769865  18675885
30770732  513832
30770504  22560708
30768411  7245235
28814978  27166288
30770871  129178
30771049  3737139
30768511  4469929
30770797  401656
30764087  27666318
30768900  827649
30769902  12495948
30754652  4261133
30763097  27141534
30770869  15976333
30771390  6019525
30771536  588004
30768042  7811163
30771649  29746768
30771167  7391493
30752121  18923413
30769298  5289189
30771879  203198
30771239  30344222
30771915  30572669
30725873  26754948
30771771  949433
30761511  1915636
30772301  6768793
30772401  19521146
30769457  8369219
30772036  9625663
30772615  6847697
30772525  10249132
30770021  3681123
30772791  5397726
30772598  997482
30773022  28614078
30770301  668488
30773103  40480
30773276  2436666
30773368  18050071
30520412  1513485
30520412  17591147
3576129  51438
30361740  3161548
30772626  536065
30773585  8115722
30760028  24571817
30769835  22757340
30767631  28366172
30766375  7263240
16547391  5992819
30749481  30600738
18338915  6932438
30764393  30770197
30773999  218384
30728571  180158
30774087  23101081
30769653  30686858
30749570  5137460
30774202  218384
30769414  2757725
30772051  30774202
30774405  12503146
30774402  13531004
30774535  14220321
460622  1035642
30767176  22569699
30774479  30703590
30774526  5489330
30774677  15421951
30769062  10146944
30771513  4227223
30773798  16390493
30774263  3564796
30775526  171251
30775243  30680938
30774325  4322687
30775023  743140
30536053  30521073
30521073  30242377
30775963  445235
30775466  16454657
30774986  14328835
30776258  25337676
30776234  2910495
24121179  19802227
30776376  11515142
30776166  16294969
30776712  27538994
30776764  1757065
30776400  18230552
30776860  11927452
30777081  9195304
30777048  9260501
30777361  1778111
30508156  30099236
30777840  3175321
30770917  379906
30777855  871858
30778033  9439313
30778203  14840918
30777123  12396828
30778101  5241899
30777482  218384
30778538  22937618
30778449  28260445
30778560  18050071
30778530  16280069
30778532  13026334
30778597  218384
30778605  5986051
30778869  4695747
30777868  30698693
30778526  9392735
30778569  7764602
30779263  16367404
30752868  8994111
30778144  164194
30776626  2973202
30775294  24644436
30779858  1179970
30779951  19799609
30779961  2973202
30779250  24311023
30779807  7202157
30779999  3404975
30780132  13093703
30780566  4664662
30780565  3473675
30780545  1853946
30780870  5115166
30780943  1299837
30780456  24812679
30781122  1299837
30780920  1356896
30781068  4479683
30781239  7219511
30774283  30751322
30781395  4836710
30781262  34413
30781577  12171371
30781439  28264907
30777736  3577641
30781845  135909
30781992  6936174
30781895  8580159
30781999  27010306
30781554  24434853
30781946  16506653
30782010  8880603
30781852  9339829
30781930  50467
30782332  20350397
30782384  17756042
30782564  6417581
30782574  1055460
30782644  4907843
30709983  30708112
30782828  19075671
30754285  4255021
30782571  246801
30780439  2699584
30782662  9440844
30783151  7609276
30783144  12623272
12701964  10559510
30772512  10929369
30783496  9708742
30783405  5525795
30783379  11312316
30778827  218384
30783552  18532488
30760789  1347791
30783718  4734580
30771561  30772516
30784229  3737139
30783949  107382
30682008  3053944
6430562  4124196
29639342  10606892
30784333  218384
4886085  4728531
30784528  13279813
30782508  16573995
30764862  17259716
30784682  5578931
9447095  12573816
30703344  9644452
30785147  20456875
30785216  1646549
4617557  4329617
30785164  1116019
30770594  2644572
30778796  2422468
30785560  3963494
30785566  9676596
30785583  26405895
30785520  20279484
30772402  8667922
30784894  19878076
30783508  2012449
30785491  20058864
30769442  29603916
30785879  6330695
30780643  1638223
30786168  3446216
30786246  6942082
30786468  6316784
30739331  21846077
30781339  635022
30786410  24715864
30786513  18332801
30786704  21801213
30784498  8573070
30775951  2261635
30787082  7493287
30786853  1408356
30783024  13352595
30787055  12859942
30787092  28988260
30787344  2064692
30787847  5465737
30787736  1817792
30788100  12743837
30788192  18050071
30788036  11922383
30783963  1122175
4673483  104329
30788772  8028957
30747468  30769073
30775396  10581772
30737450  3744776
30788920  21490366
30789156  14220321
30788667  5222404
30789419  17364127
30789415  2037203
30788119  22001844
30786503  1558420
30787887  9965708
30789757  949433
30789748  4660142
30789977  4041624
30672036  7684818
30790018  16675865
30790091  16428231
30789451  5592642
30790315  24102024
30790348  1771786
30790467  7674786
1727091  2493507
30790555  17498216
22564737  18352956
30784451  28954811
30790725  4261133
30790721  8336858
30790649  7558837
30790781  11321491
30787570  30763444
30790973  14220321
30790876  10186420
30791101  9354319
24186431  9354319
30773130  1138460
30791075  19074171
30788728  13148975
30791225  1554546
30790826  16704290
30787458  9452536
30782099  4386127
30791335  2973202
30791286  218384
30791033  3059044
30786769  24072775
30783970  4243042
30791534  8307963
30791373  12573816
30791373  14485215
30790866  12573816
30790920  24161336
30791817  750486
30789837  6919025
30786386  19787775
26687062  25833356
30382469  18396572
30791956  1367322
21899659  4276061
30792392  3127429
30792433  23667731
30792601  1536054
30791964  310703
1558024  1948978
30792726  29780214
30792817  463299
30792864  11312737
30785649  30746397
30792936  14299659
30793157  2201216
30792186  826782
30793319  672466
30793416  111102
30787519  12112255
30792758  30790358
30743550  30357634
30790783  12062035
30794068  12622219
30793922  14380796
30794135  15425183
11383192  5881204
30794071  7959247
30751273  12153811
30794620  5581130
30793632  1459150
30794527  16826865
30794686  2217955
30794664  8940969
30794699  2150238
30794738  7486825
30794661  17850191
30794827  27350941
7844061  1190549
21620602  134934
30794703  1016814
30795263  4181774
30789245  23691398
30786788  30452842
30795467  4477368
30795739  1723182
30795884  3082914
22905601  9317488
30747472  30011230
30796181  13077009
30796114  2139367
30792774  1299871
30796615  30147165
30790583  14895302
30795780  21541012
30797013  20783093
30796394  3238348
30797049  27147393
30797130  12859942
30794760  10884651
30759622  30720497
30797467  949433
200387  1564832
30797364  7353641
30797372  14584175
30797297  2185320
30797471  9845011
30797728  30797549
30797806  20409903
30751537  705173
30797772  23799015
23998177  30746196
30798198  20746429
30523763  30442679
30798525  1365059
30797935  18050071
30798797  243385
30798965  8028957
30711780  2519756
30798448  3022981
30777904  454315
3265803  2600281
30788933  10723346
30781859  1094867
30799132  7314044
30798001  4261133
30799228  3242361
30625682  825748
30778899  13840429
30778899  7165395
30798688  5431941
30799067  4082204
30799441  17517319
30798670  27726245
30791389  1639797
30799700  308999
30799625  1451342
30799723  5233514
30799723  29405572
30798054  21637763
30799661  30776125
30800274  1598700
30800353  9264763
30800831  4261133
30800708  28065267
30800942  30680938
30800193  10798808
30801105  3323001
30801094  6136430
30795591  1039419
30789512  9337855
30801199  261683
9964239  1281849
30801398  1646698
30797528  19968428
30723987  25814162
30756548  5369682
30801653  8206810
30796403  22600856
30801700  7962886
30800975  4771304
30801758  44905
30801758  7593377
30801830  24644436
30798505  4176328
30801554  14790331
30802087  5775856
30797726  9997976
30799875  1664108
30802330  20279484
30703032  30701482
30802405  23811425
30802655  6847697
30802586  798545
30802621  1395270
30802671  8023306
30802788  1031273
30802730  4660142
30802912  6957631
30794651  27853434
30802726  18050071
30802513  5805956
30795749  3371692
30794085  5855451
30802947  18355338
30803079  3499597
30801550  218384
30803022  8153832
30803060  19248616
30802104  30799826
20646852  19659173
30802769  2324549
30803451  8093057
6695410  185043
30801854  30748888
30803669  11910637
30803751  10682901
30801192  6157435
30793944  21233255
30802461  16726919
30804359  10704670
30804291  4253328
30794495  2250391
30792380  1683531
30793743  13133911
30793862  1233506
30804856  572897
30804891  14220321
30798377  5864249
30801605  2530228
30803320  3535996
30804996  29449297
30805041  12573816
30805317  312443
30805362  30680938
30805316  7958292
30804871  1547662
30804548  22637900
30805548  20054047
30805463  8254077
30800206  24204436
30805839  24644436
30806059  16901553
30806076  18050071
30802311  14220321
15120726  27334713
30806203  4843212
30793078  27056083
30805818  8865458
30806524  19692157
30805728  30779024
30798053  2372670
14594968  3802540
30806888  4790020
30806930  1240275
30807121  27143644
30807147  1065435
30807243  20013476
30807381  15090942
30807380  18379238
30807522  2010892
30755392  10809937
30807306  20144593
30807698  8028957
30797136  30728737
30807128  22173046
30807403  12976145
30799549  30683482
30803026  6141180
30808319  8387813
30808455  11190668
30808272  1934187
30798770  5091883
30808404  25316371
30808792  3737139
30809014  22937618
30808324  30546197
30806039  1139390
30809374  30680938
30808904  12573816
30808938  347949
30809431  1680528
30809689  23667086
30809810  19883815
30798679  325933
30809942  240178
30810105  949433
30804564  16566799
30793339  3862336
30790409  778952
30790296  10805184
30810294  5890584
30808551  28896531
30810422  509211
30810421  218384
30810467  4261133
20928929  6186770
30810569  23294658
10971995  2174297
30810821  15301356
30810733  798771
30811128  28014853
30810296  1900189
30811289  1808961
30811009  8817394
30811189  60174
30810855  24644436
30810463  24644436
30810292  3099092
30810330  6127328
30811148  27261775
30811504  8453887
30811442  4668760
30811510  7028385
30811569  18075343
30811649  13837253
30811868  3626901
30811973  2938502
30811973  4543894
30721934  14773420
30812227  24644436
30812222  513832
30812366  4810664
30812276  166221
30812549  1996122
30812501  6315180
30812568  3072349
30812714  901115
30812779  25635636
30806361  165042
30812929  4774054
28475346  28493536
30812696  30720813
30811438  30738411
30743367  30693804
30813231  12769982
30791258  23556042
30813252  20535370
30813108  18282210
30813406  18050071
30813611  4261133
30808556  9014303
30810602  4639894
17343155  9014303
13429129  4130194
18634776  12972262
30812003  30736036
30813645  736336
30793616  4261133
30814015  750486
30814121  18050071
30814078  4537803
30814120  24226421
30812449  14614334
30810782  446685
30814170  6259982
30812758  4912092
30814197  30813709
30814305  23961442
30814430  2707322
30814439  828771
30811054  4660142
30814466  4835611
30813787  1555944
30814504  17298912
30813531  1305853
30814137  6937210
30814064  2558667
8422259  455544
30814829  30806991
30815044  25325221
30798089  11382728
30815065  7606798
30809770  986006
30812140  3294889
30812072  4234985
30815399  30814622
30811134  5680056
30815591  10873942
30800695  7927716
30813453  15745045
30813928  24611640
30812277  9816889
30815822  9682942
30813724  26613971
17600304  4994458
30815317  7438313
30815964  17929545
30815964  18175809
30807681  28425574
30810110  28425574
30812971  8459903
5404149  9102318
30814404  28026342
30474589  2422468
30816273  7927716
30816440  6441218
30816459  826948
30816318  560077
30815467  17364127
30802351  661561
30815770  12478535
30815794  19032162
30812730  22887833
30771676  4660142
30816667  8422775
30814204  5179695
30816866  2809688
30807170  27943396
30816488  1106377
30814461  14197436
30795413  30809960
4812570  1149703
30805680  1225103
30817446  240178
30807885  9069379
30817616  11445121
30814970  5767228
30817947  8050318
30817833  12091506
30818057  4696175
30812175  173919
30814561  873327
30808195  28111837
30818160  29787310
30817790  14146165
30813107  18157305
30818390  18050071
30818266  151969
30781026  12091506
30814174  30720813
30818574  5179686
30816415  30166007
30814717  28920254
30817521  6525538
30818481  5673971
30819010  4660142
30818933  2973202
30818219  371
30819231  2349211
30819257  13195353
30818985  18050071
30818985  12769982
30819447  18896541
30819003  13335881
30819495  513832
30819652  18050071
30816208  16877264
14725329  14350108
30812857  30538781
30819801  1125968
30819773  23020326
30819949  25111831
30812576  1922249
5422918  17130382
30809926  3366529
30820066  4660142
30820167  14742511
30820123  16094563
30819689  18365049
30820302  7486085
30817792  28800447
30820122  23640594
30817942  6817262
30820462  218384
30820469  4324633
30809687  1410822
30817181  4636166
30820664  3737139
30820567  2770321
30621418  831555
30820397  1428173
29053245  30585708
30821258  242841
30820611  7837456
30821590  4660142
30820095  30063792
30820426  676250
30821713  7761057
30820241  3532988
30821791  15154158
30821866  3575592
30821866  1749904
30817266  13153201
1090451  17130382
30821997  610245
30821603  24644436
30822378  1975128
30822415  7411717
30822453  513832
30820912  18050071
30822556  18050071
30819837  24912274
8822764  2070574
30813335  2863674
1612798  4660142
30822739  17498216
30822070  30729011
30822141  6566799
30808244  6074310
30822829  6729605
30822876  1419077
30822945  22995858
30822950  2140419
30822937  4477850
30823108  3438132
30823273  23810370
30804209  23808514
30823699  3946177
30823782  21218868
30822818  12573816
30822794  17023419
30823930  1732348
30823952  598077
30823981  24644436
30818803  13685633
30818803  23216155
30816084  16763460
30823880  25269597
30821088  19775628
30824037  4660142
30819664  30814204
30823428  2422468
30824488  588004
30823371  7686197
30819627  1383797
30824603  25607247
30822256  2422468
30824513  27535289
30824666  14319556
30825035  4322893
30824756  20279484
30825129  18031210
30825199  592396
30823131  30820843
