30824411  750486
30825418  24644436
30823123  5079845
30823248  30823131
30752764  28963024
30825429  69913
30825465  12802396
30823672  605621
30823329  6376548
30825828  19843506
30573409  1709078
30823117  6013705
30813106  8169654
30668800  18862743
30820870  822322
30824694  12164889
30820078  15045640
30826352  9203079
30826397  251391
30826420  929276
30816953  22861825
30826643  17139197
30826673  8028957
30819606  1073336
30826648  36932
30826884  8726339
30827060  30816434
30823734  513832
30827252  2448213
30827508  1120140
30826563  14663725
30827574  30821444
30827487  15400008
30827660  16439340
30826151  2119060
30754166  22017480
30754166  25484164
27488735  13302259
30827388  218384
30824861  2883181
30826458  10174898
30826367  5776519
30817437  10130819
30826202  1871253
30824659  218384
30823160  1080904
29886891  2062440
30816700  218384
30815848  2570410
17031677  5956934
30801716  25718950
30810182  25718950
30799552  17206203
30806011  1356706
30803619  4336762
30804992  4216745
30802114  218384
1775335  403569
30799705  11466799
30799100  2067955
30799197  3720563
30796658  20163910
30795077  1564832
9106131  1564832
30790502  5113016
30788539  30783017
30789139  21845566
30788330  7625233
30784027  30774715
30785155  725829
4362888  687444
30782026  6591665
30827766  826398
30827841  9001509
30827512  14347206
30827914  4194818
30559302  23297985
30828179  8004237
30828213  4485579
30828326  2989704
30827870  29543031
30828264  10041723
30828320  5431351
30828256  27228013
30828755  513832
30828834  13033037
30820082  27085872
30283403  24644657
28940287  24644657
30828827  28519997
30828974  24644436
30828920  231767
30829006  2909451
30829035  21013912
30829303  11321491
30829049  11676584
30829389  30828486
30829068  20704235
30829292  17267417
30819764  218384
30829620  13382460
30829118  21336350
30829524  28890382
30829730  9072169
30828533  2246694
30829914  21815713
30830042  2973202
30826793  30690601
30830097  17498216
30830134  4106382
30830171  2023977
30830277  8028957
30827856  17429040
30825928  4822980
30823944  5373198
30830542  17474390
30831330  513832
30827415  30827279
30806031  29416347
30831531  16815724
30831467  29130129
30831470  30821554
30831656  4660142
30830537  138422
30829365  9367204
30831771  6360286
30831772  218384
30831469  2181282
30831857  295104
30825084  28504635
30831840  3350215
6360286  240178
30831929  30361149
30831642  18050071
30831955  7780809
30832230  11321491
30832102  12393351
30832282  215497
30832444  449560
30832420  15449765
30832754  30830676
30832627  7627117
30830835  335311
30830835  2943556
30833011  10474882
30832984  25901460
30833134  218384
30833425  3993674
30833442  2347265
30833442  9897070
30829599  4660142
30833225  28421275
30833507  12573816
30833608  1566595
30833725  30830840
30833861  14898617
30832072  2166862
30833820  23760448
30833894  1207144
30699935  1575141
30833999  498400
30829393  15320807
30834004  14220321
30833904  19627624
4586220  2120
30829876  2188218
30828742  6343166
30833366  18358604
30834025  7357256
30834441  218384
30834351  30833721
30834392  29428227
30834340  30833230
30834555  1217088
30834555  28439734
30833967  30818351
30833593  24021224
30834666  11321491
30834777  901115
30834708  27984537
30834877  17498216
30793127  28250680
30834867  513832
30832528  27386234
30834384  30688422
30835262  22264003
30833809  5856716
30834508  12184626
30835210  14028959
30834986  3463207
30835465  3003145
30835606  6729605
30835632  1557400
30835590  4261133
30777453  30798888
30835600  18176594
15545285  13935443
30835393  22367328
30835868  29178484
30688970  12103747
30832870  19896870
30834326  4688277
942035  594597
30830112  30825564
30829720  24715837
14825438  1193954
30778790  529085
30774640  1049722
30760814  6167266
30748904  6237223
30748354  7588677
30736329  218384
30724284  12517905
30715547  3536670
30708411  1844688
30695144  23150603
30623740  15508477
30666483  11296789
30664868  3976406
30661966  2811001
30661593  12847954
30660557  27707724
30656225  2209777
30652806  7443459
30650607  9820149
30646771  26252672
30634859  2427631
30579474  8883112
30582695  513832
30582820  4772425
30582027  3354092
30571025  2770321
30553051  541487
30546094  13109588
30835725  2167916
30835948  218384
30836006  10382929
30827877  4660142
30836071  750486
30836096  6441218
30834964  17045107
30836169  3530771
18715895  3530771
30831512  4220416
30835947  28573635
30836227  12133273
30836279  14220321
30836263  30825577
30836260  9508518
30836389  11961902
30836436  1988804
30836467  30792330
30836490  20279484
30687464  17611017
30836207  3860943
30836302  13180462
30834104  12573816
30836675  4261133
30836761  17039018
30836862  2770321
30836638  9169691
30836883  400314
30836962  4617567
29157815  29130129
30833230  29130129
30836242  4660142
30837068  7891937
30837068  20147081
30836299  30547323
30833850  7583380
30837086  28250680
30837299  5853014
30837085  30772063
30834985  3422673
30837447  6712108
30837503  30815059
30836536  9887360
30834335  8442147
30837486  15138593
30837976  1607336
30837675  20616408
30835903  8377471
30804164  30749054
30838131  917551
30838097  10000083
30837742  4862178
30838326  3280141
30838417  24770531
30838684  492384
30837101  19575665
30838851  20752432
30838702  3737139
30836165  30680938
30837759  8336858
30839109  14220321
30839045  3565264
30839263  2419749
30839252  46155
30839195  1704407
30836527  14722979
30839595  30826963
30565958  30790658
30836324  14354171
7608145  6282466
30829131  8816212
30832945  2118656
30839173  4009775
30837176  773441
30838921  533905
30758666  19500371
30840267  30825196
30840071  1700081
30840071  15024933
21815765  14270084
30840780  2218999
30841032  17093252
30838412  4023706
30841387  6696842
30841424  14730484
30841388  29064785
30841379  8688114
30841864  11480763
30841864  940905
30831415  871858
30841926  495021
30832228  18664579
30842046  12598149
30842139  5383050
30838274  30837529
30842096  2115497
30842296  21116731
30842367  3147911
30675079  20450438
30842044  203198
30842471  81870
30842691  20421841
30842877  203198
30842453  5034529
30842977  218384
30843268  13005694
30843261  2118656
30842468  12302960
30843347  4922145
4189245  2562775
4189245  3247270
30843579  23047052
30843612  28793233
28218617  24768557
30840127  24768557
30843670  334518
30843265  17863066
30843265  2145804
30843265  5082398
30844035  28910934
30844101  20166573
30773199  4660142
30844266  60174
30819196  25747499
30844416  30842224
30760207  7242596
30844459  44715
15198735  1552301
30844662  4305800
30844131  30739473
30844885  513832
30842217  11922383
30844974  2910495
30844991  18050071
30844625  30779905
30845193  30680938
30844388  3356790
30845173  4660142
30841865  13945434
30842204  27822752
30845197  21249782
30845427  11187367
30839324  4194207
30845615  993984
30845615  7133885
30842838  2973202
30845743  1416697
30846073  11321491
30845715  9959727
30845518  5124825
30793563  30809358
30846121  30835022
30822328  29583177
30846458  27506735
30846302  26768486
30845945  10632992
30846692  4261133
30846554  3922874
30846554  15915503
30790099  11746581
30843803  750486
30846921  2167916
30846921  2487921
30811643  4391720
30846966  22244981
30846357  7445328
30835671  7401967
30847133  1988349
30847133  237104
30847109  8453887
30847155  24029213
30846898  13213978
30847149  1065435
30847292  7364150
30847550  17333755
30827735  13167040
30847432  15893217
30847754  24788044
30846794  8724045
30847945  15527523
30841062  2591098
30843431  1629999
30844869  2477774
30848051  3775274
30845030  15002523
30842661  27946244
30846016  4567636
30848473  613183
30848473  9919342
30848713  237104
30829641  18881929
30848474  24478830
30848864  12062481
30848892  613183
30848928  234075
30841829  30730932
30846003  24536533
30849391  27911591
30843866  17254008
30849553  21554033
30849612  3680876
15535573  18664579
30849413  1732348
30849562  12863256
30849385  2086759
30847621  16873323
30850067  15210646
30850122  513832
30820486  23392111
30850152  10044511
12974917  5927252
30847558  29683381
30850359  8855396
30849165  26205537
30850713  19775954
30850713  737240
30850779  24644436
30845972  7699479
30850753  194465
30850667  30826963
30850899  14188397
30676294  500826
30850996  2785612
30809180  13477689
30851230  9050355
30851245  5763750
30844232  3492896
30851266  18173948
30851289  30656260
30851442  26279628
30851581  9508518
30783346  12353586
30851724  12353586
30851724  30783346
30851905  12423614
30851434  14101380
30851923  19196337
30851807  7866128
30852249  4660142
30851191  9428573
30804805  25581755
30852507  3442380
30852468  4328947
30850427  416881
30849525  218384
24829123  27084004
30852823  18758218
30852134  5904113
30851475  4568558
30851475  20514926
30852566  30840085
30852954  8881291
30853145  522023
30853104  18469262
30853146  30658439
30853272  4660142
30853413  2100758
30853477  706361
30853477  6210027
30853477  2342806
30853570  7908801
30853674  23446377
30853717  620137
30853288  4477636
30853426  15951255
10137594  159137
30853060  4119522
30853885  10385248
30853946  26106146
30853907  16046532
30854071  4969243
30853738  285666
30842847  1527938
30854161  8095088
30854026  13799593
30853028  4736
30854269  4824342
30853266  2536502
30854277  18222286
30852859  6346119
30836317  2596320
30849047  30758232
30854782  12769982
30854790  2123514
30854859  14685700
30854234  19177087
30854903  30854355
30855066  218384
30854134  11779143
30855175  4075540
30855319  12625844
30855453  9466265
10175960  7770094
30855780  18050071
30855803  36901
30855021  794632
30855533  17418546
30856072  28746744
30856231  513832
30856227  496896
30855898  30809075
30855429  27892375
30856174  20095234
30855990  28514373
29376702  5832891
30856260  20053257
30856346  18050071
30251946  30024641
30856514  29971898
30855954  6873070
30856665  27537867
30828610  10347315
30856861  19562103
30856851  8739605
30856851  14028959
30855820  17291455
30853574  13372276
30853574  11985796
30857097  1817792
30857127  7285714
30857178  89332
30840358  16355487
30857325  11631363
30857327  401198
30849481  13404377
30856891  17498216
30857414  4660142
30845530  13893361
30855971  10681965
30857545  14595810
30857597  123559
30857714  2505529
30857847  8028957
30839527  3255993
30857755  18050071
30857836  8830839
30836063  17779655
30858159  10029089
30855856  4660142
30850526  7763505
30857633  2049681
30857252  961913
30858413  23667086
30732915  764235
30698404  68323
30691461  2121970
30691461  13484516
30778370  2858121
30693313  20215744
30708349  4935632
30699471  3431825
30858627  29860008
30858718  15112125
30851732  7801827
30859160  2158395
29206471  27658409
30854621  29858195
30859111  2224154
11904070  159255
30859149  7848070
30859291  30765184
30858535  18424798
30859577  10431577
30860179  19556932
30860198  12573816
30860121  24957905
30860230  144283
30858217  29841924
30860282  30845667
30850678  7545013
30860394  4660142
30860386  3144610
30855789  17523974
30857688  20564867
30855161  11689793
30860508  8634156
30849396  10366152
30857431  7927716
30858682  14211843
30849042  30846176
30858118  7927716
30860487  1109061
30857667  23249843
25369450  11911660
30860809  3930335
30857867  2464222
30860412  201323
30861253  1461432
30861294  579734
30861338  9573244
30861486  218384
30861416  4885105
30856948  7031885
30861568  21301131
30860885  1342894
30861631  5223
30861629  1340872
30861460  2422468
30859913  19654295
15659835  416881
30861976  7488211
1196415  159255
30861589  14967421
30748499  21549480
30862091  24042849
30862380  5104094
30862068  30858300
30842587  2320200
30853667  25721884
30862912  554314
30862912  794663
30862778  30606755
30862898  70324
30863234  6083248
30862967  369512
30860143  9373082
30863006  18369356
30863499  21824402
30863537  14220321
30862585  2785485
30863516  25033669
30863625  2194992
15061653  7065429
30846290  30627694
30863742  4244896
30863673  22581345
30863782  30205936
30864073  218384
30864262  143405
30864358  11977316
30864358  1847789
30864911  1293151
30864706  12998542
20836338  16614410
30862046  23353173
30860905  20444596
30865088  40730
30864808  181719
30856210  4488035
30865235  3667022
30864474  14242310
30864769  30846986
30856156  10573654
30848599  2192588
30857105  5048852
30865533  9766387
30865599  4912788
28908256  2108484
30865524  23896424
30865661  8322335
30865641  28429546
30865959  14673653
30864436  28179494
30866175  10134137
4196448  154724
30866288  30846007
30857531  30730387
30866406  9549780
30866228  22560100
30866685  65536
30866141  30850113
30866983  4244896
30867069  4848611
30867008  7478336
30866928  610245
30867714  8449716
30867850  6121091
30867748  3241352
30862510  27856603
30867472  1661197
30867589  684982
30867952  30849043
30868323  23454952
30868281  25449933
30868370  23446377
30868262  5549617
30868262  9978119
30868432  588004
30839104  30863993
30868505  10753881
30868429  11454229
30868531  25258670
30868882  3577641
30868822  6045307
30816286  30867937
30869431  15454220
30869444  2340411
30869226  8907490
30869443  23650992
30869713  3127429
30869879  4660142
30869966  8796618
30854587  29761800
30865749  56974
23417993  22427567
30729919  24424206
22655834  22427567
30870582  1180184
30870708  218384
30869441  23235601
23048887  27842385
30869846  1086502
30870300  7490364
30871223  11922383
30871322  211329
30871523  20544646
30870526  7645880
30870003  9284450
30868927  85190
30868699  1292474
30865435  7500523
30865228  19672427
30864875  30859026
30860224  21089106
30861208  10382929
30860063  7502243
20657172  159255
30850807  2559527
30850663  12739909
30849972  3774432
30848602  3844307
30848612  2369057
24338150  17263475
30841674  151777
30845761  1820908
30844789  1086691
30843704  218384
22650289  9968687
29706044  9968687
27371022  9968687
30842865  30801444
30840009  18217853
30833131  6455303
30839957  16939814
30839472  10980852
30838975  21712714
30836860  8660151
24847436  4764768
30871440  23100014
28439874  1986732
30382721  30576432
30868737  10475533
30872237  24291091
30872642  8559092
30872642  5662394
24812679  20940979
30872456  684672
30872955  495021
30873030  1795025
30868858  9255279
30873095  7944036
30872972  18933611
30872917  7629799
30873363  218384
6454016  1643227
30873380  11238953
30873418  4172722
30873442  6871021
30869720  3790935
30873639  10028589
30872411  18214496
29640569  700619
30868474  17555331
30869362  22147813
30874221  19984812
16994383  7371732
30851046  2878082
18750789  16109351
30874526  588004
30874697  356578
30874404  29765282
30874579  4023830
30875021  16780002
30868245  12604062
30793638  11483708
30869889  1328723
30875159  25371200
30874716  7622633
30875260  3150942
30875005  1502590
30869943  13847007
30875640  30843609
30872476  13850605
30874262  17528566
30876121  1993727
30876076  4883432
30874166  28900948
30874987  1101750
30873916  2982498
30875244  280798
30876331  12628428
30876572  22130736
30876520  5627284
30876903  14321013
30876534  336859
30876972  19634692
30855527  30737617
30874617  20592782
30876555  17147249
1828206  6242955
30875939  4660142
30877302  3755606
30877009  20027305
30877395  9581064
30877637  8768317
30877192  30560883
30877814  3261451
30367785  25668152
30877858  20279484
30878042  415687
30877275  30072471
30875040  20336996
30878134  7524583
30875768  22159386
30878383  4643074
30878636  2883888
30878790  758733
30878861  8028957
30878888  445235
30878842  14220321
30878369  11225583
30868265  28029523
30879133  13852852
30879389  7391877
16740078  8211304
30879420  218384
30879495  846994
30879498  16729364
30877837  21163108
30878309  13468474
30857547  30647156
30879655  11321491
30879555  14788652
30879714  509211
30879774  8495687
30878339  2719243
30880271  5767325
30880148  16452699
30880194  19480028
30880095  279170
30880308  218384
30830642  3172470
30880452  2010892
30880581  1335900
30880560  3446216
30782438  20892914
30880802  203198
30880855  20013476
30880791  28708986
30880835  2063480
30881029  18050071
30861804  5838709
30881319  19245205
30881122  23097007
30881346  7442417
30877602  14262433
30881569  5151808
30881461  979256
30881604  6082795
30881742  610245
30881788  7249396
30875879  7185190
30881713  4261133
30882070  949433
30882106  5618925
30882106  18784178
30882185  9838344
30882175  30881088
30871706  21644848
30877512  412300
30881771  30292100
30882433  11186960
30859180  12329713
30882585  30731987
30882712  7186676
30873257  15862810
30873257  3308234
30880429  4660142
30882996  3742506
30882876  605621
30883231  30882877
30880637  18994685
30644218  242813
30881477  5796611
30883438  1099178
30883646  30074900
30883753  814878
30884209  11720656
30883849  1665533
30873096  14203279
30884318  21487187
30884318  750486
30884335  11399682
30884481  18289152
30884542  203198
30884494  114180
30884932  10397121
30885112  9071990
30885552  5366285
30885941  8509035
30886338  20940979
30885044  4686543
28496158  20886185
30886458  1939317
30871124  30851176
30886181  7474717
30886713  5389507
30882484  2938502
30883372  9203295
30886695  1308194
30815774  18753262
30582854  29965398
30886772  2100907
30887019  203198
30886883  30882078
30887254  25695412
30887009  1536054
30886540  1181662
30887339  29068534
30887787  1247772
30887537  25360411
30883325  2973202
30888331  23553358
30885912  27298934
30888452  3052579
30888452  2097811
30888641  513832
30888737  949433
30888743  967815
30888458  24211185
30888782  845021
30878011  3406891
30888893  23821088
30887589  14101380
30888647  4347116
30883526  30706062
30888994  1263047
30888571  15474812
30888491  12573816
30888959  585945
30889459  5836674
30888277  5568859
30890018  423379
30884710  2973202
30886665  29604214
30880459  30788208
30889285  4660142
30890513  3831676
30886166  2118656
30888167  5178830
30890696  1694036
30888928  26604134
30888346  30757194
30890851  111102
30890970  2371118
30891023  29790070
30891152  12573816
30890827  237104
30890743  4301184
30890873  30772825
30891185  3224834
30891246  28543647
30891521  26282375
30891397  18408531
30891563  4725603
30888300  2698460
