7220529  6945707
7220593  2926931
6897353  75759
6899025  1413445
6900195  196522
6904816  6904112
7224520  884849
7224520  3848427
7225506  2210519
7229617  879855
7229667  7228312
6030360  334879
6031496  6030891
6035276  2830944
6035769  5227215
6036176  2499976
6037055  2154220
6037055  3161816
6005851  1072455
6006673  132777
6006673  5747973
6009038  1279779
6009252  2893927
6009881  2759067
7220023  4102430
7220323  7219597
7223697  5510772
7224174  1525378
6650240  212321
6657526  4600290
6659198  817801
6663544  6661085
6663642  6641532
5997609  5997227
5997795  6004356
5999850  5943954
6906756  1214646
6908594  6908385
6921996  6921427
6924965  6924303
6925204  6924155
6668571  531096
6668807  1883098
6668807  3504604
6673838  6674145
6681475  6638520
6684985  1556421
6685334  2484919
6636491  5592994
6637993  6560493
6638827  6619972
6639865  4892527
4525979  2870687
4526615  3093365
4529666  3245639
4529866  4529814
7224567  5200654
7243560  4288921
7247931  1789945
6910049  6867257
6917040  1458811
6921731  4545079
6922463  1783419
6931262  2973202
6932173  69913
6060255  3514784
6061374  1588336
6061374  6029875
6062578  5487522
6068964  3653882
6071253  2148769
6588209  901115
6591549  6589833
6593864  6593360
6596004  4539490
6865962  4453655
6871763  1432347
6872714  6872346
6887890  376278
6887890  6725706
6597842  2062440
6599603  6599270
6608172  2637945
6609065  939132
6013850  1674032
6014893  5989418
6020177  917910
6022231  1497497
6023960  6012340
6000132  1700870
6003544  411913
6006334  2776211
6007284  606855
6639908  757649
6639908  4597321
6639908  6558622
6641337  4975455
6645924  2194808
6652074  6396228
6654439  143174
6654982  5747225
7232994  2257883
7234415  384286
7240249  7651221
7242168  578137
6934232  5189257
6936597  4130099
6944056  83777
6961338  686217
6966745  5409015
6969719  7011648
6974199  1106040
7255485  7254516
7259899  1024748
7267853  4176328
7269125  5007369
7270802  5697750
7271068  7270642
6041492  733211
6043207  792623
6044150  85116
6048144  6036799
6054503  6053543
6054503  6053952
7176883  1798817
7178338  661561
7178338  1349305
7178938  299128
7181929  6643414
6890388  3342941
6897611  4965576
6902170  322749
6903978  1970239
6907571  795746
6890198  6889176
6890834  6888011
6891585  1012361
6891770  6857588
6911105  6289227
6915100  3690161
6919444  6919086
6915609  214741
6929863  762274
6930050  4197468
6932607  359494
6933158  6616797
6937888  3808148
6660228  6633350
6660698  6518150
6660864  1796472
6669915  551554
6673466  101265
6677946  6678212
6685357  6684539
6690244  6689743
6691173  520546
6691373  6690120
6689080  4322514
6689529  6689065
6691101  6690582
6691150  1167888
6692907  6689600
6055532  2406867
6055532  2735571
6057018  3748
6058990  1959012
6059626  4158645
6059833  5940393
6693643  2497364
6695079  1369593
6697989  271730
6698053  3713578
6698589  5137219
6936185  2973202
6939979  116988
6942655  6614076
6074176  1912434
6080443  6080126
6081247  4595964
6083638  3552260
6086914  6083132
6024078  4024340
6027754  6029232
6032391  3449112
6033413  2311199
6037196  1983257
6037600  4777845
7243308  7241427
7251328  2672900
7256743  6634303
7263546  624317
6920763  1275258
6923288  3330963
6927902  5081557
6928651  2170222
4537411  4284313
4539683  3442462
4542284  4317794
4546964  4536572
6007505  6006702
6008738  6006425
6009206  1510011
6009560  6009056
6013585  6013318
7274112  5249240
7274405  610245
7275348  124871
7275741  529085
6088382  296978
6094785  1112093
6097006  348991
6097274  939386
6100014  3580937
6610074  649773
6611103  57599
6612775  184643
6612775  2612802
6627279  6625888
6627717  60174
6064956  2116558
6065992  3447804
6066878  1083702
6069043  17817
6939138  6937087
6942467  964139
6945489  1732348
6945489  3820666
6951792  2347265
6952127  6964089
6015894  6014956
6015975  5999625
6024064  6023752
6029330  6014020
6029765  2834455
6035163  2912223
6036164  1083527
6042265  125319
6043184  151590
7188145  3138756
7195667  12769982
7196620  7195903
7201100  5489671
6701948  198431
6702884  1220423
6703469  6703135
6705090  477572
6709685  1548765
6717024  3829167
6045809  203548
6050068  419375
6051489  192465
6052829  6025055
6061886  95727
6061886  5552537
6043416  132445
6043416  496096
6045109  1450393
6053844  5153003
6057595  1164635
6944384  51988
6944384  4127708
6953876  199184
6960342  2028818
6963311  3818193
6964972  6964786
6929287  6290630
6930725  4680431
6931676  6567088
6936405  6909824
6942255  6924997
6965108  961188
6971238  278112
6974943  403112
6974943  5483357
6974982  2912165
6976272  1378765
6978083  25259
7263964  4052770
7270465  2912223
7272370  7269174
7272502  1431904
7201398  6994101
7208103  1760544
7218514  7218989
7225785  1954426
6695853  42460
6705477  6699738
6706454  3045034
6710557  2478434
6716450  1360183
6059535  2114797
6065408  4142876
6067237  1916516
6071967  4081753
6074768  483091
6974467  1285098
6984032  3286874
6985929  764631
6986767  3873659
6987040  453793
6994728  4671819
6995332  6572788
6980105  194397
6980616  4285504
6982606  1357118
6986239  2589949
6988243  6976156
6956021  643137
6956522  1083164
6964460  647116
6964460  671394
6966882  1918500
6968153  1947889
7280698  7202616
7282729  6083708
7284565  1732348
7284565  3577641
6123129  5218691
6129562  666936
6133089  3809236
6136416  413910
6137918  4036420
6140943  514118
6140943  1723270
6071008  6617996
6085705  6085699
6085705  6085711
6087470  6088323
6630355  3906065
6633197  1310378
6633197  4094012
6633197  6633190
6635137  6634903
6639549  864839
7275995  7275693
7277650  390703
7278922  3919291
7278922  7006253
7284942  5360494
7287114  7284990
7295897  2585656
7297910  5769668
7300182  2985050
6144755  4435404
6145206  2745265
6145206  5306296
6147895  6147720
6149082  6137537
6152592  2662369
6154800  73883
6154800  529999
6088027  6080562
6089156  6089015
6092164  6090687
6098166  238547
6101817  500504
6971912  3690815
6976092  6975765
6984029  374157
6988674  324831
6988674  982595
7279003  5898028
7279139  1961308
7279825  5189782
7280825  1039419
4548843  1613989
4550622  4503307
4552587  4552135
6061954  958671
6062636  2254736
6063575  4002462
6068170  104599
6068170  1012985
6072349  1455126
6159646  663350
6160931  5013476
6165513  3801178
6165513  6005702
6165845  3525818
6168066  2173811
6074404  6048612
6076207  322597
6082224  532986
6085500  6078126
6183893  6183643
6189709  1172939
6196678  1624484
6201409  2192136
6211186  961188
6211403  6206312
6989308  3737139
6991187  3849758
6994145  1399127
6994527  152975
6995992  1741708
6996400  6982237
7003552  3918578
7004390  2993251
6956631  1316364
6959218  9354132
6960020  3028306
4556524  3375808
4560425  3330427
4561011  3706063
4566184  320588
4570335  4569982
6219593  359494
6219993  1179574
6220797  6219358
6224188  4421706
6235956  563316
6243993  289347
6075168  305611
6078176  5301582
6080741  6080527
6718209  17434
6719745  1850915
6721702  2013837
4576701  2573135
4578209  4578201
4581217  2768913
4583153  229446
4584539  4475014
4589405  1723182
6729077  6728870
6729618  1021102
6729720  585859
6735334  6732588
6737565  6702832
6738342  39476
6747938  463535
6642055  1624484
6650343  1334376
6653462  427210
6654530  2402146
6656095  6655933
6107590  114180
6108040  2809635
6111441  260857
6112913  5953371
7289181  3577641
7292240  7294152
7294112  5208679
7304226  7304490
7304921  1138460
7306300  487258
7312509  7312279
7316896  1152511
7319061  2423976
7322712  1449754
6755749  79968
6758464  1965103
6764580  3997976
6771166  2726785
6772195  3591465
6988709  285061
6988709  686715
6992554  2877418
6996948  2588149
6997534  137975
7001442  7000437
6092102  199333
6092401  6090589
6093306  2807339
6094456  6086376
6104169  1505582
6723859  6723755
6723876  6169146
6726046  726493
6727784  6707906
6735457  2146431
6736627  4760215
6963583  6963603
6967108  45036
6967793  720419
6970465  4523363
6970465  8028957
6971252  3732255
6739301  457153
6744917  6120288
6745402  1568091
6745753  5920225
7003063  183367
7007929  4598164
7009901  967044
7010887  332645
7012824  1601933
6996260  6997332
6996803  5840443
6996910  3148274
6996910  5001172
6081452  4239993
6083885  1912029
6085603  6085270
6087918  1661273
6093959  5352743
7330593  4202175
7332572  5225763
7333308  49950
7348105  2287100
7348575  6949192
7349911  6995739
7013595  7012716
7020247  7016599
7020411  7020255
6105606  6081085
6111486  333812
6111907  6111061
6111971  6081802
6117988  5952691
6124876  2647639
7351926  3619146
7358978  752692
7365630  6312448
7371839  6439579
7297724  6347503
7301281  468881
7312363  512124
7312845  7312041
7314704  1988451
7314704  7204076
7004922  6997954
7007287  6994160
7011699  3223782
7012444  2125702
7316239  7320222
7316639  7279516
7319715  7319343
7328876  3339722
7331747  7329478
7332301  209160
7332301  4003026
6113413  1040114
6120544  2116177
6124109  822487
6127646  317001
7336645  7336954
7337899  593230
7337899  2388448
7338218  7336594
7338853  2286402
7346574  3363120
7037559  3577641
7040818  7027770
7048170  305035
7053636  9
6746887  308290
6747374  3831341
6757298  3619355
6761127  1187518
6764252  45494
7227236  1820477
7229359  260593
7230414  3516129
7231852  1472455
7234456  4176328
7235260  1618065
6772295  2192219
6776975  6767847
6777918  2453231
6782891  4310442
6788680  1483732
6972924  6959651
6974379  6970754
6975432  6974881
6975715  6975617
6976268  6928442
6981048  267025
6986577  6978850
6991142  3227176
6994299  6925989
6094288  231912
6095892  5300787
6099418  6099128
6105902  4428402
6106320  3358260
6106795  3817930
6106795  4110659
6248520  2576592
6259420  6259257
6272754  6271304
7347042  7331310
7351654  1913842
7351753  3268182
7358573  7346001
7359824  2251651
7376492  7355416
7376492  7375402
7377955  2816369
7361482  1004974
7368733  803836
7369920  7369768
6108928  2062286
6113497  1876197
6117777  16142
6121585  3057859
6122239  5854107
6130354  5393485
6135534  300673
6138063  2282051
6138499  6138243
6141464  5084730
6122571  7616461
6125247  2023640
6129048  4604223
6130595  2149207
6146096  5623743
7381599  7092765
7383844  2950029
7386050  60174
7387188  7630144
7394533  558304
7394533  3014737
4589891  262924
4591470  4583200
4594035  3402466
4596300  3226605
4613955  5471765
4615770  212198
6997042  60455
6997042  370673
6997328  3766301
6997328  6539545
7004355  5514367
7004623  696
7008985  3113040
6134099  4197976
6135053  2626005
6138979  3616751
6147421  6018267
7016758  2530
7016758  582244
7025437  2398099
7027986  242813
7036303  3437410
7036303  6974373
7036401  4827344
7054036  622140
7056629  2452684
7069011  7069914
6995150  3306083
7003025  341184
7003138  717541
7009090  356705
7009090  1966503
7009392  6969719
6657738  3935574
6659805  2759672
6664115  1282295
7014855  6846728
7017763  14617
7031703  6077905
7053112  1252693
7054948  9442200
7059513  7059340
6768966  6763678
6772974  1759300
6778375  411921
6778375  551082
6784508  6783924
6277868  6222731
6279289  3970219
6285156  6256338
4626373  3111855
4629345  4470936
4631246  951373
4631246  3499672
4636926  534742
4644328  1215236
4646729  4646713
6788807  6775811
6792181  1083701
6792717  3672527
6810808  3057937
6819030  250679
6146244  3521254
6148066  2831934
6159341  6134797
6162392  442404
6162756  6164854
6167236  8287949
7397382  7387477
7398713  567138
7399120  6310372
7400049  7162289
7400349  3578490
6152137  1096679
6152805  6151563
6156792  2203955
6159625  2648
6161161  4370899
7071684  2883887
7075078  15828
7075963  7041039
6153070  6166
6153402  2754493
6156010  3224081
6156814  2108405
6156814  4750845
6158585  808547
7076013  3491651
7084488  3981277
7084488  5195653
7088132  7074523
7242446  1559261
7243182  3384504
7247543  696839
7248228  302914
6168065  5903003
6169115  6179174
6172359  3821261
6174281  6171878
6189014  1676897
6190986  9291374
6161375  6161148
6162911  713247
6165919  4425350
6175829  1912029
6177752  3429600
6180946  6161613
6181414  6180842
7011500  7004089
7015587  4039879
7022021  6166
7022671  270121
7033367  511088
7036818  151677
6819423  3577641
6827620  1583193
6827620  4681443
6830419  6827308
6832157  6831555
6836980  461203
6840388  6825686
7038750  147181
7043030  7039937
7051811  5690512
7055160  1631926
7055798  2818761
7059728  7059587
7063857  6431176
7072181  7072146
7057934  843632
7058538  2415724
7062473  7062235
7370005  1349894
7374063  5879245
7376271  81656
7379097  7376424
7382219  746871
6668629  3842814
6670740  3400515
6288815  1590831
6291521  6291225
6293478  6293016
6301668  3722815
6311160  1915891
6311160  3246185
6311160  4137628
6323060  6322386
6191086  390703
6192915  6142265
6196466  1817394
6200903  2131638
7069000  4685863
7069234  5233514
7070361  7060474
7383224  3256390
7385899  188414
7385946  6167279
7388436  6511255
7392566  11
7392566  18685
6846567  5342822
6847040  3085937
6848705  6667201
6850977  6025714
7088681  2537238
7089353  7088632
7091289  7090685
7096755  6350510
7097442  4440868
7097841  1798446
6161679  6161148
6165998  21078
6166709  6164914
6167420  6079526
6851477  200640
6854355  4719488
6862909  6855690
6867496  1033
6873382  3627684
6876647  6875870
7072915  3899956
7077576  721161
7082175  1807530
7083192  3650125
7083192  3946506
7087655  7086368
7403164  563150
7409643  7417325
7410450  1453791
7415366  7414875
7415589  2434445
7418676  439138
7094724  5615172
7096179  7095359
7098202  255517
7099138  3152241
6209120  3313929
6213178  739682
6213271  6212629
6221066  821204
7099404  7073484
7111519  851574
7111736  926574
7113357  7114742
7113927  1972262
7072135  767372
7072135  1643067
7090928  2182578
7096467  2715621
4649751  4648743
4656546  2479351
4659197  4805896
4662369  1414446
6789388  6788990
6789888  6734379
6789988  4919403
6795253  9091
6877390  4643990
6878485  9305083
6882163  6841824
6883306  3962724
7422754  4085332
7423713  7409240
7425819  7412071
7426757  6965267
7427957  7427353
7099777  7114138
7102785  850341
7102785  1545164
7104432  1519484
7111409  26305
7116250  7127460
7117001  7116885
7117137  2746047
7117873  4797286
7248330  3206478
7252691  379546
7253227  5743587
7255248  3100319
7265293  62540
6185843  6124147
6186308  6186050
6187112  62503
6187830  4010917
6803526  6225351
6812350  4598479
6815343  1492878
6816896  2925054
6821176  675349
7041659  355168
7042395  1437964
7045260  3950889
7054977  7054779
6168717  2942362
6169692  563616
6175719  200640
6175844  5037470
6176255  5027147
6177991  2973202
7393051  271076
7393051  900230
7393234  5832744
7396595  7396319
7397795  3263031
7399603  7202988
7128097  2035083
7131241  3137974
7134585  17988
7134585  5617794
7136406  576169
7137542  4417043
6332854  4009691
6343567  4333390
6343584  5532731
6345469  3491105
7269369  3585033
7273900  161342
7273900  201323
7276555  4059515
7288574  7288375
7291599  4213222
6883765  111102
6888088  6887929
6889117  6761305
6894604  6891381
6896410  6894350
6896567  6895156
7099428  697977
7100214  2385697
7104608  795746
7110959  3681084
7401272  533783
7404497  7401688
7405751  2731695
7405751  4909156
7411717  2125293
7415261  159261
6225589  200147
6226382  5994732
6227418  4138827
6228504  3220660
6230812  6225483
7417516  6790272
7417987  2610524
7424518  60573
7425421  116978
7429684  2922948
7436835  7421841
7436972  3921866
7444374  246249
7430465  1995172
7430465  2841180
7433073  6335698
7434843  53849
7441595  949433
7115562  5855811
7118166  119123
7119838  1067464
7124309  7114018
7125313  111102
4667871  868889
4667871  2522125
4668621  1952464
4672215  2337126
4672215  2740704
4673251  1120140
4674480  154136
7137711  690723
7138681  276907
7140821  7137191
7140957  7140793
6899175  31044
6904564  4936852
6917502  4805896
4680053  170921
4680053  880485
4681832  889373
4681832  3737139
4697751  4697787
4708247  920045
4710112  2946056
7441861  2973202
7442597  2728896
7445182  153087
7450128  398886
6674679  1120833
6681704  112503
6681704  642897
6693195  359494
6704968  402582
6711554  2632179
6195403  280162
6197458  2013857
6198194  4338358
6201901  861027
6205495  1917762
6829364  1132941
6831655  5919351
6833357  3560116
6833542  3657289
6210758  5144138
6210979  657964
6216141  385986
6218613  150446
4711312  2869338
4718364  954193
4726281  445235
4727717  4705922
4732690  21593
4732690  2762568
7055806  2480179
7055806  3883780
7057367  554243
7057367  3849758
7061111  7061377
7063787  7063501
6185336  1526150
6189237  1556987
6194839  1465849
6197504  5671658
6198290  6139083
7080917  985818
7093217  7092861
7093510  3819398
7093992  790626
7095732  5913774
7138327  119441
