30889828  19248624
30891860  11321491
30891958  509211
30891915  11603198
30892215  81584
30892191  1313223
30892267  183853
30892522  12859942
30856415  19883815
30892567  5187530
30892529  21280732
30892529  194397
30892639  1014861
30892727  1496180
30893064  1724511
30893336  11321491
30862112  15204341
30893503  767999
30892778  4185814
30893419  5761960
30893563  359494
30893663  6343166
30893679  29403614
30893079  3335737
30873781  4295177
30891519  30837613
30894344  949433
30894344  4176328
30894407  347441
30894407  3938838
30886075  30820747
30894631  1527803
30885530  6467423
30894803  24644436
30894920  4660142
17726753  1527803
30894752  162159
30894907  588004
30884861  15530850
5045604  7267502
30895314  513832
30872906  25504418
11955962  3753495
30894936  18984785
30895057  9144560
30894636  11280277
30895135  3047564
7295209  2785485
30882302  1964789
30895529  7171523
30894263  44135
30895629  218384
30894696  8728093
30895846  21154510
30895852  12859942
30895900  11321491
30895868  30868771
30846347  12168873
30896460  5434891
30896497  30867748
30889210  19424000
30874003  19441782
30894234  2105729
30896754  9153445
30881916  5128866
30885870  5662545
30886702  3761673
30897065  499405
30897194  12485600
30897299  30810983
30897299  9907419
30897369  9746522
30897405  203198
30847684  5074043
30897290  14463277
30897322  7919600
30897861  20451386
30884943  7200307
30897062  28925628
30897062  19946228
30897931  610245
30892848  17332392
30465857  10312963
30878113  30880010
26484977  21670523
30101689  24352962
24059929  24352962
30878961  8719765
23190576  24059929
30898440  750486
30898440  9069614
30573157  2973202
30898385  218384
30898697  2591098
21718282  4597050
30898789  19571391
30895757  30495288
30898695  2346806
10057071  14111572
30898808  30858111
30881259  23895126
30899551  8113782
30899420  12570099
30899375  20691982
30880925  1476987
30899701  2219562
30899138  17002022
30899456  196972
30899456  1026069
30894962  2422468
22574764  238547
30898268  6789927
30900110  28639692
30898868  8240554
30899927  4706499
30873389  30693785
30900301  7660545
30900133  9435461
30898976  30897276
9400801  9122195
30900769  23446377
23818203  9122195
30900655  2973202
28739034  9122195
18593547  9122195
17429855  9122195
30900891  3737139
5305952  9122195
30900707  9508029
23811834  9122195
30900944  20053257
30900203  23667086
30901115  10376322
30900738  20791374
12758242  1986732
5911984  9482253
30901397  12769982
4364599  2942426
20465595  9482253
30894678  16398010
30901737  6439230
30899033  12953704
29304648  2338690
30901979  591333
30901323  4160945
12555477  9482253
30882879  21406057
30902167  13102045
30902172  24644436
30901111  118341
30902404  2167916
30902399  19461478
30847038  13240633
30902461  8625812
30902276  1646698
30899017  30898566
30901423  30898566
30902737  30902633
30902782  495021
30900893  10977200
30902865  11321491
30899696  30892891
30901838  30899865
30903193  11321491
30903074  2897619
30903284  12311203
30894682  30896668
30850718  30896668
30903418  2390662
30903520  513832
30903439  1917576
30903494  24161336
30895795  1299871
30903691  5608476
30903996  17256644
30904017  10154796
30902325  3782970
30901080  1599050
30904283  134845
30904539  22358
30904553  351409
30904665  14220321
29915896  29810212
30904668  4842160
30904708  4909701
30904757  14633968
30904886  24656912
30792648  29729242
30905057  24644436
30904287  9816889
30905044  30858688
30905253  20279484
30905056  1917576
27246287  26737666
30905461  2126582
30904983  30844092
30837531  24196528
30905370  6847697
30905798  3283716
30881199  19814547
30905677  11891755
30905805  30899003
30906072  1108780
30795598  14190483
30906149  1591361
30906172  23667086
30906172  14220321
30906104  21558911
30906442  10319205
30906381  3168704
30906902  218384
30906991  4343624
30906953  729803
30907340  12062481
30809667  11321491
30907391  553682
30904334  476679
30907487  7056925
30907585  6391902
30906707  20825306
30907759  14220321
30907690  8406307
30905571  23977727
30907866  19627284
30907019  12706103
30905126  995183
30908111  15790499
30907862  907806
30908208  10978103
30906341  8883476
30908266  3304014
30908334  240178
30908450  30321483
30908752  12093192
30896475  7884337
30908704  28808130
30901705  142003
30909102  4412915
30909301  17160162
30908963  16747106
30908662  391005
30909568  1069666
30909956  4660142
30908272  29679967
30909957  5342046
30908382  23979842
7527787  9305036
30910049  827024
30910496  6503193
30910193  10914576
30905573  25493625
30909378  5624988
30910540  4844886
30910684  11141644
30910927  4355614
30909484  7524618
30910589  30859780
30905236  25098937
30909669  1299871
14829137  8372217
3464881  2785485
30911353  14220321
30846779  13548040
30908085  30865435
30911466  23667086
30911448  2430253
30907612  18908902
30902191  19172893
30911403  988363
30909298  21887687
22041151  960431
30911633  7814688
30911309  8317022
30911570  634826
30906847  14102498
30901160  30901111
30909797  9728847
26707196  26365401
30912202  4557509
30912375  7274267
30912505  845021
30910185  9122195
30910739  22147959
30901479  18862683
30912541  18102160
30912716  22324359
30912585  618535
30912624  322597
30912986  13277667
30912554  23740548
30913320  218384
30872193  11744975
30913553  6343166
30909833  12449889
30906631  218384
30912838  8426160
30910554  18050071
30907095  18050071
30913588  29172515
30913875  12159403
30913779  30895819
30913904  30894636
30879122  30769851
30914203  959889
30914032  3755892
30907182  10549947
30914214  760210
30914307  29263015
30779787  7427141
30914722  1469764
30914121  1636556
30915067  637921
30638929  24387871
30915130  15754523
30914555  14220321
30911693  11295872
30915296  7220232
30899214  14245712
30915275  30907988
30895950  30901093
30914954  311165
30913130  6409510
30912698  30910420
30914267  10507759
30908659  2327169
30915583  20279484
30915869  23702611
30915949  9831768
30916134  2912476
30710998  5972598
30916190  19290762
30861583  30718491
30916479  10800447
30916388  393843
30916370  1905607
30915324  7191449
30916794  498400
30917312  19517794
30267215  4027182
30917341  22839071
30917341  7853915
30917401  18050071
30907442  23758922
30917770  4409445
30917827  625799
30917741  9252147
30917880  4261133
30917676  203198
30917944  14220321
30917906  6316781
30891778  11922383
30917300  14220321
30917300  6847697
10846875  927358
30915786  5624481
30918712  2165204
30917706  23334360
30918880  16046246
30918966  5762938
30914790  14361455
30919050  6401714
30919011  23484158
30918268  12717112
30919265  16589519
30919547  2167916
30919662  10656419
30919087  2666875
4640385  1685326
30918810  14049057
30919037  9158238
30919931  11922383
30919388  30660515
30919879  1427608
30911848  18150961
30920311  3372104
30920493  750136
30920528  30918219
30916843  29866131
30920732  24644436
30918205  9178544
30918297  16577120
30918467  19051604
11393140  30917753
9515378  30917753
30916004  15889867
9027024  30917753
10989438  30917753
30863198  21756169
30921396  1127328
30921396  4867229
30921138  1353137
30921618  1018705
30921799  6867131
30921448  3085696
30921766  30904890
30922099  2854774
30911994  30898566
30921095  8459988
30918252  23803743
30922212  11635
30921029  10934853
30921948  1520800
30922095  2970829
30922629  12232930
30919036  4857792
30922858  24594122
30923027  30915839
30921809  30886468
30923082  3099219
30923284  29613304
30917844  30899053
26215616  29216211
30923315  18842779
30923315  2504536
30921561  8262751
30916358  30875824
30923533  2269840
19017682  3349612
30923682  11321491
30923376  14833326
30923376  25596399
30923667  1384589
30919583  18228446
30923720  495244
30923886  14017996
30923242  1619196
30923242  5258159
16898023  4982957
30924239  18359780
30924283  271609
30923759  22671195
30923759  30769851
30922953  10724428
30923813  5474178
30924485  7793820
28488441  28378460
30924871  218384
30923325  6044978
30921156  2123514
30924923  495021
30924970  962132
30923734  11895476
30924988  20925406
30925040  901115
30726345  30764014
30922746  13546493
30925384  588004
30925225  6175548
30923795  30873264
30924930  7451967
30925425  21964120
30925511  223918
30925721  4646577
30925483  7322334
30925758  20449427
30925376  3905358
30926100  4836710
30926121  6343166
30925590  30925008
30924833  30925008
30926621  6480655
30926725  8028957
30926859  588004
30728911  13335349
30926665  24558328
30927300  16656523
30919748  14476791
30927443  695050
30927297  13418108
30927661  5595425
30927690  5767228
30927678  30852141
30927731  30925008
30927864  2710300
30927742  1823058
30927900  5549524
30928037  12573816
30880972  28818506
30928513  7985450
30928536  6620165
5187918  16510973
30928719  5141705
30928348  30898566
30928734  2431720
30927687  26706649
30928046  24644436
30928212  24644436
30927732  18050071
30921227  1086764
30918771  12074939
30918771  24470
30929252  24644436
30929233  4968406
30928831  21415963
30927869  25559333
30929278  13548982
30929423  2897619
30929317  24850128
30929566  750486
30929666  14220321
30921343  5050959
30906954  30908320
30928405  10795078
30930238  9975562
30908716  21771684
30930623  3130311
30929758  24938948
5304039  4946456
30931136  6970346
30927234  2127318
30900249  8203770
30931743  14220321
30531637  20242862
30910162  25075616
30927521  2839321
30930708  15005500
30932207  2518761
30932366  189559
30932161  2367652
30932804  8228281
2717299  1104321
30929964  24708511
30927899  28686848
30928687  13296054
30931889  26961147
30933096  1805778
30933008  5627284
30933216  30924509
30928230  30834964
30932758  30913441
30932297  14631326
30933880  1859440
30886957  25976267
30934254  2167916
30933991  4261133
30934190  7899119
30934466  3121979
30934514  3590293
30934539  123559
30934206  18487109
30934926  495021
30934431  28712397
30934636  576265
30934957  6660650
30934957  19167193
30935178  23453568
30935169  17364127
30920170  4479597
30935804  6718196
30935965  30932684
30933433  784745
30933433  6567484
30933882  1014861
30936796  236073
30935370  12168873
30759542  2604643
30933817  21629784
30936670  25855137
30937207  25337676
30937219  27507308
30937689  3405073
3405073  3122566
3122566  635483
30937123  10914576
30937063  8445770
30938055  28565976
30937762  7224024
30872883  4412238
30590086  18237134
30938213  3323074
479322  23250
30938028  17037858
30630839  2194992
30938625  2973202
30935164  13723699
30938759  8364023
666267  666226
30932950  22331908
30938870  389504
30939102  21374643
30939182  7900655
30938762  2195266
30936799  13351714
30923894  5290507
30934026  610245
30939433  14455293
30938459  12031041
30938454  6111934
30939056  3071720
30939569  720157
30938880  1378575
30939881  291978
30940036  513832
30939832  311165
30940037  14061724
30939280  24978940
30940061  610245
30940051  14326890
30939469  9965708
17056881  23023961
30940380  8028957
30902214  26608391
30939195  12188145
14869734  3125296
30940568  12284170
30940783  7313491
30940643  29670018
30941093  1012708
30872370  4694633
30887014  7177505
30941054  19391415
30941335  5373198
30912289  30898566
30933835  30898566
30926258  30898566
30941703  24885582
30941854  3330864
30938827  21858822
30941848  2496311
30942228  10404348
30942132  15366621
30942231  8768317
30935077  29853497
30933364  308135
30934902  27152904
30929645  29077191
30943030  1550226
30943487  2641326
30943451  4654636
30943451  7616867
30943653  19859282
30897461  923776
30943822  30943775
30889559  2906892
30939589  21584261
30944245  2081998
30944245  2042269
30944258  6618002
30944124  1817300
30944439  5481539
30944470  12573816
30944351  28751023
30944932  128478
30902645  30829836
30936378  30829836
30945092  30940444
30945169  6182504
30945285  333889
30945194  10789042
30945371  15701745
30945478  5078239
30945281  8606048
30945441  7878992
30941942  30641501
30945337  3600175
30941371  8303365
30946183  18243515
30946176  12573816
30946287  16255657
30688784  11249070
30946671  3469885
30946280  19481027
30945445  18560708
30947016  7065429
30879770  5161951
30947101  9286822
30944324  14682715
30946585  24208395
30845832  6327128
30946741  17484764
30947034  9516567
30947279  4318881
30942579  6800481
30947700  21895756
30947936  2707322
30947721  8108636
30948197  6242955
30947412  8932261
30948477  4463440
30948552  28023101
30941774  11441666
30944503  11161663
30946028  819536
30939627  19877867
30938498  2757046
30948404  17498216
1874889  584663
30949371  9808689
30949396  513832
30949460  12146445
30947338  160550
30949620  8667736
30949833  7549439
30863840  26017286
30935490  89228
30950265  401656
30819679  11277967
30895291  30866777
30950470  2644221
30535456  18195807
30590079  18195807
30928759  30914152
30924976  10996140
30950687  30814228
30950727  14220321
30950834  7822928
30949614  301563
30950093  3112946
30950779  9602312
30754447  22839474
30869313  30676752
30869313  29835099
30949462  133379
30951344  57483
30951383  5763750
30951393  3130311
30949499  923885
30951421  3400381
30949341  13891200
30949287  25093551
30945984  8004237
30910436  523643
30951407  30950145
30952004  1363186
30952004  5614562
30951610  4117515
30952144  11922383
30952144  6706374
30952343  610245
30952482  3130311
30952598  1884889
30944232  3648712
30952758  750486
30952785  10334688
30952793  1604968
30952856  24929617
30953137  218384
30947293  15040060
30953294  14220321
30953251  29890530
30953365  10843428
30953018  3789260
30953039  14818529
30953451  2167916
30953451  10040291
30946871  60174
30951644  24644436
30950338  8754980
8350073  19688104
30951210  17942508
30949427  4261133
30953798  13620711
30831318  15421106
30953759  118884
30953872  274626
30954100  24644436
30953212  8106159
30953558  23988052
30776476  23546481
30932603  21858822
30954394  320542
30951277  4989480
30954487  15443383
30299807  29673899
30954640  18050071
30954752  8336858
30954803  845021
30954928  17673759
30944854  24644436
30941385  30940944
30954835  4480803
30955158  4660142
30955236  14646436
30955341  164194
30953021  20688324
23781904  5511810
30955511  11169431
30955413  1132941
30954979  787533
30954599  8967902
30955764  22114088
30953362  30717297
30955928  11922383
30955953  7842049
30955931  56107
30956180  30832470
30954025  12454794
30955895  4137824
30951609  542804
30943732  30930477
30945514  5312543
30880575  17934740
30956238  242822
30956570  13811020
30956356  2396493
30956643  8138969
30956916  13518637
30957098  11922383
30957018  10655546
30956671  7056749
30957005  4212675
30957429  6491463
30951841  2777954
30948053  10349839
30957545  1441258
30950404  16711386
30955814  19971494
30957216  30957134
30956113  1033156
30957886  4660142
30957895  22902247
30955326  4052770
30957966  693823
30950209  16483119
30936232  30838302
30956647  21308848
30923036  12144000
30957956  18050071
30957398  8773579
30958143  6242955
30958113  5256939
30952745  30946780
30958511  5806920
30956695  30956489
17131872  6743786
30956172  13102045
30958441  14220321
30944257  28245653
30958973  3184121
30958819  30958417
30959200  27208198
30958966  750486
30953696  310355
30959110  2612802
30959309  1190642
30897800  13628725
30959557  218384
30959458  14624919
30958019  5161951
30959545  23667086
30959532  8878839
30959698  1513520
30959713  10021603
30959572  3605214
30959594  11420448
30957029  7779434
30954169  2824515
30960068  12064273
30960014  11563638
30960209  1647260
30960246  2909588
30959650  133379
30959650  1469764
30955940  2563632
30501605  16375592
30957446  2848904
30960258  10768724
30960460  750486
30960460  8228281
6214520  9191803
30960546  5335273
14936675  4999991
30960163  30930278
30954021  5403525
30951768  3888902
30960539  21413757
30960775  10582492
30960786  2510115
30956283  24644436
30961022  7263052
30961041  1568091
30960497  4189868
631047  587481
30961103  4660142
30960488  55828
41994  55828
1549706  55828
30961000  2614393
30961184  24198896
30953127  28033094
30961834  11103384
30951374  1489932
30961911  1144051
30962014  6658752
30962044  13639478
30960075  8473986
30961984  13840429
30961132  29781331
30962190  1352749
30957494  2118656
30954301  141562
30953344  4870462
30956310  23780282
30958778  1199646
30957638  13561447
30956048  21098315
30958591  4660142
30957595  3768895
30959498  27489804
30959187  4275678
30962745  13459907
30962789  495021
30962805  203198
24946327  13797670
30962841  901115
30962880  23086383
30962921  23618316
30963109  17294716
30938529  20486897
30954886  16015874
30930829  2832376
30930829  5050780
20381850  7859336
30958144  23667086
30937829  23420990
11407259  8084717
30963960  4660142
30963813  5532279
27049491  3046889
27049491  11761703
30963359  27659632
30964141  513832
30964000  6275535
30964157  13052857
30844611  6058139
30964411  2723397
30964478  986006
30964446  9446387
30964491  1005590
30964613  20853451
30959287  6040583
30915385  5460923
30964681  9157118
30962443  9977045
30961879  5379991
30964758  30520851
30960877  10141983
30963784  1857928
30960551  26895349
30965084  13102045
30965487  1380463
30965611  29140402
30965465  29409184
30945769  15810550
30965803  500431
30958896  23353173
30965907  7935858
30965907  2755945
30954769  12849597
30966003  27008646
30966108  10087819
4284733  1489932
30966239  14220321
30965926  29797172
30966289  4450045
30964358  12179608
30966254  218384
30966216  30966227
30966334  7824730
30966210  1130208
30966414  29777684
30966605  12510396
30966567  26683242
30966645  2973202
30966637  2095397
30966580  5596107
30965248  23353173
30966692  266448
30956497  8910494
30966555  6759515
30966459  17498216
30966983  218384
30956816  29168433
30967090  1527719
30966485  16338281
30899892  11165104
30967243  3509714
30958338  14325554
30967460  9229645
30922634  30351525
30967222  30821693
30967681  25706216
30967763  23667086
30967799  18573016
30967170  19922538
30964690  2973202
30964690  3434601
30967985  11022600
30967449  9546635
30967200  218384
30968179  750486
30968257  513832
30967855  13615381
30924003  13453418
30967744  766893
9775719  6038829
30968519  11043026
30963429  19287777
30964924  10101899
30965136  13293466
