31036556  15745042
31041846  2091465
30941090  2337271
31027573  2674707
31037514  1380463
31036790  31035889
31037120  31007605
31041239  30962068
31042223  203198
31041760  18100208
31041133  28958192
31042579  20524008
31041184  3768895
31040720  25318154
31042838  1688337
31039262  1958808
31042959  31041901
31036751  24470
31033238  5116756
31042176  11098873
31043322  279170
31043311  22606556
31042956  203198
31043457  22937618
31040386  4244896
31043557  27479181
31039660  29734954
21677796  629240
31035775  171970
31035775  615940
30985112  20834703
31043939  1003855
31035667  4538279
31043790  7680504
27665365  31014515
31025735  25373228
31034458  6456744
30553377  8799134
31031997  10198367
31044041  20129762
31042509  5069806
31044762  203198
30929609  13827654
31044526  5775452
14288185  228477
31035270  433490
30982724  30980372
31036348  30955097
31044944  3633140
31044584  31026141
31043039  5090103
31037049  4602902
31044685  218384
31040935  31041511
31045148  182287
31044960  28116009
31045453  14220321
31045158  2500436
31041304  8073278
31045599  369512
31046077  36901
31046065  2567957
31046138  2460751
31044189  18824186
31045352  11643341
31046326  2973202
31046310  6733652
31046547  3536372
31046777  31023060
31044673  5079797
31047095  17106681
31044973  10290820
31044623  1751844
31047396  1420381
31046614  30901719
31047483  13717355
31046656  60174
31016751  3653462
31042623  17497588
31047772  7814688
31047634  2591098
31047859  25217679
31047849  10264308
31047849  1600001
31048012  27322242
31047964  1343890
31048153  604831
31046695  24241978
31048270  25994149
31048345  8490052
31048551  359494
31020245  8832898
31048637  60174
31048716  18145682
31048403  17189642
31036491  1555262
31048796  31031553
31033388  12759087
31048392  2972600
31045830  25337676
31045830  940913
31043245  25337676
31049212  18050071
31049353  2134978
31049339  4862178
31048941  7029427
31049501  13937528
31049558  12994298
31048230  3465465
31044858  25232056
31046427  18050071
31044072  24644436
31048693  24644436
30801931  30062267
31049835  24938948
31049648  800197
31050490  203198
31050086  1007697
31024298  9775972
31050644  12004603
31017724  25606339
31051088  18026236
31051174  218384
31051056  1319615
31051147  15913150
31044756  14018215
31050614  16115635
31051163  878166
31044972  22778330
31051490  1700661
31051350  18050071
31051541  5620324
31051067  13776867
31051196  2647
31051196  23408353
31051512  2075337
31049312  14220321
31051806  739654
31050937  18573016
31050937  215497
31044315  31034405
31051278  16202348
31050093  29464413
31052249  589985
31052189  13905741
31051876  5540354
30991630  1987926
31041728  14402598
31011091  513832
31051539  1619505
31052644  23888621
31052525  60174
31052756  31036394
31047992  28699574
31050689  18664579
31052983  5467129
31053033  949433
31052210  23250299
31052902  21402465
31047896  30896668
31043026  23667086
31052979  628526
31052291  21818181
31053332  15214961
31050640  24151930
28864876  24190478
31052953  4156626
31047488  30245932
31053218  20279484
31052420  2530228
31053615  1520800
31053687  11099004
31053776  6495629
31053777  482847
24144859  31051527
31053876  9641960
31040182  30876068
31051691  3796160
31054215  15175144
31054381  17193365
31054394  1555262
31054061  27804315
31049818  31036088
31054615  396164
31053774  203198
31051840  31051668
31044325  23347701
31052406  17368595
31055281  16788384
31054375  4509167
31055182  18070154
31055353  5874383
31055416  16321690
31053192  1706551
31055726  24644436
31056036  1051379
31056261  4261133
31056261  18050071
31055994  24812464
31056381  3737139
31053718  2411487
31056492  4660142
31056424  394809
31056616  27720349
31056410  7434215
31056821  762348
31055580  25465101
31050815  5602204
31044267  30849052
31044267  22452413
30987817  19009959
31056675  261290
31057073  16856647
31057126  2811319
31055779  8470311
31056909  21052509
31010002  401656
31010002  18547954
30967044  7628991
30904960  8146938
31057298  1296646
31057290  4669822
31056885  2083112
31053983  1789627
31057483  180172
31052014  15446730
31032307  513832
31057563  60174
31057697  23446377
31030463  10926506
31056991  17458803
31056625  1181888
31057811  18050071
31057307  4261133
31057943  124411
30995942  17342815
31058301  3431529
31058309  8548030
31058254  21197410
31056601  17847638
31055140  20279484
31054657  9409632
31058991  18926914
31059118  3389574
31059158  1051379
31058739  5629684
7333675  14220321
31059273  14220321
31012845  2710666
31059108  12002304
31059448  1494953
30612239  30606020
31059488  12093509
30936291  18186003
30798943  12172177
31053977  7232593
31059847  30573532
31060249  19896870
31060392  11924706
31038287  3732608
31060750  12573816
31060882  877523
31060989  24094093
31061169  6348902
31061308  2755945
31061122  828905
31061571  218384
17909480  19366401
14862759  19366401
31056332  19366401
31061505  15068475
31061951  5737628
31061995  143390
31061817  12573816
31062076  8028957
31061516  750486
31062156  14220321
31062170  1390607
31062245  18050071
31061920  20719319
31052624  16500127
31062559  218384
31051670  24999452
31062374  23105089
31062733  27152263
31062766  315911
31062775  10812254
31062390  22566160
14487682  17637179
31063180  20279484
31040967  5532595
31063189  12919074
31057197  7029993
31063324  22727711
31063324  5613834
31062805  25044584
31063444  7073484
4690471  2484527
31063398  2484527
31063546  26102054
31054034  4289891
31063689  5669762
31015767  26426934
31064252  6249151
31064154  27008737
31064446  9640670
31064337  1018822
31044617  13224362
31064924  2194992
31065019  16030858
31065019  65035
31030712  364114
31064949  31017592
31065216  3552461
31064499  513832
31065435  17617568
31065494  25141098
31065527  21062532
31065281  16586899
31065135  4616694
31065903  2600746
30596103  13613142
31066076  17727310
31064688  16959992
31065899  15796623
31040178  9621438
31066185  1207406
31066238  31047135
31066451  119123
31066146  4547032
31066476  2646425
31066630  499294
31066721  3727068
31066728  8367421
31066855  21398766
31065449  6878468
31047708  9047601
31066540  7745609
31066913  31042185
31061852  5874383
31065670  31041740
31067369  4092393
31067610  25029465
31025122  24616967
31067852  153724
31067528  252519
31067528  19765962
31067930  3308388
31066373  3504499
31052147  22008822
31063725  18446946
31068079  15883526
31068153  18877503
31068507  18595558
31068663  4356289
31053619  23027678
31064437  8476627
31068894  14220321
9952037  1664364
22331939  1664364
31068671  7306214
31068184  1980452
31068982  5632363
31068975  12966401
31067713  4804398
14728304  8367421
31069294  742764
31069073  31056587
31069111  26895428
31069410  5431941
31068225  29784473
31069863  18596876
31069969  28988260
31068343  17291595
31070065  588004
31055279  6467501
31069414  5145637
31070059  17335329
31070127  4660142
31069274  191400
31069366  13310772
31070686  30680938
31066194  5054995
31070383  14102407
31070415  21137592
31070443  245369
31020952  26983894
31068802  9122195
31071318  5433754
31071216  8113752
31071742  207976
31071742  9150538
9150538  207976
31071859  95419
31070989  29830716
31071571  3122677
31059670  28721668
31071710  28658160
31072044  29948929
31069726  4227223
31050381  27272581
31071452  12322023
31072375  4114095
31072214  14508473
31028629  30677816
31072691  4261133
31072563  4622171
31072980  4261133
31072801  8887810
31073014  8442147
31073185  709380
31070486  8364311
31067415  24547819
31069033  1237068
31073368  5430020
31073442  2474018
31073482  1438420
31073527  60174
31069474  26895349
31073738  750486
31073786  21797118
31073697  469913
31074037  11043026
31074032  15447133
31055023  1589834
31073790  22147959
31073921  15821942
31070620  14740375
31074220  10730362
31074551  4158369
31074690  431013
31064837  31041949
31074679  11321491
31074326  4592493
31067631  15209831
20480090  14487682
31074621  24160209
31074586  8533432
31063436  4736
31074923  9767952
31073997  31072690
31074791  13592236
31074202  30980474
900230  271076
31075347  7674786
31024308  2973202
20661596  9688084
31068348  30989516
31075507  18680503
31075423  2346806
31075206  10693845
31075497  23970958
31075819  2474018
31072529  22481959
31075604  2612802
31075116  5210535
31069971  16644597
31076105  23740548
31076151  31073085
31076187  3374811
31076298  4616202
31060842  12351221
31076417  5686735
31076582  588004
31076763  3270680
31076656  30653953
31076771  7730302
31076882  6343166
31053072  31051488
31073521  24322114
31076199  25587626
31056142  466345
31077061  218384
31076332  22056688
31077051  15813490
31077059  1457863
31073268  1112343
31077091  28593476
31077253  31022965
24322388  8533432
12448500  8533432
31076310  8533432
10676425  8533432
20034750  8533432
31077723  5214127
5764548  4746058
31074949  4289331
31077910  14005549
31077147  30568508
31078031  24644436
31077934  13106095
31077267  26954594
31078081  576855
31078122  31061718
31078117  12051
31078055  768431
31078021  18156788
31078068  4261133
31078169  112970
31077655  15375791
28614607  10029130
31078523  7395049
16897864  14493334
31077765  1274057
31078495  14912502
31078597  4660142
31078610  1125730
31077991  3847042
31077783  8619590
31032520  10888610
31078892  9081426
31078829  31050541
31078829  18453566
31078849  12803012
31078667  30128395
30903646  8044583
31079233  1501949
31079390  476679
9809511  30128395
31077888  12573816
31079312  2340406
31062686  11263488
31079060  31030207
31079782  9935229
31079984  14220321
31080064  11408427
31080490  240178
31080534  12289973
31071007  4515676
31080203  31058348
31079874  25768006
31079634  4650243
31077338  5337613
31080531  3404508
31079259  8610571
31081154  18962799
31080910  19652583
31081282  14742511
31081189  5129965
31081428  2745265
14884515  15513395
31081394  14220321
31065738  18484762
31061554  13915081
30494514  10068983
31081907  21094788
31080416  10068983
31081914  28012241
31082136  1148942
31082327  3737139
31082126  4725233
31082466  2279030
31080532  8951275
31077195  14393809
31082592  2106715
31082719  31051839
31082818  23158766
31079141  462345
31083033  10215659
31082925  4359870
31082945  13088770
31079237  31082628
31083135  31082391
31083135  20239817
31083165  14257717
31043271  4052770
31083301  6644168
31083795  2751593
31079654  888531
31083877  18050071
31083503  18667410
31081812  21635198
31081982  31081919
31083325  15900363
31039110  8825030
31083880  12718965
31084405  4233925
31083370  31082205
31084459  2063480
31084447  536441
31084601  17498216
31084487  59838
31080277  31078142
31084500  31078142
31084562  22560691
31085325  1069066
31084315  14984777
31084800  26643536
31084800  13331054
31085464  24002369
31085613  4660142
31057232  30011208
31085619  6813227
31085619  4107404
31068144  155920
31082200  31068144
31082773  9739230
31085753  30809815
31082908  12769982
31085241  31081919
31086251  750486
31086268  218384
31086465  6535444
31081028  381542
31086607  9264763
31077681  14211843
31086740  30680938
31084209  25339056
31086895  4374528
30966894  9520911
31087124  264480
31085812  13765031
31073309  218384
31085291  2658922
31078763  30441122
31087429  15006618
31087586  2083987
31077238  8459903
30978016  2116540
31087608  10247591
31087780  1359469
31086955  19803954
31085270  2839321
4385392  2839321
31087316  28153669
31085535  31045699
31086406  31045699
31088304  15884199
31088127  25798977
31088127  6441218
31088401  29401626
31083051  19344214
18338807  8983041
31088283  9264763
31088967  15447133
3895951  8983041
31088435  8983041
31088694  2085637
31086239  7331954
31086278  24644436
31086324  24644436
31088777  11065026
31089193  12478727
31089172  4660142
31088597  4736
31089074  2215354
31089070  9605913
31089169  28469373
31089441  7929796
5999213  4770985
31089756  2081836
31089564  2263541
31089636  10643947
31089022  3726505
31090051  60174
31090191  7126550
31089809  31089621
31090245  1732348
31090595  11922383
31090668  949433
31089718  31087601
31090795  24028666
31089355  513832
31090775  826319
31088607  337704
31090236  23667086
31090973  13781069
31091050  31068082
31086777  4247264
31091188  4738405
31081797  31081919
31091191  19465765
31091297  1299871
31090722  20268228
28501566  218384
31087868  2570410
31091611  1731384
31091800  23655005
31091177  31081919
31090676  5605125
31092041  750486
31091353  24644436
31092106  127803
31091953  8387989
31091953  9095748
31092174  12199353
31091713  79693
31091821  218384
31081183  12586180
31092574  30722521
31092833  16831812
31092691  16166039
6705147  6229401
31093139  7813968
31089813  10236166
31091720  19896870
31093074  8107000
31087417  28798181
31082550  31078321
31085684  19288162
31093435  19964553
31093506  25651641
1401658  3538489
31093524  11710103
31093330  25269597
31093824  2065282
31093851  383947
31091948  31092010
31085349  31085709
31094024  23578114
31082911  495021
31094242  610245
23057651  15926377
31094132  28443864
31094299  1678064
31094299  14329954
31094574  25854300
31094574  27737701
31092738  18050071
31094107  14028959
31093765  4658354
31094791  14220321
31095026  21610282
31095569  273145
31095274  17878703
31095251  2973202
31095806  750486
31095818  11114622
31028951  3730002
31093192  1589939
31095885  8028957
13525477  1589939
11917841  1589939
31096088  23446377
31096112  203198
31096205  3297867
30780399  15281904
31096214  10848
31096332  390250
31096377  3434278
31096211  2081418
31096466  1912095
31096559  14220321
31096592  26494130
30867477  30674336
31096803  23752593
26671337  2167509
31092944  9904980
31090054  2954962
31096990  707380
31096993  7966890
1251491  4269800
31097072  1065435
31096680  12573816
31097325  30680938
31094965  3800813
31095210  31081919
31097378  26680266
31094603  2395747
31093083  321849
31095315  6476789
31097722  8269096
31097236  410705
31097918  2818796
31097514  31084054
31097941  20563772
31098259  19624719
31098373  25387537
31097872  218384
31098504  5187530
31098382  6545426
31098352  2483919
31069019  1971555
31098624  12593653
31098221  15323116
31098326  206661
31098969  12795078
31098994  1155617
31099124  25387537
31098873  12251750
31099219  28963608
31099316  3873111
31099242  26680266
31099167  6792197
31099444  31097613
31099399  860187
31097208  18526373
31097208  21192490
31099468  2184286
31088792  31070731
31099896  4949121
31099950  18050071
31099524  20637865
31100089  12263745
31100107  3223035
31092169  31081919
31100465  949433
31100544  25103626
31100631  16052862
31100648  31099184
31100721  3683602
31100764  31084853
31100942  2659590
31100957  2510276
31100112  9566443
31100977  2973202
31101089  31098685
31100995  9864267
31100683  10209871
31101311  750486
31100805  27841491
31101948  15112125
31097810  23647044
31101947  3304904
31102155  12301358
31102061  31078115
31101988  20767702
31102063  11621361
31102260  31102155
31102359  4912092
31102439  22937618
31102396  18326738
31102338  31090789
31102497  1456253
31102695  9351964
31099009  6136154
31103124  4044845
31103157  508269
31103129  23294658
31102884  40480
31103353  513832
31073005  13296232
31099995  2665634
31097247  16970982
31099847  31095949
31103691  146576
31103698  7568627
31080647  12391950
31103432  31086991
21949183  17976140
31103960  4261133
18673973  17598996
25757474  17598996
31104176  1958636
31102622  1700081
23634513  30128395
9470643  30128395
31104308  22801153
31104601  4660142
31104704  31103764
31070064  31067990
31104416  17192158
31105105  8627789
31104594  7078837
31105101  279170
31105174  13102045
31103153  25784207
31104752  18050071
31100464  819355
31105286  586129
31105457  62618
31105600  11823616
31105587  2427288
31106025  2973202
30965711  8722728
31106228  3801248
31106228  41948
31106348  356950
31106353  17498216
31106394  24465261
31106478  9886266
31106897  24644436
31106841  3313590
31104592  28256
31107093  13336761
31107098  9206618
31107177  7056925
31107088  19226816
31107235  8312459
31107299  20294095
31107621  30788379
31105849  218384
31107864  26176306
31107116  2338035
31108523  13355782
31108384  3814145
31106609  4112686
31107010  3474805
31096236  7244321
31108887  3502267
27332545  13761848
31105542  11321491
31106305  30612530
31109538  4090834
31109538  14250486
31031337  18023493
31109299  6411361
31109532  588004
31108328  36901
31003349  1410127
31109683  26127004
31110146  3147911
31109863  5121495
31109292  12769982
31110060  2167916
31110218  886050
31110407  4660142
31110455  2063480
31110454  31086358
31109545  27524415
31103187  1743698
31109490  4722289
31110936  10538507
31110515  20346
30974606  2044111
31110904  17109850
31111255  588004
31111085  3342984
31110766  29357166
31077967  10029130
31087511  218384
31111706  6229024
31111811  1088016
31111934  4176328
31111834  279170
31112042  1909815
31108643  2398725
31111914  16622504
31109900  2667065
31112139  14220321
31112176  3159652
31112286  487509
31111975  4660142
31112379  13065697
31111728  21522341
31016861  30992225
31112079  30886437
31112896  2145277
31113092  21009922
31113307  301134
31112682  2839321
31114042  4261133
31114365  29140402
31114378  7948494
31113975  16358973
31114181  24644436
31114495  4070716
31047127  31045503
31114587  218384
31114626  9060321
31115061  2167916
31115271  9272648
31115093  25032716
31098943  21837532
31114464  7087185
31115364  17364127
31115415  52550
31094161  513084
31110306  4463087
31115833  436411
31115621  2522005
31115367  9959727
31009491  21028023
31115928  13125632
31115651  30440931
23775017  9121902
31115967  9334597
31115850  13370935
31115775  4361553
7509831  10476560
31116100  13717355
31116162  11321491
31116341  901115
31113830  3652688
31116664  20199126
31116606  26262398
31115597  215412
31115672  5343068
31115672  10126381
31116953  12266218
31113034  279170
31094093  24738333
31117020  23397153
31116542  20700053
31117182  19955898
31117137  31116213
31117108  21593
31117260  19590865
31117354  509211
31117129  20563772
31113734  2319735
31113521  14220321
31117482  9617914
31117710  2063480
31110749  1065435
30830717  30839687
31117070  26563821
31092230  30651196
31117886  17498216
31115164  2477774
