31117043  13423624
31083633  28731451
31117429  12573816
31118182  1129216
31118063  435703
31118085  182197
31118372  17186777
31118440  24644436
31117538  6372104
31118650  10201081
31112200  511439
31118733  1883321
31118703  406316
31116555  13419411
31118910  26643536
31118910  3602827
31118925  11690917
31118687  8725673
31118987  9998402
31119036  513832
31119188  6150174
31119157  27701323
30811621  30653416
31118828  20039991
31119365  9808689
31107826  1178574
30981947  958040
31118429  11348229
31119535  203198
31119704  4256438
31119678  2826
31119902  11321491
31119867  15363138
31119993  1125730
31030910  3243018
31119965  6562673
31077016  14973852
31119821  2906092
31120052  8144468
31120221  26479728
31120267  4244896
31119376  8916539
31120139  2347265
31120533  1669821
31032941  9845367
31120845  203198
31120852  2422655
31103352  22435561
31121199  12991351
31120970  151005
31110081  5669813
31121422  11164533
31113608  31110851
31121612  60174
31121795  21180269
30855927  30287531
31121836  999172
31121877  2892371
31102368  28501131
31122131  17498216
31122291  2607289
31122259  31120456
31121324  2309943
31122379  30674648
31116725  7203298
31122401  12573816
31122125  19562103
31122716  306313
31112154  3024197
31122713  2033912
31122870  2973202
26220982  6792197
31122831  12411172
13679112  6792197
31123022  10286164
4574963  3085710
31123399  4660142
31123335  18195715
31120994  10055158
31123613  6888236
31123365  16136006
31123780  2223386
31123877  726761
31123183  17075061
31123183  25710109
31123529  11823616
31124151  3470412
31122128  3228075
31101639  5830045
31124260  27828365
31122360  23909827
31124312  18344646
31124557  2543389
31124556  847066
31124499  3987428
31124535  24716592
31124158  18738398
31120979  13802703
31124635  28639852
31080444  1078383
31122490  31124439
31124914  26369371
31122915  9996523
31124995  9786519
31125270  22435833
31125016  18880795
31125283  13656453
31125233  19677345
31124747  16930138
29038300  26065808
31124655  15597167
31122797  16605706
30721601  4051239
31125625  17345429
31125649  18050071
31125438  5178292
31125887  13114043
31125677  13612104
31125973  20032792
31116427  31000885
31125654  4761386
31125066  11408427
31126735  2450954
31126735  6274339
31126766  26398952
31126754  4261133
31126901  15431365
31126746  2950332
31126910  495021
31127013  4922145
31126545  14028959
31126971  8269048
31127088  14945118
31127088  18126289
31127388  109383
31127307  2612802
31126321  21818701
31126321  14742553
31127757  29980793
31127893  16161781
31127979  1837874
31127894  12991164
31127986  85190
31127958  1298636
31127716  23294658
31128179  4616202
31128140  8559021
30936225  715432
30944525  273238
30944525  6899
31002407  194852
30956679  877034
31003438  2200825
31057145  16050249
31112224  22147813
31128285  5708834
31128465  5121495
31128541  18419374
31127668  5294955
31128749  279170
31121289  31122642
31121311  11078487
31123818  114543
31119421  2528318
10110259  18028643
31129645  113829
31128869  15286458
30412435  15286458
31130172  2309694
31130265  5906393
31130364  203198
31130414  564366
31130510  13774952
31130500  6743833
31130775  6340664
31131003  7937029
31131006  2543389
31131007  31129718
31109713  30685502
31127452  20553695
31131292  12351244
2689245  12351244
31113176  7846134
31131860  2418473
31112180  28559795
31131992  31026473
31128055  30950285
31128282  24161336
31132516  16061030
31034002  30808192
31132491  24008547
31132896  12573816
31132592  2350937
31120262  798854
31120262  4941753
15221832  23709971
31133152  12573816
31130411  14129237
31130411  274022
31133267  16281760
31133361  5358850
31122993  30443616
31130855  1060008
6629333  14223931
31133764  9310926
31134139  3121025
31133952  929276
31134309  454315
31134396  4841373
31133847  3549206
31133949  604598
31134613  949433
31134611  2238818
31095461  17166074
31134744  949433
31111404  7597343
31134890  1016404
31134285  27833140
31135105  10097491
31135244  962132
31131538  21881992
31135337  779016
31134896  13404377
31135292  817853
31135150  1743328
31133471  19075671
31121284  7644699
28049771  9555889
28049771  12747916
31118098  2838490
31136022  28227006
31136175  17759735
31136247  18813875
31136245  19562103
31111539  30992776
31136490  941104
31134099  30841754
31136765  31126123
31134017  18151124
31137663  513832
31137872  4969171
31137665  31134417
31137138  1221939
31137310  9300927
31137985  5338716
31138065  1597405
31136661  4796219
31137113  24574741
31138095  7017281
31136905  4913673
2692141  2698460
31138408  14220321
31125687  65865
29502052  15427667
31116991  31014044
31138757  5334301
31137406  23199796
31139042  556153
31139221  11963522
31138828  7146559
31138288  15674373
31139473  14049480
31136870  1902082
31139507  26542509
31137575  31128533
31139362  2167916
31135858  17253410
31139263  384228
31135201  14220321
31139563  279170
31138605  1056121
31139569  8562613
31139785  443967
31137013  10983731
31133551  14220321
31139983  675231
31140171  17498216
31138196  19788610
31140249  7057359
31140380  4898287
31140380  300220
31140401  22937618
31140527  949433
31140648  451415
30118051  18010103
27909155  20563147
31140571  10608114
31129381  1777221
31140635  12530406
31140856  1293489
31135208  31098426
31141017  4261133
31141171  4269034
31141171  16310231
31140742  3719853
31140651  4660142
9806421  6866238
31141164  10382929
31141316  20043054
31140935  5688791
31141519  31113993
31140099  18315072
31141583  9444289
31141408  31123652
31134572  26041435
5002665  4964887
31139300  767733
31140434  26407883
31141946  23294658
31131354  31136586
31129574  588004
31134002  2376250
3273478  12991164
7296752  3161564
31142332  240178
31141964  31083880
31142204  18805497
31142378  3026281
31136045  26529417
31142476  2559527
31141190  4207880
31142598  2007666
30992611  28751637
31142044  5545649
31142879  218384
31141629  1074869
31142933  20621371
31143230  222557
31143112  3401136
31143485  16811045
31143745  31130305
31143827  30680938
31143851  13102045
31143693  7013263
30991440  30171571
31143675  137487
31144134  4019528
31144135  17633077
31139739  19498346
5377946  14854760
31144040  18050071
31144217  5159845
31144152  27325005
31144346  1019793
31144509  19712206
31144406  12572362
31144393  12530406
31144153  30612611
31144542  20579169
31144919  2541401
31144887  203198
31145064  951021
31137576  3910022
31145121  1685860
31145352  31145270
31144617  2201170
31127707  24869323
31141261  1700081
31145555  11350090
31137355  9715676
31132628  14637937
31134903  6635849
31145710  24424686
31146372  2055029
31146372  18050815
31145999  1146202
31146691  26019422
31147021  18035595
31146655  27509
31145142  9406463
31146790  22177767
31144344  19034754
31147233  1239908
31147396  1392413
31135057  12622654
31146930  14183611
31147487  29337682
31147532  15677958
31145585  30381100
31136108  21823415
31135306  30886468
31147797  903853
31147592  8426882
31010246  3640764
31147986  16371129
31122727  28153669
31122439  3058401
30121552  26098508
31140740  3017011
31147816  12769982
31148273  2762260
31148016  5121027
31148454  960218
31124175  7217578
28637970  15112125
31148318  10607732
31148268  6624049
31147734  751522
31145614  6035807
30903352  5655314
31149195  12374399
31149588  513832
31149623  5450748
31149660  409496
31149719  12942868
31143678  31140070
22009798  18512461
31149919  30680938
31149984  18050071
31150061  5371047
31150196  11321491
31147780  27932795
31149153  28571899
31149135  26895349
31145278  14565788
31150405  3079415
31150347  1145850
31150595  240171
31147098  31082504
31150568  1958134
31094176  372686
31150740  513832
31150788  5582248
31150904  3964599
31150922  10377183
31147155  11367367
31150764  18012222
31151008  2973202
31149109  186822
31148844  3388029
30650333  29131561
31151254  29131561
31151292  14220321
31148575  9789871
31151358  18050071
31150185  5675017
31150117  11180130
31151576  14220321
31151745  3801343
31151696  20615391
31152239  14220321
1822021  2698460
5488853  2698460
31152303  15112125
10363873  2698460
31142873  180986
7619144  2698460
29941386  2698460
26223139  2698460
11589269  2698460
14422177  2698460
31140040  17448565
31152533  15962113
26857356  2698460
31152660  565634
31152714  1049409
31152118  18284342
31152498  5210535
31151984  3778908
31152128  12361925
31152974  13694394
31153374  26752030
31153729  5800242
31151521  1771786
30899967  25799107
30956828  3427571
31153778  25062428
31153824  16618071
31151106  13799789
31154071  4363197
31103748  30769667
31151657  356809
31152726  15536639
31117939  9614258
31154386  218384
31153379  16319063
31150461  28211306
31154936  14852089
31155203  14220321
31154731  12776885
31155477  263965
31155667  7459385
31155963  750486
31136762  24689157
31154362  9619030
31120408  170961
31120408  23510716
31156265  31129892
31156005  31154015
31155236  4778548
31144198  18066058
31156403  4660142
31156626  13796982
31156563  1533725
31155642  8466744
31132150  26924430
31153405  19767408
31151710  513832
31155385  19995
31157027  1100098
31119639  19800089
31157243  8028957
31153850  26862944
31147135  12573816
31155474  16852813
31157435  24644436
31157743  3577641
31157643  9379847
31157873  1217824
31156827  2488999
31158521  27823355
31157988  8147027
31158367  1282364
31158437  5283583
31158444  4336637
31158708  18050071
31159070  355062
31159008  5335273
31159149  11288611
31158258  27472911
31158265  28021409
31158772  28593476
31156879  24809235
31159471  4421706
31159498  2770630
31154515  1825147
12137516  6119793
31159727  4969171
31159917  18050071
31157347  16984323
31157347  17067294
31160250  1168807
31160195  78536
31160554  18880772
31160478  1549631
31160586  665494
31160364  279170
31160055  4176328
31160690  12859942
31159151  6586205
31160677  1125084
31160677  15292175
30676068  30847647
31156768  30154541
31161065  4879036
31161146  2269840
31161429  20916472
31161467  21313025
18571569  18744910
31161646  6491463
8522856  18744910
31160397  10464801
31161940  826948
31161925  25337676
31162044  30017774
12506679  14911158
31161321  3122344
31162263  26988167
31162351  5991319
31161316  1923874
31140553  733652
31163064  29109987
31163104  396145
31162132  7089057
31162533  2081836
31162447  26019915
31151756  31107245
31162589  31013229
31154012  26261007
31152232  6841605
31163616  5929107
31163695  18358534
31164080  13486479
31164094  31160868
31163630  17976140
31156182  28620794
31163722  571900
31164109  31144582
31164162  4660142
31164177  845021
31164317  182287
31162246  24845909
31084882  14932315
31084882  22185974
31164202  1732348
31163965  31132552
31164334  20999264
31164334  31042537
31164435  29165162
31163875  8430279
31164477  17909871
31163645  12550368
31164781  3975499
31159257  7191449
31165042  4660142
31164560  31163412
31165137  180986
31165166  12301358
31165111  11217188
31165398  1239908
31165232  11321491
31165598  332030
31165626  5771878
31165305  1295424
31165672  9923698
31165986  16760971
31166137  1373164
31166128  15614561
19443882  8533432
23668366  22427567
31166030  22636826
31166145  21344891
31166492  19286970
31165904  29476677
31166472  767999
31166696  750486
31161974  27958438
31153726  1996518
31165315  16568272
31166949  266115
31167143  223918
31156091  21362700
31144076  6656358
31167394  912596
31167478  4660142
29642328  28858667
31167582  8028957
29446293  27002910
31167339  1545649
29353442  29464529
31167584  5585779
31161854  31162932
31153630  31158912
31167885  495021
31167943  12062481
31154633  27817577
31168073  8533432
31167732  36901
31167732  2511300
31167343  28307814
31168540  6141883
31155310  14210381
31147252  31136252
31168442  8887864
31146931  218384
31060896  5970188
31168487  3986858
31168648  19453509
31160144  12573816
31161789  16047818
31169084  21883735
31166672  11921690
31169305  7324708
31169549  18050071
31169494  12573816
31169690  15443383
31170059  2639051
31169528  826212
31170094  17498216
31170266  298772
31169832  6697753
31169900  21455403
31170362  16884432
31169971  18552891
31169529  4660142
31169921  266115
16884432  11050817
31170693  29989951
15654997  23353173
31170902  25119510
31171253  905379
31171089  24643867
31170275  6146516
31171508  1373164
31171076  29716653
31149820  1284381
31171758  949433
31170846  26111354
31170219  506282
31171456  4396604
31155933  11106981
31162786  4830588
31098029  19837354
31171985  5028226
31172485  2194992
31169705  9614922
31172594  11321491
31171144  19280429
31172564  18145152
31172620  2942951
31032081  1647907
5112995  17541614
31172923  228477
31172903  6465222
31173172  4894120
31173297  2049528
31173354  4660142
31173370  23667086
31173496  8033537
31173537  18050071
31173652  24504582
31171975  7943525
31152154  8923114
31150124  31070368
31173856  31171225
19446753  16371129
31174271  15513467
31174269  750486
31169246  22853340
31173054  2175714
31174681  26857144
31174374  29842975
31174841  2500459
31174936  20881745
31174782  20705399
31171897  451415
31175714  9639690
31175784  4316727
31175812  20449427
31169362  9033999
31175761  19640616
31175578  13540636
31175732  218384
31170112  27913723
31176248  849813
31174077  25853947
31176195  202605
31176951  19839952
31177093  2167916
31176278  1065435
31177190  1729824
31177301  1414365
31177423  23294658
31177142  8936063
31168808  20148269
31177035  15965376
31165028  13860894
31178209  31177183
31178400  106179
31171207  25339056
31178708  451415
31178745  31154760
31178579  30975339
31175252  24372093
31179001  223918
31179006  5033012
31178739  7111610
31178142  30602543
31179462  2940465
31179653  409784
31178918  17942508
31180185  15225908
31179889  885009
31180187  466345
31133840  18065827
31177710  11183190
31177710  1977027
31178581  15550100
31178056  18050071
31176651  18050071
31181264  2720014
31180860  12769982
31181292  15682196
31181903  3312786
31181682  17354568
31181251  24470
31142724  7224511
31182084  2575216
31178345  28739955
31181852  26317325
31181811  6343166
31182185  31181182
31182137  15033542
31182409  4421706
31182534  4176328
31180939  22937618
31182526  19791796
31182072  30221432
31137405  28858667
31172933  21823415
31069249  8188844
31182686  14220321
31182846  24467726
31182219  2593637
31182203  28387963
31182906  1011198
376278  949433
31183007  14220321
31143036  5078239
31173219  6343166
31180647  2455750
31183197  1512045
31182687  6712437
31182934  2551792
31183429  632475
31181673  24644436
31183039  24644436
31183484  8207633
31183666  3130311
31183864  4102510
31184120  8336858
31184393  492716
31155914  1782080
31183390  19654295
31184536  30731614
31184626  17296919
31184681  1144783
31184727  16976720
31180781  22752544
31184813  13914178
17296919  4359627
31184829  3596781
31184884  11719495
31184857  1783793
31184977  13840429
31173464  29877692
31184982  29520676
31184982  30716354
31185285  4261133
31185182  4205181
3087360  4359627
17304821  4359627
31185478  806906
31185529  27876883
31185468  2530
31185468  32369
31185568  3473675
31185338  270612
31185482  5555627
31185339  31166430
31185898  25309748
31177271  2422468
31185956  12769982
31184074  12573816
31185827  7863467
31168776  9477702
31168776  17000911
31185119  13532784
31182726  6234798
31186228  26659359
31181995  218384
31185160  3514158
31183041  7031885
31183201  10168686
31186980  4660142
31185961  17399119
31186120  18189097
31187274  11656532
31181430  5545649
31187460  2904689
31187620  14220321
31187130  20279484
31185137  12028130
31187792  12501331
31187872  4660142
31183258  17230837
31183258  20613841
31182271  2814805
31185269  8066583
31188055  18050071
31188395  684672
31187786  3338283
31186209  14804228
31177776  18813847
31183281  513084
31166531  31162464
31188117  7181504
31189250  6967297
31189330  203198
31189347  11907245
31189273  25607247
31187552  2582057
31076278  465950
31189510  14220321
31186362  5654926
31189981  20279484
31189572  285712
31189812  26298377
31190028  2092811
31185005  28739955
31190662  10021603
31189010  22464198
31190485  2319817
31190655  25854300
31185657  4931123
31190810  1614723
31190713  27505879
31190860  164194
31191015  3130311
31190943  25748763
31168830  7045931
31191089  9140857
31191133  5646285
31191214  3526546
31191309  10178980
31191350  218384
31191368  4617567
31191429  2973202
31191395  5643144
31191681  9208262
31190304  3071544
31191457  743164
31191710  2277275
31191729  8894817
31191817  742764
31191862  17417326
31191929  18440205
31191601  8430805
31192165  31191949
31192082  826398
22678159  18641423
31192369  24644436
2848332  1835683
31188268  967815
31192339  6726592
31192475  14220321
31192574  6462985
31192286  14755484
31192582  12573816
31192555  1056728
31178432  5328556
2060128  3541077
31191486  1063007
31124642  10299148
31191957  2528318
31193239  10507104
31193288  13102045
31190930  1660124
31193371  23667086
31192326  2422468
31193462  29155472
31193462  5113374
31193654  6729605
31193848  36901
28308007  29308898
31194091  291978
31193951  24644436
31194192  12769982
31193077  8168548
31193284  22539815
31193792  14338683
31194570  8651170
31194572  513832
31194599  1299871
31194688  2612802
31194630  29887094
31194067  27946244
31159064  31162162
31159064  15433896
31194804  31018358
31194809  21080598
31194714  4792242
31194693  4660142
31195443  218384
31195404  18947697
31195639  218384
31195704  840322
31172784  22424985
31195832  2973202
31195896  18050071
30852615  2002664
31196109  13365553
31196307  22156326
31196367  6632971
31194159  18501333
31196497  9817827
31196448  2506793
31195193  30108708
31069238  514371
31196910  610245
31196932  577599
31196123  26423906
31196771  854128
31196714  29155
31196962  134833
31197136  19629682
31197118  24901
7873039  1451635
17922274  1451635
31194819  20035101
31197332  22583386
31197406  18050071
31193497  3076414
31197289  30022377
31193233  951021
31193087  20643830
31197192  5104065
31197593  8472783
31197601  18050071
31197651  23446377
31197751  3577641
31197316  856307
31197882  1168345
31197865  16756596
31198001  8925716
31187458  24583946
31198386  31051857
31173322  2209513
31198446  31175335
31198674  182393
