31356520  25992521
31358264  5187530
31356543  4411639
31358390  11165104
31358485  6729605
11418630  11382346
31358443  22937618
31358343  218384
31358373  31197652
31358623  218384
31358681  279170
31357968  30609301
31358821  18483470
31358848  29535863
31358902  15747809
31358911  3038392
31357148  23379623
31332361  60174
31357232  1088216
31358541  31335472
31358891  30235741
31355844  768431
31359387  14028959
31351194  31354523
31359413  8962780
31359719  5121495
31352472  31350299
31350299  31352923
31359683  31087601
31359458  7295096
106820  7295096
31360032  13705451
31358828  6418441
31358845  11147258
31360318  4261133
31360315  24044851
31359150  29387137
31354835  21651185
31358215  5920601
31355029  588004
31360437  14220321
31352357  31347420
31360877  369602
31354701  1652128
31350560  12036491
31361877  1854
31355325  4114167
31361951  31357911
31361806  22358
31362103  21864663
31362191  614671
31362263  60208
31362440  341184
31359070  1128985
31358684  23667086
31363104  4660142
31363286  15112125
31363207  18067426
31363352  6441218
31363382  2612802
31363077  8752837
31363548  16926130
31363633  31307657
12585438  2216052
31363711  495021
31363711  12573816
31359989  13553015
31363955  24502643
31363741  881239
8328983  2216052
31364118  31362898
31364169  18058730
31364179  1511647
31364418  742764
31363963  3914454
31364700  14028959
31364700  20439436
31364745  8038004
31364735  2973202
31364371  25721884
31364946  30782788
31363440  28388885
31364980  4751780
31365009  17842211
31363094  401656
31365063  7849421
31365173  4425318
31365241  4626815
31364543  806000
5487575  8611313
31365918  3862310
31365726  14157180
31366081  5098282
31366190  21724326
31366207  4836710
5254021  4836710
31366401  30523117
31366402  2456148
31366477  826948
31366610  2154249
31366670  8028957
14482865  7919172
31367034  29158456
31367110  3798424
31367181  2368539
31366318  2274242
31365336  18369356
31367412  10636611
31367597  9554636
31367769  31366924
31353997  26895349
31361271  5041494
31367925  5891840
31367008  367863
31368056  5969806
31368056  1251692
31368024  1224817
31368050  7190439
31357838  707497
31368296  767999
31365745  2973202
31367442  16751348
31368332  6447045
31358310  3485103
31368081  3606697
31334557  23219006
31368607  9253244
31368624  26447498
31368464  31363877
31368438  2857376
31368709  11878144
31359523  31346154
31368721  3606697
31368804  6792197
31347566  31325846
1065240  2857376
31363271  856912
31363271  4531253
9788798  4112686
31368463  4119359
31368746  6090959
31369103  513832
31369122  23122086
31355446  218384
31361678  24047686
31369061  8045122
31369608  2319663
31368257  23353173
31369563  4878369
31293219  9486034
31369965  18050071
31369986  7606387
31369996  3728062
31367726  7381150
31370396  894263
31370566  30137511
31370538  9152989
31370876  29891639
31222562  2765117
31362245  29308898
31370565  17094487
31370793  31349596
31371012  14570831
31365133  134237
31371065  1489932
31371065  16989730
31371179  2781549
31371107  1382925
31371304  2231369
21521241  113045
31371291  3713664
31367665  27687323
31371205  336859
31371285  2855741
31370894  60764
31366928  23800477
31371777  10712002
31370023  2844565
31369629  30841598
31371720  9786519
31372002  845021
31287460  24059311
31372032  17411892
31096580  2736389
31372113  5097513
31372255  13100019
31370624  1677848
31369167  17064304
31368400  18373379
31368810  5563112
31367444  22658015
31366062  4009756
31364512  31358684
31361260  1555262
31372543  12573816
31368068  900903
31372555  1670708
31372574  27767008
31370183  30849883
31372809  13029299
31372694  30761996
31371811  15965376
31373195  10201081
31373352  13452664
31373365  6258690
31373225  577243
31373435  18050071
31373501  3446216
27121831  26548505
31373628  8028957
605441  425975
1284571  960348
31373751  24394950
31373781  1013385
31373781  336859
31373781  14934831
31373802  10403138
31374003  1523548
31373679  27028975
31374256  4899582
31374156  6003368
31374236  178434
31374311  12915215
31374438  2832010
31374567  8028957
31374489  11664894
31374292  500431
31374881  4165289
31374970  5730101
31374924  14141043
31374854  4679782
16199897  14774382
26289457  14774382
31370364  12973777
31375208  15408114
16497501  169511
31335200  3489133
31373165  10196808
31335086  10393848
31358873  4172722
31370962  4401232
31374845  17498216
31374429  2167916
31375312  113829
31374901  13089166
31375908  5346186
31375988  203198
31366346  31355583
31376021  12772221
31376088  17046204
31376195  950616
31376337  18050071
31376415  1212344
31376438  4261133
31375942  30441122
31376384  5890584
31297543  24102024
9976281  4928271
5657416  4928271
31311887  528652
31376801  381542
31377061  684672
31377153  166221
31339099  9515704
31377238  14220321
31376902  529831
31376519  3792134
31377447  12793593
31377028  11689662
31377607  14296644
31377653  4660142
31377514  4734259
31377921  5399708
31378073  27445722
31378139  3669516
31378164  13592236
31377842  4060004
31377110  1378433
31342473  8921999
31378376  30680938
22554524  11544554
31375825  1838856
31358694  4825295
13721230  7919172
31355480  143847
31355480  4775722
31342709  31340421
31378770  4363847
31373666  1014861
31377563  1971555
31373797  1471994
10221441  8608587
31378882  21345821
31379107  363681
31379119  16542817
31379192  14220321
31367354  15532791
31379303  5096926
24803460  16184188
31374098  2855140
31376864  31375700
31379010  173681
31379204  14376470
31379501  3401850
31379816  267250
31379530  30538604
31379911  11922383
31380021  2054635
10732690  4086107
31380206  1299871
31373103  17460116
31380810  30680938
31380627  7230326
31364507  28657793
31381580  2157963
12869549  9069379
31323130  31312556
31381723  16264144
31380904  4336286
31381790  177506
31381571  13279582
31362460  7388838
31381974  19590865
29472655  19590865
31375926  2889548
31382181  14134006
31378022  2167916
31382337  671703
31378378  31380913
31382245  3726505
31315437  10149442
31382349  806000
31161988  22887829
31382597  9669781
31382623  23155637
31372023  218384
31382237  27679415
31382782  6822000
31379632  18100907
31382882  5379966
31382938  23293879
31380541  31188951
31381141  11593725
31383598  1597405
31383526  723324
31382847  24644436
31383695  7910221
31383783  2391679
31384068  12859942
31360752  1058048
31382690  2575216
31384398  1047318
31384403  12769982
31373106  30886468
31355594  4173787
31384501  17346679
31383051  3496865
31384703  24193884
31384764  19979178
31382106  12751746
31374113  7837456
31384785  6366408
31384878  7208786
31385197  407255
31382911  11938398
31385489  588004
31385708  4660142
31385691  2644179
31385691  35185
31385690  19463278
31379133  2422468
31369288  29842561
31385909  2056097
31349779  9373348
31385961  1363239
31344991  16100
31386041  19590865
31385653  8659275
31386204  2982828
31386355  4660142
31386287  877728
31386671  4338538
31290635  12418838
31386951  15928309
31386845  19023830
31387037  5041494
31386923  29153703
31374721  21047524
31387296  11253147
31387277  23006779
31387408  203198
31377427  20420012
31387524  7392350
31387590  12769982
31387798  4261133
31387770  4820610
31387811  3737139
31387806  31382335
31387848  979100
31387972  4660142
31387914  22704676
31388140  11485486
31335844  7588994
31388198  31385504
31388345  7074051
31387457  74451
31388218  4322367
31388541  19338493
31387453  123198
31382954  23986466
31388954  20449427
31388831  6115896
31388985  228532
31388652  5890584
31384652  2078246
31389329  495021
31389353  10689055
31389612  23667086
31389664  19245205
31389413  18050071
31389752  6694391
31389892  28548743
31389900  24746690
31384574  16680618
31389982  10293362
31390063  203198
31390203  1532461
31390238  20449427
31377979  802134
31390592  3737139
31390013  12573816
31253936  22712347
31390556  7192524
31390800  8098953
31390866  60174
31390589  7027288
31390104  929021
31390808  26089803
31390964  3120139
31387640  5307731
31391053  6752234
31391162  2185320
31391106  15265512
31391359  1047318
31391298  1660124
31390000  20332667
31390476  16579085
31391405  60174
31379272  4616202
31389604  5057954
31391558  28382482
31391746  8028957
31385465  8907490
31392007  16573995
31198956  31184880
31391819  8028957
31392206  24689967
31392132  2934904
31392242  4203453
31392225  8028957
31391102  750486
31392133  30357634
31392177  9572860
31392684  513832
31392910  16388959
31392891  11290092
31372159  27548833
31389634  14185754
31393195  14220321
31392892  4555322
31392892  17335510
31389888  15470521
31393199  15769246
31392986  12974948
31393318  27934951
31392803  3542083
31393332  25951195
31393680  13904441
31393700  1128723
31393746  4292740
31393875  1239095
31390132  910793
31394146  8533432
31394192  398982
31394143  3350385
31222006  23294658
31394178  5048849
31375196  2424000
31394326  25162519
31371902  7430248
31394533  401656
31391506  8000861
31394581  18192628
31393611  31083223
31394660  4665782
31379547  20705399
31394685  31386051
31394937  322715
31394202  23674038
31395094  28595075
31395174  2574276
31395309  8330276
31391727  4422400
31395684  3849509
31395643  2155930
31395809  383947
31395695  31383881
31362548  31383881
31395811  2129693
31396027  29890747
31375283  10930732
31396093  3158730
31396139  31325142
31396315  2167916
31396298  6398196
31396385  19614695
31396474  5387643
31396620  12062481
31365508  20262096
31396653  15454220
31396758  17485297
31395777  14049480
31393493  373419
22163662  11840059
31396955  15112125
31388180  901115
31395953  4261133
31384599  21634088
31396984  162941
31386216  8195950
31389723  31327410
31397356  452610
31397514  14220321
31370206  2763266
31396010  30993434
31392819  1509947
31392422  982597
31370846  12255981
31398119  24470
31397652  826948
6406976  17226676
31398275  23584120
31398399  7480243
31398381  13760168
31398707  2471666
31394046  9972049
31398984  4215737
31399031  9071696
31384739  28298163
31399039  451415
31399094  31354596
31399411  18452920
31393149  5765853
31399471  14220321
31398870  19248443
31397908  218384
31399565  9299919
31394489  18410007
31393650  4994458
31399936  10134571
31400091  856636
31375701  25164257
31400197  454315
6341462  10724428
16964147  5522702
31393061  13469667
31354668  22085425
31392623  19982053
31400627  10196072
31400445  2547402
31398795  18790333
31400786  930900
31400934  1917576
31400356  750172
31401012  1494953
31400243  8028957
31400201  8028957
31400201  8812754
31401321  4660142
31401151  840261
31400984  15390126
31400349  28153669
31392083  423379
31397405  30450001
31401800  510357
31391673  31389491
31400534  23190280
31401391  27524415
31398963  14675147
31402419  16620222
31402300  2851938
31314389  21908651
31402741  11438307
31401755  16054217
31403050  1051782
31401557  5182032
31403609  2505529
31403470  60174
31403522  13438095
31392307  31222095
31403933  14220321
31403302  24949949
31404022  31401557
31404117  218384
31399594  8017806
31404391  4561845
31404537  5789126
31404423  31402036
31396874  17976140
31223177  2530663
31401527  31171001
31404150  26195262
31404899  30390529
31404968  18050071
31404945  25141039
31405204  1789945
31405291  9655687
31405263  13355888
31405340  2706129
31403540  2123514
31405368  20364297
31405439  7036491
31404622  17364127
31405445  21431195
31405652  2612802
31397343  28708741
31405269  10077498
31404814  4660142
31405704  22937618
31403177  5663488
31403130  3812089
31406062  1500402
31405205  5210535
31406366  4660142
31406239  7046803
31406585  10231349
31406686  1138460
24041962  29676470
24020986  29676470
31404835  20949897
31406620  14028959
31397430  24553339
31406992  3906137
31406939  64820
31405522  1749424
31407236  12329042
31407275  31391718
31407161  5532002
31407745  15192013
31407431  28958192
31407855  2560500
31407098  4052770
31407954  22147959
31400703  15931607
31400703  24470
31408012  20169765
31407781  1217772
31408223  13883917
31407112  60034
31408101  14569158
31408304  4226107
31408120  22918847
31408356  31134013
31246988  31403996
31408549  203198
31408713  5874383
31408720  4238345
31408895  14643617
31407911  31312302
31408908  367192
31408966  7450223
31409132  2360724
31407642  26414836
22153080  14218307
31409201  742630
31409311  4738595
31405677  1416190
31409422  9182482
31409338  18050071
31405902  18546447
31409098  610245
31409546  16100
31409176  16164902
31409389  3961099
31409734  7151543
31409847  25524952
10393462  190396
31405424  19279679
31406649  19595944
31398835  2114757
31409891  23111545
31409179  16732069
31403024  1103765
31410394  9508518
31410007  1986998
31410468  11321491
31410003  14220321
31401054  18508906
31399939  31402886
31410503  2132377
31410503  2374416
31404102  3330571
31409513  9439240
31393870  25294478
31410632  3093365
31385115  20753637
31410681  13948170
31405656  19404861
31410909  17386891
31411068  24260271
31411032  11799236
31411106  4522257
31393023  8239782
31410347  24846859
31411043  9508518
31411272  1922677
31411186  7902228
31410609  11227809
31411340  4660142
31411393  203198
31394078  26285539
31411558  15447133
31410124  3726505
31381990  2118656
31386110  10798208
31400430  15754035
31412296  18161362
31411973  30314679
29376178  30314679
31412711  107705
8200342  7961363
31413104  4733443
31413117  5971312
31413034  26493053
31412383  31188023
31413187  3737139
31322797  30314679
31413168  108819
31413197  10770181
31413387  3737139
31264255  11003423
31412738  23446377
31411430  16089421
31413501  13120473
31413859  24644436
31412156  23941065
31413905  18020849
31413815  7389069
31413125  31140551
31409945  2395251
31409682  8602001
31412855  5779526
31412855  15634886
31412923  8722163
31403397  22519784
31414335  2381316
5147913  5071468
31400073  27739536
31414623  215497
31406768  4359627
31414662  24644436
22196468  19793079
31414785  18487109
31414145  4012998
31415129  11165485
31415208  27382089
31415211  16086377
18214512  17369600
31415609  5809951
31406655  2422468
31415437  60174
31415752  26345884
31415537  7687829
31415798  1811691
31415493  21882528
31415983  2973202
31415772  806000
31151035  26355645
27058513  6758652
31416114  949433
31416106  9174965
31413680  12720052
31299409  31413211
31414867  27464168
30884950  4952820
31416490  7911776
31416215  26001636
31416478  1867861
31416714  13906032
31413847  31415967
31416759  20287564
31416938  3638851
31417185  8004237
31416474  5313322
31417323  509211
31417420  18199913
31417073  15325245
31417236  24471109
30508753  24352222
31417681  15129137
31416350  24644436
31416829  24644436
31417646  20433655
31417733  23667086
31417871  106591
31407105  1363374
31415309  39086
31417989  31217176
31418236  154625
31418366  18050071
31418493  1359689
31418395  13591983
31414448  26628309
31418519  16388959
31418520  11351761
31418768  17364127
31418750  19382850
31418582  21209549
31418433  13943181
31418801  1756096
27354782  3561043
19998906  5680488
7854296  3715047
31419214  12694267
31419454  31373935
31419472  12519335
31417671  30955508
31419610  23667086
31419645  9904080
31419777  2381336
31419775  466345
31419845  784929
31397142  17548453
31420085  4358000
31420315  285061
31419595  28332539
31420078  20599075
31420509  15196321
31413644  31411473
31420575  11664115
31420967  366237
31421032  495021
31420791  31397042
31421416  25011568
31421644  4923380
31407761  31399097
31421389  14494353
31421219  4176149
31017749  18261982
31421759  884235
31354645  29798346
31421699  5710842
31421971  2255689
31418483  1467004
31422015  3700971
31420874  101754
31261244  5618664
31422260  31421940
31422094  4459058
31422387  244243
31422387  16485708
31422734  11200428
31421213  14730460
31423002  18609160
31423057  1378619
31365597  10573158
31420341  4734580
31421801  9069379
31421531  6441218
31422824  15358006
31423718  19723811
31423461  7279810
31423869  218384
31422907  2943222
31422508  3423262
31423881  251464
31423897  1020368
31402219  30960843
31423732  1143262
5167853  1020368
31421875  3938036
31421875  4421706
1020368  194397
31421244  10787766
31424184  994459
31424184  1615559
31424356  495021
31424697  1424981
31287119  11694977
31425082  2167916
31422195  23873623
31406567  18174511
31422963  8262333
31425331  18050071
31425180  1633168
31425438  203198
31425394  16037449
31425009  31116032
31426044  12953127
31426111  10110013
31426243  750486
31425667  31378635
31422974  4657033
31426006  2612802
7096632  9069379
31422990  1740023
31426961  15479928
31426874  5535188
31427467  31258515
31427091  29133563
31053012  31125323
31427229  18947516
31427993  1014861
31427993  2000582
31428120  513832
31426745  4505686
31423787  2422468
31428422  1535023
31427552  3657357
31426535  5159086
31428018  10548744
31428580  5172288
31420036  6348207
31428650  14220321
31428876  20449427
31416888  13196906
31416888  13840429
31428384  4373070
31428881  14593771
31429128  9202224
31427981  3761103
31429201  30101425
31427728  27210500
18215240  4852037
31421750  24644436
31429032  2973202
31406152  841500
31427680  3705517
31418440  10767373
31429700  3611635
31429779  218384
31429868  9417356
31430112  23125529
31430338  1751301
31414963  3101680
31430427  223918
31430445  298725
31430596  3106689
31430576  1262239
31429790  5765853
31430573  10077945
31431015  9189172
31431155  15112125
31431362  1500260
31431366  9265274
31431480  8574442
31431480  17292087
31431348  1065435
31431006  1075534
31430877  6504982
31431894  14028959
31431918  6469027
31431861  12385179
31432032  17826057
31431715  5533050
31432122  565634
31428892  10122733
31431554  3503719
31432454  14220321
31431204  6222616
31432485  13840429
31432447  4660142
31432207  28128089
31432716  6697292
31432780  32414
31426347  11303294
31433025  10430279
31432990  1830158
31432985  13671710
31433072  14220321
31433198  14138258
31432374  1468657
31433264  6084089
31432767  9057669
31433272  203198
31433329  36901
31433343  18163404
31415175  9733011
31433457  17189642
31433420  23392111
31433649  31283287
31432449  24066304
31433804  949433
31433484  19679719
31433826  6142944
31434094  8470070
31434271  3147836
31433562  11151632
31433810  30243013
31433810  24029581
