31673566  501460
31668668  18050071
31673494  1784780
31670860  10160664
31672928  18115665
31672115  4064444
31672917  14343788
31674248  218384
31673551  2528318
31672287  2167916
31674282  20283098
31674659  6493605
31674808  5335273
31674848  4067489
31674807  1729251
31669819  13994865
31674871  1454913
31675008  60174
31675033  8028957
31674277  14392525
31675024  7816585
31675169  3385
31674792  1435435
31675416  28360148
31675577  9432870
31479099  18654157
31675929  1943576
31675934  30680938
31665651  5619827
31675992  4261133
31676032  274626
31676100  1883264
31675090  3164998
31672697  15007979
31675232  14169222
31674133  7415710
31666783  121162
31675581  24863164
31676315  10144634
31674298  15924188
31669316  30212306
31676200  28493574
31675591  2421557
31612572  960627
31676679  1987694
31669889  31512518
31676586  27453298
31676708  10693845
31674020  30762854
31675490  3741323
31676747  24984014
31676864  13852564
31677030  18737407
31677085  18050071
31670632  26139115
31676616  1871874
31677340  171862
31677626  19004783
31677597  16893804
31381472  11741111
31677738  1380463
31677886  166221
31677912  17364127
31678098  23417356
31678180  588004
31677280  8893288
31670187  31669646
17999766  17820492
31678369  3059044
31678316  4261133
31393573  29962044
31678523  21467851
31678484  22076427
31678643  4876399
31678797  17364127
31678590  3560963
31678734  3926412
31670864  218384
31678981  13013638
31677477  28211881
31679199  1144783
31679199  17885855
2759354  710158
31679049  16959576
10380320  710158
31678266  3359552
20539014  1458633
31679621  2693881
31679706  1235179
31680127  16840916
31680195  31679508
31619475  29588180
31680440  15111420
31679636  31205386
31680377  16729681
31680525  218384
31680501  30546197
31679429  31665994
31680842  3446216
31680332  30032407
30016056  18018634
31680413  2553738
31680924  7745609
31680091  6847697
31681241  4685450
31681230  3938321
31681096  15821532
31681450  12219376
31681396  6441218
31680103  2818179
31681591  20279484
31681667  6763148
31679223  2023640
31678392  28851306
31681972  8718885
31681951  166221
31681741  3726505
31679875  19520446
31676293  14286948
31679175  17571593
31679219  1196991
31675924  16535461
31653929  18387993
31682548  15479928
31679736  8636242
31682752  2402646
31682809  345091
31662559  572482
31682134  29990933
31683132  4330936
2807527  262192
31683376  12573816
31683467  750486
31683135  1038007
31683664  750486
31683750  10434474
31683707  17498216
31683802  16959576
31683153  30366805
31683959  14637154
31684051  1513485
31684439  7745855
31684446  4542942
31684444  517751
31684540  8028957
31678260  8442524
31684717  7423853
31684282  6441218
31684282  7769998
31683752  5225763
31684899  16562053
31685260  4413132
31685255  26869681
31685544  23353173
31685449  25923721
31682936  295459
31685406  3159644
31685860  18050071
31675358  17494176
31685822  31682758
31679604  1309989
25248583  30896367
31583285  27660423
31686251  17686596
31681156  2570003
31684763  10737644
31686506  509211
31686489  9938956
31685754  15974730
31686715  23353173
31686619  10813528
31686778  4616202
31686886  2745265
31685666  16667029
31679153  194465
31686618  75943
31676842  31539075
31676642  31466701
31674353  6010864
31674353  7903903
21242206  13161690
31668626  1289881
11405069  5732260
31686757  10326406
31687230  1256796
31686978  6106119
31687464  19075671
31687432  5573334
31687351  30595477
31687597  142003
31526793  16067288
31687395  10761744
31684474  31669507
31687875  21452353
31687927  690599
31686926  14116003
31688134  610458
31688158  24644436
31688162  27951978
31688294  3744289
31683662  12889396
31688627  26906120
31687830  11819886
31688075  31662002
31646092  7075938
31676018  28515972
31689099  4261133
31689078  10798161
31688727  5335273
31689214  2667065
31689477  9650572
31689620  8028957
31689659  31689605
31689905  743806
31689944  513832
31560741  31686536
31690159  4261133
31690325  5163144
31689514  2979428
31690745  7606387
31690919  2617424
31682948  26818807
31691090  1922677
31610224  6088409
31691396  20279484
31690627  8736952
31675214  9059699
31691889  26559920
31691989  949433
31683344  447197
31690923  710551
20639020  23088628
31692206  1660856
29505930  24471109
31677547  4792862
31692828  4432208
31516770  31560477
31693148  4719320
31692945  4455558
31693269  8844674
31693099  3802192
31693455  4072762
31693519  14248235
31689605  11433432
31693628  72831
31693836  336859
31693836  1013385
31693138  12544687
31693913  949433
31692744  6490252
31693199  588004
30906131  17237560
31693747  31651428
2647407  1915166
31689712  8020228
2079688  1909028
31676565  230126
31693787  30581884
31694492  10154429
31693421  588004
31694404  26296271
31695055  6847697
31692023  513084
31695101  456713
31688239  22964033
31692531  30680938
31695397  29806849
31695451  17299581
31695156  3076414
31695336  797055
31695153  2973202
31692318  6711925
31675319  16635398
31695926  477572
31695370  19999665
31695370  9098507
31695507  979256
31695667  10389153
31653278  23501591
31696415  4604130
31696610  29007846
31695526  279170
31696632  2183087
31696808  4261133
31696972  203198
31696972  2320069
31694254  25721884
31696980  8638621
3727948  5765853
31697050  30111443
31697361  4968406
31696976  29986657
31696976  16206322
31697043  15863066
31697481  16244720
31697509  12573816
31696727  31576527
31697574  8028957
31697880  4969243
31697120  29953293
31697989  901115
31697896  10336899
31697535  11706215
31698183  16771122
31697917  1074589
31697370  18050071
31698400  25419629
31641651  31637396
31699128  967096
31697288  14732646
5712904  5587582
31697032  5830387
31699628  588004
31699760  949433
31699774  381542
31656248  15223630
31699433  1743845
31543473  31530014
31699942  26505722
31699755  2154249
31699654  4660142
31699210  25067224
31690623  2184125
31664703  14147138
31663455  5156675
31660747  31346733
31700329  5187530
10711330  1014550
31647724  10468182
31697675  1740023
31700147  2721546
759279  69539
31645224  12654394
10440113  11611950
31611012  4172722
31700568  4651437
31477308  1534999
31699989  2085744
31689209  1686724
31701099  1252512
31701072  27894945
31700940  6578832
31701066  25212800
31698371  9083781
31701422  4647732
31698074  2126607
31701404  8470070
31689304  25245365
31701496  4355614
31701344  8931902
31698964  2425870
31691622  13489398
31698872  28603664
31701317  2764051
31702197  15772996
31701101  31639198
31702371  207947
31702244  9976927
31702561  250692
31701958  1052818
31702620  118190
31702629  4323411
31701176  25577059
31703026  4250787
31703318  12113699
31703115  6729605
31703115  20974558
31703341  5228780
31703394  849237
20705046  9027530
31703296  14326775
31703423  9195752
31696110  9409073
31702959  826948
31700124  16732945
31703651  1609637
31604121  4586505
31703531  166221
31694537  20290815
31703783  6277222
27537070  21102252
31703837  7073484
31704051  755685
31704168  4660142
31704236  588004
31704236  3957705
31702746  5886857
31704180  1803627
31704450  9257505
31701549  14465668
31700548  26894071
31704660  22990812
31704780  11321491
31690544  218384
31704179  14220321
31703712  12831358
31705297  11616138
31705449  29002769
31700844  1415483
31702720  12461040
31705722  31680628
31705663  13724063
31705241  25738817
31705823  5229809
31704954  3133199
31705906  500508
31705697  26049488
31700909  18165533
31705912  31663037
31695427  6847697
31481858  8112045
31700859  13678166
23159210  255414
31701542  255414
31704713  6675066
31706782  15111073
31706820  1126915
31706859  30991822
31707090  8028957
31707078  70324
31706880  9073150
8951297  11175676
31707295  31412580
31670309  17451629
31707057  19609354
31707166  8196796
31707556  5647461
31707470  25714085
31706681  7409502
31707610  27975552
31707726  8136099
31683582  11920482
31707781  16637945
31707907  2682745
31708050  2165022
31707683  183685
13753157  255414
31698182  3282384
31696168  15518731
31708484  17498216
31707842  11447872
31678124  14410520
31708858  13805008
31708498  4917160
31708225  31632008
31708545  31689919
31709453  15182910
31709356  142003
31709507  17498216
31708454  23869526
31709620  312443
31709655  8028957
31709612  1640423
31690625  31690740
31705471  4112410
31706521  9501604
31709585  8670530
31698690  2110559
31637773  31618499
31709831  31618499
31710158  359494
31710255  12573816
31710543  2513859
31710565  203198
31710777  30751892
31710955  28521944
31637892  18198176
31710952  31660649
31695086  856124
31711326  5999988
31113309  18723755
31639676  31570310
31711704  24091513
31711554  3533589
31709043  279170
31708569  4946316
31712005  6441218
31711917  29170099
31711736  218384
31712263  15678261
31709723  9417913
31712295  4261133
31710889  28459498
31712273  20857773
31712354  11243474
31708988  279854
31703096  2977497
31712713  31165406
31712924  13572117
31711723  16956720
31708899  1278431
31707348  8224247
31713153  1129216
31713153  979256
31713075  553143
31712932  24823197
31713214  2622754
31703350  175739
31713481  18050071
31713519  40480
31713584  31174216
31711672  14500397
25048046  1086041
31713957  22513023
31713731  142003
31714038  7423116
31714367  2528318
31713795  6441218
31714387  24468339
31714321  12790861
31713546  6838238
31714659  14492637
17806637  17800297
31714763  14220321
31714770  8336858
31714723  18050071
31702222  572897
31714683  2927752
31714868  31714683
31714839  11116896
31715191  161738
31715030  4209104
31715277  22187233
31715344  14863536
31715344  17104903
31715375  31707828
31715401  2973202
31715348  5201138
29821587  17258647
31715423  29525405
31715459  3577641
6298169  368280
31675952  29611679
31703388  6389600
31715430  30024580
31703199  6701019
31715694  2422468
31715697  161738
31716042  21056699
31709484  14343788
31715890  14932596
31710936  1986998
31715007  27736747
31716719  2192806
31715502  1239938
31716737  18891148
31277661  13193734
31717030  18891148
31716262  20468725
31713244  29258141
31716723  12478255
31717160  6947470
31717242  203198
31715551  15940102
31717350  31680986
31531015  6567923
3578622  2633112
3920069  2633112
31717649  4660142
31717645  14295469
31712518  5111964
31717641  1153702
31626420  10033173
15158196  2120813
31717687  46898
31696756  11447918
31717819  3838553
31717854  21900853
31717888  8573250
31718021  24024549
31713678  1737634
31713678  52550
31718210  9421505
31715648  7489335
31718507  31697874
31717752  14096520
31718757  988228
31699289  5890584
31718424  47752
31718004  28733425
31719115  10886450
31719465  31717670
31719261  396739
31711967  27031244
31719567  8033550
31716186  31716663
31719685  922360
31716061  28614078
31719660  25667580
31719585  16016779
31719356  2129693
31719712  24908966
31709526  19080190
31709526  3012488
31718544  7494474
31720197  17364127
31684638  31686960
31719667  622592
31718384  20618323
31720390  3135524
31718227  25200410
31720520  31609312
31721023  26291988
31588878  14534167
31721165  267721
31721333  203198
31721482  1373164
13253350  16312044
13790342  12309569
31721501  3182393
31721424  14920801
31672660  25712189
31721780  9003610
17137262  1762539
31717600  29004182
31721816  18353124
31712343  572549
31721952  2989284
31721510  18897896
31702150  30119423
31722074  12953704
31721783  11321491
31722242  523482
31721486  22247435
31722283  15235526
31719200  24644436
31722498  17498216
31722498  2973202
31581598  13111233
31722688  1071148
31722721  161738
31722699  30680938
31722662  31719663
31722883  21122540
31722862  31088973
31722926  231767
31716579  576802
31723170  7182342
31723253  203198
31723316  58510
31720996  5346396
31723072  1707780
31723613  23446377
31723627  4336637
31723102  17587753
31723673  22847303
31723758  14228974
31723666  11731377
31724088  9455271
31724165  3912303
31719612  15153947
31714623  850341
31717439  1349230
23433827  18103183
31724649  3315045
31724435  25263360
31724648  9083089
31724281  31716565
31725215  24644436
31725213  3309188
31724142  31707794
31717444  31093497
31690954  2944191
31724977  2860943
31725537  4244896
31720734  7235657
31720562  11553183
31725175  17159313
31725271  31723340
31726005  133973
31725983  290215
31725983  3543615
31726293  17498216
31726315  18860817
31726510  226002
31716001  10769519
31726630  6847697
31726650  295104
31726449  19939368
31726879  22358
31726693  28719088
31726707  30328486
31726739  24879871
31726622  323562
31726374  7403809
31725270  22809526
31715184  546321
31710374  2118656
26594025  21320837
31727020  2838490
31727419  1872110
31726824  5691901
31708924  7076305
31722968  4191988
31665452  17744016
31727706  2158395
31727296  31712831
31727662  8028957
31727658  6107167
31723400  30617132
31728070  147454
31726675  3076414
31727489  194852
31727273  17360011
31728355  14220321
31720776  4022281
31726471  4660142
31728509  60174
31728481  17110923
31728602  3446216
31728657  6441218
31713476  28452661
31722644  3274043
31728685  2269307
31703746  31694730
31728316  31701670
31728079  11169445
31729011  21166019
31726961  20389255
31729214  3076414
31719016  750471
31727937  2717513
31729316  13348031
25851090  13348031
31728495  27213453
31729280  21445532
31727724  5739937
31729356  4660142
31729165  21579724
31729710  7687884
31713369  1465573
16500650  4081744
31729744  3160909
31725704  9634230
31730013  12769982
28451955  2118656
31728488  9610600
31730138  15366374
31730500  5986860
31730535  5879448
31730792  2063480
31731137  14834224
31731299  28746744
31729228  20204809
31730754  14220321
31731442  496096
31518743  8831060
31731522  1022564
31729712  1201945
31724761  25120703
31731625  31617711
5875318  6970224
31731668  13182075
31731562  22150588
31731233  7906948
31730785  8166669
31731084  18573016
31726301  1050112
31732208  23294658
31723929  14592762
31732435  949433
31732473  20646822
31732071  17283854
31732764  676824
31732852  13102045
31731389  12065029
31620030  12115454
31731943  545177
31707949  7934519
31707949  20650623
31704253  1711990
31702013  10334688
31691598  12573816
31666481  12573816
31733346  14220321
31646663  11383942
31646663  12573816
31623566  10631283
31732918  19953216
31513892  5129685
31733307  28963577
31733239  31013181
31732359  26362283
31733569  147816
31733248  14406449
31728656  29138591
31716345  10002627
31728599  951791
31733791  2934904
31734173  750486
31712946  83329
31734411  279170
31733513  31731574
31734461  12625629
31733951  495021
31734537  949433
31734332  13150411
31734593  4968406
31734608  3076414
31733621  24644436
31734648  11041148
31734576  1665702
31734903  3577641
31734034  754607
31735053  11043026
31715885  284094
31735349  3446216
31731419  7263505
31729957  718554
31735391  17351870
31735511  24501497
31735502  10512087
31735729  30680938
31735431  6441218
31735270  4660142
31723401  5922762
31667163  4660142
31735996  795286
31735910  159255
31735780  11003418
31735531  47752
31736174  14220321
31736213  642293
31736212  4261133
31714456  31717626
31736627  2944690
31734896  20342596
31736637  2083112
31734959  3577641
31733982  5203950
31734698  1425892
31736601  8139677
31721546  10763780
31737167  16388959
31737245  8230150
31737538  1132941
31624828  4216745
31737472  11027679
13806626  11027679
31728783  22293870
31724132  11148567
31737938  10977992
31669829  12573816
31738017  26293157
31738004  20493654
31692340  31668222
31737502  20428877
31738013  19964603
27804679  26643536
31738226  336859
31738200  8028957
31738337  3303469
31738232  14220321
31726681  16797468
31737761  26489328
31738564  2508215
31732432  25607247
31738411  215497
21691730  15287865
31738874  218384
31737536  8542854
31738446  2167916
31739271  6138812
31739290  5590381
31739301  7895105
31568442  550050
31739183  24311023
31739183  7936610
31739672  159034
31739248  11461607
31729079  29681527
31738850  9738488
31738980  5514345
31740048  28639692
446668  179927
31731621  8634156
31739917  4697656
31740282  218384
26496794  11388840
31734587  5092439
31734818  31669819
31738118  1448871
31740604  2973202
31737706  29589219
31739669  14790014
31740754  750486
31740342  30577431
31740900  3486110
31740945  2780652
31740709  14220321
31741050  5881383
31740702  31722528
31740943  22367711
31733797  7003587
31738729  30860703
31724124  31721630
31740445  31693175
31739535  21066167
31741657  2332740
31735305  8893288
31731796  31708069
31730997  13198131
31729098  22757807
31732035  26362283
31732035  31732359
31742058  3401183
31741625  10744961
31735698  31604136
31742236  31582471
31742466  11171828
31742359  7176981
31742575  25193488
31742393  8530545
31742393  530012
31742637  24311023
31742786  1834556
31742837  6863182
31736269  31731970
31743002  11145270
31743001  7459939
31743079  14220321
31742997  4260467
31743062  31740394
31743218  17709641
31743584  30005576
31742921  13742592
27373272  27334142
31744168  2926869
31743454  15750917
31744325  17497045
31744544  3180375
31741792  8028957
31741545  18358604
31744697  18894080
31741855  14790014
31744779  8192012
31744873  12573816
31744051  10399521
31744951  18379238
31739676  28236228
31745140  30798561
31740449  2451154
31745383  2373995
31740745  21168521
31745874  47789
31745717  25833541
31722796  7372972
31746017  4261133
31680793  15205210
31745236  11203171
31745036  31746089
31746183  24670805
31745974  9675429
31694332  31692075
31746515  4582354
31746574  13294067
28960145  26056503
31746757  218384
31746967  22937618
31746679  16913055
31746679  24183812
31747099  16456437
31747039  30798561
31720351  30789218
31747122  13466805
31695971  16846380
31747515  11321491
31747512  21030391
31747340  203198
31727800  31671886
31746632  29025994
31747218  953523
10484787  194397
31747587  8016780
31748116  1183083
31745794  27695589
31747611  20786010
31740426  12850336
31748353  1373164
31748413  24644436
31744140  20205503
31602889  31599577
31748668  7561277
31748845  24644436
31748903  7671072
31748895  40730
31749007  132988
31748683  30453010
31749141  18050071
30255267  4057328
31749096  5365689
31749405  24376768
31749365  4651437
31749529  218384
31720693  1372127
31748515  13860894
31746569  218384
12353651  8260555
422608  13225494
31749733  14220321
