31898383  6062192
31894021  9575644
31898358  5190069
31855954  4964197
31892735  26123859
31898776  394809
31898569  25620397
31898906  26674111
31898991  5420789
31897277  1169388
31899251  9329446
31899321  1324868
31895404  26165549
31876791  1599865
31899685  18050071
31899420  9922101
31899420  3038901
31899684  8030452
31899720  14007655
31899853  31889026
15527712  11589615
31899739  22774655
31899349  4105331
31899401  30713361
31899272  19896870
31899890  31899673
31899565  24644436
31900178  17779744
31900521  10588317
31900154  31773257
31898290  2386544
31900344  24644436
31900835  5963076
31900919  2631269
31901015  13883917
31900985  13102045
31900966  14974394
31900926  4660142
31901162  17531874
31901255  28382433
31901277  19190297
31652086  16665688
31708618  2359537
31787636  3127429
31841004  3638619
28429609  228200
31827970  21242110
31799767  4576077
31900815  6879652
31632067  22129343
31662955  783811
31812011  24887091
31631504  21233033
31732232  1727772
31801102  513832
31655586  13840429
31897328  30161395
31729765  2610497
31729765  24768060
31845400  3442380
31899965  12530406
31900994  18358604
31871780  7427533
31898808  5592994
6290105  6340351
31901771  3100319
23044965  12341086
5639548  12341086
4963749  12341086
31901754  1014861
31901835  10155951
31901567  13032224
31883135  4967965
31898461  2717480
30127454  4538321
31901470  8193242
31902122  2366813
11170796  6027398
31902129  27686328
31902256  2100490
31901894  4120339
31901853  8028957
31902261  24886
31902145  7951331
31902349  3929342
31828807  30661650
31901626  15112125
31901626  20002503
1721258  132799
31902135  17364127
31893676  31884265
31896126  29614779
31902425  5237482
31902233  24544097
31901260  4660142
31902508  10442758
31902588  145838
31899673  20396820
31902815  495021
31902821  19937880
31898865  5602772
31901748  17235721
31902957  16329012
31896419  31903056
31896780  7457191
31903287  24900875
31903483  3161816
31903742  25799055
31901864  15188757
31903904  4261133
31899510  26843589
31899510  17570506
31903604  26905670
31903970  31900393
31904071  2150938
31904131  17217736
31904170  11125212
31904202  279170
31787467  5564789
31899384  21388448
31903022  21068930
31904239  3095696
31695879  31668037
31885600  12664432
31877795  8584902
31873941  2325472
31873941  19240313
31376006  21174490
31846423  23622068
31904359  19476668
31904347  1475297
31904421  979975
31898974  11960719
31904472  5847201
31904699  20813631
31904880  1380463
31865089  7868936
31904842  27646925
31905167  9960908
31904671  5468280
31897775  4273599
31903996  16371129
31905365  4660142
31904761  7023052
31899675  31777264
31905632  12299665
31905649  31904029
31905814  4555079
31905836  3777075
31904574  3395729
31906038  2396493
31905982  20851025
31906099  215497
31906121  13654168
31906136  20002503
31643210  31896490
31902076  9921676
31905892  4446366
31905892  21764912
31906287  12263715
31906094  25971223
31906094  19372952
31906221  9942594
31893052  509211
31905834  8336858
31820061  24580256
31906773  12953127
31905439  31906243
31906711  2920983
31906798  22465906
31904797  1716296
31738083  16577120
31907234  24938948
31906227  5887133
31892918  15659390
31907142  13718291
31907213  195951
31907317  9854995
31907562  15789361
31907555  5653533
31906873  6229024
31907589  2943736
31906462  16821787
31907638  5033047
31907647  1853259
31907664  218384
31869409  12588350
31907750  3276546
31899752  8865458
31904618  31284104
31907734  6464404
31908037  18050071
31908115  11321491
31908118  1143262
31908218  1449001
31904792  7251625
31904792  6874130
31772684  6321584
31902492  122105
31902663  4141599
31901034  3051041
31908470  3522454
28322484  7005644
31908389  447898
31908094  2269307
31908627  522563
31899236  24847510
31900031  10630737
31908688  45494
31908511  988363
31907838  586928
31908357  31896402
31908945  588004
31907268  3438483
31905113  2538092
31909110  6441218
31897642  21056406
31909209  4261133
31909263  22489398
31903461  24831573
31909327  2612802
31909216  15736370
31909238  218384
31907518  9661171
31909460  14220321
31909123  185652
31907976  21361226
31909517  21067507
31907408  12769982
31909660  3746725
31909701  20171949
31909194  21644848
31905478  4261133
31893934  20756506
31906504  14189606
31909572  26446599
31909914  8992100
31909868  5169679
31910147  7145826
31906836  28481592
31910250  31717511
31910601  29788054
31910583  164002
31901656  8579643
31890860  31890442
31655485  3208168
31905471  8028957
31910727  23446377
31910869  18050071
31910851  31908712
30038522  30033777
31910968  3334178
31791945  22126459
31910986  954834
31905529  31886836
31910585  17505242
31910070  31822263
31911289  4907843
4098202  3802219
28799200  13407368
31909438  17985491
31911435  203198
31911495  986006
31911356  9518146
31911574  13102045
31911754  31064592
31910096  20108386
31911816  29824737
31910928  5670343
31907194  31906220
31896156  31895808
31895750  8571490
31895750  4192837
31911551  2150138
31893695  4212675
31872126  31346989
31893289  19843506
31891247  1040868
31891247  29140402
10877494  5191479
31912057  11526504
31911766  37538
31912101  767999
31911914  10404348
31910376  46155
31811609  19189849
31891875  7597742
31911961  15452004
31912042  27627806
31912657  4244896
30115518  23215518
31912813  750486
31909618  2677057
31912662  563198
31913002  2676210
31912870  2576759
31912885  26989332
31913125  25892404
31912977  19460608
31913199  6521572
31910567  840501
31913247  1305532
31913236  17356362
31911167  19204332
31909940  688549
31913758  310870
31913758  4597926
31913396  6095712
31908279  18843574
31914027  4660142
31866336  7484325
31906939  30408939
31914035  3130311
31902920  3851489
31892309  31788145
31911046  25381702
31914343  166221
3678877  3437705
31869462  10299148
31914390  186891
31868959  13596799
31914487  19465405
31912738  3148937
31914639  661561
31914615  15666048
31914581  604831
31914572  5167957
31908108  24721935
31914968  8865458
31905898  14295469
31910228  5720029
31914349  8903632
31915215  14703698
31914989  13077009
31915299  4194807
31912121  22807153
31915441  477006
27148145  29862812
31852586  26559366
31915929  723883
31915954  101265
31915954  858978
31916080  23584120
31911090  5352099
31915876  16449197
31915102  6353484
31916610  3190248
31916782  10181649
31916966  2859753
31896104  23432263
31917328  1792838
31917239  11321491
31917587  8937408
1294372  1306869
28990634  18471780
31917885  8560617
31917957  12381563
31917963  7229783
31917879  12146100
31917914  25901460
31917872  1236067
31734519  2906582
31525409  2906582
30567161  2906582
31900504  20938520
31914054  1294501
31908998  2422468
31918431  31917022
31917796  1659749
31918429  25056684
31917603  15931403
31918393  8028957
31918715  9848295
31918670  10573922
9848295  2354609
31918307  1239938
31918002  23667086
31918002  14220321
31918930  3903157
31918944  821347
31919162  2973202
31919034  1276237
31919372  6638963
31918236  14544991
31919420  16161938
31918692  27894
31919204  19594119
31919587  14220321
31919570  19662767
31909240  20386758
31919523  2192548
31919681  10193294
31911797  10131052
31918648  12341672
31919935  25810728
31919908  9062988
31737975  15598345
31879317  21600825
31920238  4261133
31920219  750486
31920281  1169388
31920344  31916639
31920358  15211137
31914161  24292909
31918706  3531599
31906089  14475865
31919848  4322367
31920949  16422478
31921012  218384
31908970  27282608
31920966  5620603
31921159  2903235
31917096  17953059
31921097  5434667
31921368  2820586
31921166  12521905
31790273  23446377
31233566  218384
31668089  14375099
31921179  1669821
31904879  26601594
31921642  417142
31916039  31526819
31921637  30370398
31921802  55611
31922017  218384
31921940  21807987
21555742  20431036
31921589  29141641
209196  41039
31921994  804951
31922193  24007518
31922280  5283047
31921264  23446377
31922469  1299871
31922458  161477
31922198  17496358
31917877  31677458
31916862  16879654
31922464  2292082
31922030  20762646
31922914  28460987
31922868  20449427
31922868  13654168
31922855  29812849
31905594  15061021
31923013  1260952
31922776  23194499
31841762  8269096
31923031  13499040
31923457  11962457
31923430  311165
31923617  2035359
31923707  7528045
31923780  14220321
31923695  1262051
31923321  12769982
31923149  7842049
31923857  2973202
31923956  4660142
31924289  10609965
31923855  5767325
31924291  12142829
31924329  1299871
31921358  20758485
31924533  27644361
31924526  2090706
31924433  600293
31924532  10644412
31924172  8354638
31914200  1776291
31924825  11961300
31925236  801032
31924939  360491
2365303  2605053
31925409  22937618
29133925  1433204
31918937  30934134
31925995  17109958
31926000  3911385
10079304  1433204
31922085  27052889
31919270  218384
31919116  11561608
31926222  8028957
31918734  8938235
31926051  9413046
31925860  218384
31915090  2958701
31914373  10455677
31926215  170907
31926490  8028957
31925473  31922693
31926474  9606340
31926456  6389666
31926756  9229645
31926728  6548750
31926613  366237
31925627  28001603
31926967  24649842
31926971  68283
31927142  14638990
31927214  8336858
31927084  1065435
31927110  2785485
31927860  12684368
31926098  28247990
31927820  4261133
31927941  17145223
31927489  7941801
31928114  826082
31928066  12337671
31925260  21883735
31928259  620604
31928237  31900676
31927008  6902087
31928351  591094
31907553  10647311
31922455  31792010
31928580  12301358
31928178  12186220
31928512  11321491
31928339  16547308
31925118  26554819
31928764  4261133
31909122  926752
31928935  31888019
31928968  24644436
31928997  218384
31929031  1685860
31929067  27279713
31929282  24644436
31928543  1326548
31929284  16615594
31929604  2371118
31929634  10144389
31929769  4290672
31117937  1438405
31929965  21672264
31930091  4660142
31921095  31916896
31919123  31916896
31916896  31910823
31911440  31910823
31928891  31910823
31930305  495021
31930343  4944295
31930659  31929932
31930410  18050071
31930541  6387614
31919318  3722831
14428092  29882186
31930138  4903570
31931023  31916938
31931657  18050071
31925704  31896898
31930999  23299556
31931409  3742506
31924355  16449634
31921969  1983506
31931755  588004
31929290  1526002
31924641  18050071
31924641  12769982
31923231  8267207
31928357  3655250
31932481  9547090
31932277  9508518
31931997  279170
31932589  18798870
31933001  5741526
31932245  3759331
31933151  388242
31933420  1085801
31933531  6113788
31933565  5004233
31933600  4752501
31934024  8164000
31932800  31562213
31934351  7746409
31922806  3207728
31933825  27713310
31934411  1520429
31934414  12142829
31932057  4261133
31924271  895171
31934891  5229809
31934973  381542
31934473  20035101
31933193  218384
31935127  4736
31933073  13016100
31934884  10398931
31934810  4836710
31934026  93039
31913672  31853152
31935189  8771409
31928738  174560
31927234  9708242
31933605  13967063
31933515  7766486
31935729  30730387
31935281  24037711
31935747  202481
31929798  11113119
31928821  7048216
31935832  29206465
31925197  10196258
31931130  147500
31932837  16249736
31929494  13349349
31923070  20436835
31936468  2340406
25249454  4186251
31933695  23815741
31936494  3127429
9526451  2718628
31936553  10687547
31936655  3992980
31933415  25753473
31714227  31388341
31930216  9422974
31928244  930754
31937097  14265581
31936879  12552277
31934211  4261133
31934915  4261133
31937287  3726505
31937361  6414494
31516399  13287145
31937710  988363
31937974  334518
31937889  4736
31937868  216894
31889011  31869452
31877827  4180880
31938194  1344221
31936895  18582205
31938570  2973202
31937550  7499534
31938655  3687859
31937635  24644436
28800707  4186251
31939056  7484325
31932772  31918058
31933489  904046
31933451  31913401
31939191  17870999
31939411  1240852
31939394  203198
31938880  1240852
31932177  25229648
31931298  31191146
31939285  4415654
31930178  14300275
31933983  14220321
31930125  5021935
31932077  10434474
31939661  2717480
31939885  10909002
31939506  8394681
31940434  21122540
31939548  15657367
31926055  26358310
31930935  15133926
31940760  1599050
31940728  1590723
31940100  11238953
31941065  659887
31938737  25571878
31914360  22259540
31941186  11656532
28959080  12465361
31941448  279170
31941486  11922383
31939550  63150
31941209  473661
31941760  15507997
31936180  31905971
31941823  31439427
31936653  30987986
31942035  2139224
31942080  1660124
31942454  30680938
31720340  30766274
31887143  31884008
31942505  3057341
31942728  28702960
31942771  2628621
31940755  1944095
31942750  3078389
31942887  24536533
31941152  2118656
31943122  1700081
31943242  12952024
31943214  31677307
31943239  588004
31936071  1517260
31932328  23491308
31938968  26822217
30749939  4483540
11688084  15693135
31943948  20488064
31944018  1014861
31943967  220097
10429410  4747238
31944157  7249570
31936027  25475463
31803475  2340406
31799798  18664579
31943736  7099290
31944189  30182203
31944878  18916966
31944139  30954722
31942469  217258
31926428  31929413
31943413  2943222
31943413  10591543
31942663  7728447
28744096  679298
31945362  10507230
31944584  7276989
31945264  9115574
31942088  17834573
31945756  17094774
31941899  406192
31943408  19800602
31945894  707874
31945191  1289492
31946027  5082452
31945592  20646822
31945774  6881213
31944312  2411872
31945969  3800551
31946464  16108459
31946491  60174
31946335  1123725
31928245  24710503
31946390  31929085
30295420  107936
31946406  12496884
31944851  1109061
31930965  24902737
31945880  5091057
31946945  29434650
31947172  1809042
31939635  14888471
31926114  8169792
31947161  11321491
31946885  20864574
31941617  10706721
31947467  31855501
31940935  9329446
28243106  27952903
31947690  2704314
31947752  27600207
31947237  11254121
31947916  5473107
31943218  30149407
31947753  2528318
5982333  2528318
25626418  2528318
31943350  4725115
31948065  209005
31948321  20422244
31945975  5170008
31948198  5170008
31948217  8114657
31945968  9069379
31948647  19896870
31948711  4244896
31948261  3659970
31940295  9748341
31947630  31942594
31948922  16019729
31948985  13151276
31948287  13102045
31948794  22206420
31949290  18050071
31949341  24644436
31921740  6131575
31949559  3517982
31949783  16959576
31949004  4348733
31949309  5529718
31949942  1238016
31944629  6208301
31950089  18788188
31947991  18074191
31950335  1609440
31900746  4261133
31950361  506105
31950246  2274242
31950414  4702408
31949868  14220321
31950905  874815
31950973  124958
31951152  28880850
31939024  31601848
31951248  370283
31951274  860966
31951481  720158
4169832  3903817
31951617  513832
31951614  889957
31933520  31261519
31951735  17114321
31947247  24472312
31929894  1799128
31950894  15206890
31951491  6049346
31951890  18573016
31951998  13102045
31952138  218384
31952099  9400615
31951928  2977497
31951779  15736654
31884521  6708993
31952354  1817985
31927207  14220321
31927207  12401789
31900280  7027288
31923594  23762343
31923594  4441222
31915406  2774343
9298839  550574
31641735  22756372
3068522  3462298
31952332  5737975
31952367  750486
31952420  3743120
31952828  132988
31952828  3647692
31952828  1504717
31952636  998425
31952444  27748474
31950889  5028659
31952634  600733
31951187  809646
31952268  2139134
31939670  19778592
31949655  3352621
31946386  21105403
31953279  30157185
31936819  28964926
21644741  513832
31938205  218384
31936436  12195015
31953219  31069474
31934799  5292349
31929241  5716042
31928185  29140402
31924123  29140402
31927484  15473725
31927484  26658853
31914175  31913718
31881449  473446
31953379  16604341
31953448  25010763
31953569  7895335
31953357  158706
31953245  20235217
31952863  22857802
31953094  24644436
31953791  31952543
31954128  588004
31954147  9730735
31954269  4261133
31954131  8554043
31953960  20753495
31954557  3682748
31954629  3024197
31954717  17060039
31954800  3462298
31954793  3499214
31954836  18312271
31954448  13095418
25010763  25011061
31955115  16959576
31955186  625083
31955128  4862178
31954992  1636333
31955303  7779900
31954828  4212611
31955844  495021
31955851  8028957
15729777  2422468
31955976  4261133
31956170  18357521
31956151  744735
31909878  22879838
31956136  2664045
31845487  22198079
31956391  12258166
31956305  2471935
31955997  724857
31956429  24007129
31956404  4758095
31956516  334518
31956327  653714
31955957  31034699
31895828  6052631
31957153  26783930
31954991  28013261
31957225  1944660
31957025  2591036
31955836  2130241
31957274  588004
31957389  513832
31936272  31939072
31932897  6990767
31957445  13854425
31954731  14354171
31957514  17293749
31695005  885009
31957909  8658278
31905042  179102
31957964  4940032
31738894  11587001
10371998  13497528
31958133  3409053
31958857  12769982
28656217  2686147
31958881  1706454
31958541  30329811
31958722  4351371
31958913  31954782
31959041  661561
31958718  23667086
31959225  30494695
31959186  206384
25612984  24969759
31959468  2008647
31958893  9446707
31959095  4517376
31959731  1139763
31955772  16223435
31957456  2301278
31957891  12496700
31956297  6910085
31959743  19368834
31957523  5884807
31959781  59895
31960218  21259285
31959749  6030071
31469528  2882647
31959969  9473582
31960351  17418208
9894807  2101755
31958140  15239818
31536351  31365146
31958157  8104692
31960170  17252615
31960344  20729239
31960607  4938170
31960830  1558795
31960752  3481828
31955599  3903488
31959778  1078118
31958177  16209715
31956471  6608775
31960900  3024197
31957156  1395229
31956237  2630013
31950324  248603
31960931  18050071
31955953  2757107
31955228  6348902
28382790  7131670
31959369  31541091
7996629  6022384
31961273  31828125
31961252  2274338
31960192  31944374
31961271  30405269
31960748  15590450
31960576  12573816
25310044  25285016
31961727  1195826
31226550  20700581
31958203  13602075
31961889  203198
31954226  10939288
23206687  18193792
31962021  13354918
31962020  2384160
31961981  6242955
31960123  14686243
31960883  3349374
31961476  15585058
31955887  4583484
31932238  31782332
31962261  14220321
31961402  30862988
31921878  10282506
31962667  9173904
31854838  23042034
31955275  3753999
31963036  13354918
31963051  18041853
