31963232  2113908
31963317  4261133
31962257  14833326
31963338  5890584
31956386  31312744
31940376  11147187
31962947  23374678
31954395  25225280
31954395  31789733
31954325  27771318
31963671  19603120
31963856  149055
31954826  2777802
31961970  6671067
31963616  8847766
31962157  24644436
31964005  16284572
31964183  1993493
31963421  3076414
31964372  31947265
31947265  18267803
31964511  962132
31964410  9260779
31964406  2631001
31962958  20279484
31959103  1915166
6153352  92100
31870691  2631001
6484321  951021
31939701  31946952
16586420  18302610
31930644  31924695
31926414  31924695
31964924  7506844
31952049  25661197
31964853  4879377
31951545  25694423
31965073  18916966
31930289  31723585
31868895  31955419
31962546  1695188
21126257  635446
31965500  15146052
31965457  17778372
31918656  24470
31965528  8161737
31965448  4622493
31955657  16976158
31965420  18162686
31964893  389204
31965936  31950105
31965975  23158165
31966341  8842085
31965391  11159860
31966367  15846478
31966336  1353137
31966123  31965943
31960630  30482871
31966536  2254185
31964801  31277307
31966732  509211
31966838  8009773
31966946  610245
31966946  3311633
31967041  9010734
31967147  30467013
31967533  4660142
31967658  3508605
31967761  3024197
31967997  31965192
31965226  6362695
31968018  1648595
31967813  19366332
31967813  22590914
31968267  10077840
31967772  16619403
30871612  1689015
31967345  31660100
31968357  4261133
31968474  218384
31968811  1200295
31968906  203198
31968990  1120833
31968920  56011
31968307  19830677
31969211  26429672
31969105  293007
31969227  31945310
31969340  2225038
31969282  7385068
31969567  5100718
31969596  2416809
31969600  3034186
31969646  5518435
31969571  22662488
31969532  10761686
31812414  523724
31969796  9013177
31969563  12769982
31969735  25581590
31969878  31909107
31937789  5461648
31969674  12573816
31970089  8028957
31970160  842057
31970160  574881
31970344  10640836
31706420  23231392
31969020  10805184
31970641  436599
31970795  3718148
31966590  2498425
31970564  2332681
31970609  11442101
31962511  4097593
31971165  18696655
31971236  3003145
31971252  1019793
31971408  4504662
31971413  18918256
24638936  30978918
29301463  30978918
31971587  7301110
31971766  2437144
31960987  2767212
31971839  28780755
31971902  12625043
31971241  24415168
31971416  11474402
31971700  2045188
31972157  4965508
31972322  18647230
31972511  31965723
31972671  218384
31966884  25799107
31972383  12625043
31972747  10516968
31970257  27143402
31972805  27247773
31965847  31620298
31970971  19869145
31972824  12573816
31970672  17086478
31973269  20449427
31972700  5908774
31973543  19602407
31973437  6269765
31972776  9271507
31973200  11060833
31973602  31968261
31972904  25949099
31917774  3720901
31973454  12573816
31973787  22755371
31973871  70324
31971607  29197119
31974024  20932764
31973927  878218
31974135  9639103
31974239  1475297
31974220  16485687
31959361  27282608
31974456  4244896
31974380  5335273
31974635  15209831
31303248  26281322
31973071  31921985
31973735  455518
5053774  19442230
4895907  1311236
31974633  15965376
31971598  25819174
31975038  6286313
31750501  7591466
31975361  19898920
31975281  9767612
31975336  7397768
31975554  2615936
31975681  1996122
31975702  9809166
31975782  206062
31952075  30687167
31975880  3705318
31975938  513832
31976080  717725
31976389  513832
31976436  5673829
31976131  195207
31975881  30122982
31976477  1119670
31976651  3776682
31967591  2288241
31976798  4420815
31976890  2770321
31714780  209779
31973933  18978713
31977184  25881041
31976859  31977248
31977280  4660142
31977306  9712234
31977485  13102045
31967971  11482970
31899190  24501001
31977617  12062481
31977941  5554734
31977523  24644436
31977757  18050071
31977773  18050071
31974978  13061979
31977655  16959576
31708646  26738648
31978262  6366211
31978184  14028959
31962732  802854
31772216  21979970
31978594  5981427
31977080  27232027
31978768  3297867
31978729  3794919
31976343  1734872
31978702  31354559
31978875  24239426
31977808  9396691
31979311  21533391
31978972  16475506
31979411  14135358
31979505  3088059
31979716  120656
31979705  9423722
31974156  10478295
31969146  451415
31980132  4927688
31980570  10219724
31980455  860187
31980717  12593752
31980732  14007655
31980291  2609556
31980374  8470070
31956095  4660142
31980027  3335162
31981006  22588007
31959703  18798522
31981136  1883345
31979899  1685009
31750166  23516816
31978676  6109882
8480187  8213620
31979579  3642919
31981742  1377926
31977902  3096953
31981791  4660142
12724142  8213620
31981778  9396691
31667785  31761535
31936997  291813
31981187  987053
31981968  4660142
31981752  16493524
31979880  2167916
31966081  31965831
31982057  6530191
31981217  7710449
31982538  2042813
31972460  12189543
31939984  31860247
31947357  25187903
31982270  18959411
31977330  3642035
31982990  6491463
31981757  19479166
31983101  7082997
31975570  31968837
31975570  31973716
31982976  9469068
31979108  14297264
31983474  25098021
31983672  4772987
31982929  16600425
31983612  8199485
31983059  16549066
31984190  12573816
31984265  3737139
31982078  38039
31983879  3991905
31984355  761361
31983961  8442079
31984516  23854724
31984538  31872498
31984729  16883037
31984696  6725428
31984758  6368967
31984676  1447287
31984826  588004
31984640  2489435
31984925  3310737
31983322  4886003
31984931  21375449
31978973  17913986
31977727  2419706
31985176  4660142
31985121  17123548
31976858  11627276
31985132  30819423
31973190  4770605
31984328  21201251
31969641  3302908
31985446  14017996
31985488  1068246
31985245  75175
31980412  23249331
31979116  28119426
31985596  81991
31984379  2397511
31985851  6441218
31986062  14220321
31986038  236129
31975979  7876335
31986255  8506733
31964740  24584779
31985109  814975
31986694  218384
31980022  25334593
9396064  1329739
31985491  4779027
31986799  1024847
2183827  1280057
31978763  17129667
31973996  18178757
31983129  24644436
31983256  18050071
31978722  2973202
31979449  9981929
31843374  2018553
6422820  1109022
31985666  4479421
31987241  8488443
31987018  15452004
31987399  3920602
31987356  5228780
31987160  14615305
31986551  24764498
31985202  30934671
31961443  19047775
31987352  2983248
31961955  15314019
31987148  654921
31987097  2795300
31987530  8228281
31987530  592396
31988099  6137986
31986744  31768946
31988356  4660142
31976998  2114757
31988520  15925980
31983811  2774323
31988701  483014
31984405  195951
31988403  8278966
31988403  10150579
31988762  20398600
4278009  3566146
31988719  20361930
104854  3566146
31988530  25269597
31989032  13126833
31982227  5233308
31989168  17298172
31983139  7020417
31988967  5331724
31989298  6487366
31984320  31964145
31989501  2973202
31988763  3738312
31989492  12422599
31989569  8214055
31989197  7735647
31989343  29757133
31989391  4160073
31989125  25165808
31989140  4109414
31985708  31955924
31990039  588004
31990140  1065435
31989376  20563772
31989376  16388959
31990411  10382929
31987277  65865
31990718  577575
31968037  2118656
31881643  10309968
31990856  6847697
31990771  60174
31990888  1307771
31989676  7009659
31990851  2499794
31991072  8336858
31991158  7980885
31962594  6081629
31981475  218384
31991532  5481539
18587314  2182596
31991052  9334548
31991683  13715131
31991661  24644436
31990700  647282
31974092  31846452
31988726  22314313
31991904  1136380
31982041  12553277
31991947  5150186
31991741  5595353
31991741  7097079
31956637  27817577
31992303  513832
31991630  29187270
31992290  30854926
31966294  31985821
31992507  7279422
31984739  542938
31765763  30128395
31985123  6172719
31992166  5121495
31991863  182287
31992539  8089031
31992954  513832
18205253  5769493
31992791  10946666
31992666  29457720
31993153  9030036
31984894  7790561
31982848  1726630
31993240  4166966
31989007  4660142
31993302  21447957
31992982  985596
31993739  28030837
31993888  7124884
31971975  31785957
31994093  13883917
31977048  13074319
31994248  17089717
31993641  17485900
31982625  18004239
31994399  8151888
31994399  531384
31992719  31817210
31994597  14220321
31989157  24003642
31994418  2377506
31994800  8534256
31994406  147816
2799912  2095638
31975574  7023012
31995092  30367051
31994052  2154699
31995148  30591313
31993204  206983
31977992  23588592
31983109  31965088
31995367  23723955
31995456  15606751
31995749  27489430
31995864  2139069
31993694  31601757
31995482  24644436
31995991  12543704
31996280  12573816
31996308  14220321
31984098  320929
31995510  31980286
31996494  9569334
1311120  1057977
31996714  30366805
31996766  5946114
31996284  27703083
31995387  31438337
31990364  4584963
31996953  12573816
31996975  3310737
31997195  12144557
31997570  1525444
31799422  4318962
22375582  31995472
31998002  1151987
31997097  5992082
31995848  6346674
31998187  32664
26239494  12859942
31626254  3577641
31998242  5335273
31998176  31994019
31998473  11482527
31996632  4479817
31998533  17830853
31998574  1359018
31989312  5454235
31998742  7027288
31998807  30680938
31998907  23208201
31999031  31998543
31996875  31886144
31991140  31987756
31996227  409784
4130922  546321
31994355  1009160
31533129  19164431
31991027  2622062
31991027  5774970
31999192  11321491
31999220  218384
31990703  4531396
31990154  1816458
31987139  31988482
3738312  1088509
31987044  1816673
31968108  9481865
31997910  12573816
31997933  15723797
31999436  680785
31998982  5928225
31999759  12117680
31756828  31767135
31998806  2066162
31891131  12631769
31955493  23712207
32000106  3691655
32000132  11237807
31995139  31912802
32000350  513832
31996158  1577475
32000365  4977367
31991502  4751772
32000455  586182
31991307  5428262
31999855  18547114
32000454  24644436
32000582  6795298
32000757  31083786
32000914  13627735
32000448  27093697
32000920  513832
32000672  346021
25218042  31939827
23250248  31939827
32001307  3230133
32001277  31979355
31998095  10757169
32001562  815354
32001562  4853213
32001492  18491020
31999497  2554149
31988858  14016278
32001413  29140402
31998579  12573816
32001990  1660124
32002214  274626
32001506  26268721
32002419  9289346
32002371  2533227
32002505  19144006
32002125  13595175
32002837  4946292
32003053  513832
32003053  767372
31998495  11102625
32003197  31980590
32003230  31967575
32003075  2106292
31995659  27012500
32003357  11867225
32000179  4736
32003507  3206531
32003630  1108434
31906525  13887296
32003711  168610
31992168  14616005
32004213  3528420
32003772  218384
32004593  17016175
32004390  969866
32004644  217776
32004749  320089
32004876  32002517
32004679  32003311
7683181  4418157
32004964  16164902
31994653  7647912
32003580  10616650
32004704  1557085
32005102  2939914
31987880  2239573
32005104  27273089
32003986  3134228
31999781  31407970
32005359  4172722
32005072  4075742
32005368  18034362
32005211  14709014
32004317  12090503
10379013  2422468
32001998  18252356
32005811  3293353
32000480  4685173
32006213  1841016
32006275  7744737
32005511  513832
32006321  25734975
32006609  213907
32006597  199470
32006328  14573134
32006140  121162
29724842  5630123
19542903  5630123
32006885  5509017
32007085  1895476
32006693  15042570
32006969  14597335
32006100  2934904
32006489  18744910
32007253  12561396
31994348  13837053
32005641  18541940
32000162  6710557
32007079  1287995
31997716  8568233
32007142  3075130
32007625  30529367
32001165  21172989
32007720  6048151
32007772  262156
32007250  21523338
32008028  1032161
32008068  373419
32008075  21895756
32008041  3143657
32008309  32007941
32007454  31998405
32008098  6927007
32008499  3637936
32004699  29428227
32007494  21527588
32007716  31984860
32008627  13378989
32008701  588004
32008363  8899802
32007143  9013177
32007432  4435170
32009023  495021
32004337  24644436
32006075  8838621
32008858  1169456
32009097  2310845
32007058  4966652
32009211  381542
32009183  3626002
32009199  7574134
32009377  21053427
32009443  5591329
32009530  13340638
32009534  23863154
32009821  16959576
32010110  4660142
32010034  8639278
32008876  5671238
32010222  129677
32010336  5763750
32010409  25901460
31998891  7212787
32010486  41244
32010351  20563772
32010618  32004506
32010360  14482184
32010612  183532
32010117  32003645
32010961  18306447
32008895  8074372
32008349  218384
32011117  24044851
32011328  16100
32011328  1947817
32008282  28349382
32010727  2700638
32007196  6239373
32011462  7709041
32011325  60174
32011367  12237617
32011776  15447133
32008420  16366907
32008733  10056729
32007616  18317284
32011798  725888
32007908  32007856
32008526  25767950
32012112  8004237
31969102  5392344
32011520  166506
32012592  647282
32012585  12573816
32012606  26051712
32011895  18326738
4240802  27662162
9780025  27662162
32012778  1475297
32012808  270408
20793648  27662162
20549093  27662162
24003776  27662162
31986857  27662162
31986857  26046776
32012925  2770321
32007243  27662162
32013122  301134
32012974  31989619
32013052  23823010
32012605  3577641
2802887  895171
1906376  895171
32013265  17498216
32006498  7674786
32007685  4660142
32012792  15521451
32013501  2652319
32013714  40480
32013769  13102045
32011815  22710627
32013756  7964917
32013875  21190580
32013694  31776907
32014074  24473213
31990183  17044953
32014047  13294067
32013819  8554043
32007480  25727046
32007985  17117988
32014577  3850970
32009052  31847790
32014950  3251401
32013770  755449
32014977  31796164
32009484  24537317
32006421  9400615
32015000  13887910
16614564  845021
32015532  20340305
32001907  23667086
32013845  15745042
32016068  1168807
32016106  610245
32015783  15978958
32014630  22180425
32014860  27207059
32016468  13911743
32016553  4922145
32016628  4660142
32016359  381542
32016434  495021
32016485  12573816
32014293  26871413
32014293  17233034
31976978  31969565
32017208  6294778
1329796  87372
32016784  6558921
32011057  9999512
32016969  2912897
32017255  1658294
32017489  32007604
32009387  3391942
32017523  21342698
31866481  31479575
32017855  845021
32010536  6015501
32017646  18156795
32018098  2202641
32018081  451415
31996915  1359793
32017770  9314328
31995754  3577641
32018676  463299
32018801  979256
31997232  32010951
32018510  24241827
30059716  24480069
32009179  6815579
32004270  10040330
32005960  8098953
32004961  8647125
32018279  3777174
32019193  3737139
32003160  5734158
32014327  12197880
32019289  25748106
32018363  279170
32019034  2818669
32019358  2127979
32019358  691813
32019476  11277620
32019478  4287395
31969398  28675959
32019721  1734243
32019789  31216399
32019794  2622144
32019943  14220321
31998373  26260790
32020129  2505181
32020000  2309694
32020191  8375229
32020075  16752534
32020196  28592077
32020122  1759300
32020122  9268542
32020395  29909142
32019907  2033912
32020726  30787325
32020802  4261133
32020957  20593423
32001279  2786619
32021050  19692157
31987905  31871154
22769882  2507377
32021143  4361774
32021389  18691627
32021613  31981127
32021593  19007149
32021690  24467726
23057263  5289027
32021821  2631278
32021945  2770321
32021861  1666710
32021946  670734
32022146  9466265
32017359  1060280
32020147  1972831
32022393  20669934
32022482  18093928
32022565  23069248
32022672  30692221
32022768  240178
32022736  476272
32013707  30148999
32022556  6822000
31982009  17806600
32022586  11321491
32017305  218384
17087164  3667387
32022963  27285565
27285565  19254656
32008550  29339179
32012178  5551814
32023248  4660142
32023323  6027314
32023128  15145209
32020329  21729310
32023301  30441144
32023500  504103
32023592  4966652
32012320  19771768
32012799  19771768
32023624  22767523
32023675  5016253
32017516  10575750
32023447  29582743
32023502  1621220
32021996  624926
32023779  949433
32022759  27028975
32024128  134099
32024228  12573816
32024230  4172722
32024162  26299149
32024321  588004
32024320  18565701
32024319  586182
32024154  6821517
32024201  1527803
32024201  4959975
32024438  22020580
32024547  11048057
32024573  9719869
32024496  21152171
32024426  24102024
32024646  618769
32024709  5019856
32024700  6109882
32024749  17040709
32024799  14220321
32024351  28916710
31712386  4690585
32024939  11321491
32024933  18076744
32020680  28478988
29199593  24793255
32025087  2769510
31152897  21559929
32025142  856449
31788625  30639785
32025143  3586049
32024159  31929216
32025234  4539670
32023532  11963763
32025042  236129
32025414  11937297
32024316  18664579
32025513  902780
31133522  9309195
32025471  9401830
32025366  18664579
32022038  7922346
32014093  4184351
32025532  3744178
32025740  30683177
32025888  218384
32023212  14995801
32022582  951021
32025658  19015555
32025473  32024548
32022347  17789463
32020070  19557920
32025795  19565974
32014547  15745042
32026222  10024866
31623103  26084885
32026283  180401
32026283  5544497
32026283  398395
32026328  24644436
32026305  18050071
32026359  2973202
32026301  4660142
31994008  4218466
32023425  1996122
26078363  4713663
32026342  27890361
32026662  32025103
32025958  4060446
14365620  14344289
32026829  4274193
32026790  32021325
32026891  2486034
32026977  478968
32027042  8326482
32027155  60174
32025993  10971765
32027146  31988751
31398111  11779490
19579392  14607193
32026658  8890747
32027319  32026436
32027216  8197559
32027373  290884
32027436  4660142
32027416  16443279
32027477  4672505
32027642  25166624
32027501  15660722
32027324  31418178
32027015  31833004
32027851  18021880
32027834  16992874
32027865  4040001
32027933  500508
32026924  18714634
32027108  11041418
32026013  12575990
32026013  16413019
32028122  16517935
32028184  513832
32027974  6620165
32028005  7302604
32027786  6832640
32027438  18913105
32028345  10483644
32006902  16274282
32028570  21073496
32028598  7602419
32024347  8554043
32028718  12122159
10588551  4713663
32028773  8146793
32022625  5091491
32026846  10087819
32027978  363681
32020740  3753869
32024083  21006647
32028938  20026451
32025654  383631
30812445  31083669
32029250  215497
25897264  819079
32028796  7078022
32029104  20373626
32029591  26971240
32026298  32024115
32029548  8179760
32029818  2397984
32029818  4176328
32029785  29790070
32029868  7218061
32030056  4973746
32030062  3088059
