32174664  15844443
32174606  451415
32142978  4660142
32174798  11835217
32174798  31913476
32171790  2323292
32174561  13840429
32175155  6504407
32174693  5229809
32175158  18776078
32175516  17417326
32175538  2209687
32175733  7798852
32175834  425760
32175649  2506994
32176065  203198
32168858  4670494
32176246  3452778
32174746  28022567
32176337  55612
32172636  218384
32175687  1947889
32176675  10013475
32175508  32167955
32176864  4110659
32174496  40154
32176863  5419389
32176414  4985805
32177256  3503879
29854429  14911158
32175626  20087627
32156676  14101380
32165723  16487496
25840081  20906077
32177387  2507030
32177242  9508518
32162002  26719135
32160568  4994458
32174701  28787165
32174991  5800946
30273511  31918565
31936544  28835755
32003600  18545317
32173904  521832
19518122  20906077
32177207  12287672
32170972  127704
32175237  14301560
32175942  15699101
32176391  1043957
32174803  19222520
32173757  2023977
18656700  15521451
32175320  15182261
31580088  729197
32149537  5765853
32178105  1534504
32166322  3681123
32166131  3732608
31383614  31653002
32168736  16236592
32178384  1643067
32178384  513832
32165682  14911158
32178033  13777445
3166566  1964234
32173363  8579643
32173363  6677035
32178419  4942624
32178522  18547114
32172799  14028959
32172625  20456143
32175496  32168416
32168225  2118656
32165327  21382051
32178621  5770341
31673279  16166039
32178278  19460481
32178968  5890584
32178921  18653726
32179153  3148937
32179057  1449987
32179222  10152390
32070861  7108668
23487069  316485
32179562  541487
32179409  17947565
32179643  32177057
32179264  5670848
32172749  10596988
31243776  5075423
32179229  19248443
32161863  10882835
32179417  32174496
32072980  1580017
32180192  341723
32176631  32106764
32180012  406230
32179697  31226439
32179889  22252904
32180243  21939495
32180380  7853130
32180417  10263094
32180474  20643255
32038862  32143581
32179203  5444248
32003088  31986062
32180581  32143685
32180624  5545649
32180910  2685388
32180921  17734230
32174237  2104653
32180074  10634115
32181289  30562780
32153139  7348980
32180881  20047086
32178597  25596398
17237059  5068011
32181464  1277556
32165583  13591983
32121455  7762957
32181650  4187032
32181722  2237440
32181653  15711443
32181577  7298057
32176519  21982987
32173343  5041494
32143235  396164
17553181  17429427
32181930  9605343
32182395  236129
32182027  3884644
32181777  7719741
32181973  7403472
32182463  2386866
32182310  19966707
32182501  5701793
32182404  24644436
32175776  30957160
32182650  21756777
32182618  9691771
32182835  327274
11808152  5935968
32182818  19208817
32182805  6697292
32180122  4893436
32180122  17097947
32182549  11017448
32182205  279170
32181948  4717789
32183053  3785966
32183053  12722854
32182064  28399324
32183180  29918939
32183056  3611635
32183353  1132941
26202868  9497528
32183419  6847697
32183583  14220321
32183209  12967508
32183685  10799099
32178217  18513432
32183547  3959692
32182527  32180718
32183918  29253542
32184144  5531452
32184144  23356194
32184315  17206568
32184315  81656
32138666  27975124
32184153  5986972
32184543  18050071
32182481  8386675
32184626  17406367
32184820  6729605
31911332  2629723
32184878  247621
32184983  7129858
32184595  577243
32184720  3629835
32185094  153724
27670933  26076965
32185161  23584120
32185296  7396469
32185550  31885409
32185792  9508518
32185604  8370114
32185862  3038768
32186112  24644436
32186123  10614771
32186132  5585779
32186382  14220321
32186525  30299093
32186439  10064532
32186539  2134461
32184236  23353173
32178680  4576909
32182934  32184053
32186773  1207406
32187150  14324451
32187218  29201211
32186573  29406331
32150202  16818952
32187381  7027288
32187489  8918032
32187236  24644436
32187448  20282027
32187445  24691777
32126912  21491747
32188530  11486298
32188657  2622572
32187741  218384
32188984  2354609
32188678  32184804
32189221  180172
32189203  1644868
32189373  24644436
32189781  24644436
32189896  14258984
31767441  31772938
32190018  2474018
32189841  13854425
32190022  25924769
32189362  32190022
32187553  2363520
32190128  60174
32190420  32150063
32190444  271440
32188624  1395229
32189975  12908412
32189985  1243547
32188445  32074921
32190783  20940979
27573039  11284998
32190107  8447
32191018  6693876
32189344  11801159
32191489  189549
32191590  409784
32191643  3577641
32191440  12573816
32191695  3309188
32190184  9086913
32182528  201183
32191896  11321491
32191690  2869827
31949493  31385985
32192005  4461597
32187820  5662249
32192011  7745609
32192011  1313120
32192088  1424510
32173918  21689344
32192191  32189165
32192590  28727919
32192470  240320
32192814  111102
32192904  14486367
32190975  328590
32193059  81584
32193121  218384
3791607  4628800
32193312  218384
32193341  218384
32193410  12301358
32193409  15618309
32177231  22583725
32193418  11646290
32189262  2741036
32192434  12240097
32193660  19163701
32193737  111102
3859983  1370326
32193413  27994985
28397554  2089271
32193989  18050071
32177623  11589816
32194130  495021
32194108  15657470
32194181  3538489
32194161  17922308
32193891  31600992
32177881  12190305
32193806  2078914
32194568  11471674
32190430  32081065
32194794  10900414
32194786  24644436
32194933  203198
32194740  32174907
32194995  32174273
32195144  32194573
32195140  1190642
32193246  32191986
32195169  8705099
32195193  11321491
31227630  507138
28436590  27528420
32195516  8904782
32195423  31154124
32192228  32172415
32184731  22983013
32195742  15171695
32195675  14220321
32195314  19586401
32194666  24948302
32191674  15521451
32195190  5765853
32196082  13392463
32196236  240212
32196343  15805555
32196150  18689883
32196440  13921946
9024167  5003142
21430146  25116635
26456104  10487908
32139723  17184369
32196096  14211594
32196287  10901572
32193884  367192
32185678  5318718
32183632  2938656
32179997  12263715
32196887  26530685
6925561  2955402
32196746  11331738
32196903  8011138
32197231  4255472
32196318  4768941
32197283  478121
32192529  1363030
32197515  32109985
32197666  203198
32197708  8634156
32197541  9508518
32135861  30724424
32198445  15562484
32198666  3131136
4612143  13762491
32198689  7616998
14291023  2573912
32197199  2831775
32197549  24490668
32198771  30185689
32196280  11386308
32198914  75746
31975204  30362459
32198955  31551036
32199032  750486
32199070  10762579
32199153  1711990
32197318  31788297
32198988  21905864
32199260  1390607
32199504  32191573
32199532  13728491
32195095  20017688
32195033  28765450
32195566  5765853
32197008  279170
32191109  21881992
32199205  17244049
32199735  13868264
32197959  14523468
32200303  2881445
32200123  1895476
32200337  8256463
32200686  424210
32198368  4160945
32200145  1457103
32200843  4130194
32201172  4255472
32200412  8442108
32201448  14220321
32179111  30963925
32201502  30591706
32201542  3577641
32201366  6601658
32198695  9423932
32199807  24470
32201645  9552761
32196378  32179237
32201878  128038
32202074  6441218
32202074  8743411
31730048  31749560
32202037  11522577
32201907  7682798
32183102  13874387
32202553  203198
32202906  9319532
32203020  18050071
32203003  1440096
32202732  11433432
32200672  12001894
32202963  218384
32195073  32185995
32185754  31624985
32203714  4922145
32203637  3259496
32203494  19969228
32197391  10390406
30877818  29141729
32203843  5713888
32203920  1534210
32189302  32185611
32203800  20986360
32204116  12573816
32198491  16529825
32203186  8710619
32204700  2717480
32202313  24044851
32204869  263743
32204978  750486
32204039  20417863
32205410  1458633
32205356  27845570
32201409  15084511
32205577  4660142
20432336  24580508
32205445  32202308
32205636  9255279
32205211  12909905
32205587  986006
32205860  15965651
32205860  1866212
32206006  8704423
32205710  14525423
32203665  3497464
32206329  27725571
32205442  8213458
32199997  14141043
32206665  1373164
32206679  8937447
32206578  11300652
32206813  4828080
5860218  1063813
32206743  32206496
32206408  122105
32206907  2631001
32206741  4261133
32206915  21046425
32207105  5805059
32207064  32075498
32204634  6657005
32207150  9618268
32206988  114543
32099547  32062635
32150063  10404348
32207283  22937618
32142687  6031660
32207407  18222517
32207528  4040620
8616781  238547
32207912  752521
32207924  20279484
32207890  18899868
32207704  47605
32203226  32205161
32207991  2891970
2590181  965692
23147190  965692
32208029  29928236
32205931  19725070
32208476  13707333
32208603  8336858
32208625  3040352
32208791  1398022
32208648  1299871
32199755  4090301
12408285  1127396
12408285  4761834
32209324  13702693
26851232  29141729
32199848  6327965
32209485  6575578
32203842  15745042
32185740  9896070
32209527  14614434
32199700  438875
32209711  1504717
32209033  16556375
32208127  11709079
32209596  588004
32149569  19307752
32209992  312443
32210012  4117555
32210014  138313
32210292  7001320
32209280  60174
32210313  7437987
32210098  17628269
32210337  60174
32208579  14767530
32210709  4484727
32210722  653714
32181170  32179487
32210915  3627107
32198065  2201925
32210732  4525854
32210914  1149109
32210431  3370271
32210667  10457208
32208631  20273834
32196825  2456344
32210920  32195788
30815842  29141729
32211242  10255724
32211213  1617963
32211468  7914444
32211425  18602602
32211508  13840429
32211527  32207884
32191854  30399796
32211773  20307386
32211969  18050071
32211969  15689501
32212017  21025046
32211596  1345827
32212112  5849299
32212320  16569067
32209932  218384
32212961  28570505
32212552  1129216
32213043  949433
32212410  4660142
32213212  451415
32213238  4198906
32213152  26346647
31938865  18132331
32213291  24644436
32193834  30892315
32209413  32207234
32213377  29662820
32213734  32191573
32213615  2275004
32212339  363681
32213800  20035101
32213963  8112028
32206417  31808445
32214263  17982111
32213390  8467424
32212250  459554
32213358  3365569
25194619  6715388
32214620  23105433
32214726  32213201
32214155  28687566
32215202  19646371
31737901  19646371
23414162  19646371
30119058  11266126
19646371  11266126
11690471  11266126
28371449  5501581
13309324  5501581
23846549  19646371
26265586  5501581
32215339  1032161
32215615  5655674
32215615  10287202
32215748  565504
32215431  7961363
32215938  60174
32216113  31239401
32216201  26076227
32216375  218384
32215426  23571013
32152078  21600825
32210791  2560966
32216619  29210234
32216612  7026507
32216659  4261133
32211168  201323
32216681  18937651
3365518  71513
32203153  6038061
32195382  739285
32177770  3577641
32211538  32202266
32214528  4947854
32217083  4708248
32217040  2906582
32217145  13743509
32217204  1502500
11200607  2617792
32217256  17840963
14453163  2414117
31931009  16091677
32217494  24000710
32202467  4657416
32215930  8552675
32217952  11922383
32217597  15523514
32213423  60174
32133524  4279435
32214116  18803016
32214065  182287
32217825  434761
26196241  3088059
32218313  4271689
32218409  3665115
12193981  12937641
25217341  12937641
19270737  12937641
27910042  12937641
14411700  12937641
13820640  12937641
4316944  12937641
19803785  12937641
21646688  12937641
32218605  2438539
32218437  3350385
22723290  22566179
32218793  3948230
32218911  218384
32217556  111102
32218771  22116470
32217683  30162256
32206902  29710680
32219173  18418668
32219100  1332434
32216569  20940979
16046005  5522702
32208475  15265253
32201611  23353173
32219593  2502395
32219593  10454519
26448219  4208530
32220215  19581953
32207005  4995733
32220262  4823339
32219767  6670360
32219823  160550
32220061  9382434
32220570  18246053
32216074  8447553
3043789  2118656
31966140  27311746
32220942  4244896
32220920  22718744
32219401  2400828
32219809  17878632
32221014  10784674
32221075  5920135
32221171  901115
32218892  8073278
32221225  728360
32221509  6896635
32220120  3408985
32221991  13119477
32221991  919244
32222177  32207558
32221984  14084298
32222318  6162401
32221547  4202175
32222303  14220321
32222549  6783858
32221522  31242867
32218896  32089772
32222340  12573816
32221468  3307672
32223561  15722765
32217699  750486
32223902  1145208
32218424  1469689
32223903  18519095
32218150  2375372
32223921  10611087
32223823  4356289
32224197  5466451
32224359  1132941
32224362  20650954
32224362  74148
25481122  22915006
32224627  13731796
32224651  24410876
32224053  4432774
32224675  4261133
32181799  1756591
32200510  4526273
32221375  16652184
32224967  10258828
32225085  2326943
32225203  806000
32219123  26382041
32225245  160970
32219423  18050071
32225387  10848
32182855  279170
32225663  180172
32224501  4691132
32225824  5800720
31919883  17020298
32198883  23300199
32225952  4938875
32226051  5754822
32226234  1614236
32226368  949433
32221771  6244669
32225736  332422
32225436  2508605
32225217  27177485
32226738  24644436
32226667  15863387
32226613  788323
32226845  13648252
32226927  1700081
32227156  2167916
32224634  10613359
32227280  17904088
32224761  1694529
32227231  7058254
32222339  6038061
32227425  5124020
32227127  11893996
32227127  12573816
32220160  4240080
32227757  3437897
32227495  60174
32226204  10896151
32227903  18050071
32205235  19054789
12722960  3417883
32228316  588004
32227234  14820686
32228232  12586543
32225778  633607
32222476  1871424
32228715  5078239
32228908  9880279
32228632  30552447
32229096  20449427
32229169  32226006
32227995  3622796
32229308  3755606
32229321  24085680
32229193  4477850
32229193  18195322
32229610  625799
32229671  2575685
32229657  10749585
32230180  7885573
32230338  1019169
32229858  20993574
32230475  26573102
32230379  2933399
32229538  6971287
32230580  22937618
32230565  10805125
32230821  18050071
32227394  12964129
32231134  13840429
32231186  11838709
32231252  40480
32230505  21013912
32231088  588004
17509551  10122977
32231457  17267140
32231725  504103
32230874  32218224
32231445  370357
32231556  11040587
32231852  4261133
32228510  31721736
32232112  14220321
32231462  14028959
32227897  10589975
32232253  32002107
32215812  30787920
32232146  8046662
32232482  12769982
32232716  5335273
32232768  15266671
32232931  2768314
32214362  2524151
32232736  881085
32230460  21709341
32233174  1494953
32231564  2276271
32233254  8174723
32216108  740358
32233311  32232699
32230214  10670953
32232143  9560539
32232699  5338122
32233524  28032827
32233071  25566581
32233899  2067472
32233859  18050071
32233974  753948
32233936  16082977
32234159  4660142
23943152  113063
2729027  113063
64061  113063
8611359  113063
4443290  113063
3041969  113063
32234477  12858501
32234532  31814060
32234728  32028291
32234728  9192589
32234825  6817262
32234836  16959576
32233777  15109017
10274819  3488962
32235012  4261133
32234839  23584120
32235032  1186107
32235166  2184513
32235267  164926
32234751  359758
32235158  14220321
30628465  20532621
32205624  4660142
32235462  6847697
32235465  29093396
32235454  20110533
32230586  19446755
32235389  5121495
32235988  18050071
32235986  218384
28870185  12495345
32235823  11653255
32005809  10720832
32236388  8028957
27046378  8345979
32236335  6089215
32236346  4526113
32236346  1922521
32228858  2934563
32236639  203198
32148629  31404594
32237055  4244896
32237141  11321491
32234845  32232707
32235990  4660142
32237126  3528324
32237161  28486324
32237297  4660142
32237243  32216817
30253052  24122013
32237411  7320686
32237493  2612802
32235941  13606169
32235489  4438710
32232949  5067188
32237656  15961859
32237694  31613748
32237702  15841511
32235373  1064461
32235789  15208031
32237863  1114363
32233972  60034
32231555  673931
32237857  31953595
32237536  26210622
32238170  32218346
32238280  5078239
32238349  3085696
32238330  2180214
32238264  24856811
32238510  662488
32233562  24644436
32238622  98559
32238672  279170
32238507  32230415
3756169  1453416
32238852  16889752
32233478  17554068
32238943  11321491
32238952  3577641
32238861  515975
32238788  1996122
32238699  10126395
32239065  2910611
32194088  15451251
32239105  986006
32239111  1104344
32237552  29293637
32239248  18050071
32238073  24593100
32239371  203198
32239402  3475119
32235872  30368582
32239434  13883917
32239554  16094563
23174789  46155
32239557  27575562
32239661  27464287
32239771  4240739
32238779  2382663
32239751  12625043
32239438  2240702
32239968  1240373
32232407  513832
31022372  9698277
32239807  22937618
32240396  2098322
32240336  4884043
32240549  4660142
32231940  862440
32239998  32232250
32208766  26097213
32240597  383947
24854288  3634853
32228150  7149694
32240858  4261133
32240948  16075559
32218704  60174
32240727  2486191
32241392  1107220
32234019  9713058
32241678  14220321
32239892  22937618
32233785  1680528
32242029  263191
32242029  151472
32242070  2770321
32240375  9823010
32230191  18987791
32241122  3519861
6406843  143815
32214579  7261986
32242465  13769504
32242347  22951811
32242773  8217419
32204065  25658034
32242860  306313
32242886  3651252
32211675  9541351
32239842  212321
32243325  1751301
32240628  4628039
32212522  32166425
32227978  15772031
32238978  1393324
32243465  666936
32199195  29289722
32243439  2211454
32243558  5413985
32243860  7820926
32233106  29156080
32243957  24414015
32244142  30148873
32241112  671049
32241529  4822422
32244332  1609637
32244117  4284199
32244146  2057146
32243858  1109061
32244527  14728810
32244541  3446216
291279  1958808
32242017  20541636
32242017  1643067
28833797  2373213
32240123  11201921
32241184  26290640
32244866  6228199
32241142  412562
32241877  27902821
32245082  32243224
32238255  1474135
32245432  5725892
32245209  10545520
32245375  26152305
32245798  12769982
32245835  22937618
32245072  566167
32238220  5641997
32239787  770523
32245885  16516793
32246075  26273042
32245813  21881992
32178753  9889839
32245829  1299871
32246037  3726505
32246476  1520429
32246515  3001739
32246597  3682748
32246660  17434070
32241315  16273534
31297071  1013493
32246873  13102045
32246893  1700081
32246785  2933399
32247007  8692961
32247014  2717480
32247070  20288010
32246981  8906722
32247029  26507087
32247122  914109
29791036  10210645
32247865  24311023
32248085  12573816
32248190  24644436
32248168  25645090
32220495  5085374
