32237241  6343166
32221972  32242996
32242642  2709821
32248540  17941531
32248747  2699086
32248745  773441
32248371  22583386
32248802  3772290
32248801  20626660
32247448  1014861
32249028  11995919
32249054  119123
32249147  5545649
32246000  457605
32249400  12573816
32160535  30642383
32249533  22662488
32249280  18496175
32249751  3265555
32249087  27663203
32191039  16388959
32249945  2213607
32250440  1373164
32250348  199966
32247885  885009
32250507  27588136
32250510  218384
25665867  13548573
32250637  16491758
32250452  3383460
32250696  10693845
32249611  27765507
32250678  14257360
32249679  8470070
4465686  17483
32251027  23353173
30104057  25505988
851263  1403115
32247015  2367281
32247213  9361538
32251178  30832659
32251319  9379489
32251162  2573834
32250817  21909511
32251477  4172722
32247582  19588020
32247582  21767485
32251604  22410538
32251710  4436842
32250602  17354852
32251907  6847697
32251907  14220321
32251933  649428
32243986  214741
32247335  448125
32252248  5335273
32251569  4261133
32252206  20039765
32247191  588004
32252002  394552
32244531  32153318
32252511  2438055
32252917  15955856
32237239  7067966
32253211  18050071
32252991  6242955
32253041  15194051
32253145  15756029
32240897  30726544
32168252  16742432
32252631  30386317
32254146  203198
31591192  188995
32253826  32250046
8195099  12937641
32254445  9370615
8375385  8357868
2050292  8357868
14314057  8357868
27197699  8357868
1958962  8357868
32254683  3194646
32254507  32213370
32254779  203198
32252254  29223488
32252416  30405321
32246784  20512690
32252624  9073817
4918572  1166444
32252570  3577641
32252657  2973202
32255389  32241228
32254824  16455855
8777212  17483
32255303  17542300
32255607  16421508
32255194  19946972
32253250  12769982
32253593  1917576
32252508  29308898
32251709  29308898
32244928  18050071
32244928  19985229
32244424  13117937
32239381  7232793
32252078  52964
32235033  370357
32192252  9189172
32255734  3331010
32255865  9749598
32255307  9500066
32256042  3465182
32255934  10592753
31767012  6149006
32256105  2323225
32256121  129178
32255953  949433
32254395  3762881
32246027  26142288
5691039  5631229
32255732  9754767
32254005  27382009
32187652  31241236
31792234  8579657
32256914  14814158
32257001  218384
32253898  14689805
32257148  4146300
32253788  14770252
32257362  423379
32257440  826948
32253937  8224459
32253325  27254013
32257611  32193064
32257515  8296111
32142858  32256096
32257780  14967535
32257780  8945276
32257166  5768326
32257395  966225
32258041  4660142
32257997  1680528
32258340  31660589
32257603  4186746
32258045  28836078
32257999  20705399
32258580  889380
32258671  4536862
32255342  684227
11266535  14678593
32258991  18050071
32259159  32255968
32259146  11620151
32259053  11321491
32259126  885009
6983026  3986348
32259345  2559527
32255188  7387098
32259341  12583396
32256855  9271570
25187903  9271570
32080136  1783912
31420815  26999820
28665764  26999820
27136394  26999820
30290963  26999820
12583396  8608498
32259554  30745646
32259590  12423614
32259979  22937618
32260004  4215968
32181496  32184053
32259936  1533519
32260106  218384
32259728  610245
32196431  4503400
32260072  7088672
32260287  32240958
24601468  26633172
29648193  26633172
32260459  24644436
32260413  10992005
32260325  14220321
32251294  28240848
32260847  19122345
32260925  13402411
32261157  1181919
32261115  15941834
32261383  15350723
32261169  20541306
7904217  434763
32261374  23103121
32255612  12769982
32260821  3606697
21866446  3606697
32258835  29570176
32237186  32113118
32239680  513832
32261682  31906070
32261751  3672399
32261801  2591098
32260593  32261668
32261967  2612802
32261967  29785084
32253410  2851234
32239763  26229728
32256463  787895
32262252  3173571
32262288  948549
32251191  20410623
32262038  5210535
32262466  12467341
32241801  4998908
32262577  32261865
32262585  9777122
32262595  28771896
32262500  27125672
32262628  19739672
32262710  292186
32262827  9220999
32262876  218384
32262908  509211
32262847  3744776
32263446  218384
32263056  3319591
32263516  513832
32263140  15171695
32261389  15619768
32263272  32254524
32263767  13494004
32263876  21122540
32257255  32258760
32252563  21417263
32262567  191757
32263872  361363
32264055  31084619
32264468  1017224
32261418  25432476
30961655  27705490
32264641  32263233
32264216  32261865
32264110  32261750
32264928  21012580
32265258  9606340
32263922  2388974
32258836  28298838
32265401  10631715
32261437  7237536
32265492  218384
32265684  18050071
32265793  22287351
32249828  8875818
32263305  20977390
32266046  661561
32246109  3389348
32266059  473282
32266052  3882095
32266205  201323
32243317  9482047
32263372  10382929
32266307  17699599
13428788  4928271
32259818  3442380
32266044  5091519
32265984  32098014
32092819  32094953
32264069  5026421
32206474  4140794
32267154  22937618
32265818  659915
32267401  271440
32267494  2664045
22735083  8731840
29353532  8731840
32267711  5929107
32267670  51526
32255366  31768220
32261647  3920602
32251307  32036742
32267811  1534504
32260665  1678520
32267927  12871710
32267948  4288084
32267931  15191918
7819999  7741046
32268286  21466502
32268083  400240
32267858  18940908
32268449  22016578
32268600  218384
32268366  6281998
32269053  240546
32268412  13238150
32268774  14400624
32269228  17217766
32266469  182287
32245851  32046601
32269407  588004
32269441  203198
32268210  8533432
32267635  8183762
32269539  2063480
32269855  10006459
32269900  1080247
32270054  14220321
32263649  24644436
32269651  26373598
32270230  7151543
32269998  22906806
7803339  809775
32267502  2725102
32270586  10053286
32270342  218384
32270432  5367369
32269803  17695216
32270669  484462
32263061  28566531
10053286  1718903
32269989  31954172
32270485  2371436
16775618  9671989
32270747  11920804
32270996  12647154
32270837  949433
32270913  2616906
32271035  5081674
32270703  17364127
32268216  60174
32269656  3701135
32270016  15851636
32271425  32256806
32271650  223918
32271619  8102125
32271765  2167916
32271800  15112125
32259368  32256806
32271777  8554043
32272102  203198
32271247  8327514
32271987  849308
24811531  188545
32243814  22115
32238292  4260467
32234169  468370
7067874  4087468
32221786  8825672
15275718  6907720
22072181  14521799
32004950  7573368
32272613  242813
32272623  800122
32273119  12889275
32270597  610245
32273006  5387174
32269579  3397479
32273324  64003
32271779  628526
32271779  31437095
32273004  1033156
32273277  14220321
32272858  15693135
32273697  81656
32273727  10745092
32273710  441147
32273715  15915503
32273799  1867065
32273930  2508215
32273564  18050071
32270263  28304569
32274091  14220321
32273979  15438727
32274268  13432042
32274291  14220321
32041441  24581873
32274073  21095825
32274805  2612802
32275010  15129137
32266057  4939854
32267211  7917635
32273510  2655251
32274590  10263577
32275078  4061293
32275783  9155684
32275948  31187274
32276007  4660142
32275994  12200486
32208779  11731377
32275597  11045
32276635  31869071
32276666  218384
32275671  15831685
32276741  13355233
32276741  29837203
32275645  3577641
32264526  11246022
32274172  31211560
32067953  23747162
30028682  15161654
32272727  25444573
32277102  464864
32277111  8733104
32276764  24755022
32277264  782846
28918803  15454220
32277363  1860615
32277318  9953157
32255818  32242911
32277798  4539253
32277916  28122767
32278202  15059162
32278298  21471876
32274425  773441
32278356  17160162
32278240  17204912
32278464  18050071
32278504  17677649
32278598  1378433
32278049  16287706
32278597  3446216
11728697  1924464
32278624  6441218
32277540  3793791
31995757  5553965
32278256  31833155
32275546  12466540
32276698  3319683
32278875  6343166
32278882  12908412
32278331  5060635
32272185  32244591
32278654  155609
32278951  18050071
32279301  3144610
32279570  795746
32279600  6945255
32279643  13690306
32277571  4618541
32279777  16013450
32279890  203198
32280135  60174
32280251  20668916
32279957  4660142
32280329  1946997
32274023  32280235
32280546  4421706
32280677  6968448
32238053  8931209
13716658  9683279
32281231  3737139
32281165  3230133
32279626  9999320
32281414  60174
32277224  2528318
32277224  7707190
32280874  950360
32281622  7387085
32281833  32183333
29484465  26212094
32281992  29140402
32268579  15925980
18321415  3219758
32187109  1977478
32281800  2033912
32282060  32170456
32212402  26902935
32282328  2084949
32282343  4261133
32282038  4358728
32282553  6290967
32272642  546220
32269111  29606856
32282756  1273139
32282815  2973202
32282987  14470613
32283031  2612802
32282045  23855154
32282986  2973202
32272965  17501418
32278357  5432995
32283231  32143473
32272385  13944956
32283543  32280824
32283454  10912631
32283629  12573816
32283755  14563559
32272084  30954728
32283600  40480
32282927  25566581
32283718  14220321
32241992  17227348
32283673  3438125
32261991  32244836
32257176  10459354
32280635  9395911
32284173  16120822
32284009  29960463
32217708  3313616
32284207  2973202
32284274  5416548
32283405  4708549
32284569  28988260
32271578  15928126
32284809  32272066
32283227  24928833
32275718  6439579
32284920  845021
32284447  20494420
32284967  2745265
32284900  4480075
32284900  30171809
32285061  3033329
32284302  2818179
32284908  344380
32285031  5522337
32285125  8694365
31801499  27397372
32284844  10302894
32283404  8470070
32285464  2653188
32285346  6074310
32285914  31762958
32285983  1708292
32285901  21300127
32286269  18050071
32284918  23667086
32286300  4261133
32285937  31283360
32277822  32279123
32266577  17809975
32285231  30555477
32283800  26946646
32275186  32263471
32286701  513832
32286811  4660142
32286049  2933399
32286597  27553399
32286980  32286375
32287054  8028957
32279875  20995932
32131756  960733
32280952  6023421
2197645  2422468
32274454  21901736
32286100  21955256
32287519  1200214
32287158  3010647
29464366  1119312
17435222  2759721
32287471  512720
32287857  197893
32286875  9515704
32286727  30243536
32287958  754395
32288185  23115149
11175414  17082341
32285417  26551
32288450  4706499
32278924  12920884
32288626  29878958
32279508  5770341
32288843  5131647
32285650  25853947
32288917  153724
32288758  31867236
32288835  13731400
32289073  513832
32288969  3561043
32264675  11678696
32289215  1499354
32286535  2550774
32288683  17766774
32289565  513832
32289793  23667086
31969565  3220206
32289493  21739129
32289970  22114088
32289843  11123865
32288802  11602533
32290093  13355233
32289963  24644436
32288682  1557942
32290152  22238663
32290277  4421706
32290252  25172595
32288476  24415662
20703099  8618342
32289841  1299837
32290775  1538420
32290122  5919996
32290601  11527935
32285956  778239
32290801  2589479
32290930  4261133
32291009  32290236
32288091  2701078
32286994  6803970
32286213  3525477
16351980  12100574
32291147  11321491
32291351  23515060
32291304  19832189
32291495  32280496
32291719  7132248
32289700  29308898
32286759  17727386
32291737  513832
32286151  19704432
32286625  19432370
32291550  2609985
32292016  825221
32291981  4261133
32290271  3577641
32292260  4273142
32289857  18813299
32292405  1918383
32290135  4638473
32292296  6023941
32292585  32290479
32292593  4660123
32291943  509211
32292704  19249159
32292692  2557479
32286769  16852484
32292758  1299837
32291107  30500153
32292718  451415
32287689  10299148
32293114  218384
32293018  9292823
32293134  32274762
32292104  32232946
32292897  32232946
32293648  2580136
32293739  7018908
32293623  77718
32288102  218384
32292961  513084
32293937  2814769
32293019  23182765
32294110  19562103
32293677  45494
32294207  240178
32293068  9133315
32294227  2393179
32294044  29137488
32283140  902922
32294524  29068194
32292824  2371118
29192940  9425942
15666415  6769881
15535467  9985912
15389358  15369693
32294794  12146445
17814277  5510715
18559986  6844144
16361387  5232689
15988016  12099684
32295164  4660142
32294547  29235372
32295210  610245
32295327  32294667
32295314  20563772
9750342  11994053
32295588  1700079
32295609  2745265
32222006  32256601
32295237  3191837
32294288  25425130
32295826  4660142
32293803  4261133
32293692  18050071
32295953  979814
32295994  32071025
32294652  32295473
32296387  12573816
32293111  12953560
32295312  2451154
32296739  26260790
8142296  8533432
19477692  8533432
32296745  23737449
32296760  27842385
32293476  31627236
32287977  16948382
32296639  504103
32296944  154314
32297000  26182907
32297121  16460616
32297107  4969243
32297166  5643691
27007808  27842385
1038950  1385552
32297013  279170
6155008  32297231
32295777  4413084
32297360  588004
32295906  19222520
32296767  32025638
32280779  27525170
32297458  11321491
8007051  7713514
32295708  6199417
32297911  12953127
32293287  14430655
32298142  270408
32297428  474679
32298350  1014861
32298219  9942594
32298206  24543111
32298558  60174
10887447  4308262
22501529  4308262
27621698  4308262
25409903  4308262
10928064  4308262
7715057  4308262
32294852  22001854
32298421  3667932
32281730  15675248
32298470  30851050
32298963  394809
32294558  2222355
32293340  32085047
32299019  1709078
32298501  1871424
32295522  19034814
2159044  4249648
32299354  16938480
32299435  60174
32299568  32115028
32299578  10077840
32299682  2529617
32298924  27766242
32299715  17502808
32299715  14570293
32284797  22662488
32299764  6874867
32299337  14268329
32299663  8412694
32299825  266586
32297812  4129220
32299660  20384599
32300114  24644436
32288060  7636447
28669551  15454220
32300254  16595715
32300284  32299606
32300274  23482104
29460728  17735520
32272789  323972
32297060  218384
32300441  610245
32300625  4660142
32295542  27608987
32292332  910400
32300295  32299421
32300729  29333298
32300738  18050071
32293815  32295542
32289489  32287894
32299917  4660142
32300763  29019256
11098740  840322
32300908  462439
32300954  13334051
32301209  25951274
24031362  25951274
32301246  495021
32301271  1016278
32255744  1513583
32301279  784539
32301404  12573816
32295603  8033604
32301456  22606556
32301474  513832
32301371  2412009
32294161  7943525
32301635  2535124
32301635  16751540
32301091  17697239
32301690  19720611
32301717  31763225
32301822  18021880
32299397  13840429
32293187  2167916
32302124  23740548
3326778  810493
32302074  4913161
20449210  433337
32302174  495021
32302097  28843646
32301243  32281630
32301955  4261133
32301955  418066
32300424  4423671
2633620  220097
32302318  7969582
32295238  15911817
32302042  20061202
32302507  1277222
32302501  21755170
32300785  23402316
32300649  11832914
32300525  14220321
32299711  29308898
32302756  285793
32302958  1878558
32303029  13102045
32303058  6952363
32303369  24644436
32302811  8296784
32303439  25603673
32301560  3770513
32303151  4502633
7622419  147181
32303787  26345884
32289661  1580432
32303937  409784
32303943  11086773
32283055  2663710
32304175  218384
32303999  596216
32304525  12505472
32304730  9050685
32304804  2973202
32304430  16086962
32297366  11571522
32304289  16706098
32296258  1566547
32304706  32260
32287840  26931528
32282087  941104
32305179  23460301
32305262  8934772
32305391  93039
32305679  3446170
32305752  8121241
32287389  21881992
32304981  12573816
32305740  12573816
32305618  27198661
32305207  8503636
32305996  1571265
32305229  15206746
32305229  15209414
32304183  20896528
32305285  2839321
32306002  456310
32305554  10916675
31738495  371
32306304  369602
32292352  32292830
32305560  8367421
32271712  31434885
32303446  8367421
32301837  14504385
32303036  15560508
32303559  6406693
32306539  183292
32306811  1055188
32306865  28691651
32306407  10604298
32306825  14444975
15029218  14444975
32306523  32266461
32307045  25565626
32294140  28466925
32307562  6445841
32307481  20563772
32307782  17141977
32049160  12908289
32308067  889957
32308031  1885557
32308066  13782618
32308258  203198
23772558  3780255
32308170  17445813
32293370  12712858
32308416  109383
32304897  8893288
32307484  124269
32287590  20159760
32287590  21103532
32308521  4994458
32295357  8893288
32308374  25009437
32308552  3901070
32308822  4684454
32309016  21411765
32309113  26598701
32308680  3709597
32309224  9466265
32309284  18050071
32307671  12953127
32300037  396164
32309600  588004
32309612  12573816
32297991  114543
32306940  28708741
32286033  30967183
32309627  21452966
32309698  845110
32309833  10655546
32310149  2139224
32310138  7865326
32310265  15410384
32310265  10182714
32309898  24216632
32310358  6115896
32298656  19019453
32310325  6620165
32310440  14627399
32304848  32295234
30917402  1860159
32310744  22937618
32310872  20563772
32149124  11731377
32302795  14033908
32306964  6331106
32311089  6502313
32311168  2669888
32311324  2767571
32311329  6496320
32311329  707512
32310709  3602827
32301130  28884030
32311054  11731377
32311248  8028957
32311340  10092580
32311547  12301358
32311575  24177020
32311085  14220321
32311769  46155
32311844  470388
32241205  18783535
32310702  27575953
32312071  32182273
32312269  25134024
32312557  218384
32311733  5286451
32312563  8355675
32312728  218384
32310974  32185867
32313050  7237536
32309669  16935947
32276784  32176028
32310015  31298990
32312749  7169845
32313110  3642919
32313292  20035101
21256935  3642919
19382070  3642919
32313345  21014222
9618375  7499534
32313570  6857287
32313583  17869069
32313775  203198
32313067  21815713
32305913  2010892
32305913  15193461
32305230  22147813
32313867  4261133
32313888  3541077
32313971  9319317
32313914  569940
32312788  11321491
32313535  14220321
32314002  16989730
32313150  7548408
32219814  7674786
32308546  32228817
32314509  12735778
32314564  11873234
32314611  4113701
32314582  24639335
32314620  12991164
32313266  19310636
32314559  17364127
32315236  23740548
32315016  32313936
32315350  6510674
32314809  13352201
32315508  6978364
32300569  22693665
32315906  17175083
32316031  32312248
32315716  26591753
21815713  24225071
13430455  24225071
22142432  24225071
13329898  24225071
26389414  24225071
32315808  14447477
32316014  15452004
32316204  19642787
32316570  8028957
32316541  4968406
32316564  2158395
32315581  15998191
32316126  3593210
