32316771  18050071
26083528  26041934
32297245  7822739
32317035  11321491
32316956  1202919
32316845  2295290
32317071  22016565
32316267  20080241
32317130  218384
32317294  513832
32305176  10415240
32315546  30482669
32316912  10088243
32283328  5649
32317643  486896
32317974  12113699
32316808  32282831
32318109  5493510
32318154  18222286
32318225  17983904
32313773  31857333
32318413  17046088
16683877  11731377
32318453  7962858
32318402  13348031
32318486  3069892
32318431  30563340
27314217  30128395
19268694  30128395
32315300  23875589
32316815  29404575
32318573  17792648
32313508  4738595
32316861  3622298
32318788  17045132
32318730  25143626
32318534  11479064
32318554  2062258
32319173  25750495
32318498  32310373
32318946  4810664
32319319  2290733
32319186  1499889
32319213  23446377
32319393  14220321
32319408  6343166
32310354  19325473
32319478  188141
32319620  7992559
32319713  24644436
32319311  7102754
32319722  294905
32319722  17745234
32315485  1997172
32314270  32300132
32307806  9396038
32319817  3416401
32311511  19848567
32319459  7895105
32311166  4818850
18543904  5585152
16747550  9728196
32319892  4832087
32319667  247110
32320125  399003
32320128  14220321
32320142  9413656
32312136  1964225
2037203  3800512
5116223  3800512
32320239  26613971
32320385  495021
32320452  240178
32320712  7092765
32319826  29722270
32303654  6827752
32320837  1811456
32320721  3633615
32320928  18105598
32302720  30290250
32321369  2612802
23106598  210590
32321674  429529
32321674  15543841
32321710  9273016
32322040  5121495
32322041  848702
32322196  734930
32322144  2354609
31848576  24132972
32322466  11321491
32321569  18091460
32321636  25146474
32312824  13718465
32322701  7746894
32322983  14220321
32321494  29527565
32322984  30294088
32322984  21788378
32282802  12358610
32322734  10024608
32323374  15112125
26646833  19323090
32323477  29159381
32323655  23667086
32323694  10805125
32323894  24414124
32321766  21347733
32322941  97987
32323993  12676490
32315695  10353481
32324345  132478
32324405  28054337
32324715  1555262
10112484  20087113
32323463  6848970
32324846  11446008
32325359  15112125
32325091  6410810
32325519  30333629
32310119  2507608
32323598  60174
32314574  2416963
32325896  2973186
32325971  2009927
10299020  3319
32325995  9314078
32320957  32216684
32326184  32324532
32326604  2610497
9053146  219585
32326714  109086
32326826  15479928
32118170  203198
32326901  857420
32326574  14028959
32326951  32326805
32240890  25853947
32327261  1759987
32327091  16736494
32323236  3319
32327285  28580344
32327149  182287
32327431  283956
32323715  8403908
32327544  28580344
32327535  4009885
32327470  9
32326470  30934223
32327124  4660142
32327557  16511042
32328213  3481828
32321676  5618780
1732011  1855459
7341780  1082050
16555181  1833298
32322579  4660142
32322189  521795
32326777  1132941
32328788  203198
32328349  2274242
32328878  1309629
32328924  4660142
32328903  24074257
32326664  513084
32326411  4471884
32324767  25807545
32328286  24573703
32329270  3726505
32329333  60174
32329544  218384
32328928  218384
32328905  32097870
32330101  28988260
32324287  6514638
32246077  8431721
32330320  24034174
32330457  32326920
32329129  5335273
32325658  3989023
32323556  7302996
32323771  851122
32321872  12573816
32285535  10771388
32330661  25963720
32330661  10609596
32321595  32313052
32253636  10651161
32329982  152457
32331035  982487
32330410  15112125
32331136  4660142
32264276  32306294
32262726  2727387
32331262  3561043
32331278  18529274
32331245  19095796
32331496  1468384
32331587  10102151
32331606  9581745
32330794  31747992
32228981  9250567
32331346  32322362
32329158  2457032
32332087  3963565
32331272  32221224
32331214  1944569
32323625  5080699
32306364  32322034
32324918  10585478
32332340  11154912
32332196  4162749
32326444  5751977
32332692  23149683
32332703  29808573
32318386  17201172
32332982  4261133
32332999  12769982
32333201  24644436
32332527  7771011
32320210  32320766
32333635  9917577
32333754  385558
32333775  2538786
32322333  9955967
32333874  11097358
32333652  6802483
32334018  32331347
32334234  10684533
32334436  11055303
32334000  12573816
16493456  2062258
32283241  18191893
639925  2062258
32334727  3099527
27767421  2062258
32334839  29457720
32334977  4261133
32334576  31885409
32334865  15335371
32335360  10468130
32335452  17498216
32335325  29133563
32334950  6770898
32316516  4571611
32334282  3709597
32335229  14089770
32333965  22308158
32335877  9264763
32335877  10851906
9264763  370357
10851906  370357
32335871  23613612
32335917  6741567
32336081  6772789
32334778  593197
32336236  7352684
32336314  11321491
32335762  3574644
32336415  1303145
32335544  20077487
32333373  218384
32336317  24276013
32314516  3640764
32333335  22147813
32336425  31817783
32336554  20001229
32332796  32228817
32336825  7693486
32336672  20375863
32333639  9906061
32336863  2604206
32337041  7883362
32336653  14862853
32337084  13102045
32337140  24644436
32263474  12596400
32337289  14220321
32337236  1373164
32337328  30005110
32337443  4646577
32337366  310714
32337525  4660142
32337561  6571476
32337491  217065
32337644  16989730
32337758  28932864
32337953  17622556
32335898  15249703
32337856  7259567
32338107  18050071
32338233  24644436
32267703  7690862
32326815  15305296
32337748  14784973
32337858  5210535
256277  1804486
32338592  2424604
32338501  4264304
32338482  2101069
32338681  1373164
32338708  11630868
32338552  370357
32337248  8064678
32338498  8888491
32317374  5150637
32334300  27277058
32339132  7745609
32339164  1607336
32339012  17888910
32298278  32300132
32337249  81459
32339010  2932421
32339539  369602
32339477  3012488
32098199  470523
32287669  25559389
32339454  1607933
32339662  12769982
32339465  12460677
32338265  5544447
32339217  18819740
28071545  8597232
32338576  13571145
32340123  3577641
32315730  1391503
32339750  12338141
32340134  4261133
32340134  32338755
32339679  632475
32340379  19851641
32341002  518795
32340950  12866447
32339973  27588136
32341228  28166050
32341381  18050071
32341267  32341002
32341446  4244896
32341526  14220321
32341532  32339684
32340627  13994101
32112433  32197210
26727694  743806
32341521  967402
32341733  26461014
32301923  32192641
32341778  5837823
32341652  2973202
32341812  23678111
32326163  12700145
32339296  4767971
32342159  1004698
26944867  32331268
32342229  4261133
32317932  10390900
32324048  251781
32302676  217776
32339772  5799228
32339720  1314173
32342954  3831676
32343075  6689435
32343082  1458633
4234985  46898
32343451  4345621
32343430  20300828
32343412  3906137
32335126  5193893
32335126  541954
32339398  14220321
32343476  13082074
32343638  32342909
32343621  3232557
32333601  32322283
32343406  18239129
32343885  15977637
32343954  2063480
32331852  27313550
32344190  19245205
32344235  18050071
32343987  28201554
32343784  19871955
32342488  10609591
32344492  218384
414809  282444
14271078  10395413
32341575  13203346
32344641  1786436
32344172  6201253
32345011  9964371
32339871  1262695
32345053  164194
32335929  32328133
32346124  25837539
32345949  13284033
32346216  4482950
32327520  17963243
32342841  3224878
32346443  249423
32346615  2972212
32344637  1992364
32346326  14220321
32342725  5343689
32346804  389204
32200718  4544197
32346892  203198
32342536  7466985
32346861  495021
32347126  4191386
32344363  12240299
31815231  1024049
32345068  28392888
32345284  10656419
16340711  2280064
32344905  9671259
32347531  29140402
19210416  19128940
32344325  13496827
32344819  1660034
32347751  10452770
32347647  8749971
32345179  6440439
32345441  16049538
32341028  17294363
32348257  6270004
32348099  810129
32348999  203198
32349016  15427599
32349278  15949036
32348134  10983728
32290292  19796883
32349630  18538733
32348778  17294363
32349235  16896959
32344846  32335445
32347915  9579914
32349819  4189956
32349922  15622100
32349405  1373164
32348802  2091988
32348975  24043546
32350215  17884664
7244513  492994
32349676  31578777
7753297  492994
32344680  4261133
32350282  1608548
32331797  32334110
32349190  19098797
32350347  8911440
32039279  32032681
32032681  32058860
32164046  32346956
32212303  32346956
32316134  32346956
32320856  32346956
32324179  32346956
7112706  5501431
32350857  610245
32350910  336859
2855529  282444
32346480  13501726
32341393  32290242
32351227  16732945
32351132  32331312
32351539  7608145
32351655  4992526
32288379  25672974
32347586  24644436
32347070  18050071
32352088  28212005
32352157  12722095
32307446  23472048
32352289  18006883
32345640  23472048
32342500  32351977
32351869  32061934
32352381  18060577
32352056  6346674
32352822  32340629
32351952  927358
32353032  4261133
32351878  32349989
32353060  1475297
32353108  24644436
32353401  526125
32351900  218384
32352174  28972892
32353257  24715864
32353644  218384
32353606  1174799
32353144  12573816
32353595  60174
32353678  218384
32353521  9008539
32353823  24644436
32353928  11950819
32353842  60174
32353809  10647520
32273429  31937225
32354001  5057267
32354294  1051379
32330623  32328133
32354172  19619450
32354186  6242976
32354020  203198
32354227  4261133
32352534  2841593
32353752  1975772
32354159  279170
32355014  203198
32354796  3053851
32354943  750486
32353382  11253532
32353382  7245440
32355084  1606679
32355263  203198
32339187  26887511
32355188  750486
32355475  1231195
32302446  19010036
32355574  4738850
32323925  9332802
5268865  5386482
32313125  28785411
32216423  16265831
32112355  818255
32355220  4261133
32354566  3785582
32355740  8028957
11191762  4214369
32354781  19896870
32346024  3919194
32355884  4340992
32356027  30745646
32354386  18970742
32356043  5195837
32337362  8686683
32211556  2485963
32355269  12373194
32355822  13775519
20251645  32040943
32353464  32329509
32353808  23803049
32356654  17902064
32318550  26924618
32348615  18491733
32356678  991198
12275432  2811756
32356821  203198
32356841  10168686
32289721  11138118
32356865  3434278
32356919  132988
32341134  24532337
32357290  513832
32357222  32054424
32357134  12832006
32356769  3076414
32022095  2884972
32357349  32338939
32298389  27294656
32357392  610245
32357011  10680193
32357488  19896870
32357560  15458101
32357480  6523222
13630001  9578639
32357499  15030802
32356354  228912
32357958  24461908
32350618  32322796
32322796  32251123
32358122  8865458
32358109  26073533
32357877  29732015
32345055  4784738
32358271  14766818
32358259  178479
32358331  1068834
32358198  12391950
32358498  13670991
32358491  37628
32358170  24094649
32316107  572897
32358792  7794621
32357935  18050071
32340618  441147
32358506  599027
32359241  11321491
32359279  9112610
32358541  16301636
32352025  27903305
32334312  441147
32359598  1132941
32359824  10938483
32360139  16066170
32359386  1426050
32360363  262448
32360459  182287
32360484  4068984
32342872  5567945
32360479  24644436
32358705  750486
32360734  25655434
32360783  17498216
32360707  11562656
32360064  17498216
32360833  20279484
32360876  15479928
32361013  23740548
32360987  271526
32361033  32170417
32360129  614671
32360480  32328424
30891405  29728973
12678781  2137755
32361294  5203407
32361374  3481828
32361467  24644436
32361172  57124
32361534  610245
32358153  16013545
32361482  14602062
32341750  31781298
32361622  21202620
32344354  23306301
32361765  979256
32361765  1069666
32324417  8346100
32361729  4261133
32361729  14196338
32361820  17454031
32361680  24715864
32361723  538346
32361849  1443704
32362063  513832
14735440  218384
32362442  26848289
32362274  15884096
32362209  31798565
32362727  12655734
32360447  27432456
32355115  5571276
32363313  3087841
32363419  6260089
32362721  3650701
32363620  520237
32364090  6023039
32363651  4623029
32364372  664700
32362929  18091046
32344428  30192872
32364284  7052650
32364122  1877330
32364633  218384
32364765  3849084
32289649  29265651
32365170  11321491
32365154  13683563
32365154  16311643
32339956  21854426
32361103  32356439
32365480  23571270
32365146  1422247
32365593  13880205
32365761  3577641
32365740  22662488
32365933  1461432
32365882  953146
32365993  22925903
14794220  8533432
18669159  8533432
32366034  295027
19939368  11084757
32366029  8501735
32366209  513832
32362628  29903098
4953843  2119539
25760202  8254941
32364703  20988960
22410807  15513395
16593917  19087811
23207853  12937503
32366568  1402227
32366445  18050071
32361885  279170
13687436  218384
32364598  30016949
32366627  2825856
32362419  17678327
32366194  11203773
32362470  29308898
32366697  588004
32366853  105770
32356988  13248016
32367373  13670991
32355587  10042450
32324243  32323308
32367754  6094575
32367058  26498185
32367937  11618277
32367949  20623118
32346295  21803290
32368240  5629023
32368390  843780
32365725  4731242
32368711  28575939
22864990  22861049
32361992  1283006
32368778  394767
32364727  20139621
6630822  4050120
32368700  930397
32328740  14201980
32369019  32334486
32352815  2398388
32369320  3384504
31995479  32224375
32369138  8348879
32369457  60174
32364554  32343281
32368915  19777720
32368957  17364127
32367410  10399254
32369651  3529361
32369276  7520432
32369958  32257783
32369078  19257079
32369078  961717
32366494  495021
32370116  2723397
32362719  3902341
32358568  3929873
32370224  32335457
32369787  1051379
32360441  1719048
32370416  3353968
32369642  10548429
9837879  2821309
32357884  1617049
32355110  26108147
31864539  31845093
32349945  365615
32348307  1908761
32368478  2839321
32371012  4660142
32369353  2126607
13461150  7559121
32371486  13052598
32371537  805066
32369437  5556849
32368763  5835978
32372144  1817792
32372139  3469507
32371926  3083707
32370983  4261133
32372083  17659603
32372375  609860
32372375  14319232
32372180  18814559
32364664  26537270
32372534  18050071
32372461  21654928
32369203  10877
32372023  1363003
32369332  3660274
32370029  750486
32373059  7878604
32373059  3577641
32372942  806000
32370616  15111408
32373400  10996769
32373279  1361340
32372065  16034749
32373314  218384
32364556  11917042
32349627  24405659
32373928  8669693
32373903  814878
32373903  3678792
32373918  1895476
32374045  12301358
32372880  28487036
32374070  2943222
32374070  27836166
32373722  218384
32374542  9472168
32367833  24644436
32371138  24644436
32366301  18050071
32369463  18050071
32369463  12769982
32374754  6833143
32374080  4223815
32374610  3711233
32374713  27819501
32372303  19313494
32371206  688849
32337162  30906191
16325567  402377
32373966  18995951
32375305  750486
28198457  29923879
13518716  9312230
32336861  9312230
32373390  11731377
32375630  9785162
32375315  24180768
32361964  27149034
32367538  2422468
32375843  673153
32375753  22101707
32103605  7665673
32373839  1732348
32375964  1660124
32375089  14363424
32375907  17333
32376074  15493192
32376212  2663426
32368358  32011621
32375991  7331310
12483940  8533432
32376338  24885582
31914883  25341826
32375580  3595232
32376479  513832
32376207  13816764
32375891  6343166
32376535  962132
32376563  13944956
32376647  5892993
32376688  2100758
32374296  23353173
32362339  10060417
32376082  38987
32376819  19776463
32376891  2568446
32357400  20227170
32246014  1783405
32377189  4716125
32377349  13387742
32377389  5307172
32377474  12335618
32376862  14207494
32377498  19226816
32376544  26604294
32377504  278439
32377663  3143657
32363320  14220321
32377393  7879698
32377744  218384
32377607  16310918
32377698  5045608
32368603  17613940
32353150  32164117
32377651  4619668
32378058  1620156
32378157  14107910
32364173  3160691
32378209  5805602
32376685  135688
32378566  383947
32378442  25855137
32378519  11046053
32378825  2973202
32378724  4031262
32373725  218384
32378983  6649410
32376026  4844253
29715394  12715139
32375837  3577641
31845093  31864539
32379301  30828495
32371715  17111111
32379441  4660142
32379516  12573816
32379527  9453560
24495542  2919778
32379708  8470070
32379792  5484227
32379331  15249185
32379870  28731138
32377133  6343166
32379617  4106171
32379908  9741600
32379908  4260698
12774279  20002503
23657849  11628636
23657849  7861775
32380353  32361964
32380364  11115043
32380509  1680528
32379533  32375983
32380625  4261133
32380679  218384
32380414  3247671
32380686  31146372
32379852  19642931
27293474  20163402
32369660  9985902
32375145  4772425
32380582  24075356
32380650  27161975
28466997  3503719
32370731  3418128
32380925  7590446
9627740  6290605
19526507  6290605
20324812  6290605
24328868  6290605
24361175  6290605
30548733  6290605
32364872  3255
32317801  24301578
32377510  32375301
32381871  14220321
32381728  17820117
32381631  7591632
32382190  24245324
32382174  32377925
32380439  32121031
32382039  14900875
32381939  12573816
32382715  670662
32380870  24644436
32382786  4672984
32382781  17364127
32382719  4660142
32382869  8312459
32381763  8101377
32382911  4261133
32377140  355167
32383082  3737139
32383335  8235839
9777493  310607
32383524  949433
32383424  22741048
32383688  4040921
32383732  15112125
32383359  32362474
32382812  700187
32382114  8123772
32383937  27326196
32383863  60174
32384040  16641119
32383971  2969381
32378274  30128395
32378274  8728487
8728487  30128395
32384285  5838898
32384352  4261133
27031748  567996
24173901  1313922
24191754  1313922
32384281  22797768
23662341  4964640
32383974  28682452
3451560  245868
8036742  2341384
32384531  22509488
32383205  23995040
32383989  2081418
32384565  8787893
14757507  20389255
26702085  2648984
32289856  12638741
23435143  20389255
15513189  4964640
32378413  8453993
32382641  1389605
32365414  16150225
32346131  11719917
32374134  7386344
28003214  7622011
32385093  20179154
32385188  2409126
32355125  8635231
31872294  11110202
32384528  1790750
32273985  8459903
32384081  21999178
32385634  24644436
32385464  29594420
32385676  32345124
32385828  4660142
32385836  20287999
32373921  3577641
32380431  766809
32386144  6257316
32386156  9063564
32378911  13378989
32147056  29032884
32365095  20736758
32379834  14672479
32386566  20563772
32386437  21060992
32386530  17904088
32386624  26580830
26516140  19087811
32385631  12573816
