7691867  384811
7699338  1070667
7705154  7624661
7711174  847185
7715549  7715141
7715953  5409114
6425869  505230
6427841  6428306
6427977  1623975
6430885  6430379
6431935  3319207
6448731  1181637
6449042  479699
6452625  6456167
6462653  6453049
6463039  72209
6463282  2451223
7284366  3095474
7286770  5818598
7286770  6354256
7292079  2937227
7306987  688276
7309298  6393917
6623416  3109475
6627462  3030099
6627462  4085595
6628883  2537568
6630032  2751826
6631972  6516639
6644442  4587216
5001240  2795023
5002712  5002505
7313042  454635
7316429  4459379
7318058  3594532
7318819  7268447
7325385  2560262
7326925  133051
5004248  4568645
5006020  6757019
5014387  5027509
5015130  3074248
5015923  582797
7308963  7283691
7310080  704558
7311435  1924255
7314994  1041439
7315396  605828
7315396  888335
6469741  637328
6470877  788225
7428137  4217704
7428788  4906073
7428788  7198245
7432268  840162
7433451  11
7330265  5999148
7334034  1030661
7335063  2685854
7336192  1422696
7341672  7326344
7347313  850341
7351525  565095
7118813  81584
7124793  1068284
7127944  388242
7130209  3763926
7133694  1577918
7133694  4683117
7137395  1023068
7137395  4540820
7138874  7003914
6326109  29426
6326427  1140562
6327482  62289
6334966  3352664
6342071  520546
7383389  1677424
7383389  7382455
7384325  1239068
7386398  7385021
7685397  6066372
7685838  1322510
7688346  667555
7691713  3863431
7694028  7694098
7697699  4632940
6645812  6249023
6651309  6664033
6653683  6644632
6661235  38360
6666651  5629458
7350363  4550505
7350495  398982
7358090  8351
7360757  483666
7360757  4413976
7720165  719877
7725895  1902421
7732380  10478
7738932  7331214
7742476  7680672
7743611  1515590
6438330  191192
6438330  4419707
6445125  5581893
6449969  6440436
6453077  2703573
6459179  6447377
7139167  2877393
7139769  7114935
7141282  7141086
7145083  1665119
7145483  335624
7320461  1049210
7320461  6084572
7322784  186338
7323903  787692
7326628  149600
6345662  1846202
6347202  1293984
6347969  6329063
6351882  6322506
6353350  11194
6355890  7760946
7052142  4120107
7060630  6938552
7061032  1386871
5023068  139157
5025240  1912029
5025240  5025213
6467610  145838
6472783  3607894
6476727  6476637
6476770  279988
6477220  149055
7393336  7387856
7393886  2766030
7394386  1376783
7395672  1987439
7397594  4967979
7397594  5256114
7436761  40480
7438701  4456336
7439603  7416826
7441824  2122374
7443832  2059255
7743961  6145636
7744080  7651229
7745066  1732348
7745066  3577641
7745066  7289181
7746151  4563651
7751614  7751052
7397630  2058479
7406689  7407523
7416750  332039
7425487  506237
7430989  2973202
6480505  1004079
6480612  40733
6482827  5447498
6483756  1633012
6490772  6489198
7699844  3028306
7701709  7691773
7710740  7433044
6674841  671815
6676028  6702606
6678100  6596777
6482636  222414
6483379  3285756
6490867  43249
6490867  337704
6498569  2250204
6503928  2100490
7752503  150543
7755593  4198676
7765335  4042434
7787114  3494593
7447006  266806
7447006  4279420
7451852  970137
7452720  784929
7452720  2168406
7453456  3483216
7455664  1846202
6682095  5137219
6689030  6441218
6689881  4227759
6693876  6554384
7432640  6234822
7434548  1207307
7436434  7433217
7436755  5916482
7437256  7436990
6363327  2934563
6364463  935664
6366403  90838
6367672  4854947
6370229  4989416
7356026  677530
7361792  1723232
7362871  180158
7371870  6058798
7376550  7376042
7380201  7378391
7468266  1775344
7471606  6312448
7479362  1108840
7484093  7470626
7484442  197839
7146285  705173
7167218  5179563
7170528  7170854
7787131  752319
7789254  5430527
7789854  929410
7805797  280389
7816662  7807094
7713782  413910
7717685  727696
7719434  1828187
7724380  6983553
7729553  11
7331006  36079
7331772  1679778
7331942  1571187
7346731  92720
7732502  7730548
7735969  5153003
7743598  7677741
7749480  7735602
7750209  7730345
6974567  2587445
6975508  599430
6491115  1147023
6491115  4984193
6498192  7571
6509760  4133377
6511571  6510700
6511971  1613341
6509551  1059200
6514345  6514140
6516103  2076913
6519604  559510
7819952  7819273
7823849  1202952
7823913  7776629
7061702  3263161
7063338  6982072
7063940  208580
7068818  1771786
7070192  333889
7823964  1043598
7826707  1732348
7833323  41724
7837250  2283279
5027212  296020
5030063  3015431
5030070  1265634
5034957  1050112
5036122  918612
7070356  1908083
7072328  4080497
7073900  7025727
7172791  5829671
7184132  4600891
7190105  3402841
7197793  3446216
7199029  7199023
5036322  86582
5037651  2797877
5040773  5795
5041395  1186450
5048604  3802887
5051112  5052003
7385753  43890
7385860  7385854
7388875  7387590
7389586  649900
7405205  7411879
7409267  7220023
7488654  4120755
7490560  883208
7494619  534690
7495372  697227
7495589  3407403
7347433  1013354
7350477  6308687
7353736  7352299
7355055  7353376
7360986  3645795
6975542  6969841
6977784  1224708
6977784  3627954
6979120  999172
6983289  4558831
6983957  2861042
6984034  392464
7370346  1917430
7371167  829284
7376598  840781
7376864  7375826
7377200  717725
7442786  634745
7443171  336633
7444158  3820666
7444208  7427177
7444308  1979353
7450423  2454113
6529264  1565600
6529971  3937569
6530807  4942300
6533515  482763
6694544  6261201
6700211  5849139
6702700  774832
6704436  1226044
6707061  2265357
7499903  7270416
7500537  7476892
7500954  1673841
7507706  7507069
7511148  6056142
7074436  717224
7074821  475152
7076357  7075686
7079163  3737139
7079163  4872340
7082222  1090620
7842497  2747589
7842497  2969323
7844505  4368326
7846309  125096
7855384  5792859
7855384  5900266
7861753  7657553
7869223  136458
7753251  7763026
7754594  129285
7758974  3651999
7759910  766336
6520999  167576
6531284  6530659
6543702  6517231
6547446  1977904
6713162  2843237
6724926  140061
6725130  3698043
6727015  96759
6727015  2382326
6734086  65035
5051912  2203027
5055606  5042530
5057328  5057346
5059743  1857244
5063194  2795833
7512484  757675
7512769  295772
7514794  2592137
7521878  6260600
7524503  3173501
7525490  3168527
7083545  7028035
7083843  128478
7084079  1344965
7086102  4076883
7086102  6396417
7412400  7411985
7414011  862299
7416208  1722791
7416969  6731470
7426197  2674554
7428026  545441
7428026  2115990
7428358  2735736
7526877  67299
7529583  7527514
7533391  7534141
7537603  7538171
6565630  6233589
6567916  620733
6567916  6436620
6572757  1655668
6573268  1459598
7871746  7864433
7873835  4680188
6372037  504335
6373224  1814821
6379439  6365891
7362093  10772147
7364642  4220582
7365446  5930826
7372164  2649096
7372798  2505638
7372998  7356709
6382180  679915
6382180  1068834
6386124  6384166
6395751  779430
6396084  6395928
6396369  53849
6537023  4927856
6537109  1160008
6541746  288357
6543811  6541088
6552835  2575048
6397487  5477134
6397938  5368862
6399810  6397863
7377434  111102
7382063  841354
7388796  532892
7393261  7374040
7764749  3921922
7765356  5211731
7765719  1483732
7767900  7771328
6555993  4198107
6563438  1062912
6564517  1449035
6568847  3144610
6570933  4920527
6987842  6987562
6997027  6996400
7002043  5775542
7201437  7215050
7205717  2764436
7208032  4749021
7210295  2324038
7452981  7112513
7454618  4093017
7459433  7459342
7462255  2885533
7463291  3238009
6749879  386801
6750011  6647132
6753755  1305260
6770352  3737139
6772173  6771623
7472751  1297700
7478118  750486
7482026  4574246
7485305  6119606
7487341  2793150
6406780  167862
6409119  850650
6411141  776635
5067724  7244
5067724  79126
5068610  541966
5068653  2322140
5069560  102558
5069560  636028
7373466  6617253
7374836  1778368
7376576  7368272
7381222  1686699
7385064  4743500
7386429  4361598
7769972  3767
7770329  3850688
7771006  2400799
7771006  4585166
7776422  5708901
7783140  2063480
7783140  3737139
7784067  1439779
6414318  3717447
6417007  4460205
6423360  6420999
7386629  7385695
7388072  1066933
7389242  5574673
7091148  3767365
7092669  1391019
7102327  4999017
7102329  7005774
7215377  7214175
7217054  3499757
7218819  2973202
7220455  7220656
7431341  337704
7432438  251464
7433399  2158395
7434528  5036918
7440526  7397724
7442759  1432347
7443802  6708708
7444670  6364849
7444806  4261364
7445942  949433
7397369  7384197
7399411  750486
7399411  2568966
7399411  6599157
7399775  6576247
7400813  7381050
7874568  4255205
7874568  7702701
7886267  3410520
7896645  7415326
7901644  3350793
7786641  2958212
7790626  7789857
7792634  206154
7792634  7792623
7802251  1394061
6576476  6548915
6578212  6578084
6583546  3287656
6587111  6585284
6593731  3859700
6594349  2491657
6571362  405364
6571362  6569557
6576692  4731896
6577135  6577223
6577914  6577629
6584830  2040560
7446006  6987334
7455834  7453364
7459460  7459370
6778640  2279565
6780682  4632322
6781031  2114757
6782001  6779645
6784592  3906065
6787081  4741035
6790140  6773526
6791225  1584628
6798445  6786420
6798445  6798313
6800202  11674312
7394156  7393854
7396096  5754270
7399640  1573930
7400708  6241716
7401669  7400982
6424964  3328631
6426835  2101390
6430762  6296667
6433252  3800603
6446088  6429935
7410970  867001
7414046  2871182
7420623  6603319
7420730  7420291
7420862  662859
7427575  5218856
7018317  7263291
7022597  6997506
7023142  2325547
7024576  6393787
6800517  6441455
6809609  2719680
6812349  3163908
6813906  5292103
7111787  3456758
7113310  2973202
7114446  3742346
7117418  1686655
5074433  1021743
5074433  1386593
5077727  132403
5082228  8676
5085815  5030448
5089423  5088611
5090745  463299
5091445  2405117
7537820  662918
7538522  3117838
7538726  4843263
7539726  97197
7545895  7545691
5091781  5088973
5092067  5091642
5097154  42294
5098140  4760083
5098540  642897
7803589  7803372
7814283  2973202
7815664  7801304
7817098  2772782
7817098  5731879
7817727  7750420
7490150  952861
7491371  618769
7492558  2445688
7499074  7498408
7501546  4450644
7504103  7429998
7228388  7221843
7235338  2112373
7236476  2620917
7504404  3670355
7513613  683658
7514250  7500828
7515486  3974222
7516521  7503812
7403370  22358
7404255  1697852
7411124  1151402
7411124  1585390
7415887  7218528
7517794  1138460
7526817  7313559
7534005  7221315
6602823  6599140
6614987  6613028
6616009  2384167
6617995  3403290
6584930  3230147
6585766  3061156
6590453  1555109
6600935  2086961
6610402  6596845
7534606  1395410
7540085  2530
7542793  298976
7545015  56947
7024712  1171284
7027443  166221
7039352  4179141
7041726  6228966
7044330  7050415
7239384  5404590
7240377  1345827
7242585  8515936
7245691  971312
7249078  7249054
7902597  7901397
7903516  2973202
7907328  164085
7919227  6965990
7920095  5667857
7931324  1206507
7939147  3613589
6814357  6200427
6816795  373335
6818199  612328
6829061  492994
6830401  3873111
7252186  298976
7254715  2270655
7257768  47752
6831822  6845896
6831903  3365766
7462936  7460420
7465019  3419332
7465412  3346410
7465412  7465319
7468309  7334491
7468359  4691782
7474168  2719968
6454980  2932186
6454980  6223050
6455111  6455099
6465025  3311561
6468301  6464647
6468901  2254368
6477057  5609074
7416859  7415315
7421018  6273592
7426849  7426185
7430744  665600
7429613  6759592
7431928  1444151
7435361  7424667
7440743  7397724
7445028  412345
7546988  24901
7553475  2583092
7553740  7542215
7554725  7448008
7555561  1086380
7260867  249703
7261067  4205277
7262905  7259670
7265247  6580656
6621932  6328455
6627291  2079170
6633789  6626689
6633925  2809635
6636529  669742
6637176  68986
6638937  1304626
6638937  6337122
7825758  7767588
7826124  406192
7830495  2322234
7835282  7443605
7837190  2271902
7452341  1291942
7452618  72106
7456519  567222
7463173  7458391
7469262  2724936
7469262  3737139
7117520  2108405
7121700  5794506
7123219  2448964
7127663  7115107
7475916  7475883
7480060  4932774
7480855  7480194
7481387  2473575
7481387  4155944
7432601  3307612
7443197  742764
7447675  985384
7449164  3388705
6610709  4839981
6615296  3320677
6615296  5429739
6618633  1253725
6619726  448673
6622048  5407250
7939198  52964
7940283  6325993
7945113  7944682
7957481  4483498
7959067  3422125
7959417  1713594
5099855  5089841
5101341  5089640
5102041  3242703
5104306  3803484
5114752  2210975
7266656  2480186
7266656  2671145
7268721  857420
7281196  6993325
7286946  7287134
7287241  69913
6838255  1132941
6839910  5633394
6841863  400135
6844471  3113583
7474911  1519638
7475022  3138498
7476158  6557086
7480234  479142
7480234  681602
7480452  2259741
7481531  7479715
5116288  3772290
5120068  483091
5130914  388242
5138995  5138478
5140095  2312662
5140095  2963243
5145018  631817
7481757  2532729
7484570  4721449
7490113  27065
7493662  3500429
7495168  240212
7554051  4966266
7555706  1473388
7559399  3579649
7562909  1234510
7565415  4886817
7573035  7488068
7574388  7375303
7556247  6529727
7569701  556133
7569701  1057926
7574632  7545591
7498835  1089504
7500316  7499494
7508527  5834032
7510042  7452738
7526554  7227087
7451283  7451560
7452036  582056
7453893  3246928
7454529  2070359
7455044  1083159
6648136  2958701
6649415  1353857
6655074  1694198
6655474  997828
7457250  7450815
7459288  7453364
7459407  1846202
7468767  1880581
7961025  7960552
7962543  17434
7963679  7963536
7974094  1930025
7974094  2672900
7977920  2782744
6623513  537613
6629000  138449
6629000  4966329
6629293  1828067
6629472  1109022
6631644  6619298
6636438  6634487
6637117  7571
6637810  6289336
7580136  3440610
7581174  1685680
7581174  4755195
7581425  1132941
7599205  3650125
7599792  3339136
7600277  729363
7600477  769621
7600528  186756
7600528  2847226
7483510  4118241
7485582  7471382
7486450  7473067
7486475  7481907
7491148  7490277
7491148  7491579
7494006  149848
6647177  2865497
6650335  911663
6650421  125703
6661560  430942
6671784  159990
5150891  5164382
5152020  2636113
5152020  4622006
5154328  5153579
5162416  2457792
5164638  5165623
5175234  5024959
5180357  3749099
7130424  7144286
7131443  2297643
7134551  1961124
7137259  4089284
7138295  7094116
7141133  4896662
7475536  769621
7483073  559581
7484760  1617630
7486032  5618088
5183115  9514179
5187809  153468
5189717  5025843
5195733  1506838
5197948  5109405
5204914  5204607
7578326  7567476
7580897  821744
7581484  6807393
7583005  1141338
7586613  767999
7847350  4994201
7849822  7849564
7850858  5891840
7853425  5263558
7853866  7830604
6660111  1979957
6660440  359494
6664902  5453011
6668403  6667274
6847815  5581913
6848181  1343840
6853044  395618
6855269  6840156
6855686  332030
6867484  2279030
6869641  3183818
6870160  6869535
7287539  5357719
7288818  3074248
7288818  7154152
7289177  4646913
7292121  37684
7294834  7292842
7979809  7979003
7981846  51786
7981931  90178
7528226  1566595
7529553  274149
7532161  406081
7537284  205853
7537284  1150381
7537441  558998
7559735  7536791
7982799  6756931
7985208  453793
7987697  7592391
7987697  7819092
7997440  7989020
8003642  372865
7296808  7296705
7302858  4190578
7313713  1487175
7315583  770614
7316919  3224935
7319727  7291185
7560114  288739
7560114  2215690
7563454  1065945
7565228  1301346
7565696  7564989
7566453  985818
7568793  7565217
7322235  7221746
7329423  4323225
7331261  910727
7334269  3065154
6485127  208105
6485127  1596782
6485196  6485069
6485545  3521715
6487668  6483147
6502444  2908822
6504801  2711297
7602264  7595026
7603804  2881939
7604506  7602113
7605191  1497539
7606476  1119822
7592479  1551235
7593601  7118598
7597896  4615840
7603876  1525764
7603876  1833356
7608305  200746
7148557  401756
7149155  297542
7152365  6270004
7153437  1976575
7153437  2990952
7154152  3074248
7613621  7615162
7614007  144783
7615943  6317298
7165903  4642863
7170634  616948
7172155  1673841
7175178  7105750
7176580  2151744
7607429  7452995
7609169  849168
7611977  1580558
7619529  4902523
7622873  1532819
7627190  2686390
7633291  682182
7636885  395832
7637271  5972000
7641265  1180860
6668592  4926113
6673015  6514274
6674994  388242
6676155  1505347
6676155  3962991
6679674  6530115
6680567  5348344
7642901  7217674
7643752  158319
7643937  343288
7645209  2805678
7653497  4920945
7654934  57002
7658677  7738527
7858203  3198647
7861654  6913403
7864464  7864548
7864964  400212
7864964  645182
7868099  7867894
7875060  3368877
6674921  6352098
6676107  5730815
6680651  827368
6680651  1239258
6680651  1623685
6686124  202049
6686124  237938
6683661  1124753
6684579  6463574
7488438  232535
7505065  1478022
7505950  1995328
7507373  2215379
7507373  6902033
8004578  200640
8007467  8007825
8009607  7530173
8009807  391005
8010893  8052872
5208015  200640
5212638  888
5213488  941537
5214653  669367
5216396  1107730
6504848  3872063
6505065  6504848
6506605  140131
