32454757  6651829
32452632  29808573
32454829  2229942
32454894  2801878
32454548  6267564
32454581  4321839
32454969  19837916
32442147  3175986
32455514  4123950
32455537  18050071
32455554  3751715
32455787  32441913
32455929  969285
32451273  1014861
32455031  18427849
32453936  2359372
32455220  13849677
32455704  16596418
32455987  24294457
32448455  31538048
32455898  15336477
32451755  30975136
32456437  9001830
32456649  1464883
32438825  1443166
32456436  10987318
32455740  4660142
32455071  236129
32456792  371875
32456306  6115896
32453701  24644436
32449390  24644436
32456916  24644436
32456835  28259389
32457215  356950
32339151  14047809
32455039  961532
32457376  3067072
32457339  14220321
32457339  6847697
32456692  16582704
32453322  32400070
32457673  15112125
32457575  1664282
32457660  3206531
32457720  7446187
32457763  32455169
32457760  3422673
32458047  10334688
32369702  32457658
32458065  6262071
32458119  986183
32458119  4660142
32458130  9855625
32453120  28064204
32457891  22358
28367427  27567846
32458370  10482953
15397059  27567846
32458369  27918584
32458369  11462377
32458125  19859840
32458336  13513932
32458510  19246309
32453491  26453880
25712707  32458541
32457925  28947132
32458586  16832280
32455465  4619088
32458851  24644436
32459144  32373198
32360722  23823010
32459169  7597559
32454174  2422468
32457821  12117576
32459563  18875674
32459449  30441122
32454253  31050756
32458626  380813
32445506  10984352
32459614  11
32459878  2910611
32459912  218384
18116449  8533432
32459361  1844688
32459970  9508518
32460122  136505
32460140  949433
32459367  24070918
32459862  4428413
32460260  8028957
29590498  26287247
32460426  588004
32460477  70324
32460519  7674786
32460185  6229024
32460557  1563030
13269473  7307456
32460156  24586110
32460901  27622358
32460997  17498216
32460834  2973202
32461069  204476
32461163  20237474
32460684  17965956
32341563  29308898
32461251  403967
32457464  21883735
32460898  13932946
32449386  32452098
32460919  2591098
32460781  4558086
32461290  5312948
32454278  16525617
32460956  178479
32461240  1325044
32456006  164926
32455915  2458524
32461809  12953127
32459991  3076414
32461925  1207406
32462113  12573816
32462057  588004
32461725  14448649
32462202  1618209
32461957  21518584
32462381  218384
32461721  2505681
32455105  32452812
32453670  32450987
8496494  636367
32462716  4736
32458725  9835762
32462640  1660124
32462989  1534504
32451692  24225343
32462822  6649852
32463313  8725673
32462618  4261133
32463399  6352208
32463618  3130311
32463557  1829925
32463315  106179
32463331  24644436
32463188  30546486
32463835  10796160
32463813  232535
32463813  325156
32464001  14220321
32463977  32416256
32462700  27475978
32455596  24029221
32459425  218060
32461822  8489443
32464492  30807947
32464531  47789
25443425  17976140
24321947  17976140
32464912  3376458
32445958  32420273
24964495  1795109
32464614  1728404
32459836  572768
32465148  1766492
32465198  13944956
32465127  2973202
32465213  12769982
32446707  31732418
32465410  24715864
32464950  18449013
5688291  7111610
9293646  7111610
32465403  1930459
32465581  218384
32449953  22488244
32464692  26897773
32465619  32393850
32465891  10855908
21322778  20714593
32466007  28746482
32463602  8151435
32466228  18050071
32466309  18235923
32466119  32187568
32463805  44715
32466502  10851273
32466574  3158730
32460541  6158933
32461661  8028957
32463510  7546050
32466086  22398350
32466673  588004
32466673  1661273
32466921  134934
32466928  814975
32465305  1946234
32467070  312443
32466886  4659803
32462604  28847151
32467360  513832
29193614  25816511
32467263  24504582
32467323  4236368
32467424  7674786
31906577  1195494
32467434  698596
32467786  25463416
32467624  750486
32468022  28307783
32467779  6582250
32468308  29697436
32468431  8881291
32468557  180172
32468814  11321491
32404070  2184513
32469096  2842579
32468809  6906521
32432824  5236095
32468758  17996516
32465816  14907020
32467236  14846547
32469564  232535
32469533  15042855
32469558  26874701
32463412  2304470
18208683  4235078
26379393  10668105
32455569  4660142
32469528  1029992
32470230  9791931
32470355  513832
32470447  6607550
32470450  12786005
32460746  4633971
32471407  10665070
32470146  20054047
32471829  12086298
32453270  11194080
32472274  949433
32471704  30798906
32472303  14220321
32472343  522563
32472206  28382482
32472446  10930301
32472739  4509086
32472744  25385876
32470239  3737906
32473258  27507361
32472760  12769982
32472636  1457849
32473514  4736
32473761  6927685
32473697  722668
32451223  32386478
32469476  218384
32471964  32363020
32473468  22802234
32473995  3309188
32471494  28633038
32474193  4616202
32473446  4809194
32470511  29828634
32474427  21520869
32474356  31397737
32474356  3985214
32474521  3577641
32474452  2580136
7069705  4502633
32474640  3695224
32474584  28371365
32474674  218384
32474676  6420741
32474772  1525126
32453805  761194
32475099  4261133
32475248  60174
32475254  31850580
32474912  6441218
32475157  31275446
32475237  3951903
32474363  32217622
32474209  28275637
32474816  322715
32475504  4638993
32465751  6795383
32468444  4148499
32367915  2973202
32367915  15439919
32476048  13840429
32476103  1267869
32475857  27285458
32476186  11321491
32465354  9343241
32475911  14793734
32475783  32169176
32471050  15832301
32476460  455037
32475487  3158730
32475487  766559
32476559  2724260
31988660  23753745
32476784  14220321
32476536  12641017
32476670  418503
32475594  9057558
32476963  11000826
32476864  25847397
32476964  19115332
32477247  18122915
32477154  25325892
32477065  25687831
32477392  604680
32477070  6535934
32477516  24101524
32477503  24929978
32470296  25816511
32477648  4732807
32477561  604680
32476931  24352328
32476642  32454156
17510897  16948382
32467666  114543
32022289  23417356
32478243  301371
32476653  29309632
32478213  5724171
32462959  2408146
32478411  9858118
32478389  7281441
32478151  218384
32476514  5685406
32478754  4604663
32478474  1174799
32477627  14693956
32477797  31129379
32477797  25326644
32478729  6445917
32478787  3726820
32478064  6343376
32478574  9118367
32479231  632370
32479358  2973202
32479683  3127429
32479598  14233017
32474874  10403634
32479856  20552662
32479967  2167916
32470151  32469962
32479599  30147165
32480087  6674669
32480144  1129216
32479590  1761744
32480064  28702372
32480167  2459653
32480369  218384
32480425  1403615
32480486  1720421
32480486  4344017
5609255  3898130
32480333  1766299
32467270  11117823
32480779  3221577
32480366  6803211
32480749  2422468
32479404  14970698
32481225  18243515
27019786  4945178
27259238  4945178
25016193  4945178
19721290  11461607
32476921  9137157
32481208  469059
32481208  7117639
32481625  1090650
32481412  12517498
32462361  6701969
32482122  4477850
32480915  32460280
32481505  27191297
32482437  3577641
32481994  21265629
32482830  18060667
32482813  19075671
32379469  17684797
32481437  3576024
32482419  2838038
32483085  7553901
32483236  2067472
32483061  6548504
32481678  218384
32480973  2616865
32483517  93541
32472862  25504149
32472543  730029
32482989  25722200
32483707  27090442
32483392  24237399
32483460  3453274
32483996  383947
32464962  18197026
32484261  4660142
32483054  2363576
32484240  24504582
32483807  20262405
32484284  460364
32484459  218384
32472376  426230
32483025  8456538
32484336  7446301
32484527  949433
32484254  6139107
32484466  7054424
32484674  13102045
32484518  4933958
32484681  194397
32484681  2222355
29784141  19796536
32484953  25793188
32481865  31643906
32485156  31877245
32485243  40480
32484671  26717994
32485365  3037203
32485482  28828864
32455030  2921364
32485501  336210
32316404  7168874
32485258  19226816
32485853  17246693
32486027  1132941
32481567  20754555
32485927  32479579
32486163  5893163
32486163  1538832
32486125  12573816
32486067  13777097
32486281  513832
32486111  13795789
32473924  16775197
32486334  1030479
32485731  28593476
32486763  1168807
32485657  26895349
32486838  18628023
32487042  218384
32486197  5093398
32481065  32483054
32486399  13840429
32487140  12423614
32484992  17940364
32487288  13102045
32480896  5512895
32480896  10167484
32473058  21794764
32487433  941338
32485095  370195
32486927  5292790
32486987  27909264
32473476  12589843
32486994  24758683
32486396  3601901
32487709  185937
32487367  25198442
32487367  21644848
32466323  2985032
32488047  32319419
16402114  1760518
32465055  9069379
32487941  709385
32488055  29661253
32488261  17107365
32483902  3112946
32483173  14790014
32488351  16661565
32488232  14220321
4524862  1975128
24535490  10015411
32231076  413898
32488725  16204988
32488664  11184010
32488829  111102
32488307  3664257
32488956  12573816
32488264  8470070
32488958  218384
32487536  20058864
32489189  1572322
32489219  2317508
32486623  25421346
32488999  32390081
32479537  25306754
32484618  11404744
32489316  32206092
32485959  32360434
32480751  1229333
32480507  6055412
32488051  24536533
32488972  50499
32489659  3446216
32489760  4210798
32489760  2481350
32483316  153724
32489558  2842667
32489736  24644436
32478195  17520373
32489828  23324545
32489850  20597045
32490125  16630643
32489971  383947
32490366  31775260
32490059  6557516
8644992  6362037
11050196  27334492
32487001  17831023
32486183  1403788
32486517  4922145
32423038  26516020
782178  247161
31522747  7709041
32482999  2167037
32482784  18689883
32480097  32195550
32479351  320542
32478997  218384
32478063  11546609
32478063  28154383
32471642  16393581
32339965  18708087
32469731  223918
32468169  1789945
11259764  24821865
31242968  24821865
32467716  40480
32467197  13290101
32466397  2444005
14398157  21016776
31087360  21016776
13937077  21016776
32462976  17222902
32462070  9545388
5501182  975652
32458790  25978810
32459296  11185485
32459309  16466535
32458448  2452987
32458569  4054564
32490751  7343833
32490804  3577641
32490974  3528821
32490211  30198186
32491142  4660142
32489683  4660142
32491179  2397984
32491241  22047209
32491260  18537721
32491376  1527803
32491427  13102045
26698202  12264207
32491031  28677670
32491478  3054247
32485086  17108020
32491428  1568511
32491398  13299317
32491380  17153779
13292852  17108020
32491726  15630032
32492167  4261133
32492168  1458633
32492253  501194
32487354  5142103
32492395  6982692
32492680  750486
32492649  4014535
32492994  29272821
32493074  4118412
32492067  381542
32492493  26446599
32493571  4344871
32493801  1068834
32493779  986006
32493966  221539
32493256  4660142
32493830  22138111
32493985  2804804
32494056  1809347
32494087  2784514
32486021  19501371
32477571  15248021
32476807  29219778
32493742  11131958
32494231  23482104
32494301  58510
32493670  22693950
21804649  20743998
32494361  2943556
32494691  912334
32494715  7487977
3632603  11027679
32464709  29224974
32492928  588004
32492928  10334688
32494956  2521459
32494989  4660142
32495006  26369246
32495189  32493577
32495039  5481539
32494791  11291801
32494853  7058273
32448281  32240002
32495463  3578490
32493420  6731155
32495595  12573816
32495969  14475109
32496039  26297793
32496377  142003
32486979  19048973
32496451  8207297
32496164  24715864
32496570  2186101
32496861  2089590
32496502  4095319
32496652  19119740
32493577  8854780
32496167  2855865
32497085  16298906
32486849  25314336
32486139  4261133
32493388  22894877
32497029  32443254
32493796  20837856
32496497  779875
32486017  17810501
32497602  15617164
32497489  12659792
32497323  8510755
32497321  706292
32497576  332030
32473009  2422468
32485148  2422468
32485083  15119712
32493385  21881992
32497771  8893844
32498008  14220321
32498029  519520
32497557  5199419
4180880  402377
32497587  8255985
32485609  14354171
32496631  15657107
32498380  779091
32497760  2683214
32495667  4508313
32438712  918886
10520623  918886
1975849  1469849
32498703  14863026
32496636  203198
32495416  5667427
32499006  2025282
32498352  29909330
32499366  5004233
32499615  51526
32499163  401681
32499783  4261133
32498531  4261133
32399803  31755992
32499686  8186018
32498606  26446297
32499316  950087
32499316  4634644
32499653  744199
32498303  4557154
32500333  203198
32500333  9484295
32492662  32491188
32499950  29866131
32500762  436411
32500736  32219809
32465796  28509462
32500909  695050
32500753  2392563
1335786  164194
32501046  18050071
32500453  12027137
32485606  27881880
32500204  5559644
32496348  19282870
32501314  32500030
32501299  2050111
32501299  588004
32497909  4852735
32494487  12470561
32501093  30001103
32501872  32494846
32501852  436866
32502181  263400
32502281  19766044
32502418  3054123
32502477  3552461
32502686  222598
31998998  32005471
32502617  21051345
32496594  8893288
32503156  218384
32503066  2219074
32503135  4261133
32498648  24194409
10488979  1915166
32325858  1660124
32503343  32664
32330208  195951
32503290  21799370
32500612  973473
32491590  12573816
32503534  4660142
32503330  2185252
32502508  32362057
32502765  1340366
32503855  8028957
32503623  7193294
32503623  1582285
32503831  2444697
32503913  3012337
32504145  9097723
32503862  31569337
32504441  513832
32456893  10034149
32503335  32412252
32504510  2672572
32504592  5751335
32504592  1844688
32504608  21376083
32504636  5219676
32504952  12166415
32505009  15625556
32504816  4660142
32480153  32233575
32503821  3693028
32501631  6927778
32501631  26238572
32505136  18050071
32505264  7482360
32505130  14320724
32493525  13854425
32505342  4261133
32505739  9909361
32505818  2121548
32505928  18050071
32505991  4277388
32505996  509211
32505868  10580607
32505868  3886762
32505973  8390677
32505929  12953127
32505924  1776915
32506086  218384
32505516  32503669
32466204  32503257
32506056  20940979
32506192  729921
32506319  230062
32489058  22496942
32495678  25167708
32506462  8567512
32506532  32302211
32506750  12959957
32506892  13102045
32506240  15348671
32505229  25578054
32506601  16018434
32507039  20002503
32507008  13670991
32506721  1661197
32507255  15224581
32505767  388180
32501478  20025783
32506680  4685323
32506396  27578
32507824  1299871
32507932  16009755
32507155  30521974
32508070  12789396
32508317  1296646
32508538  1311236
32508731  14112515
32507963  138948
32508941  24644436
32508648  14565622
32402813  32224697
32381385  2866063
32509368  18050071
32508571  3577641
32509364  2173965
32509242  23090860
32506293  23803743
32507776  1159839
20421666  11033615
31927910  9587458
32509910  4261133
32509921  29110479
32509989  25276418
32510057  3271249
32499669  4660142
32510144  23715637
32510194  4508313
32510130  18384930
18961343  18384930
16914692  18384930
32510256  7575921
11171445  18384930
32510336  13354230
8553761  18384930
15619629  18384930
32510354  94977
30613302  18384930
20955951  18384930
25715653  18384930
13037922  18384930
32505006  1373164
32510612  2012306
32510690  11547914
32510570  2150138
32510791  4383914
32510917  13102045
32510281  28639692
32509667  31028741
32511078  16511815
32510838  572897
32497887  8970221
32511275  1225082
32510172  32485978
32511413  21897398
32511760  2277430
32511744  398734
32511877  1296646
32511876  1663807
32511596  21627170
28822001  11063458
32466115  32390618
32511974  4660142
32512175  18050071
32512208  180986
32507596  536350
32511903  30767594
32512228  4347888
32511452  4214153
32509167  114543
32512579  2788080
32512146  21599809
32512566  2725156
32511714  13140523
32512798  29140402
32512525  32485760
32513020  1466000
32513152  28909705
32513074  21227383
23298501  5848337
32488107  14237548
32512608  217578
32513575  7417040
32513713  5724817
32513749  29140402
32513625  18880962
32513793  20614282
32513929  4110698
32513781  25670358
32481040  17909694
32514139  10796160
32514139  9808689
32514240  15604196
32512354  32432326
32514659  14220321
32514662  13102045
28319989  62289
32511295  203984
32509297  1582161
32509710  25988574
20625040  3816015
32506987  17457057
32506525  18341622
32503668  8197049
32503437  1159087
32503315  1114026
18796015  3762763
32500661  3402735
32500661  18148203
32497346  6267172
32496693  767999
32495236  4716503
32494184  26446599
32458110  3602413
32456328  25749019
32452835  664432
32452835  986830
32452722  7859360
32450494  26446599
31816914  21168380
32437694  32451526
32439571  8732875
32437654  1432481
32429392  16739012
32422781  1136999
32413301  3757763
32413301  5858067
32407966  12001953
32398126  2839321
32370478  218384
32367545  2400955
32367545  5800593
32365712  1115001
32361824  3142670
32345940  25342089
32514815  14087789
32514506  25916841
32508489  26446599
32503920  26446599
32427108  26446599
32426693  26446599
32418998  26446599
32513819  6620165
32514862  3069416
32514770  887739
32514977  10087113
32352979  32368555
32352979  9508518
32249504  26291674
6999199  24740477
32513127  1424510
32513875  25194772
32513875  12589792
32515117  24644436
32392145  2970525
32515365  20563772
32512891  5427673
32511103  31115024
32515509  513832
32515500  16352816
32514813  32294547
32515209  15276908
32415654  31128492
32515203  30003353
32515743  3351666
32515940  10983573
32515961  10412225
17580045  2111303
32516000  2201595
32515886  23214454
32516105  3653504
32516023  8273510
29719598  22900225
32516578  32508579
32516761  4824342
32516624  28438933
32508496  14197117
32517183  18573016
32478672  18826836
32517294  18672456
32508875  8634156
32517308  1715697
32516725  2027484
32517193  3587504
32517088  1049722
32509530  1732348
32505296  31664719
32517493  18358534
32517393  2138429
32517677  32467029
32517460  15309008
32509452  4734580
32517245  218384
32516565  3481828
32515417  3481828
32514304  3642919
32517731  11278114
32512032  1896449
26621513  23208200
20900142  18384930
32518072  17909247
32518486  10776600
32513698  18015096
32518644  32518104
32518618  5427673
32518087  8470070
32518568  28382482
32518870  25329275
32518627  19888745
32518761  11100702
32518971  12113699
32515872  6057972
32519254  24539521
32519210  3973994
32518716  3008395
31240661  83856
32518643  9391838
32518515  2602818
32519629  3485365
32518999  18753229
32519738  16436369
32519807  988228
32519649  4124102
