32578224  1778088
32582825  20865241
32582863  22225148
32582776  4480075
32582159  13103219
32581362  455476
32582895  4660142
32583055  5327534
32583272  12769982
32582859  28565976
32583209  32575043
32583271  8535433
32583143  218384
32583441  218384
32583431  218384
32583468  6993325
32580065  4261133
32583722  5893163
32575108  25571878
32582889  3943198
32579698  2488192
32583049  10516472
28163538  5023762
32583652  7674786
32583805  218384
32583752  23508153
32583981  4359910
32583974  32582435
32581970  3621251
32584485  5171901
32584565  32516657
32584408  18408488
32584155  37684
32577402  24644436
32580016  2973202
32576465  18050071
32585072  6860568
32585090  30259410
32585105  4660142
32584529  19172632
32577962  32579048
32574581  29133563
32585702  7537377
32585397  121387
32585564  4072365
32585728  8028957
32585381  495021
32585998  5925270
32585182  2084949
32586064  32585222
32586172  4660142
32586174  14220321
32586239  15146052
32586259  7553634
32586132  16999361
32586344  1056728
32586181  129178
32585888  768431
32584103  21484715
32586783  5315500
32587008  17205900
32583677  27720064
32586530  12230332
32582315  26874701
32587258  9969690
32579100  32584085
32580342  7419560
32586048  21594533
32586048  236129
32587455  8115722
32586642  24859190
32585394  7459939
32585394  29834964
32587598  1711990
32587509  30494178
32573494  31163428
31299896  16847974
32587842  9543292
32521581  11851770
23626966  13235685
32587840  203198
32588148  26376166
32588183  949433
32544790  29778995
32575526  2530
32588361  7311956
32437862  18225921
32561533  1050813
32586839  3985214
32587718  18270995
32581786  21659637
32588426  1457131
32588591  19499060
32588071  8004237
29729437  28816339
32588522  18050071
32588522  12769982
32588964  7111610
32589166  5069806
32586803  7248439
32587994  8157636
32588319  359788
32589104  19584021
32559828  32559724
32573791  1516889
32589272  6649852
32581678  23478370
32589674  29770412
32588070  641499
32589910  19761241
32583334  18214338
32590065  28418966
32589712  9513387
32479163  4789837
32590181  16959576
32587691  1719048
32589102  1938923
32589976  28700733
32589976  1881922
32590352  27588136
32556297  24008366
32590558  10160664
32590441  6219263
32586674  32470413
32586674  9809166
32590397  1299871
32590575  32583625
32590944  2559527
32590953  2589309
32591080  213907
32590997  21298420
32567787  27854919
32554290  7331310
32591091  18674064
32589231  686852
32419503  32419245
32590358  574594
32591413  34571
32591616  13891200
32590378  17903577
32591696  285793
32591828  15776644
32591442  7217578
32591590  6441218
32592059  218384
32591792  984510
32589848  17186057
32592054  9490405
32591364  26759768
32592187  10382929
32591558  26518767
32591926  23904848
32592192  5497524
32592439  4261133
32583616  13780736
32592396  5397447
32592469  11223591
32592716  4957685
31152848  9896406
32592222  8638621
32592955  16388959
30846160  26788464
32592788  3309188
32592821  17498216
32591823  2529218
32593081  4660142
32586251  8470070
32593197  671703
32593188  1062902
32593207  231767
32589067  100107
32593348  8380389
32593212  13452530
32593189  9672566
30543775  4467816
32593339  2780129
32590374  9424920
32593709  2973202
32592018  32593507
32593274  16620366
32593472  1250079
27765233  16808815
32594195  2450954
32593786  7645378
32594183  32590456
32594243  10992005
32509080  32560771
32594375  11927078
32512017  30951771
32594344  8586357
32587296  18270995
32592037  6289538
31800805  2372248
32594802  17522406
32594018  29831489
32595023  29149665
32595369  1885630
32595308  23940246
32593836  25088975
32594390  2424770
32595646  737151
32595271  13000177
32595674  6441218
32593768  31821084
32593041  7975093
32587515  20294915
32595586  7368522
32595780  18092717
32595305  32169597
32595925  16959576
32587182  26572089
32595957  5611963
32596270  8601268
32596328  513832
32594673  18993455
32596455  7588784
32593218  14112515
32596318  17039018
32597047  218384
32597094  18050071
32597500  2973202
32597665  3797239
32597399  6729605
32597563  513832
32597780  1069666
32597864  5554734
32598068  197675
32598005  27994985
32598149  1922677
32598150  2009631
32597475  3775836
32598192  8688668
32598191  20025030
32598216  7487977
32598450  2167916
32506838  3142469
32596602  10517333
32598835  8630026
32598769  11224204
32594207  3349612
32598860  5210535
32598966  9607903
32599142  18050071
32599187  20875839
32599387  14494890
32558838  30866197
32599625  7220681
32599324  2492077
32599869  4261133
32581069  32426561
32594559  14202255
32591837  24071453
32600241  2233204
32589935  12011126
32599516  11381673
32580977  10535985
32580977  25997430
32582801  13201744
32600404  690176
32600687  32489992
32589348  18419871
32601052  203198
32572987  19933788
32601461  1120140
32601455  27153181
32600910  22937618
32600919  12466188
32601395  29725759
32601395  13085949
32601402  805547
32599277  4945178
32601043  19754271
32602077  7473786
32600195  32423397
32602165  6343166
32588548  2672326
32601995  2051162
32601995  9173558
32602233  9607935
32601501  32564784
32602448  12573816
32583056  23180765
32602464  4660142
32602483  12573816
32594779  2560258
32599157  32515366
32597054  249301
32602697  20563772
32547620  2498331
32601946  32436662
32600448  4339649
32595578  8459903
32601817  8468774
32601252  31184918
32603521  36901
32603557  19226816
20171488  17665426
19851782  4907843
32603634  588004
32603706  3091316
32603312  2888780
32603413  588004
32596187  3905193
32600451  4747562
32597917  7371903
16202470  30934671
32603879  613183
32598984  13032224
32599669  23167104
31902091  720751
32604220  7280881
32603086  20068256
32604550  28569030
32602433  26588797
32603399  9958825
32604720  8228281
32604944  1230233
32597651  97984
2971662  2966855
32598633  32598847
32604941  5448545
32604874  4261133
32465733  17564497
32605145  14682005
32604028  13009174
32605448  32305913
32605484  9502548
32604986  20530996
32605316  2612802
32605435  32454483
32605726  372033
32605396  30306193
32605843  837935
32605930  12769982
32606063  17412818
32606047  32563614
32605896  8470070
32605570  2167916
32606200  20203492
32606384  13102045
32606497  24536154
32606425  10066897
32604397  1022880
32605190  1397036
32606958  1482649
32607033  5605125
32606817  22937618
32589809  18817926
32605402  1426826
2832255  1426826
1840488  1426826
32607203  18050071
32603736  23511275
32581390  28333519
32600415  32606353
32595856  19532473
31074932  30571641
32608178  182287
32608208  6684206
22709646  13875978
32608285  10636611
32608401  5658929
32607920  2638292
32403724  24879399
8550183  1230233
32608439  11146190
32608439  26427730
32608710  3611760
32608723  17755996
32608170  1104975
32608778  23114509
32608813  14220321
32604353  4836710
32608567  4792862
32608715  10714563
32602848  279170
32608859  20336996
32604733  28500401
32609254  27641044
32605716  19932742
32608900  27492248
32609402  62771
32609440  610245
32609345  8051516
15865146  1520608
20977399  1520608
32608257  1520608
32609535  2480637
32608148  2184513
32609327  347441
32602240  22973737
32608752  3953822
32609945  4736
32609985  23446377
32610109  18050071
32595983  63447
32610248  4960208
32610331  25811622
32610325  2934904
32599307  257288
32609141  10769193
32610559  216894
32593430  8365660
32610586  10160664
32610012  11339191
32610697  1144783
32607726  32586321
32607411  31362292
32610880  3420366
32607970  4055633
32607308  14400624
32610844  10777421
29605122  19025717
32611075  3586046
32602678  15739263
32611012  2067472
32611429  1520800
32611422  16242192
32610983  355089
32611653  2776116
32611804  3012822
32601759  8778267
10161063  5191850
32611828  218384
32611583  15310459
32611897  5115166
32612127  32584850
32612377  5521004
32612603  13102045
32612747  13042008
32610198  24635559
32612758  1534210
32612877  14220321
32592755  14977632
32608417  24644436
32612445  18050071
32613089  183702
32610089  20349104
32613222  541749
32613268  8336858
32613057  30712090
32613317  32611263
32613187  15436956
32607611  6906025
32598422  14504866
32613604  10986558
32612876  8329133
32613477  15221659
3006407  2496455
32613924  15215326
32614022  4220991
32612968  24701703
32614052  182287
32587968  946189
32612918  6538485
32611333  22545169
32589425  22545169
32609986  32613974
32609986  18236599
32614195  25910933
32599983  10094335
32613841  19328371
32614688  32611700
32614451  48198
32614847  287928
32614929  22252904
32614829  5210535
32613750  6063522
32614477  4393740
32603329  8830772
6770792  15810824
32615272  14896013
32614536  14220321
32615114  14220321
32615304  164194
32615082  307674
32615510  4261133
32615450  28044211
32615868  24644436
32615820  936687
32615604  14220321
32616330  27482579
32616363  4261133
32616467  232535
32616202  22354767
32616527  19883815
32616502  8028957
32616082  26173769
24895327  3888316
32616825  16228887
32616419  1559253
32616743  22932624
32616818  784929
32616607  2591098
32616804  11922383
32616462  4261133
32617138  513832
32616422  32230966
32617204  230751
32617245  5431351
32616993  29160687
32601614  26965828
32617604  1458633
32617635  12573816
28362596  25422010
32615067  26976462
32617700  20251691
32613794  32412081
32617885  15925980
32618007  12573816
32615217  3577528
32617805  23667086
32617562  16641205
32595200  29113063
32617945  32594516
32618204  3371326
32618127  14220321
32607218  4230029
31807506  5818725
32618193  24900875
32604281  32323674
32609243  30771881
32618166  31035528
32615881  18573016
32615881  9546208
32614718  32513580
32618610  200200
32618736  4055966
32618817  23058137
32618812  12065885
32595118  32253145
32595118  12470561
32619238  20189350
32619335  2274695
17954070  17736811
32596585  279170
32619414  1258743
32619190  11161744
32619405  3610936
32619678  15112125
32575073  11325415
32619856  9675
32619856  5945851
32619973  223918
32619412  29603504
32620166  6305752
32620300  12769982
32620306  12301358
32620476  11523282
32620447  32010172
5032356  13102045
32620303  13102045
32620983  9386544
32621126  5690351
32621131  24644436
32621169  111102
32621190  30737262
32621193  21567291
32621308  23342184
32620534  6422273
32621444  11702603
32621230  18321092
32621542  9890330
32614150  30082934
32621694  2784514
32621561  15262472
32621665  13598384
32588805  354070
29692635  13598384
32621723  10288651
32597506  24881824
32621831  2770321
32621813  18050071
32621741  1007340
32621877  2703640
32621870  248693
32618670  316866
32621995  23071638
30097566  4968406
32618983  446892
32622178  11321491
32618425  1653046
32620467  8830599
32622634  60174
32620963  5157439
32622733  11321491
32622811  18050071
32622895  12573816
18489950  1335255
32577760  20261517
32614227  59895
32613312  4410412
32610233  15471555
32594309  584894
32594309  31646048
32623236  23740548
32575835  1955505
26608477  11816122
32623212  5319678
20566961  11816122
21494213  11816122
25003162  11816122
32622871  22177257
32622038  8646982
32623478  9960908
32536108  32552775
32620780  26298337
32623017  1918877
32623902  1451009
32623846  32604999
32622163  7845015
32624001  613183
32624018  161738
32624022  25778529
32624038  15965376
32623004  18502734
32623336  362614
32624300  10865957
32623028  12462944
32624526  248693
32607370  845058
32621690  6421507
32623968  32622230
32624414  31828182
32624253  3726505
32623959  19937880
32623529  28659616
32582227  32206199
3308523  1867065
32623647  10740067
32620156  1529068
32623800  8564210
32625073  28860135
32625024  26719180
32622408  23765132
32625377  22937618
32615382  32055458
32618827  3527800
32625401  1930459
32623354  16773362
32625215  2380796
32565740  10520623
32562142  1961255
32625232  10443802
32625468  4510550
32625767  26838909
32625829  1014861
32625870  14184494
32625431  16694716
32626346  2797367
32626153  26692233
32620377  4421839
32625840  218384
32626349  17421776
32622868  32610818
32626675  218384
32166196  29911143
32624927  3528324
32625328  7108668
32626324  5003142
32626862  30666323
32623456  513832
32627093  302096
32627144  2176991
32627099  218384
32626132  2973202
32626692  904036
32626418  1677419
32626860  4343624
32627675  14352100
32627615  13840429
32617739  31347341
32627289  29133563
32627487  806000
32625832  12769982
32624553  1699958
32622664  12769982
32627906  988363
32628320  31660100
32628309  8316276
32623538  218384
32625201  1923259
32628461  13189764
32627386  32610663
32628300  23778685
32567941  32583711
32628462  4784825
32629012  5187530
32628516  11731377
32623856  2628621
32629156  29371087
32628865  8705844
32629435  9676636
32629569  32622113
32629550  24311023
32629515  3096953
13856869  5623000
32629642  3371632
32629268  12245935
32629717  1796619
32629717  15250235
32629726  2674048
32629857  4261133
32497134  60174
32629980  32506703
32629786  1687755
32630222  14220321
32630018  32519715
7411052  9393038
2687866  60174
32629424  9393038
32612221  184060
32630413  7510165
32630413  12573816
32624273  22151038
32629790  1139762
32630024  31217181
32630612  28910934
32630629  3144610
32630616  653536
32630647  279170
32630650  4872702
32630206  21046719
32631050  19894686
32631251  29938405
32606746  615948
32615034  32449880
32631643  1669190
32621056  14524322
32626091  12119207
32631599  4207134
32631726  14416582
32631863  3266530
32631866  18320847
32632184  45015
32632312  6111298
32632312  7559121
32631913  2416748
32632040  12019974
32632574  2973202
32630110  13593971
32599496  1182025
32629086  12106064
32633025  6269765
27302433  11878542
32633267  26470484
32626837  26676184
32633040  21726334
32630107  19684617
32633328  2612802
32632256  3103490
32633436  513832
32633109  18222286
32626121  419019
32633626  32576430
32633643  31818984
32633636  4261133
32632182  32061934
32633779  6535444
32633682  4639372
32633631  9358500
32633835  20773850
32634155  2591098
32633956  22917398
32633893  19128797
32634102  3396147
32633655  2161054
32634485  11738042
32634305  3076414
32633949  13102045
32630570  1837968
32634643  613307
32632747  19286476
2465608  2663070
32633718  792764
32634747  23418847
32634849  1811706
30679811  4397757
30859576  13209977
32634922  2773009
32634535  1676362
32634997  18050071
32634890  2661818
32633957  14165398
32635064  17498216
32635023  2658506
32635256  499829
32614157  1948047
16538070  8695341
32635123  8884188
24258022  8695341
32635359  10799732
32635501  4261133
32630674  5201138
5156196  3907613
32635672  27333964
32635585  8081701
32636244  325426
32636402  8092956
32636287  14010311
32636161  14392051
31495930  31488686
32634877  7019997
32636620  12062481
32636671  18573016
32636605  24720148
32636698  128796
32637022  5388584
32636973  18285211
32636973  725982
32637119  28712787
32636773  2448472
32637177  6649852
725982  725879
32614112  17273958
32637144  23775155
32612139  4261133
32637176  504103
32637968  588004
32636511  20467179
32637914  218384
32636753  194852
32638052  6441218
32519988  32526526
32638117  1120140
32638277  24644436
32638261  2183962
32637575  2606194
32638384  9808689
32635855  4722007
32638334  31992833
32638541  90238
32638550  9152907
32638199  3632632
32637197  8129040
32637733  17401469
32638873  4736
32638817  10298306
32613645  32634927
32638841  12573816
32639017  60174
32636707  7850477
32411627  32425120
32638982  8376609
32639238  279170
32639427  962132
32313156  6042133
32639446  4698538
32638019  4906148
32638491  10550307
32636829  20860931
32639671  5427467
32638074  13748124
32639885  4623334
32639895  32634184
32627488  14971123
32618260  13622361
32639234  492994
32639549  8752727
32639862  19275557
32640063  26889507
32640114  8082932
32640249  4183506
32640326  3577641
32640491  2568637
32640592  21862327
32640646  23446377
32640713  5953240
32632137  24621544
32640660  30761996
32640927  3673428
32640927  20449427
32640901  20563772
32617156  3331353
32641357  15689501
32641387  22797768
32641260  5538586
32641427  28665461
32641145  5026421
32641714  25326955
32640987  279170
32641951  24644436
32641913  4148031
32641787  18903304
32642046  152975
32640534  22662488
32642307  4348478
32642414  16069106
32638364  17498216
32638364  2973202
32642480  12953127
32642667  1986896
32634973  5955866
32631446  26191774
32642722  218384
9402233  5565086
32641842  32218372
32642790  29988637
32642883  588004
32642812  609594
9973777  4710447
32621517  28390730
32642979  218384
32642071  4137628
32599453  11934024
32642865  29281986
6246867  32528153
32597853  15048223
32643098  7131670
26431067  17127814
32643275  2451650
32635246  1484347
32608482  13545947
32643686  2770321
4845505  5772192
32623282  806787
32643358  2751313
32634236  32598327
32644231  1700081
32644351  5605125
32644293  27553399
32644628  764125
32644848  3642035
32644292  4367539
32644912  174560
32643083  32642883
32640153  31388325
32640153  19097259
32645396  6908143
32621399  3645491
32645249  26588017
18453516  8875818
32645436  2113216
32645488  6627239
32642547  12573816
32645853  750486
32645895  6977263
32643745  218384
32624831  4947744
32646111  2480288
32646102  31192331
32642825  24644436
32643109  513084
32646345  3541681
32646405  218384
32646491  750486
32645737  3652090
32641025  32639921
32646602  2722276
32644606  15328363
32636586  29482970
32646481  32009825
32643814  4309771
32646911  19781999
32647023  20976735
9894510  2279000
32645500  30680938
32647238  8754980
32644260  32607653
32647216  500431
32647374  7522346
32647666  3163070
32002192  8939943
32647738  11977102
32647392  5658457
32647785  4220381
32414901  14290113
32640903  26522789
32648097  1023373
32648467  19971494
32646023  16798796
32648611  30680938
32643952  5759073
32646750  2603956
32648600  45135
32648832  2295290
32648622  17942508
32648409  219827
32649005  2254872
32648878  1787939
32649248  338101
32622484  32507414
32649358  2603039
32029049  8270205
32649083  9327437
32649364  7866838
32648685  29040647
32644906  9515704
32512134  31410793
32649554  14791094
32649500  8772746
32649544  28877512
32649604  14220321
32647648  6156723
32649784  22937618
32649773  3305561
32646055  17976140
32650299  14220321
32650086  28818506
32650445  3382946
