32782223  10333256
32781785  9963147
32781974  1969993
32628387  3270209
32782364  32770196
32782298  7077651
32779177  26431774
32782511  7535317
31206740  2934063
32782673  1120140
32782726  91817
32782726  429529
32782171  4261133
32781421  14259321
32782128  21407748
32762118  32776633
8855771  19969056
32783124  12769982
32783386  3323001
32783543  2973202
32783671  411740
32783642  3358954
32579922  32559015
32783285  2409126
32781937  7469139
32783854  23453133
32782219  6343166
32783542  31472140
32778932  29037121
32783771  2992451
32783034  32699286
32783594  25111011
32775038  17604322
32784386  2612802
32784483  5544536
32784915  3040374
32778064  22042454
32772523  24585261
32785012  31625729
32785329  2655925
32785308  1680528
32785481  15199026
32785418  10750057
32785431  22294691
32785289  27581
29864362  2973202
32785578  10402894
32785701  6843030
32785736  4238921
32785798  1653958
32785912  20746429
32724134  6764465
32785980  4968406
32785685  3985214
32786019  23294658
32775374  32774511
32786061  5287538
32786096  891217
32782392  2091168
32786056  20939648
32786174  513832
32786429  20449427
32777702  32648902
32786360  17551371
32786419  5767228
32786210  31167707
32786670  3277367
32769930  12398458
32786815  13748124
32786654  1885557
32786151  28997527
25825538  7333232
17030110  14920801
32787254  30680938
32787429  18742998
32787567  19432753
32774095  30449042
32786999  4735623
32787660  5842366
32787775  4660142
32464234  12960324
20237651  10106087
32787895  218384
32787890  16393583
32787902  4660142
32787604  32677918
32788009  218384
32788252  20670444
32787065  218384
32788315  7498968
32788329  22937618
32787550  28494111
32788291  9800577
32788511  32641240
32782966  30741035
32788325  5890584
32788399  5739937
32775202  7034803
32788565  2715167
32788701  18622007
32788864  8803674
32788710  20449427
32699696  32726324
32788954  32786505
32789148  355167
32788839  28002
32789211  12573816
32788943  28060736
32782766  6932034
32789282  588004
32789227  9986804
32789509  5191487
32788121  10605842
32789511  30867937
32725112  5820304
32789650  8028957
32789885  4660142
32789704  30589870
32790005  1168807
32790052  4261133
32789812  23914695
32790096  12771592
32748837  5295635
32790386  1682567
32790443  17102663
32787337  8386280
32790668  223918
32790490  24241953
32790726  10442758
32790607  4116419
32790655  3059333
32787834  15710923
8949514  692718
32790787  203198
32786706  17364127
32790854  29955339
32790866  32789599
32790804  4361774
32785876  15987321
32791046  12573816
32789919  4660142
32791167  32789430
32790818  17643509
32790006  8778732
32791319  14220321
32791321  28356115
32791373  203198
32784842  15148803
32791538  25706216
32791379  652917
32791327  3523145
32791732  588004
32791808  21915198
32791663  6697753
19817894  32770318
32791834  16893043
32792327  13102045
32792320  32780400
32792396  4244896
32792405  16711697
32792403  2770321
32790831  32790930
32792441  2399590
32792335  4796872
32792494  10021603
32792509  32769041
32792457  31254725
32792682  1458633
32792745  4956844
32792765  11321491
32792765  4261133
32792760  18050071
32792760  11482527
32792829  13641462
32792829  14009695
32792851  25528452
32792851  2301285
32792902  31661350
32792905  1903252
32784615  20064219
32792002  25771443
32793410  3881660
32793325  18093928
32793650  4049773
32793759  750486
32793652  1414365
32788369  29292189
32791818  10380312
32791818  31305892
32794028  30293071
32794059  2896727
32794470  15447133
9453410  13655540
32794606  750486
32789313  750486
32790778  10053358
32793990  13944956
32793948  18752202
32782982  3112946
32791630  3112946
32793729  11731377
32795095  394809
32794871  13895716
32793839  3037375
22842633  14194870
32794592  513084
32795371  3840784
32795001  4643512
32795348  21633115
32795435  19147
19743851  13109588
32795386  13109588
32795386  13049206
32795478  279170
13049206  13109588
32793491  218384
32788658  1255948
32789553  218384
10571889  4932100
32630786  30396854
23301134  1597442
32786935  31927035
32795951  16635398
32795915  1414365
32795861  263945
32796029  3147836
32796056  9848972
32788497  1502910
32796177  32326388
32796272  1385946
32796093  5005363
32796173  762011
32796397  752
32796504  28228214
32796530  247483
10091825  890535
32796432  12942518
31187436  2345773
32796621  12637945
32796732  2973202
32796761  203198
32796824  60174
32795404  17156251
32795404  13125007
32777703  32770802
32796770  27366430
32796807  7600723
32788103  10828937
32794588  4261133
32797088  60174
32797143  14220321
32797207  279170
32797184  513832
32797190  9138625
32797250  6441218
32796332  4325911
32797358  3684900
32797301  15906877
32797301  8028957
32797415  218384
32796715  32787534
32790372  24621721
32797521  12423614
32797537  15115588
32786459  6377798
32797175  11907058
32797001  21529291
32797632  11088365
32797575  24947467
32797721  3826746
32797423  32642865
32796815  400113
32797918  3404301
32797968  1682567
32798041  13194293
32798192  14220321
3303675  2906582
32798047  22808485
32797975  6441218
32797693  1776020
32798253  141545
32798322  31995472
32794686  24644436
32794291  25721884
32797983  12573816
32798459  2599149
32769125  15076317
32798507  6320113
32798503  1295584
32744832  5710358
32798877  9351558
32734417  31933675
32798950  3136381
32798476  30751566
32798298  29923879
32798135  563198
32799079  203198
32799156  588004
32798667  8470070
32799326  750486
32799078  12692067
32795972  1194857
32799427  750486
32799300  29747224
32799423  826398
32795508  18891030
32798372  14978411
32797006  6620471
32799680  22590023
32799852  18050071
32799914  13778650
32799988  513832
32799585  1188566
32799329  24674934
32800108  218384
32800274  4660142
32800476  6343166
32800259  8306313
32800521  30286519
32800841  4176328
32800898  23842713
32795456  9723208
32798794  3806788
32801307  8051975
27048745  24407053
25146686  2893267
25817531  13650285
32801188  25651641
32801707  1267869
32801406  5306240
32801320  8231966
32801838  218384
32797322  17904631
32799848  22767695
32801814  28283104
32799554  14514579
32802073  15124904
32801535  396145
32802217  2559527
32801219  3559060
32802194  5554734
32800944  9109438
32802553  19692157
32801534  28001687
32802411  15853469
32795335  13541078
32802605  13102045
32802677  495021
32802602  5554734
31854320  4026296
32793883  4026296
32802347  3768895
32803124  156275
32728507  32557783
32803011  18050071
32803245  5554734
32796371  31053670
32802915  19526899
32803278  30810874
32801149  199080
32803099  10367698
32802522  23804335
32803400  8460993
27458816  23804335
32803465  6503388
32803682  5931286
32803796  218384
32791950  26941621
32802792  26941621
32804184  8028957
32804233  3481828
32804418  12573816
32803683  32641240
32804514  4461633
32804426  12530406
32804692  513832
32803637  635770
32780343  8988389
32805058  11764156
32805020  2946656
32805187  218384
32793474  1100354
32805073  12688312
32804698  6045307
32793923  32793016
32804905  40480
32805011  7331725
32805358  24644436
32804963  31164267
32803528  7703196
32805528  510357
32767360  1427471
32805738  3277367
32806043  8004237
32802447  3717314
32806044  3582804
32805996  25924860
32805811  3040374
32800594  10689349
32806197  27098588
32804958  599837
32806237  15447133
32806443  3127429
32800222  20569829
32806457  15138593
32804330  25426780
32806541  32584850
32805130  28109970
32806966  24115141
32806991  767372
32805798  27135962
32805910  3905644
32807209  26073696
32807110  6976721
32806947  28727919
32807233  9542611
32806314  32801043
32807385  5121495
32807419  12659486
32807432  618097
32807364  3075049
32807493  12573816
32807569  11950819
32807569  5683869
32807744  804288
32807704  5767325
32807826  32803261
32808207  19738283
32808301  203198
32808298  12060209
32808486  3680637
32766589  8550801
32808276  32584850
32808745  28521944
32808716  19245205
32807302  18050071
32808545  218384
32807690  3010715
32808625  16756596
32808450  17498216
32808970  9410688
32808394  7273338
32809014  4728824
32808730  783531
32809049  4261133
32809060  13774912
32808775  2067472
32807292  1913098
32809303  18050071
32805356  6842571
32809358  24836526
32809403  4261133
32809413  26938441
32808356  32775300
32809592  4616202
32809271  3289262
32809458  30600738
32809703  2772763
28131102  32550131
32810006  20449427
32810035  18621662
32809912  28740785
32810411  10060109
32666880  6934776
32810407  30814930
32810383  6252678
32810639  30827022
32811019  32656095
32811117  12362797
32811053  30164042
32810236  30128395
32811475  5878463
32811599  10760326
32811695  398395
32811695  5580761
32801256  19202450
32801256  32803996
32811462  13373169
32811291  3802192
32811291  16127923
32802082  400212
32805404  2108875
32812113  413898
32812064  1329922
32812208  513832
32811704  523246
32812298  40480
32812587  32811386
32812561  9268386
32812732  513832
32812639  24644436
32811859  24562942
32812877  218384
32812844  27737217
32812419  6481668
13355236  3054604
32813083  1732348
32813092  23409939
32812828  29442493
32813372  32082112
32813291  32787029
32813001  1014861
32813460  28748162
32811741  1014861
32813640  495021
32810643  22937618
32813743  1461907
32813878  9748076
32812383  32802162
32811576  26477840
32813935  28771896
32813289  1832101
32814109  25712029
32814105  29830784
29736063  3931541
32814150  13636848
32814380  8028957
32814380  8812754
32807814  11875989
32814125  13756482
32814780  673240
32815046  14205464
32815104  12769982
32813821  32501627
32813257  6182151
32803360  21225000
32815626  203198
32783138  13700333
32812128  758688
32807383  12753805
32816081  32724880
9324103  4504291
32816173  14220321
32815939  20782583
32816245  5150637
32816141  32291761
32778592  14220321
32780422  25604555
32646238  26605695
32712301  10689055
32816694  3602827
32733103  2140419
32758588  262367
32817313  11853602
32817313  4343624
32817154  3664017
32816022  218384
32817364  3628899
32797179  16338281
32813475  29622198
32817136  19993799
32816825  7142838
32817552  26539445
32816877  16107771
32815503  19337029
32817935  20449427
32814875  32689279
32813526  18556896
32781584  27995085
32818047  5767325
32817604  19643934
32211615  161738
32817650  4463441
32817975  30743408
32818481  32812061
17554824  4463441
32817868  806882
32818591  15751294
32819069  13796928
32819090  742466
32808734  15013913
32819298  1221447
32810440  21011505
32818590  4517059
32819301  8438215
32819539  1169456
32819599  4253660
32819731  218384
32818732  2802472
32819915  12769982
32819970  5389507
32743329  32229947
32035546  1443158
32799048  4360301
32819810  8728046
32818978  467452
32818579  11803343
32819854  5210535
32820344  9553659
32820476  4400154
32820631  4660142
32818187  2364273
32820723  388242
32820796  7506844
32807572  32819093
32820320  30731785
32819627  16538494
32820737  4783865
32807316  28958192
32821188  1117463
32819677  1014861
32817791  30680938
32805725  586363
32821434  4261133
32820639  16308328
32820942  6847697
32821801  12026842
32821985  8207325
32822179  588004
28906324  12416469
32821891  7796657
32821070  6694507
32822640  8000530
32822934  11113080
32820501  27943961
32823090  14220321
32738975  31124122
32823070  34413
32823225  3144610
32817896  9346579
32818116  4947705
32818116  12090170
32822656  29625428
32822597  26548698
32814410  2839321
32823887  11321491
32824190  24900875
32824092  20279484
32823642  12573816
32823913  1514910
32824551  8543449
32824480  4359627
32824591  24644436
32814442  12573816
32824565  7064998
32824745  28002
32815418  9581064
32824758  32804530
32824811  14653058
32824811  7075797
32822975  1189245
32822975  17609287
32651238  11064081
32824527  32648371
32818956  7854573
32825020  6314411
32825040  16009101
32824469  4610524
32825043  2667015
32822291  431521
32824622  3697449
32824622  11500533
32791155  32730926
32825284  13691087
32825167  9488475
32824709  12953127
32825050  25575513
32816916  24653740
32780093  18657631
32825025  12573816
32825773  16373484
32824530  30571875
32825916  5374311
32825739  11922383
6598505  1103148
32825313  20279484
32825776  12957123
32825980  11312737
32826116  18924261
32826126  23106093
32826095  10290621
32825934  22741638
32826218  2973202
32825838  4660142
32824706  29108963
32826584  7264682
32824415  5404267
32826744  878577
32826812  15479928
32826009  8584383
32826786  2674707
32827102  218384
32826872  994288
32827057  15898121
32826492  2979415
32827092  30373343
32827348  218384
32827338  31069230
32827094  32800397
32827473  218384
32825515  14648078
32827527  11457676
32828091  165975
32827762  24006122
32807069  9264680
32828259  676824
32828192  29209796
32828233  238073
32828428  3737139
32828489  7143917
32828410  32140969
32827815  29455081
32828658  24644436
32828740  203198
32828919  6607550
32828891  2179100
32828907  3030675
32828907  940382
32829487  3446202
32829378  13007501
32829723  14220321
32825552  22801310
32820669  30799696
32829960  4660142
32830030  16751348
8258991  182945
32829545  1867861
32813580  5210535
32829997  27787812
29695500  8533432
27744764  8533432
22351601  8533432
32830264  1365748
32830112  27892717
32829982  19824721
32830238  30810874
32823217  613183
32830104  13963539
32830676  26245139
32754537  38549
32830861  4660142
32829314  5003142
32828476  60174
32827873  21567291
32829753  5365566
32830784  867831
22244119  7005644
32831018  11811598
32831124  12573816
32831145  28331233
32826730  31954547
32831183  1894886
32831054  311955
27580917  237079
32807720  9515704
32831369  21013912
32829203  26779618
32831679  585812
32831729  30731785
32831700  32121031
32831853  953146
32831797  26917197
32832117  6658752
32832197  5131647
32832254  448438
32832532  3271791
32832612  13944554
32828965  32804421
32806524  19069468
32832862  6349822
32832965  9698677
32832823  24101450
32831308  21895756
32831308  6058984
32832994  29884782
32833253  15843169
32833260  32498736
32824372  2973202
32831949  750486
32833278  4402287
32833369  21116216
32056310  21116216
32832649  26398952
32833475  5082044
32833564  2127197
32616284  218384
32828610  7726034
32833711  21006376
32827583  15141762
32833867  2522248
32817233  5976476
32834001  9536018
32832939  32056725
32833858  13966302
32834139  1416697
32833477  32788374
32831977  182287
32827570  12082746
31786534  31728169
32834441  26495000
32831503  32812502
32831986  4261133
32829329  12769982
32833575  1192881
1553571  848840
32833690  9900906
32835099  2770321
32834498  13590887
32835033  32246767
32834744  11062028
32835135  9648811
32832040  29875136
1807016  1044334
32831540  25378974
32835425  20002503
32835458  1040114
32835527  20002503
32835527  15112125
32835616  11487184
32824784  22159698
32834873  19226816
32835525  2289836
32835333  4736
32835739  25226940
7254551  1802500
32835667  767999
32835785  20036408
32820194  7298642
32832319  16234202
32813172  8165026
32836403  12398458
32836487  409999
32827945  15178922
32835961  5127129
32836584  7744379
32836829  22084783
32836623  21205652
32832143  28138864
32837163  4805606
32835662  10142600
32837133  13518453
32832129  4433952
32837386  1958636
32836408  10120119
32837404  12573816
32837524  6441218
32826107  8988780
32832012  32475832
32826960  8533202
32834572  14594511
32833226  4836710
32833226  29181513
32800906  15148089
32837272  9856847
32837839  588004
32838220  3249524
32837948  4660142
32838012  24701426
32838132  18204364
32838495  3863125
32838540  13825719
32838442  30321483
32836189  32829247
32831852  16590976
32838365  32488726
32838693  3630908
32837469  4469977
32838906  1373164
32832810  10797819
32838837  8321096
32839105  22662488
32839204  10286056
32838888  221732
32839054  4943958
32839257  18050071
32839291  6479423
32839071  15553531
32839304  7550383
32839440  25035296
32832869  4833831
32838978  19075671
32836768  18050071
32839833  15647327
32839966  1452261
32840003  501943
14504866  12915177
32839703  12915177
32839744  20316870
32840384  17960585
32839496  218384
32840543  19081004
32836732  29768610
32841053  3829033
32841001  2765999
32841152  8868338
32841217  1014861
32841122  25111831
32841122  26646941
32839106  279170
32839839  13255832
26426483  4367977
32841222  3577641
32808754  2150504
32841413  17017684
28104264  2422468
32841527  8378870
32841614  32578254
32841844  1085097
32841531  32752486
32842017  16959576
32841961  750486
32840797  10442670
32841762  23107894
32785241  17529476
32841569  29001655
32842434  10155951
32838552  11084507
32842386  2366509
32835547  18050071
32832096  2973202
32842547  218384
32838882  21620419
32840746  16374632
32843070  5292303
32841966  9581064
32833131  10492037
32841873  10299712
32843301  470139
32842942  15427025
32838676  9852270
32840839  31099598
32840793  31557973
32843650  218384
32843936  11321491
32843968  14028959
32843995  10077840
32844186  4969243
32844158  14220321
32844536  18550542
32843245  4709893
32844370  22192291
32844393  203198
32844669  13032930
32844670  17393757
32844440  16555978
32842232  29834185
32845000  2263975
32840527  17364127
32844632  21950607
32842753  32693135
32838403  32614504
32844161  14220321
32825817  19713813
32845297  14220321
32837897  1502244
32844194  6420917
32845408  8210616
32845572  5121495
32845690  111102
32845608  7811609
32845514  3628210
32846015  4660142
32740713  31479553
32845857  149055
32846085  203198
32846222  203198
32841956  32840463
32839886  12623651
32846802  15508148
32675385  14479724
32847026  2765999
32847131  14028959
32847249  32071025
32847304  8686331
32846807  5760873
32730522  3371314
32847718  6441218
32846969  29744257
32847717  3127429
32847625  1536400
32847614  12769982
32847847  1427484
32848001  25706216
32847833  22662488
32847885  5625512
32841501  23165426
32847559  32578009
32844012  18745994
32848538  9156176
31891001  26406281
32848663  29144361
32848893  15930381
19887263  6877915
7069949  3208061
32849066  15895227
32848394  279170
32848750  4660142
32848942  24107868
32849282  4660142
32848895  11825528
32844554  3406891
32849596  22147813
32842610  2545558
32849710  1711990
32849756  27437834
32849739  1655971
32847271  5485851
32849971  513832
32850096  513832
32847785  15008487
