32849981  4550896
32850264  15121697
32850143  16683720
32850309  12067404
21537827  2422468
23391520  2422468
5512442  2422468
2827138  2422468
32850418  285177
25808785  2422468
32850482  1217868
32485313  2941189
32850608  6375179
32850727  218384
32850021  32768274
32850645  2409126
32850707  8043356
32848356  18050071
32850904  2448843
32835290  14845937
32850672  778564
32851136  218384
32850974  26495586
32850830  6343166
32851328  826948
32849546  15632565
32851753  2699086
32835393  20694796
32543669  32247268
26289622  2423498
32851617  680431
32851983  6420024
32852111  20832330
32852242  19463138
32852308  3007312
32852387  236129
32851234  4660142
32848291  10966331
32848291  1227683
32852368  2220366
32852729  14220321
32852707  18050071
32852995  24504582
32853125  12144000
32853194  118190
32853229  588004
32853440  32852000
32704178  30810874
32853311  306400
32852100  20002503
32853743  19391197
32853005  842817
32853827  3791103
32854172  2591098
32853494  9835881
32854083  7444451
32854551  3629817
32847363  8166988
32854847  17294363
32850259  32293271
32854050  17516669
32849821  5448545
32850166  7726377
32855126  13905741
32855320  7642442
32855375  25680461
18385325  12751354
32855504  3102819
32855503  4261133
32855138  25512532
32855740  218384
32855261  32446433
32853797  2137755
32855922  11321491
32855791  5057320
32855591  29571750
8010448  7934252
32855946  10088661
32856207  20168647
32856295  27476845
32774354  1136311
32856291  32822907
32856234  1660124
32856482  5558582
32856471  29777684
32856600  11461607
32856667  3188262
32856498  750486
32856456  22852094
32856670  730048
32857132  4164653
32856155  12614011
32856570  17195738
32810684  8853727
32835535  27186661
32838468  32850592
32858019  13989030
32856048  11392022
32856048  13502836
32858045  12277945
32858109  40480
32858181  14000762
32858296  25706216
32858193  2167916
32856827  20913190
32856732  27876923
32857279  32456499
32712497  5620263
32858538  5767325
32858502  28557466
32858566  510632
32858530  31197962
32858811  32607487
32858859  952914
32858089  4001745
32858687  8139010
32859117  910912
32853166  32555142
32857722  7534335
32775607  32856530
32293271  31199510
32853403  15440935
32856501  3195348
32859548  538060
32857800  32631184
32857042  11505248
32859713  12142829
32856332  7927716
32859886  4856717
32860089  20008244
32854272  5003142
32860188  10577674
32860219  6847697
32857918  10292001
32860112  18523248
32859049  2047122
32855968  218384
32860266  5904488
32859937  30716354
32860488  18271429
32859336  13260296
32859008  7104455
32860331  437589
32819155  20681974
32858676  5049958
32860990  13840429
32860948  17364127
32854461  27870136
32860501  22662488
32755591  29179164
32861114  3577641
32860260  11720845
32861570  218384
32861387  10173544
32861372  218384
32861732  8388964
32861782  218384
32861668  12938972
32854101  2893297
32861545  12279438
32861842  11202777
32862150  122102
32845985  2494823
32862183  4740984
32862269  32094859
32861837  24130026
32841537  2170228
32862375  21876089
32861828  598077
13623443  2633112
32862308  32674913
32862720  27513472
32856897  26667112
32861026  2722136
32863086  11154673
32863366  16959576
32854082  13840429
32863458  15777745
32863440  7400677
32863240  4626647
32861605  21747254
32863625  593593
32863571  32848262
13769014  13243079
32863721  2521592
32556627  6037580
32863811  8610571
32862302  12021578
32855642  614671
32863749  4260698
32864129  4261133
32864292  8110934
32863895  32808172
32864346  2031824
32864316  204476
32864524  14220321
32864553  4691132
32864715  11321491
32766122  26308035
32819433  32816428
32859180  24644436
32852881  5121495
32864391  24170024
32857045  18050071
32865176  15145659
32864823  24442663
32865309  676824
32865456  240178
32865456  1132941
32865439  30731785
32860423  9581064
32865647  1066318
32865569  8098953
32864531  10698726
32866037  24900875
32865105  10136319
32854928  25059638
32865718  2857077
32866219  8336858
32865473  4244896
32866249  21850056
32865900  1162234
32865095  5209087
32861919  18050071
32866490  18050071
32866604  18050071
32866657  6682724
32862806  32614504
32866831  8028957
32866822  20245957
32853341  2546138
32866830  20449427
32842455  364842
6682724  10796160
32865140  32779941
32867147  32648371
32865390  24189428
32867431  64036
32867548  845021
32867565  2347265
32867734  475223
32866761  610245
32867883  203198
32867549  4248701
32867982  2745265
32867721  16763002
32868049  4736
32868253  12859942
32868155  1972903
32864627  32692791
32868488  4176328
32868599  28883892
32867605  3084261
32868743  11522933
32868861  10905782
32868515  21895335
4012500  5618588
32866958  23296094
32869048  767486
7615269  3066703
32869037  3066703
32869250  6476143
32869345  218384
32868875  28830543
32869253  9157232
17590410  11796093
32868191  11796093
32869435  7027288
32865525  1917576
32860956  26567558
32869339  5323502
32869626  2091465
32869595  6182565
32869697  9790584
32869928  32010172
32869901  364952
32869970  5445491
32869949  1252992
32869968  3611635
32869891  13281152
32870260  26495000
32870399  12155374
32870410  8051084
32854374  24525015
32870330  31413628
32870468  15112125
32870648  7063863
32765667  5730815
32869584  218384
32870485  12465551
32870954  564366
32870405  25425130
32868968  32851098
32870733  3071067
32857523  15540450
32863137  8059914
32871047  19038799
32871069  23250
11595868  25425130
16838874  25425130
30965206  25425130
32870346  18410035
32869538  3802893
31388906  25425130
32870833  32648902
32858558  23986466
32871370  332030
32870615  9543219
32869960  52550
32802834  32800381
32680208  14820307
32871259  1794281
26980389  25425130
29835981  25425130
32871631  4343596
32871613  768431
27468879  25425130
32871828  26784870
32871701  12373800
32871978  24644436
32871598  31225001
30696010  15843169
32871983  7582394
32872050  14860492
32872050  15149641
32872050  24687721
32869762  30739473
32872169  5590381
32871152  13591983
32446799  25425130
32872314  5693130
32872465  6441218
22269760  25425130
32733302  4453550
32872906  7043649
31984915  17619638
32422322  25353753
32872546  14512583
32872781  31668163
32872930  3014863
31821235  25425130
32873280  25857009
32873441  513832
32873492  32849215
32871330  23584120
32873367  26080776
32873612  5214578
32873613  24152351
32873802  1373164
32873820  11107536
32873888  510357
32862525  31643788
32871644  14801384
32874027  218384
32874181  21633115
32862599  2329272
32874284  27378211
32874011  6970754
32871714  7927716
32874470  4734116
32874450  5890584
32874836  34571
32847251  11614957
32874564  4764405
14209204  14435927
32861011  14435927
32865322  3086896
32874343  3443672
32874905  11095892
32870635  10398783
32874912  7876075
32868358  32873381
32875733  500431
32875733  111102
32875729  7307477
32875800  8028957
32875856  27663976
32876063  24195796
32875422  32861600
32876167  5210733
32862573  27488463
32876337  1760250
32876352  21633115
32865762  32858189
32876436  32858524
32876473  5121495
32876488  9629850
32876626  7804804
32876694  2728311
32876731  11321491
32814265  6885054
32875567  13270491
32876676  28988260
32876661  1433204
32876661  1973162
32868953  14864664
32876784  2129693
32872533  1991380
32876393  2864840
32876059  2206065
32877353  218384
32877418  11321491
32875532  218384
32877524  6092642
32877641  31518429
32877329  18193792
32877667  11823885
9912064  9828856
12068202  8616764
32877750  6896504
32866213  4337193
32877811  27651752
32877862  19148331
32877851  15169634
27707334  27704836
32878075  218384
32878094  11644020
32878176  513832
32878331  4876122
32878361  6457130
32857293  1138345
32833051  20857452
32878419  10909282
32872734  17481479
32879067  4716152
32879106  4754763
32876110  2933399
32863995  20875703
32879349  18050071
32879422  17907455
32879599  29568971
32878618  273238
32879658  12423635
17666907  18156774
32879513  40480
32879778  4261133
32879855  621290
32865252  8577539
32880129  1014861
32874725  2625707
32880063  32874107
32880557  9459657
32880817  46155
32878716  10572458
32876474  16588327
32880540  5695017
32880943  15210646
32875103  6819082
32878128  3681123
32881086  7660130
32880501  218384
32875706  7559121
32687478  3936088
32879498  6978434
32879090  10104267
32879395  5320677
32881764  4934330
32881867  18050071
32882004  32205590
32881938  1458724
32881638  279170
32882144  3442380
32821716  585549
32882159  275018
32882254  1063007
32882503  218384
32882470  2445436
32863053  6914152
32882493  3847162
26318456  1732348
32867930  32880969
32883006  9791416
32883097  5261328
32864833  5746544
32864103  17567801
32883230  15492353
32883369  102640
32883559  1928909
32883460  1532461
32883143  2459916
32883624  588004
32883205  32217622
32883216  32877745
32555242  31792758
32884375  8522332
32884446  4660142
32878509  4261133
32884087  509211
32884235  9900311
32880671  4660142
32884887  20677707
32883826  8831281
22416059  8831281
32885081  32879792
32884937  32412252
32885328  291978
32885554  29782982
32875859  10607293
32885690  3685195
32885797  19672427
32882426  17776126
9768129  9048180
32885992  12824549
32883817  11185906
32885815  4738280
32883540  1296646
32886208  9031811
32886287  4261133
32886192  1359412
32886544  23667086
32886320  29007846
32886349  2165246
32882800  24644436
32879841  2973202
32886797  60174
32886623  5157439
32886827  2019417
32886892  7368789
32886936  17878457
32887005  218384
32886179  1070766
32886179  2260446
32885809  20085978
32887142  2386544
32887173  986006
32887118  28203483
32887750  1049722
32815459  12769982
32888156  11321491
32888161  14441149
32888243  18050071
32882388  32847192
32888417  4261133
32888175  14480724
32888175  3458046
32886704  29874499
32882025  15747564
32888849  1379934
32847620  14908763
32889293  2193012
32887551  1732348
32876515  23795522
32887107  4997493
32885999  2208480
32884979  750486
32882844  29730766
32888644  32606989
32889867  3814145
32890191  13102045
32890122  18759375
32889859  123559
32890267  25706216
32889305  180172
32888465  7603808
32890496  28750814
32890568  24644436
32890582  18050071
32890630  32885536
32889366  26814798
32890721  11084757
32890763  7454946
32890789  32641240
32890805  1828742
32891014  15316363
32890996  13994594
32891212  19482739
32891285  8284765
32891094  203198
32888260  32891515
32891591  4660142
32891572  12573816
32891791  354038
32891413  5218395
32891617  18875852
32891779  45494
32891890  22975073
32892238  19998454
32891873  28593476
32892068  4691132
32892012  218384
32891723  218384
32892093  9667148
32892394  2409126
32892630  1207406
32878763  513832
32892579  218384
32886756  31659535
32892603  3191528
32847532  32822196
32892850  2745265
32892889  32816514
32892512  15141031
23205245  7473200
32892939  949352
32891884  20279484
32893026  750486
32893150  6116474
32893075  18970621
32893351  29333163
32880846  9244912
32893270  3072768
32893432  9268542
32889780  27447285
32893501  32846639
32893514  32488726
32893571  20563772
32893589  5181578
32890484  18158034
32891852  21568791
32893685  3174358
32083433  3174358
32893829  24644436
32893226  10462348
31102252  27372492
32891838  16455413
32892928  2839321
32893980  14492284
32890612  2132784
32894516  1458633
32894570  12462385
32893600  20279484
32894726  25706216
32894986  588004
32842141  32855398
32894597  18050071
31584600  31376797
32895182  16851809
32895264  12769982
32844310  28285055
32890938  10032456
32895140  513832
32895387  322122
32895023  351733
32895142  32323674
32895609  513832
32895405  513832
32895102  32151737
28552329  4651676
32895615  9515704
32895983  31885409
32896200  4083204
32895290  18050071
32896316  104799
32896752  32895347
32896651  36901
32896778  588004
32894807  12150861
32895108  29826194
32896823  10675618
32896998  1132941
32890607  19563199
32896694  31647833
32897223  203198
32897382  3295938
32892119  30791488
32897468  24207341
29681597  29559250
32896432  30967324
32897760  22844560
32897748  12224320
32897694  8149155
32897416  3311901
32878931  19366401
32897838  21586845
32897802  6584383
32897773  7836867
32897700  32126486
32890937  12769982
32898163  6118737
32897233  978101
32898048  4481607
32898297  4528101
32898326  14639155
32898279  880885
32898343  12159349
32898607  7522022
32898618  5096926
32898727  7126550
32898499  20773850
32898855  1657319
32887512  192465
32898898  4660142
32891400  32216842
32898946  2808535
32897939  20279484
32898981  1913168
32899076  20231393
32899102  363681
32899113  24644436
32899202  883365
32898970  13669239
27889610  8806148
32896383  2207501
32899122  11814054
32896794  18050071
32899356  931092
32899509  70689
32899389  2326943
32899539  16067109
32897793  12573816
32899777  9102318
32899804  16726832
32899910  17669804
32899910  1545501
32899924  218384
10093955  2712878
32893147  22508589
32879591  32899663
32900124  3906137
32900138  14112515
32900193  750486
32899823  1817792
32900254  12395200
32900083  2809024
32900374  28005070
32900285  22662488
32900347  32857540
32898401  20214798
32900375  11541162
32900438  3008695
32900659  1520800
32900672  240178
32900516  24553761
32787207  32775300
32884397  2264072
32899551  31647833
32895733  7511425
32900936  4378435
29881501  7441984
32897218  23145547
32901373  7484210
32901715  4660142
32790233  2906582
32901974  31118687
32902113  2933399
32893818  1555262
32901987  1544952
32902252  6961012
32902332  5944503
32902421  6758364
32902402  17411106
32898118  8875818
32902192  8612531
32902498  10331854
32902539  218384
32902753  12381563
32902701  32757126
32902808  32880751
32872498  4789837
32902396  5342370
32903150  3290424
32903189  8567114
32903302  26980003
32903248  9069379
32903191  15693135
32903174  2409126
32897027  23942000
32763540  9421202
32903306  16401447
32903855  992408
32903924  4864453
32901404  18306362
32904255  295104
32903980  1379934
32903980  8763396
32904030  4906148
32904307  1711990
32904313  518878
32903322  30782948
32900434  6051302
32904651  203198
32903879  9953760
32904567  18050071
32903688  25706216
32901560  7295096
32905073  32825788
32904963  17229418
32905219  6343166
32905095  22052430
32904967  3974985
32905402  19197105
32682827  31410793
32905427  15693135
32905536  2618272
32905467  20373558
32905636  4736
32905944  1881922
32905234  2795177
32906041  3020094
32905906  20121664
32906176  218384
32898665  13196592
32905971  6267034
32899958  18050071
32905365  18050071
32906160  3311903
32904039  8028957
32906311  10102862
32906631  14902141
32905505  1139762
32900537  32038226
32906828  1296358
32906726  3042757
32907109  2323947
32907039  32903828
3751985  3510614
32907425  32905413
32907339  18910939
32907545  5160299
32907491  18552005
32901868  11792916
32891554  29939648
32907666  32905563
32905589  14722405
32905794  6178583
32907912  2095697
32890025  17164610
32907601  28288096
32908096  26866468
32804685  12483861
32907560  860966
32908215  4261133
32908344  203198
32908450  60174
32908494  1450393
18188361  24226994
32908638  1847789
32908535  4784243
32908021  21978487
32909162  2973202
32909167  5614562
32909228  2631001
29612240  29798112
32909427  1816673
32908273  15969740
32786374  21250339
32868490  32886764
32905669  2717480
32909597  1692863
32909510  8028957
32909366  218384
25958687  27105299
25958687  24868245
32909730  14621450
32909806  203198
32909773  25275696
32909773  8847109
32909109  3933637
32910006  5121495
32909837  29707622
32909824  15119880
32910169  11816444
32910280  4534146
32910284  54142
32910313  22537869
32910473  17261798
32910473  1070497
32910164  364952
32909405  1292486
32910618  8533432
32910714  5673059
32910852  1932298
32910897  335311
32910622  1111078
32897487  2670785
32910882  12092933
32910954  357307
32911156  409784
32910903  24913027
32911122  17035478
32910744  6092642
32911258  2063480
32905930  750486
32905930  1451009
32911450  27524445
32903526  17797437
32911663  11321491
32911650  4261133
32911533  20753364
32911961  16679035
32912000  5891538
32911802  32907934
32912050  28604988
32912077  4216745
32912162  1433204
32911935  218384
32912220  3012124
32912370  21356090
32911503  8054165
32912742  22937618
32912759  11768273
32912726  1693088
32912886  2167916
32912811  32798225
31433062  24984135
32912876  218384
32912579  10113090
32911754  5610256
32912997  60174
32913004  32908909
32913036  3396300
32912111  20728839
32912111  6366351
32912812  1703320
32913154  218384
32913211  4774054
32913279  218384
32912277  16577120
32912100  6792197
32913312  3040374
32895884  13612028
32912841  4172722
32913451  796865
32913505  10036156
32913351  18828641
32913628  8637285
32913642  4261133
32913478  1529946
32912012  21116731
32913926  11321491
32913660  5004858
32914023  5121495
32914139  17005006
32914211  4252936
32914281  32501627
32913872  8203628
32912207  237327
32897946  18288333
32904048  2107945
32913517  11058980
32914784  218384
32914644  27909000
32913919  613183
32914881  401656
32914753  1466408
32909808  373419
32915115  22874640
32915233  11715646
32915480  4261133
32914276  9819640
32915422  24644436
32914639  574240
12014290  18664579
32914931  5502548
32912806  30561213
32915531  409784
32915101  4282708
32915239  4922145
32908312  6652655
32901239  30383683
32915899  23667086
32915883  23294658
32916037  3027394
32915536  25962676
32916053  1834642
32856544  6803395
32916156  8028957
32914882  28052593
32915436  2477496
32917030  14220321
32915526  32641240
32911973  24644436
32917272  12454794
32917387  4261133
32911677  4496359
32917570  4260507
32917082  29332464
32916964  9581064
32912324  15663001
32917388  5745881
32917799  20719319
32917877  541920
32913564  32501627
32917904  3946095
32918226  20279484
32918202  20563772
32918417  32847175
32918473  28893897
32918664  218384
32893138  336859
32917772  30680938
32917950  15439626
32913416  31073497
32915017  32689753
32919185  218384
32916079  22944716
31981602  26037954
32914424  5493510
18065908  11375098
32913272  14834300
32911445  11972084
32919260  27802408
32918846  5506110
32917982  32918985
32918985  23353173
32917590  15479928
32919576  29731672
32919778  4945178
32919443  32917920
32918581  588623
