6507923  3520285
6512353  1014861
6512353  4792689
6514493  2973202
5216496  2727922
5217918  2607545
5225813  199470
5229850  134746
5233437  253834
5233680  5235516
5239253  5235456
6516229  2486167
6520092  5951464
6534332  372591
6539544  6539073
6539680  665941
7571278  1563897
7571278  2888805
7574954  792024
7577851  7075704
7581638  5868144
7582672  7582321
5242061  4721732
5248534  4908736
5249020  7492
5251335  365482
5251871  109781
5258773  5259351
7048878  5048748
7051686  2499323
7051886  1619700
7054060  2564692
7054685  2668075
7495785  1268817
7497882  601790
7498150  6678997
7498325  845060
7499929  4995892
7501176  3641920
7504452  7488657
7339592  7330371
7340019  613183
7341528  60174
7341528  544239
7342698  156430
7344127  1238613
7352687  1138460
7181060  240660
7187412  7161860
7188446  4386854
7190184  7131909
7201701  5941879
7875551  872544
7875551  2378628
7875551  3733071
7880876  92859
7881403  7494848
7881712  874551
7881712  4538562
7508609  292926
7508609  7508467
7509643  7506437
7509643  7509500
7896950  1612062
7897486  7896541
7904061  7533660
7904138  1568091
7904497  7854909
7056132  7055937
7063845  2719680
7068968  4255472
7075486  4386465
7078183  2869338
7078660  503093
6689634  6647132
6690788  5492747
6691999  4641795
6692149  4535251
6688589  6687634
6694455  2457955
6696863  136278
6696863  641234
6698085  6696393
7623405  7623263
7624307  757675
7625196  190560
7625196  7622170
6545559  6501458
6545560  6518150
6558145  710089
6559749  2914
6563007  6562762
6564965  6564918
6575026  1130953
7510781  2006094
7513289  336859
7513938  2498985
7516682  453018
7525857  1708238
6693196  6385212
6694689  1416972
6695182  3929281
6696829  3370702
6697633  1547836
7526021  2582521
7527593  37015
7529114  1255726
7537004  6922898
7537487  7537494
7660199  5109305
7662071  2150078
7667166  7736530
7670910  2039839
7677548  2529839
7582833  4227451
7586845  6988686
7588747  4925252
7589458  3627107
7590330  1240267
7626230  6823236
7626349  7612039
7628268  1705677
7630625  1594381
7633735  4334426
7639636  5725094
7639636  7640264
7205409  4269279
7207702  3737139
7211061  7210632
7211410  7207360
7212448  124856
7590887  7590632
7597371  5087546
7598775  687998
7598886  7596052
7603732  426737
7214803  7214230
7216239  574805
7220872  745110
7224380  7221778
7685350  7726115
7685986  302270
7685986  905229
7687572  568995
7687572  3638592
7690215  2912609
7504784  2504071
7508464  2758654
7514594  6829126
7515023  880885
6580123  4028681
6580324  1051379
6584199  6570929
6585454  604272
6593441  6579336
6597035  32664
6597035  1267902
7906546  4185776
7906546  4424793
7907482  283751
7914400  502250
7917301  1132941
7919273  63447
8011948  3279403
8012429  7990891
8012429  8037684
7919414  3152138
7921688  5216413
7923724  4767498
7923794  2345708
7930403  1902311
7948458  7816679
6876742  6876385
6878984  5602030
6880856  536300
6891067  7074
7953833  6933598
7956282  138449
7956282  249087
7956282  2624646
7961755  392098
7961755  5451420
7965908  4847689
8018496  168214
8024512  661110
8027323  3993302
8028192  36901
8028192  287085
6698528  495021
6698942  6699265
7975123  7975858
7977740  7977078
7980741  10106052
7985964  7985295
7226788  4214538
7227737  7220079
7235976  7162369
7238918  7205451
5273463  3478469
5273513  4644145
5279029  5202158
5281215  574240
5282687  250071
7698703  4943058
7700862  2752783
7705591  2577174
7716251  4261133
7716588  3412735
7717573  1039935
7352896  1248952
7355025  3178448
7355025  3986105
7357740  3977566
7361820  6734287
7365355  4268178
7365419  7351049
7539946  7531965
7544675  123559
7544675  201323
7547483  1448738
7550257  2190998
7551444  514118
7986357  738106
7987334  949433
7987400  2033914
7988236  7957480
5283273  2609948
5285252  1030661
5287524  5287702
5296291  3051651
5298556  5295877
5298792  2869338
5312053  2685854
6697697  5258724
6705771  967096
6705771  6703862
6710733  6718883
6711762  739654
6719089  1013385
6719089  1634268
8030463  498747
8032854  1732348
8032854  6481320
8037684  8012429
8042096  3535338
8047057  527216
8049451  3297867
7641189  7602750
7648056  90838
7650915  3062587
7654910  4729395
7659305  747713
7666155  7666788
7515266  5997027
7515998  4296752
7517488  7516948
7523154  7522954
7530463  7528503
7718259  2802055
7719745  2100490
7719745  7289361
7720396  3354518
7720596  2137605
6897181  6897144
6897249  6896635
6898236  6168260
6905422  795746
6597168  6596012
6598121  2596837
6598257  6389666
6602902  2502443
7366298  50744
7369172  3650580
7370165  7329684
7373073  949433
7373216  857670
6702622  6681835
6703415  90838
6704544  3235283
6708288  6197445
6709824  1383315
7377160  2776830
7377387  7372592
7380495  270612
6712782  1007756
6712782  2927073
6721363  9107196
6721513  201413
6723035  7208609
7387154  3042807
7387154  6289170
7390155  564755
7390155  834788
14923078  6343166
5319155  5332115
5320098  1726630
5320184  5307129
5322013  582797
5322649  1001639
5327893  388242
5343412  3057771
5345784  2991972
5348285  1966319
5348285  4059932
5349628  474936
5351343  3308975
5351700  5350494
5352429  5348709
5360367  1367429
5361010  3361958
5361889  2124600
5371013  48884
5375343  5345892
5375593  3607288
5379344  4114645
5388068  3528568
5388161  589549
5389997  760422
5397378  5396840
5399707  129677
5406659  5337138
5409224  2158395
5419570  5396209
5423064  5418659
5429166  5419264
5436268  278668
5436661  2909645
5438004  1019793
5438897  5438753
5447207  2640208
5447571  2240556
5448343  5449735
5449922  71328
5451201  390703
5458896  1874639
5458896  3748369
5459875  5459615
5460332  2332847
5467720  5429164
5467963  5318157
5468963  67093
5471264  550129
5471871  311887
5473972  3659195
5476744  5474089
5481631  1533131
5492320  541194
5494728  2139224
5497193  4914750
5509268  477572
5510811  475345
5511790  5497479
5512133  5509895
5522229  5058203
5524851  4115059
5531603  1678205
5531603  4360035
5540420  4538691
5552302  5552842
5552788  133698
5553981  1553809
5554624  5535651
5556189  80622
5556189  603189
5559211  758748
5562112  5551506
5568071  5385174
5570386  1641957
5570979  1447059
5571822  5568393
5571822  5569008
5572115  1051735
5576416  5565865
5578338  288236
5579817  3484353
5581246  5567528
5582032  1601151
5584347  3568222
5606325  89275
5607511  5607280
5608654  5608006
5612741  415889
5620286  234724
5620415  495021
5620415  3749099
5621158  3083781
5621501  4064499
5624673  5610265
5625895  8028957
5629996  5391300
5632504  5631465
6051338  276516
6055953  433869
6056754  4445173
6056754  5870867
6059512  4140833
6062270  610245
6065377  1795425
5634719  1693721
5643343  1233435
5647130  5646863
5650845  3105081
5659276  98559
5659276  4279892
6067199  2768608
6074652  201323
6074838  1067828
6074838  6067758
6081053  1043198
6081725  2970938
6082275  2178220
5673016  5663128
5678239  5231712
5679775  837559
5683619  5682992
6082440  2964982
6082675  2097807
6087541  1129216
6088691  6080991
6091064  2720140
5685055  2768248
5686327  5676732
5686570  5686127
5693136  688760
5694894  5687789
5697566  5696584
6093672  2007532
6095980  3763612
6097401  5541154
6103067  5747598
6105940  573979
6106325  373926
6106376  6072560
6113327  2387456
6119494  1326071
6119543  4661875
5704818  2714221
5708662  5708166
5711706  687626
5713392  5674880
5714471  588866
5715171  5714909
5715257  4721449
5716093  5715831
6125110  6106136
6126295  1132806
5719001  5053714
5719701  2458931
5722152  161738
5722152  285619
5722545  2337516
6134269  2860889
6135605  5179449
6135855  4176328
6137592  4417019
6142608  6126512
5727875  5702505
5733162  4811501
6144679  2343313
6147887  995514
6154689  3224834
6159855  3450582
6159855  3590170
6161492  1249634
5734084  1412712
5736263  9030302
5739271  4646577
5739271  5581234
5739621  5127253
6162814  6161816
6164249  2035568
6164635  6160579
6170015  6169066
6172173  2440252
6172288  6172378
6173860  2196995
5741029  4836141
5741672  564366
5742615  339150
5752175  1557400
5755726  1161710
5757605  849549
6177654  6177593
6178453  2659000
5760363  100469
5767944  5767779
5773967  101439
6189485  4191492
6192729  6150576
6197859  72209
6201618  154483
6203325  286921
6212149  7482381
5774417  3860714
5777604  321294
5777711  3015586
5781505  3547748
5786149  5768329
6214186  2050263
6215607  495021
6215607  3878884
6221874  3954616
6719811  1655904
6719811  5290089
6722151  6226538
5786728  359320
5797574  3324418
5797574  3903854
5797574  5612602
5799010  941832
5800725  813529
5819016  58305
6222309  54566
6223410  3508704
6225703  4078479
6226053  2251078
6226053  3566516
6727699  6271125
6732061  4120502
6740242  1737480
6741242  4226747
6743668  294852
5822317  1054022
5830748  60174
5839779  5293280
5848996  5833882
5855148  5847905
6228440  6222645
6230248  6241968
6233541  3175303
6234928  6226297
6235377  6235126
6245173  2140964
6746008  6745353
6766335  4572193
6766335  5150577
6771233  1817784
6774134  6773186
5861250  5816773
5862350  5327632
6249918  6251101
6254747  1226949
6260178  3593420
6261149  75102
6263722  5609894
6775938  687829
6787813  310160
6791557  3504850
5865251  69192
5865251  5865111
5865937  1672879
5866887  1254351
5869088  3577641
5878562  2461275
5878619  24881
6603370  5579602
6605928  236381
6613930  6551089
6614684  838341
6617074  1054558
6269001  6216235
6270973  6268069
6273968  3882186
6806422  550038
6823291  501460
6827103  2124951
6829368  3675255
6840739  662379
6850628  426258
6723135  1697216
6733281  1400246
6736696  6699720
6744734  1763136
6744734  5464725
6909200  931872
6909919  2928002
7083340  1150381
7088050  2928002
7240439  2973202
7244200  4773807
7245185  7243791
7394265  451415
7397307  1795402
7403289  1143936
7410684  3505701
7606506  3121025
7532846  4857757
7536140  4261133
7553863  7553581
7724039  5789177
7727819  4694281
7553750  3854113
7557843  7386215
7669384  201323
7672656  7682447
7677306  7668955
7677821  114543
7697609  2167916
7712185  1212344
7717112  7716525
6620282  2424126
6622771  1471631
6626902  5755506
6633417  366317
6636225  562606
7556060  3481828
7570700  822322
7575294  110927
7576566  7540124
7578570  5851572
7091594  676824
7099886  240546
7105757  4774289
7123350  215255
7124286  6147035
7124286  7110885
5879848  5853714
5885471  5874652
5886936  1026069
5887379  5495497
7988670  7988440
5888022  236129
5889508  1258416
5897589  5896576
5902905  424800
6747592  724086
6758967  4690718
6759660  1813673
6764590  615493
6772521  2201113
6775336  121162
6279647  2201925
6280769  5620153
6282056  6278518
6282241  453030
6283842  2688027
6287386  6282454
6289743  5479795
6855354  6849554
6857319  6854665
6857362  209888
6868083  6858306
6868233  6824776
6872045  29426
7731863  3577641
7732013  4758791
7732113  346721
7733986  1482822
7737794  6955826
6775522  2451123
6785389  175881
6789526  220603
6798607  6798386
7131570  7131464
7132540  2324658
7134471  6999595
7135271  9591
7135982  7135862
7136845  1471201
7140721  7140491
6876014  6156743
6877125  2807899
6878661  6836679
6883273  61838
6889693  3927009
6893662  6893444
6804216  8468774
6812347  3360356
6816891  3559542
6816891  4046039
6821214  5889596
8051473  555118
7245606  360751
7246791  3618521
7246791  6857248
7250050  3478532
7251937  7251562
7141666  1581364
7143797  2571627
7143972  653705
7144265  2227604
7148282  7141962
7150047  1476723
6294923  6296007
6298903  6299471
6300190  4859308
6303497  52248
7991371  1536970
7992880  4569230
7994045  4468327
7996481  346365
7607208  4279420
7608237  6613778
7613985  1786322
7617427  7617173
7619342  7619591
7152864  6639096
7153991  5481539
7154936  2573
7155102  1031554
6637012  1153577
6644917  11737
6644985  1212092
6645954  722038
6647022  6646813
5904141  5562149
5906849  5589118
5907642  330542
5911043  5908179
7583536  4728385
7589152  2608460
6910153  6896706
6910434  5581913
6914748  1626023
6921717  6922712
6924376  1717700
6899946  7259854
6900857  850341
6910013  4104125
6915254  6914426
6917926  6917573
6918687  6916335
6653574  461139
6657118  5463647
6658386  206323
6661211  6660924
6664955  6664574
6919798  5053975
6922138  6859746
6922849  2087370
6924971  1394061
6927597  1100495
6669499  1556158
6674315  4131034
6682553  6670070
6682804  1026069
6822314  2565331
6827430  6462578
6828480  2050263
6835818  4660142
6925027  1699513
6925027  2422468
6927414  6638713
6928235  527489
6930324  299304
6936089  6265228
6308277  797251
6310200  3661025
6313944  5919042
6317501  1705147
6318373  2051689
6320545  5972555
7998353  2762818
7998930  1028668
8004112  944479
8004112  2795575
8006077  755918
8008392  2723052
7253224  286087
7262048  3885753
7264841  7131979
7159178  1102050
7159548  7157441
7163819  187098
7166066  7165804
7166198  7108559
7717997  596862
7723464  6964595
7723464  7658028
7724434  5423911
7728327  279917
7731837  5041494
8020715  8019568
8023332  3744400
8027569  933329
7734577  1305563
7736598  406186
7748834  480214
7748868  7708067
7748868  7748203
7753561  7753216
6326726  336859
6331877  5714268
6332728  4326845
6336222  309396
6336622  6333790
7754969  7152644
7768937  3657699
7769022  5960563
7771881  26809
7778131  3124636
7782726  7529793
7596129  2127260
7596129  3737139
7597240  3043021
7597240  3099030
7599719  5763796
7602838  7450463
7603131  101055
6940854  2174612
6942505  1984186
6943862  5272825
6948087  6946001
7171171  3254174
7171180  6342180
7172877  4460918
7175417  348792
7187926  4227313
7192963  5169354
7199022  2378607
6839605  6829080
6851830  6824112
6865634  1177070
6871936  6871835
6871993  6815083
6952486  326062
6959489  1080811
6974112  32260
6975614  2231191
7199783  3649848
7203702  4826556
7206344  599663
7207812  7203211
7211624  7199506
8051787  3021825
8052877  2260250
8053778  4194207
8056953  4161721
8059526  1470488
8069521  1763197
8030441  2213879
8030884  5508393
8030884  8031467
8038163  8038539
8038165  7193590
7270372  127704
7272978  3446216
7272978  4317923
7273299  4160901
7274365  6620637
7275086  3748
6873615  17333
6880774  1218905
6883768  491595
6886576  6879842
6356127  2237755
6361958  5431413
6365701  4702987
6375797  6374968
6388766  1073111
6391002  5929403
6391002  5939987
6932995  13724063
6935660  6931545
6937246  6936751
7276271  366418
7278645  2359603
7281087  321077
7289977  1317162
7297478  3749099
7302443  7301680
6391938  373419
6391938  5922119
6396318  6395901
6401297  168214
6689756  6510724
6690424  6688762
6696125  26733
6698030  6019627
6698933  3619924
6886640  6083346
6891356  304864
6906789  5706703
6907818  368062
6976231  6975941
6982532  6815899
6982834  69913
6939947  6952963
6942769  1661273
6950725  1588599
6956209  6955849
6960017  1813166
6402184  164194
6405713  6392184
6972785  1105815
6974843  871943
6975861  6976215
6976890  923350
6976890  6977893
6978376  33055
6984323  2937227
6986259  6984807
6988752  2168798
6989118  2787910
8076456  7245009
8077792  2086871
8087019  7195691
8096780  4036009
8100656  8100586
8103081  8029633
6407350  638579
6411158  6400735
6411494  2861834
6414502  3494157
6414502  4271657
8040771  1056728
8042509  500508
8044388  8044589
8046053  1561803
7412356  7411566
7412492  2570410
7413049  1662473
7416927  1819659
7417029  7400931
7417270  7414267
7427966  6683955
7303379  322715
7304015  149577
7305551  10848
7305602  1845789
7313141  3866528
7622911  6904530
7633705  2191922
7634007  361752
7634484  303956
8103999  5257166
8110969  8110242
8111351  5688082
8112019  3026096
7212760  2710793
7214330  4003031
7216563  6066212
7218001  4214538
7220180  4418708
8047966  1997270
8055647  495021
8055647  3749099
8059764  249984
8060064  5565594
8061227  8060750
8064571  722305
6700987  6700334
6714292  6714277
6714542  676824
6994866  2154220
6994917  6518456
6995568  33746
6996287  370673
6981302  141993
6981727  277900
6986514  5461702
6992023  5995073
6992373  6609184
6994420  1073608
6418431  1683008
6420667  4843871
6421304  2167916
6422890  6091867
6424011  1427151
6424011  1792512
6425398  1320694
8066314  2041834
8069424  495021
8069424  4100893
8069424  5612791
8070053  1912475
8090280  8079841
8097525  8094557
8097525  8101870
8097868  8126998
8102182  2859612
8103377  7147062
5913451  5883440
5919674  5908150
5921989  5916369
5922175  1076013
5923661  2869338
5925733  648992
5934457  4674332
8104513  8104341
8107062  8087444
8114373  2087370
8115909  8115015
7783360  14464
7786670  5341077
7786921  1597405
7789363  7788358
7737880  3767
7740502  4361598
7743996  7515582
7749997  5457888
7758135  756954
7436890  1942228
7437385  7371949
7437819  7327307
7440300  7096951
7442899  7441584
7444135  1143194
7760222  5788117
7762765  398903
