33114848  15454220
33114750  214741
14842876  7492062
33114220  16091304
33115151  218384
33114948  14495536
33115200  8177120
33115290  6229504
33115360  296536
33115383  1239938
33115410  3736260
33114479  14220321
33114479  23667086
33115471  6889065
33115513  2371118
5192512  2242471
33113524  33088565
33115454  3106452
33115712  3178043
33115839  2026646
33115808  32509904
33073148  33115939
33115914  4261133
33116146  2233902
33116250  2232
33116340  1144783
33116365  26818382
33116791  513832
33116949  1207406
33116760  29267383
33116879  32010172
33115353  22662488
33117043  23116431
33106306  33099956
33117620  7300075
33095173  16748872
33116092  33115033
33117792  12769982
33117190  9299020
33117932  15113873
33118210  228038
33118264  5525795
33117718  18124911
33117879  262934
33118645  18013167
33118331  2218999
33113876  628301
33118945  2992018
33118862  22662488
33116799  30252121
33119312  26454649
33104346  14121719
33118568  19191175
33119348  3150942
33119394  8403953
33119564  3052442
33119056  7969354
33119770  3777230
33119823  283956
33119255  218384
33116126  45135
33120099  5891840
33116367  716399
33114961  1138460
33114237  1138460
33111804  32584850
33120353  203198
33119700  4012998
33120322  4105331
33111691  10404116
33120135  6147203
33120379  33110650
33120683  400212
33120680  16380966
33118433  46155
33119656  8028957
33120351  3147911
33120802  28188454
33120941  14770312
33120966  218384
33121002  24000712
33120957  257616
33121105  8378752
33121020  29368138
33089805  2118656
33121237  2612548
33121378  24203492
7916191  2118656
33116111  2118656
33120768  32648371
33121248  2762930
32887255  17643897
33120512  2906582
33122106  12203457
33118440  10499643
33122396  2783786
33122318  12960718
33122514  3588776
24919375  3588776
33108381  9500051
33122871  12585086
33120280  516730
33122460  18087008
33122534  32788155
33120356  920353
33122449  2794148
33122889  4943817
33122902  15061854
33123147  33109598
33122887  16468061
33123253  14220321
33123251  10155951
33122382  599670
33122841  18050071
33118482  18050071
33123459  29747224
33122913  10063884
33123304  14220321
33122013  1123572
33123403  218384
33122700  4313623
33123359  62771
33123634  32300132
33123975  203198
33123917  203198
33124236  5750203
33124363  370357
33103220  5245840
33100981  33106583
33124461  14495536
33119847  30614078
33124159  15513395
33124738  4176328
33124853  5202070
33124858  4059512
33124806  2998784
33124974  228164
33124765  5767228
33124779  14028959
33125147  18095107
33125382  17947983
33125462  3618340
33125333  9085839
33120630  8653430
33124928  5998705
33125905  9952026
33126229  218384
33125894  27833805
33125551  10493084
33126486  3888902
33126486  3030859
33126828  6343166
33114320  30259634
33125990  1575141
33126780  18866381
33126767  12769982
33127136  10162749
33127152  3253966
33127181  5890212
33126831  18150396
33127222  19993795
33127257  32050026
33127226  2973202
33127226  15439919
33127248  492994
32976051  21429369
33121357  1144783
33127584  4350440
33127207  8327514
33127741  14220321
33125710  27420500
33127935  4660142
33127936  28934618
33127747  1759801
33127997  15300550
33127997  7129285
33125535  58730
33128030  5207550
33127457  9524528
33127384  25715204
33121734  218384
33128008  33125739
33127676  5545649
33128626  1761051
33128675  6491463
33128675  33075475
15204124  757806
33128535  5759355
33127288  13988556
33129020  15454220
33128998  4261133
33115871  60174
33126451  218384
33129349  60174
33129270  15364298
33129373  4261133
33129228  20165954
33129642  26717870
33129760  7748071
33129880  4211209
17934785  4211209
33129955  19393202
33126527  4021507
33129993  5915096
33129981  21819210
33130170  9219940
32154397  17045132
33122326  33119042
33126418  3577641
33123762  15517509
32782268  2429678
33130695  1367322
33129814  4660142
33130436  7396849
33130787  10059345
33130757  19036188
33130895  6441218
33130654  9944885
33131062  30680938
33131121  10404348
33127841  16380966
33131135  16203357
33131217  17498216
33131048  2840138
33131061  15156758
33131007  25860685
33131458  29122166
33126498  22149393
33130220  8269048
33130475  11884822
33123785  33098442
33113746  3570738
33108214  7935966
33130917  12238396
33130872  25575513
33131982  24646815
33130486  32648371
33113626  275944
33131929  17659603
33128914  22662488
33126038  25206775
33123053  528472
33132439  3598770
33130912  12662851
33132589  588004
29414960  2071097
33132363  6547922
33132363  33103650
33132524  25738817
33132742  14262431
33132846  5733254
33132787  33082126
33132934  2115497
33133014  1048199
33123430  342990
33132964  1484347
33132920  12675665
33132923  67699
33133079  12301358
33075947  2359652
33133320  7485011
33133284  494035
33133284  4029109
33133308  4872509
33133340  23667086
33133384  15283546
32995439  32996166
33133436  22901322
33130828  8126700
33133475  3038901
33133142  273313
32964254  2319683
33133804  12232041
33133971  29905771
33134039  3698200
33134021  6101956
33134003  3649848
33134003  7199783
33133424  4547660
33134208  23353173
33134162  5436327
33134028  2711520
33134045  8753043
33134533  28374151
33134901  10110805
33134870  31773359
33134769  23426939
33135036  402832
33134977  1383943
33135077  5605125
33135234  6267747
33135396  767999
33135519  12573816
33134167  33048656
33135380  123999
33135698  7112282
33135698  4176328
33135736  17645447
11099004  14220321
33135883  1097503
33135939  11919836
33136005  18050071
33136147  21225086
33136208  32194401
33136187  2041000
21225086  24526475
33136204  3338680
33136469  29201585
33136543  10482455
33136543  3141087
33133505  10319067
33109317  26289473
33136210  497426
33136134  11865349
33136698  7806856
33136698  20378430
33136785  32641240
15333513  13373935
13373935  1791570
33136899  509711
33137009  4171451
33136819  13635079
33135606  218384
33137078  1538663
33136982  3434278
33136986  7811163
33137153  12851934
33137325  25347092
33137295  16936319
33129502  6061565
33137504  3659304
33136601  13394809
33137519  1908492
33137563  4392446
24254545  33136739
33132725  25760195
31497554  29972534
33136911  4033224
33138039  11171648
33129293  10911757
33137495  2320069
33138067  25037724
33138093  7312436
33138130  5064927
33138223  29235807
33138109  2429511
33138447  4969171
33138388  16854280
33138507  13159216
33137830  562578
2900230  2395382
33138688  10762579
33132294  9853586
33130165  8028957
33121192  29115184
33127831  18862743
33135689  5052893
33138695  12110278
33138582  20563772
33135884  14789684
33138918  7129285
33139055  14213974
33050047  7153659
33139018  3968679
33139174  9659029
33139100  3407012
33116163  2447353
33138498  20141450
33132909  1563844
33139306  29551507
33138995  10759334
33137431  4505686
33139358  23667086
33137985  22662488
33138650  27817577
33139190  21567291
33139583  17294363
33121117  21532811
33139602  11706215
33123658  31963214
33139888  1132941
33139919  40480
33139919  12757841
33129449  469287
33139865  2375003
33140148  22458575
33012800  3665115
33139120  25224323
33140250  4660142
33133134  1344122
33133134  6121725
33140330  60174
33140453  2842928
33140510  40480
33135253  2648052
33140804  13970820
33140553  29692089
33117709  26715826
33140900  513832
33140969  20165564
33141250  4660142
33119105  32902157
33141193  33131142
33137788  6319102
33141271  1169388
33124134  13178075
33141329  33102084
33141401  4319537
33141743  28137628
33141877  2580136
33141587  5739937
33141977  33130204
33139382  505467
33142103  14220321
33128460  493376
33142369  1044455
33142066  347897
33142605  29281358
33140460  248821
33133807  500431
33140347  628301
33142816  12573816
33142523  2167916
834030  4162749
33142423  1395229
33143044  3143657
33143116  1313390
4587392  4000062
33142916  27354812
33143329  2861270
33143374  9380323
33138029  10744437
33142679  8515936
33130557  5581034
33143613  22937618
33143908  1885557
33143910  122102
33143154  17878166
33143982  10688006
33144034  33118455
33075741  33081148
33138461  18068597
33144143  18727022
33144143  367633
33139704  218384
33143365  2067472
33144011  18050071
33144466  247483
33128158  15228826
33144797  1207406
33144885  681953
33142229  1420381
33144089  466764
33144916  8783667
33145224  27027347
33138625  2340406
33143390  18381928
33145843  821798
33141384  32864638
33143851  23695448
33140483  29387137
33145997  5202296
33145951  2580136
33145912  14220321
33146094  3734020
33145351  2478447
33145501  17150183
33146439  6966216
33146174  29183904
33146217  12361322
33146533  3008395
33144499  1200214
33140304  130794
33146915  400212
33140072  29210325
33146783  30298134
33146541  18050071
33147175  32113470
33147007  22937618
33141092  1629053
33147447  4660142
33147351  5329542
33144472  3989016
33145586  24644436
33147206  32934075
33146047  18050071
33147770  32635704
33133708  33134726
33145941  33135318
33148534  24045890
33147805  28301783
33146534  8757389
33148564  24644436
33149103  3127429
33149161  446892
33148647  1055877
33149308  4181668
33149631  18050071
33149478  1699958
4268179  17343032
33148900  24054773
33150074  8533432
33109250  33111224
33150246  279170
33150100  2087370
33150308  3502493
33149299  6175139
33149395  4261133
33150388  14220321
33150214  2969472
33150398  2612802
33150255  29583849
33150258  5229809
33146244  33123977
33150668  588004
33150691  14220321
33149682  10616417
33150679  28248236
33150679  25115928
33150825  204476
33150947  12405938
33151169  2508215
33151296  1680528
33129332  33143061
33151347  588004
33151455  26992908
33151482  513832
33150508  8437763
33151440  6847697
33151682  64782
33151659  24644436
33149408  2123762
33151948  5605125
33151478  3418128
33142443  21073496
33151972  32635704
33151395  20994352
33150873  12631665
23470591  4988944
10661630  15513395
33152164  19532423
33150840  24215578
33152445  13092715
33152481  16588327
33152685  4716503
33152731  20449427
33152717  1711990
33152905  33150584
33150584  33144059
33152977  24342748
33013816  31870206
33153069  355167
33153102  32641240
33153188  3697432
33152894  2982376
15633007  4375578
33153303  8426882
7190058  6002046
33153314  3550341
33153691  11810874
33152842  4917664
33152090  1525126
33152215  16906686
33153771  25269679
33137397  17437408
33145885  1313120
33139955  12160304
33154153  17093935
33154279  7123525
33148376  283537
11385130  4610973
33154273  22121257
33154557  873864
33154719  1928909
3537434  14220321
33154713  14220321
33154884  6566768
5245915  2993563
2611980  2993563
33154133  33115915
33155090  22220310
33155242  16959576
33137472  588004
33155254  513832
33152194  33147118
33155329  518000
33155154  19510656
33150184  16633893
33155411  3824351
33145652  26019025
33132679  23446484
33155691  4775722
33155633  12842003
33155938  12080139
33156053  18842779
33154569  17150183
33154569  19921842
33156114  3881434
33152043  10616417
33147901  30729976
32056451  30729976
33156243  14071479
33156706  8880603
33156903  3737139
33156034  25425130
33157005  1335786
33157161  10501503
33157153  240178
33115052  24151391
33153527  8028957
33156583  768431
33157197  33126750
33157380  3921836
33157518  4261133
33157638  1812990
33157637  6729605
33152526  691307
33157393  25198778
33154898  9102422
33156330  31522906
33155382  6191621
33157874  8273313
33156305  13923297
33157987  20002503
33157676  12645083
33157749  29413389
33157596  3822650
33158278  17493759
33158477  25337676
33155237  15612004
33155288  32970636
20901000  13928057
33158870  24176008
33158862  2393906
33156294  2308188
22267601  2393906
33154475  14670770
33158559  2612487
33157271  27655449
33158723  1732348
33158243  33069573
33159001  1080556
33158735  22937618
33142685  27054560
33155519  8908647
33159232  12160175
33158849  20773850
33159281  4660142
33159332  177189
33159416  3838855
33158381  16777869
33159602  40480
33159658  32635704
14644544  14634592
33158654  33155327
33159892  218384
33159728  11656532
33159911  14220321
33159668  11434091
33160168  25270240
33159574  26205376
33158279  8228281
33159678  3744178
33160477  263151
33159907  8101585
33160326  2811319
33160680  4261133
33073365  24644436
33160803  18356795
33160902  197893
33159181  4261133
33157406  182287
33161112  4479683
33161087  14976331
33160857  13102045
33145821  18173482
33145821  10341151
33161474  890128
33161512  495021
33161591  8128
33161504  588004
33161249  33160012
33160012  33159023
33162031  9085839
33160950  8215065
6764465  1338728
33162304  22182669
33162404  12613191
33156728  27592837
33162102  15601430
33162306  30723211
33161713  12069624
33162556  24836526
33162469  2655476
33162682  1484347
33162863  11626786
33144327  9210844
33162495  2277430
33163125  750486
33137417  4166966
33159900  16749553
33161238  29776035
33162467  7282153
33162597  6127328
33162846  24134849
33163314  16117490
33162994  15284943
33163450  203198
33163488  203198
33163437  10421436
33163568  409370
33163781  33142296
33163730  4660142
33124914  8270464
33164075  23859639
33163808  2158395
33164204  10428720
33164013  4329092
33164071  6264249
33162717  4968406
33163729  5605125
33164360  12344795
33164446  499829
32706465  499829
33159082  194852
33158323  3469507
33160740  543580
33160740  4350060
33164272  13780736
33163814  19329765
33164986  3336709
33163361  4790503
33159277  4528047
33165306  3434278
33160630  32648371
33165382  7877529
33164520  33158471
33165803  15479928
33166002  12573816
33165759  1343890
33165759  3407012
33166232  5821075
33161390  18501683
33150032  14580267
33166680  203198
33166682  1169388
33166732  895444
33166887  13944956
9554252  16888339
33166744  10354857
33167314  8898925
33167554  218384
33167400  9594130
33162963  28988260
33167342  28053283
33167706  20237474
33167046  26321182
33167933  1071962
33168063  1958636
33168119  2467609
33168064  25921204
33168311  5623838
33168328  168214
33168383  16874176
33168537  30612992
32866660  2835140
33168754  14220321
33168154  249468
33168797  31613748
33168785  10796160
33168420  22252904
30365346  3737139
33165038  218384
33169297  14220321
33169116  5805986
33169315  13818128
33164820  3577641
33169471  949433
33166891  24644436
33169479  18050071
33169619  3678869
33169728  13102045
33169790  4570366
33169905  6137172
33169495  1978456
33153847  7903684
33122481  6258047
33057111  4063778
33167201  924394
33170442  1063007
33080879  9583353
33170704  166221
33161282  15737408
14392207  2280064
33170764  33168234
14050431  3670323
33170661  14028959
33157565  31296244
33170219  6847697
33171071  5513881
33170982  14220321
33170239  15789766
33171233  5200209
33168433  165779
33168433  24257327
33170908  25210690
33171515  18742998
33170636  33146544
33170821  27825013
26488243  26424478
17996044  24644436
33171853  750486
33171419  6421127
33172041  2265503
33172283  14220321
33172262  6639713
33170759  12202656
33172441  27721008
33171875  3671404
33172606  290884
33172338  3577641
33172751  594325
33172751  6676488
33172685  1373164
33173067  17973278
33173082  11708092
33173330  22078219
33173275  4075802
33173265  383947
33173213  3828835
33173180  19411055
33166565  456367
33166565  22377447
33173684  4261133
33173710  17649875
33172914  11035532
33172577  14183611
33173881  12010362
33173918  3272019
33174295  5926103
33174426  23057549
33174419  2591098
33155243  33153012
33174452  14933771
33174488  6441218
33174133  19034674
33162323  10687627
33174740  5374311
33174829  94794
33174858  17142088
17004003  7379915
33160371  1741490
33171981  3072233
33151787  31939827
33175263  28748650
33175235  9396651
33175634  32752486
33117822  356666
33174545  23713928
32975904  15867444
33157517  749954
33172985  983354
33175900  18050071
33175533  218384
33176173  8332144
33115405  33114074
33176276  203198
33176364  32501627
33175310  33155486
33176415  1680528
33176415  2714573
33171591  265478
33175519  4642924
33176809  30454635
33176670  27673674
33176074  19680616
33177077  513832
33177037  7653797
33176885  21633115
33170885  1575141
33174791  19998474
33176451  18050071
33167186  396143
33177543  11312316
33177719  6219263
33151836  22397861
33177712  1129216
33177226  33108315
33174660  2434458
33174660  19262141
33177730  1732348
33168862  15229194
33177832  3333974
33177761  4807709
33177851  946518
33177868  215497
33177970  26581528
33176640  1451009
33172330  25892594
33178120  1602934
33178171  750486
33178220  218384
33178098  3579153
33177670  12179593
33173372  33169589
33178040  6242955
33178040  9749598
33178288  7482360
33178335  3446216
33178553  11366064
33178668  625799
33174147  6913512
33178341  28884898
33173707  21412097
32940321  23944657
33176707  16342936
33179140  4532236
25552381  24653329
33179238  847209
33179298  3255993
33179418  2973202
33178072  26198860
33177812  9827095
33175545  14749966
33176982  111102
33180062  20953905
33180051  32635704
32889853  29249986
33180196  24644436
33175791  218384
33180256  18100097
33180259  33177891
33180334  11504860
33180408  7527849
33180098  5605125
33180396  501816
33180180  2666898
33180439  7605594
33180581  123559
33180424  7469941
33173945  10761166
32704918  11892380
33178430  904046
33168569  447560
33167440  12301358
33180893  33033897
33161589  7320315
33181198  25700887
19873767  19792274
33181394  4616694
33181555  5121495
33181563  6343166
33181726  31082692
33179241  23154056
33181911  4802015
33181871  12954806
33128570  5525162
33181933  33180921
33175927  732864
33181982  21465838
33181983  33160190
33181494  11253027
33182181  7936572
33182137  11060213
33182424  13102045
33182488  22937618
33182383  31900428
33170716  22505674
33182327  4261133
33177476  638975
33182869  111102
33183054  1934886
33183080  16641119
33181921  16089786
33183377  12817272
33183742  30333938
33183892  513832
33183730  404232
33183730  20297594
33182214  24034043
33166231  33119842
33183375  33181769
33183788  19684638
33184348  19870293
33184335  1197575
33178251  17364127
33183108  5387174
33140953  13499928
33140953  2745265
33183957  310870
14104082  186799
33181035  29088502
33175621  33173715
33184159  218384
33183773  218384
33178053  17407232
33182292  218384
33178586  572897
33184789  495021
33185072  218384
