33185167  40480
33185077  22937618
33180048  12573816
33185274  14032682
33185172  8106159
33185585  30731785
33185491  7396849
33185824  2698259
33066323  7774814
33183966  24017830
33185961  18164944
33185961  14074329
33186016  283816
33185305  20325763
33186148  26248268
33186284  453388
33176743  6486289
33186549  218384
33186625  33161345
33185913  4687835
33186893  19108902
33186904  13649471
33186759  2983139
33187075  2612802
33187088  2973202
33183479  24644436
31822410  3249524
30253787  29298638
33187456  14220321
33187459  279170
33187659  9541351
33177747  7949752
33187830  4261133
33187797  26572901
33187827  18220181
33187886  45015
33183827  14220321
33187850  218384
33187513  18096361
33187491  25921204
33187491  25678373
33187945  15098642
33187724  5387174
33188120  22937618
33187972  12573816
33188143  1308899
28470536  21596281
33188342  10943137
33188367  27081062
33188474  13853386
33188505  18050071
33019965  9559372
33188603  218384
33187836  518000
33188615  4706499
18416149  3166951
33188589  750178
33188589  7624019
28493268  17384489
33055973  279170
6894429  4438128
3585556  2197741
33187957  33180152
33188903  6523791
10611806  5118894
33189431  25192108
33189522  23205426
33189589  2770321
1464353  1075827
33189643  25706216
33189809  12950479
33182534  12799719
33190280  13757109
33190147  3796025
33190314  3371902
33183226  32746536
33190156  2784514
33189877  182287
33190179  2182246
33188412  33181973
33190262  33181973
33185364  11503151
33189385  203198
33189362  4261133
33188970  279170
33190660  16877431
33190545  2400284
33190857  12573816
33189049  4543936
33190872  8379596
33191012  3446216
33190863  32868704
33190784  3639695
33191268  332030
33188881  288739
33191358  29330738
33179948  22881301
33191428  2167916
33151636  8470070
33191034  33045710
10322175  13550662
33190324  218384
33190829  18050071
33191675  30680938
33191723  8641888
33187420  30094047
33191961  2211915
33191952  11367727
33191918  7996695
33191994  3038033
33191823  21122540
33191093  33190807
33192271  1938101
33192366  6847697
20430119  50096
33186968  12301358
33180938  33055570
33192826  8567082
33192799  24644436
33192846  30546197
33192952  22968931
33193025  4856717
33192983  16154792
33193021  5424716
33176851  1908526
33192937  2192049
33181954  27746467
33193403  12953127
33193423  15300550
33193569  4261133
33193608  33184693
33193596  14871706
33193683  60174
33193951  18050071
33193374  8548030
33194141  3528420
33178270  32099988
33194176  4465488
33194123  27261102
33192547  32421702
33194131  21190300
33194292  4901128
33194259  3183818
33194375  22127960
33194396  13358672
33193526  18679576
33194561  513832
33190502  33184299
33193571  12423614
33193571  2335160
33194521  18679576
33194544  27189338
33187387  20039765
33194702  201183
33194921  513832
33195107  10880813
33186596  4669178
33186596  32610663
33195099  13312602
33195284  2593637
33195334  843632
33195455  10880813
33195403  1207406
33195473  33195226
1074059  559844
33194689  18070629
33191648  9511147
33181753  24627020
33193382  8830772
29046346  1019740
33195476  2353141
8691800  1237085
5234749  8470070
33190018  23294658
33189964  14899506
33195598  337704
33189208  1019740
33189489  29308898
33184502  3840784
2255444  564695
33194451  28304005
33183064  312443
33172609  1912434
33171410  6926928
33170134  4015417
33170134  13816849
33168828  12790328
33159106  4836710
33159106  19366517
33195934  806000
33195611  12110416
16003302  2353141
25418499  5929107
33196291  1904314
33138828  20449427
33196288  513832
33195362  32988099
33196294  24232799
33196480  1855459
33196590  14737980
33196639  33157221
33196681  5984719
32610663  4669178
33196652  767999
33191023  2864840
33196847  8725673
33196946  17071504
33196946  949433
33196901  3133909
33196999  7902228
33197038  336859
33197022  6754551
33196960  13113737
33197188  6993963
33197500  12573816
33197498  33186562
33197048  1495487
33197591  18060667
33125447  1615559
33196562  1685860
33197677  452902
33197915  625799
33197875  18050071
33190134  7851321
33189883  33048435
33198131  218384
7450803  3076414
33198258  18050071
28854869  5857240
33189806  21243955
33198315  496440
33198356  30529367
33198179  9492249
33198452  1243599
33170244  30262415
33198577  19998309
33198577  19998454
33198611  2973202
33198641  30680938
33198775  4261133
33198744  722270
33198902  33188726
33189340  3144235
33198995  940905
33199226  13102045
33199031  11433432
33199407  664432
33176327  8212699
33199490  14177757
33199428  60174
33198929  5615296
33196677  27817577
33165631  7952762
33199713  29337304
33199254  10678918
33199704  768431
33199631  218384
33199003  31193804
33199916  28395222
33199838  31925291
33190003  33187177
33199969  2010892
33192584  5284147
33185512  4712874
33182915  3577641
33168332  4231382
33168332  1732348
33161232  33160344
33156826  10306690
33143103  328356
33154377  357560
33145084  17439917
33131631  19245205
33103881  4505381
33098241  3068091
32949095  13818186
33200252  3682615
33200180  30730387
33200375  901115
33200395  9536714
33200592  12859942
33200629  13883917
33200451  5357230
33200580  21567291
33200209  4272478
33200565  11799300
33200916  4660142
33200963  15922749
33200951  29140402
33200992  1913343
33201237  10028589
21812532  503093
33197487  13201749
33201195  13102045
33201333  9587287
33200745  17498216
33201029  1013112
33201517  13405822
33201582  513832
33201123  33186302
33200149  18862743
33201667  8745597
33201723  14156190
33201750  18409239
33201853  24644436
33201918  5335273
33201979  33198672
33202061  18962441
33200311  10793017
32525463  31296136
33202155  13102045
33202170  2612802
33202172  4764110
33202172  1275735
33202270  27081062
33202318  4660142
33202430  22312792
33202477  22937618
33202476  29297633
33202619  4172722
33202650  33193467
33200770  33202613
10932402  12266264
33202878  33071558
33193467  26999820
33202897  32010172
33202882  14159569
33202910  29404980
33198724  33196173
33195013  9276163
33203327  4261133
33203438  2538380
33202761  18994685
22052430  18994685
33203516  336859
33203390  16959576
33203540  2508215
33203528  1564832
33203674  456713
33191166  9109073
33203660  17498216
33203843  14220321
33203779  894860
33203944  105770
33203975  203198
33203462  22937618
33204227  29870019
33204123  3446216
33204240  29392554
33204324  4261133
28478978  20965477
33203707  29914724
33204232  33202665
33203227  2263975
33204495  218384
33204527  14291636
33190971  3859288
24807159  2552853
33192102  32919515
33202078  27211012
33196577  14866539
33204773  33202814
33189792  23588123
33201318  25712917
33204938  13700261
33204943  231767
33193614  11217681
33205035  12573816
33205252  9772657
33205294  11321491
33202119  9554636
33205288  27194728
33205375  18320847
33205398  61605
33205432  110157
33190334  630808
33205513  30817417
33205521  5996881
33205653  5827991
33205631  513832
33205726  6117733
33205840  7507289
32617770  32269064
33185754  10734746
33204130  26613971
33205678  1953377
33206156  218384
33206183  203198
33206264  28360148
33206267  1206019
33206508  14794930
33205772  28523262
33195133  2530
33206384  5967022
33206712  588004
33206664  5956993
33204027  30414381
33096698  8567114
33207062  1930459
33202782  4660142
33206287  3226605
33207253  979141
33207209  20449543
33207370  11508463
33207247  32276116
33207432  32891755
33207533  14220321
33207477  30083949
33206944  27451977
33207565  25323560
33207558  10067465
33164977  19102000
33207604  1226161
33207990  1063007
33208055  524508
33207398  18448180
33208184  33202771
33208249  30680938
33207096  18948990
33208324  426258
33208211  15268864
33165955  902408
33197905  30351256
33207686  33198432
33208708  23542794
33203832  6343166
33208763  7975935
33208932  12769982
33196395  2114757
33208896  2723397
33209006  513832
33208403  14810037
33101335  4796872
33209259  2033912
33173392  31726561
33209379  409784
32003406  31907000
33208692  14245396
33208947  16276557
33206548  25694423
33209359  19896870
33209553  203198
33197393  20092675
33209650  33187288
33209385  19360835
33188208  9501604
32969392  30197700
33199944  28236228
33209273  18748042
33209713  2070293
33209894  12318164
33124006  32592291
33205623  19491670
33205623  25411819
33205961  8370675
33209813  4732415
33209887  8573250
33175054  14250593
33175054  33120370
33210269  1388059
33210269  803783
33210076  6525660
33210189  25454374
33210513  6504336
33210462  15439919
33200965  33199376
33207112  6712470
33209535  14164386
33210639  29841137
33210399  14401652
33210774  3577641
33210814  3514432
33210736  1304897
33210753  9885067
33211107  28875309
33211151  4456581
33211145  6453420
33194830  2422468
33210667  12573816
33211404  10660435
33199942  33197520
33208725  1846202
33202739  13785121
33211807  2908095
33211383  882712
33211898  18050071
33211846  1298322
33211953  1395551
33212019  17603551
33210851  6229769
33212600  13039392
33212695  11648227
33212760  2376334
33212760  9365318
33212544  4179489
33212233  13338339
33210842  12634315
33212809  33116941
33210726  18379238
23340548  23114374
33211893  3280141
33164625  33168408
33213339  203198
33212696  11126203
33213285  33157671
33212580  279170
33210409  2973202
33206101  18050071
33202771  15498368
33213100  520328
33213502  7371903
33213455  10097887
33076141  5100728
33208511  18298864
33208112  8470070
33204636  33201697
33209139  8186291
33213868  1868173
33213941  8054989
20366522  29869757
33147332  15211568
26724860  15211568
33199865  2464959
33213576  509211
33131550  6890170
33214100  8410294
33214132  13967063
31920866  4063141
33214065  21225361
33026546  2906092
33214275  33113810
33214393  4443218
32977074  17805785
33214406  4073923
32943373  23349957
33214620  1390607
33214603  31932815
33214600  33210938
33207589  9492362
33213508  26580516
33214841  7999148
33214312  935098
33212308  30111397
33209060  4231382
33209060  1732348
33212988  4240620
33211233  11209016
33204068  5601647
33195709  8592488
33214993  30904569
33183276  1505402
33215578  4965966
33215127  32584850
33214314  169378
33215713  4261133
33201858  25395016
33213250  11420448
33216157  3062005
33216124  31234053
33216146  5214578
33216343  32664
33216317  4313841
33214059  27537766
33215647  12113699
33216553  12199051
33216558  18478385
33215918  40480
33216726  33149332
33213280  8470070
33216881  750486
33216786  22827546
33156924  13968309
33217067  4244896
33211636  6942273
33212686  6012157
33216663  28790985
33217248  9001509
33217253  18742998
33217044  5385933
33205547  19171754
33217287  416345
33217407  16148007
33209302  4449044
33217267  2310498
33217427  29190924
33217574  33212270
33215132  2808973
33217602  753645
33216675  9463318
33215574  25148136
33216932  1096700
33209100  33204408
33217693  493386
33217078  32275763
33216994  10645994
33217854  4261133
33217532  16830142
33217545  1766941
33218015  33210098
33217995  22444779
33218157  513832
33218164  18852059
33218051  9413737
33218236  2973202
33218279  33218032
33218541  21982987
33136736  703396
33218516  19796536
33218490  218384
26524303  2420193
33219082  218384
33219033  3079264
33219230  5588073
33219285  24293128
33219335  1724036
33218509  10372862
33219234  15031154
33219477  7571635
33219477  2701173
33215007  14492284
33219513  18050071
28359685  16603979
33219630  12573816
33219662  4701532
33219651  10419530
33219379  1299837
33219740  30163061
33219718  25345108
33219933  6270004
33217802  19198951
33219945  513832
33216402  17495407
33220049  7559121
32980575  5691650
33218616  3591465
33211637  10879206
33220452  388242
33220116  32501627
33121401  16422478
33218326  750486
33212037  218384
33220601  4660142
33220708  9145667
33216285  24834711
33220837  513832
33220649  3048489
33221061  350292
33221250  6618515
33221163  7053965
8556761  8580407
33217344  13202896
33191442  16629874
33221379  6500573
33177934  32886832
33218012  1119799
33221202  15126210
33221832  12573816
33221935  12573816
32959349  32677304
33221933  32913945
33222160  17659121
33222146  18100907
33222495  6957631
33191583  30406811
33222511  610245
33222216  11416554
33221980  11033943
33222470  16569841
33222683  2396713
33222657  3079325
33222628  33141286
33222710  9368900
33223077  22481248
33223234  513832
33211350  3323177
33221702  33206229
33223437  30680938
33223521  60174
33223703  33222183
33219521  4661557
32628102  32276768
33132947  2818179
33223909  11171778
33224016  9162926
33224131  33220865
33224051  5727
33224284  15112125
33224553  33176177
33224446  32275135
33224804  4960728
33224861  11922383
33224750  9110472
33224914  3489543
33224283  25755521
33224952  3737139
33224661  4660142
33223682  3636928
33225015  11039064
33208502  25897122
33225180  33212270
33225402  132988
33225402  13650293
33225524  9827933
33225634  32635704
33225564  29771597
33225704  513832
33225701  9246246
33225742  2616697
33225572  33225547
33225821  10125941
33225764  33224826
33226043  18050071
33226033  11853935
33225838  748062
33226091  19329237
33226371  2784514
33226427  3059333
33226467  14220321
33226372  9446387
33225829  2581411
33226678  175091
33226772  3059333
33206962  14568239
33226338  4484424
33226716  32897891
33217993  686892
33220150  3577641
32920862  32849290
33219956  2122721
33227524  14220321
33227635  6729605
33227431  4612273
33227719  14220321
33226948  19896870
33227735  4660142
33227943  2950319
33227848  19843506
33227898  14220321
33201343  22354637
33228161  8710619
33227871  4660142
33228313  4444292
33195169  14226585
33227189  1980832
33228720  4235078
33228746  3948206
33228863  10598322
33229172  307179
33228480  164194
33229220  859634
33229414  18889968
33229390  4073923
33229578  5404665
33229683  1738109
33229760  203198
33225935  6848970
33215887  5724758
33229431  25087831
33229944  20318158
33229931  17380766
33225666  1077600
33230053  4261133
33229667  15455009
33229491  3577641
33227771  32880641
33230274  398037
33230404  26549659
1033361  7435039
33215659  5820089
33231151  1041344
33227195  2658738
33223378  29172226
33225900  4289331
33225900  1059559
29333281  5478432
33231513  21092733
33217660  14766194
33231505  7736322
9329388  9366816
25226534  9366816
33231197  4839981
24493802  9366816
33231997  8028957
33231872  12573816
33217183  25770873
33231955  279170
33232351  3010840
32838166  6688659
33229042  8091303
33232593  218384
33232829  5778658
33031575  10319220
33233216  824295
33233300  737151
33233158  6792197
33233047  27526753
33231957  33228964
33233452  489258
33233243  31254725
33233116  208493
33233882  32988099
22182050  9366816
33234143  3346450
33231204  3911966
33234391  5967564
33230681  3501516
33230575  23353173
33234462  90907
33224948  16954772
33234518  321068
33234626  1647911
33219183  15108285
33234976  20033813
33234938  8372799
33234933  26818605
33233057  12423614
33235206  6441218
33235313  826782
33235269  11930644
33227636  18050071
33235171  2767212
33235370  30194630
33235459  588004
33235527  26296665
33235527  6441218
33230665  21143835
33235663  2896600
33235680  11321491
33235582  9216138
33235988  9652732
33104621  19461521
33234533  2973202
33236137  167343
33235944  24644436
33236288  513832
33236308  1299871
33236398  13102045
33236311  4261133
33236110  7771011
33236431  16413609
33236686  23488326
33236749  2167916
33235554  203198
33236785  4660142
33237095  15832335
33237175  14220321
33237081  5240789
33237149  14804046
33237149  201992
33217517  19196184
33237126  2137357
33236834  2067472
33237212  32674742
33236093  14818084
33237276  33030195
33237540  8028957
33235308  17364127
33237705  18222286
33237432  11286661
33234300  33125816
33237325  967096
33125816  2485078
33237723  33231511
33237386  10852515
13064220  2485078
33237605  2222150
7042611  1215392
33238231  18056786
33237849  27022848
33237849  29141637
33238144  1357118
33237389  4736
33238431  18967376
33232066  148901
33232168  20698547
33238437  27624402
33238323  6215239
33217543  3158928
33238859  25098021
33231703  15196161
15509098  9366816
33238941  23667086
33238784  33187291
33239109  29133563
33239075  201323
33238933  5098558
33239280  32781360
33239328  396145
33239373  153890
33225532  12664107
33239581  218384
33239422  17001417
33239711  33222168
33238088  31599400
33239421  15367287
33238059  33174093
33239997  12234678
33239745  24046952
33240290  7741652
33240494  1041866
33216712  32132059
33240705  5675637
33240873  6485810
33235136  5706513
33231849  12351244
33240824  147816
33235668  16014930
33241042  12635793
33241382  14045403
33240334  29387475
33239485  33236358
33241626  5393485
33241659  15574983
33241480  14261025
33241801  5931165
33240335  30128395
33241808  12573816
33241805  26464164
33239269  25881186
33241847  33239375
33242198  19774155
33238481  1299750
33242392  4261133
33185253  33179316
33240735  7965142
33241426  19150017
30731785  31254725
31655232  31254725
33242349  23898628
33242258  3749231
33226814  32997955
33242669  4261133
33242804  9065598
33242832  19071902
33242899  4790020
33198259  2489376
33239489  27661322
33242934  2642589
33243054  686439
33243054  588004
33243054  13699596
33241863  18050071
33243413  12201716
33243375  8623293
33242793  33192741
33242056  13788353
33243505  30114374
33243572  8813265
33243729  5661927
33243593  11922383
33243430  1822290
33243824  16274345
33243737  5211961
33243951  32363114
33243290  2298870
33244035  513832
33238271  2490618
33243988  3847042
33242913  11167430
33244189  15112125
33244449  3435026
33239209  30211
33244637  25345108
33244275  16596515
33244864  20449427
33244863  7064998
33244577  524761
33244827  565620
33239302  2793150
33245232  5844465
33242655  29695611
33245293  218384
33245062  22291282
33245422  12409539
33241165  2218999
33245448  18806192
33245619  180401
33245669  988363
33041351  28702960
33041351  1299871
33245722  3577641
33019251  1296646
33245949  60174
33239211  6940255
33238725  1513485
33246116  2973202
33242264  26618377
33245837  17498216
33246081  9515203
33229443  32372396
33246194  15112125
33246054  24058195
33246091  15303283
33241347  1909119
33246451  20002503
33245225  31252711
33246469  14243720
33245613  3669970
33246581  2763006
33246791  32349245
