33245839  2100907
33246435  10382929
4028904  2668909
33247017  44778
33244911  27770504
33246995  6559261
33246824  24644436
33246911  31885409
33247096  743812
33246421  33183835
33247329  18473265
33247404  24644436
33242942  30705750
33243388  19141911
33244286  7794087
33247699  16596515
33247593  7770760
33246601  2514270
33217696  31965653
33241367  2687866
33248128  2960772
33247906  280579
33248283  17867422
33248049  8630889
33244770  3178566
33248354  12007991
33248002  29923879
33248374  18050071
33248535  1694196
33248161  18050071
33236659  758945
33241532  7574502
33247517  30855364
33247517  26719180
33248615  268272
33248830  24496593
33248171  988228
33248785  18050071
33248879  3387622
33248849  1936944
33248988  3537706
33249115  16907992
33248925  6260575
33249296  21387948
33249086  33126391
33249353  19308868
33249172  2505328
33247814  18056922
33249199  17197970
33249756  203198
33249652  20280212
33249735  8819842
33249757  22642850
33249645  7604966
33249805  33228089
33249561  5545649
33249792  1440434
33249993  20231393
33249924  6319775
33249879  11321491
33250052  18705639
33250082  4172480
33250160  12231453
33250191  557742
33250202  4261133
33250227  32868242
33250231  203198
33250258  13968967
33250396  10693845
33250537  218384
33250738  8433459
1316889  753919
33247869  32992470
33250156  7343833
33247441  22937618
33250974  3469885
33250944  3024197
33250978  31841798
33251006  14994391
33250705  31972071
33243563  20619012
33251451  23667086
33251636  32611789
33251290  11661545
33251652  14028959
33251769  33251484
33251484  33143835
33251389  33051386
33247286  1262695
33252168  4660142
33252062  13475581
33249989  11510870
33251954  23740548
33251921  474679
33214099  14482346
33252487  1323698
33229023  33247926
33252608  5642367
33233240  32173741
33252007  10882645
33252388  5471556
33063038  743806
33253104  218384
33253118  15727466
33250942  4896315
33246578  30639785
33253510  2182877
33252833  52353
33249817  27720349
33231967  11834980
33250782  4639205
33253784  544993
33253655  22813153
33216559  12677707
33252791  6832197
33254001  24291367
33254140  11171045
33253353  21775970
33254037  32443181
33254197  21895756
33240114  7188563
33254514  32907410
33254327  5683869
33254327  11950819
33254506  2414478
33254805  15731865
33245826  12637699
33244989  6099315
33225776  1018853
33140696  29251549
33255036  588004
33199522  14763054
33254931  24171893
33196988  5733254
33168292  321068
21504455  742607
32956819  313970
33255170  1106929
33251524  12281761
33250810  11392380
33250810  7360594
33254425  31247787
33255419  493495
33255074  33252889
33255186  8411465
33255536  14633703
33255013  773
33254856  28427675
33255546  8633461
33255792  1596009
33255356  17646034
33256171  203198
33255037  10689055
33256258  237804
33256316  5466451
33249050  32171692
33256430  169220
33256415  5251520
33256625  1817792
33256667  218384
33254000  33151663
4249795  13699075
33256890  3076414
33201257  265898
33255336  1162381
33224514  279170
33257377  203198
33257614  12953704
33257607  23036827
33257416  21263800
33257657  19287461
33257375  3508605
33257635  826948
33255492  9605143
33257757  30319291
33257409  17947255
33257823  12664481
33257803  18487109
33255863  29620409
33257195  732337
33258636  203198
33258715  30199739
33258680  3135973
33256055  18050071
33258687  32996758
33258915  1411821
33244718  67631
33258103  4226756
33259147  5183733
33240938  33220424
33258937  13367859
33259440  8276166
33235774  9495950
33254076  14760622
33259648  218384
23807006  14760622
33248425  10179114
33259623  7860751
33259666  12605060
33254694  32709245
33257474  3745594
33237549  8486165
33260355  11021931
33260333  20530378
16164902  3530065
4668922  3530065
33259996  11297471
33260797  4244896
33261016  6475314
33261059  4261133
33261077  336859
33260613  28999906
33260832  2666654
33261223  19998454
33261235  390481
33261183  20503671
33261097  17295056
33261109  16583004
33261155  23621668
33261155  33223757
33261564  2526568
33261648  22896230
33261908  19181085
33259253  420147
33257417  16075446
33261699  4516419
33261824  23667086
33262154  9478330
33261877  113045
33262221  2276219
33262103  22986017
33254470  855767
33262068  15362884
33261771  26240370
33247542  13401192
33262584  15996545
33258746  33233000
33262287  5072166
33262721  2787716
33262753  14220321
33262503  33245665
33262837  2682510
33262886  3427140
33263108  11836325
33262979  3899870
33263003  79461
33100189  218384
33254356  17680627
33255178  1299871
33262521  15521390
33263171  27189044
33263500  23294658
33263422  6501836
33263430  2486191
33250235  5882716
33263724  919056
33060334  791092
33263895  12573816
33262678  14352290
33261456  4922943
33258136  27817577
33264253  3559063
33263707  15409625
33264448  1817792
33264309  10664856
33263716  14102955
33260680  19336836
33248626  12269274
33242488  436351
33232793  31693314
33265006  9097509
33262664  31575784
33264882  10428603
33262412  32197753
33263165  2723397
33156582  32870393
33265180  5188605
33265464  24644436
33265476  3728062
33265394  4660142
33265499  2263660
33265531  203198
33264711  23802939
33265621  12792260
33264104  5810786
33265644  3717793
33265644  547292
33265653  8720931
33265502  4643074
33265872  11612235
33265887  1628267
33265946  24841476
33265258  10553597
33266144  29286439
33264560  4293026
33266434  4598854
33235696  31478951
33264673  10148151
33266633  12059509
33266700  8228072
6087876  1842972
33266618  1411452
24961561  13883214
33266722  5026570
33266722  4353780
33266634  9508518
33266603  5711084
33267020  10186765
33267101  13241475
33267279  4261133
33267192  11768816
33267319  3434278
33264467  14822615
33262231  46898
33267432  9320078
33263367  9790584
32372859  31959098
33266793  905005
33134715  28030902
33267411  203198
33267411  2954932
33266764  16531511
33267299  1680528
33267833  17498216
33267909  194852
33268094  15450519
2682510  134796
33268114  18558156
33263170  31220961
33266539  32650984
33268533  28772290
33255853  32795998
33141553  448981
33268083  448981
33268083  33141553
33268335  13499111
33268785  4261133
33268705  203198
33268739  27632481
33269021  218384
33268430  1660124
33269221  24644436
33269180  701802
33268282  2167916
33269045  15786658
33269159  487258
33269461  11381369
33268554  7745741
33269647  33269283
33269641  32923233
33269795  36901
33269795  3394835
6019068  11740811
33270065  1267283
33270065  6466135
33264173  23398915
33264173  29076525
33270036  24644436
33269957  28727845
33270213  513832
33270246  195951
33270244  32448481
33266795  15298912
33268840  1617402
33270636  2600191
33264629  3027264
33270632  60174
33268621  24644436
33270842  29777684
33262484  24644436
33266343  32829567
33270900  20279484
33270038  22137723
33270950  14611259
33271101  11922383
33270905  2588149
33271386  494594
33271351  5654447
33271238  491914
33271534  14347340
33263074  11719804
33271549  7220681
33271541  3099219
33259327  32097870
33243914  30505616
33271771  12062481
33271682  25584830
33271785  17005961
33252554  33241975
33237906  560263
33271709  24136720
33271838  33271789
33271879  33271789
33271767  8046662
33272113  24644436
33271630  29971898
33272254  18604965
33272242  3085937
33237683  182750
33272163  18971109
33271966  448944
33272468  25073093
33272515  7509978
33272307  18658438
33201972  16420809
33263664  33255385
33272588  5900578
33272376  2438309
33271409  39742
33272988  5048849
33273082  33128618
33272156  7846980
33273282  13551778
33273415  588004
33273672  4918399
33273796  7477543
33273856  5366232
33273934  19117636
33274079  218384
33274058  901115
33274053  10442419
33273576  5431941
33274318  1814095
33274014  8665781
33274340  20890943
33273799  23392111
33274209  11362742
33274531  125319
33274413  252417
33250310  33241090
33272190  30639785
33274916  18750069
33274337  32750526
33274186  11751673
33274499  21448001
33251684  2422468
33251684  218384
33275367  417142
33275476  12107504
33275449  6854127
33275764  21377892
33275832  40480
33246838  18818381
33275908  14507591
33275948  3059333
33255767  32910509
33275887  119123
32952610  5474477
33274999  11390512
33238223  10916283
33276253  5066866
33276607  473355
33276618  1565388
33265707  513084
33277091  3163407
33275706  7908248
33277234  588004
33277304  4388626
33276573  5818417
33266606  17451425
33277310  4009885
33277443  29333017
33277495  5795534
33277720  25145609
33277681  4716503
33277678  8841425
33277871  14028959
33277888  5088682
13517189  279170
33278039  5248749
33277614  12527446
32881680  12448175
33278099  33720
33278511  5824962
33278590  6892616
33277297  3164505
33278637  3127429
33278451  6817262
33278445  4652095
33278280  24662289
33278925  32904217
33279123  4616202
33277808  544993
33273494  27661306
33279256  4660142
33278550  12894795
33278138  10553649
33279198  9122078
33279328  9245131
33279343  8115722
33279769  12769982
33279785  1975128
33280006  7530560
33279956  30680938
33276945  30680938
33280247  182287
33278027  197190
33280395  18880654
33277970  3917250
33279229  24644436
33279043  13854425
33266569  6677035
33272337  33273592
33280983  6670360
33254696  25955204
33280970  33219831
33275792  5988067
33280651  4261133
33280651  21044798
33281401  798854
33268987  33279088
33281892  31940103
33281856  7530560
33269423  26607330
33282041  986006
33282139  18617723
33281797  218384
33282276  5121495
33282370  1613341
33281521  33279684
33281916  1028248
33282105  13143268
33277983  556153
33282439  23584120
33173835  21293543
33283248  11321491
33283375  11967479
33283388  13102045
33283374  29236227
33283548  7569335
33283030  31254725
33283073  8212699
33283741  20057497
33283203  6335975
33281652  15498981
33283999  5287538
33283740  6227373
33283662  28065267
33284137  32870855
33283679  10232017
33274982  21557913
33281453  3577641
33284394  16824749
33284524  931092
33284639  1195896
33284785  400257
33284859  17498216
33271321  33272130
33284409  16570960
33285120  30658439
33284841  5519956
33284790  26497751
32718456  4317586
33285558  10714251
33284814  13337338
33285241  14028959
33285619  866061
33285420  232535
33285791  7469983
33285192  1248292
33286194  14220321
33286349  5466451
33286305  30716354
33286293  33022387
33285856  10489211
33286523  4996793
33286584  8572952
33286247  1759300
33285865  11805291
33286618  33262343
33286672  22937618
33286579  15117416
33286706  748062
33286759  3728062
33282680  8004237
33286408  4074648
33285690  32276768
33285602  2167916
33286938  5110249
33286822  11061594
33287102  4261133
33287139  13955208
33287280  8253789
33276216  218384
33287421  949433
1373426  16774521
33103633  29193806
33287581  32799440
33287581  394767
33275304  32644622
33286745  29841064
33287754  21187329
33287923  12775920
33281546  26739774
32678441  32676683
33242152  18050071
2825509  572768
4840504  572768
1537223  572768
4532733  572768
33283597  33239720
33288165  11728846
33246427  6694430
33033512  5078239
33282342  15745042
33288448  18050071
33288442  5591593
33288386  3823211
33288567  9617348
33288733  4660142
33287579  3481828
28371631  32112759
5196371  194852
33288921  17047515
33288539  13685633
33288035  1816673
33289032  12573816
33288870  18571223
33288838  17905827
33285973  21761027
33289216  565620
20666658  9428573
33289457  28887780
33289637  25287722
33289554  16573306
33289423  14510711
33289766  180172
33289771  2243369
33287932  33273917
33290014  32641240
33290064  20964269
33290264  20235217
33289909  21697024
33289988  9395911
33195075  13506630
33290738  5078239
33192890  31083669
33290863  240178
33290574  5562370
33290859  18877022
33291047  2265664
33291087  32526526
33287560  4660142
33291105  4261133
33291166  1068834
33291117  8189466
33291062  806000
33287141  167304
33291263  3351666
33291283  18421891
33289333  1953239
33291387  1457863
33291299  2540129
33288998  30935336
33281186  9751406
33291632  4893558
33291649  1647260
33281962  20279484
2046037  194852
33291658  31649049
33291786  19187479
33291570  24170519
33291472  32010172
33289578  619767
12382719  5082452
33291778  986006
33291993  15479928
33291971  22878827
33292210  2674011
33292268  18841952
33291743  2167916
33292327  2902176
33292339  6117191
33292410  2146296
33292342  10054633
33292145  17162994
33292738  5034580
33292783  90238
33292684  17555682
33292962  2559527
33293110  8707906
33293054  30949154
33293251  218384
33292885  11321491
33293247  11386308
33293446  761194
33282705  14153918
33293628  625799
33281187  5983396
33293580  1143671
33293737  33179698
33293813  2515477
33293832  272900
33293926  4277388
33293935  2372719
33292402  26700924
33294242  236129
33294274  33293010
10839475  3286525
33294322  40480
33286050  6677035
33274730  33271789
33293096  9468963
33292905  3568233
33292386  30954722
27683012  27362216
33295063  199333
33295049  14220321
33295246  17514648
33293448  33274874
33295556  27272435
887628  194852
33294913  32706656
33234602  12498476
33296011  3127429
33295654  33274137
33296135  1337345
33295752  26848843
33296146  3530065
33296045  10353274
33296045  29664278
33296351  15479928
33296037  31903082
33296504  5242436
33285927  25597129
33296907  16318543
33295007  29321696
11564081  15004955
33296437  16399788
33296931  5672289
33297177  4660142
33297209  229179
33292750  218384
33292180  2626274
33297764  7379915
33285051  6229508
33288822  291978
33295265  32800410
33297991  8606390
33293590  11749376
6921506  3856435
33297225  7079943
33298315  30935336
33298315  33288998
33295543  12202587
33297926  33047452
33298320  2109325
33298569  218384
33298634  218384
33298348  12402947
33298220  14709014
33298696  27636373
33298857  33280316
33298956  18050071
33298997  33296231
33294571  15660722
33299314  16000639
33299477  1570262
33299482  30798906
33299665  20815233
33299153  547384
33299006  6901046
33300112  647769
33290624  8028957
33298719  4250739
33299693  21633115
28830094  28597017
33299351  201323
33299995  4840727
33277841  33048435
33300219  9313353
33300393  15112125
33300542  24900875
33300517  4264304
33300698  9802579
33300632  27691547
33300911  218384
33300756  4261133
33300945  2655925
33301053  29715981
33281211  31694247
33300619  4706754
33301142  2612802
33301048  23419560
33301277  1568091
33301206  3592357
33301215  827371
33299124  33016651
33300368  17860922
33297285  33233000
33301266  15620124
33301407  1129216
33227183  15065010
33292522  1824160
33299660  2118656
32711135  20796200
32711135  32710031
33301309  14220321
33301121  6491598
33301559  5554734
33301537  5121495
33301480  18096361
33301480  14604975
33301480  10820340
10299889  5138792
33301622  20940979
33301589  25883532
33301702  544919
11340478  7105127
33301757  2409237
33300537  3527216
33297349  14754092
33301967  4261133
33302017  19548921
33302115  699866
33301881  6777910
33302096  1520429
33268989  17206631
33302010  30099544
33302468  33212855
33302764  4261133
33299417  4968406
33300087  12409600
33303135  4202252
33303186  5997107
33303193  328
33303332  12032214
33303371  3552461
33303502  4660142
33303574  33285709
33303613  215497
33303473  33301398
33303713  114543
33299781  25138339
33304215  32635704
33303888  29661253
33304162  1132941
33304263  14229072
33304205  2390912
33303285  7540002
33278143  16264289
33304043  3698200
33304374  17769948
33292024  17037212
33258087  8854138
33298245  6343166
33304709  12696125
33305010  12037634
33304913  5078239
33304629  9349580
33305136  4660142
33305104  1473584
33305396  17330160
33305420  750486
33305494  21068134
33305634  15965376
33305908  19837532
33305561  29716653
33305951  16269589
33305953  20940979
33305958  18496496
33304244  13152252
33300496  21522341
33306157  5886619
33305947  10983380
33306214  17426749
33306095  1449324
33306354  24644436
33166632  23446377
33306264  18379238
33305341  33245264
33306448  2320069
33306582  12062481
33306761  33306081
33241186  5729572
33306959  19418427
33306959  513832
33306781  3536153
33307117  12810638
33307175  33293488
33298516  17511140
33307103  4067197
33304575  2939218
33300964  30778579
33296252  10273949
33307193  21719562
33306960  15637057
33302859  26106146
33268607  6768793
33307543  6640691
33307622  8101585
33306907  13535172
33307770  605845
33307959  2215843
33307906  2370015
33307982  33223567
33307189  949433
33304766  33304995
33308197  271440
33307894  19553005
33307458  434287
33308129  1720020
33302810  7333232
30182334  15341860
33306686  7373567
33308420  24963718
33307087  10202931
33308440  20646822
33304636  7490488
33308808  5739937
33268918  28274407
33308795  11693865
33309048  28388530
33309174  32635704
33309164  9650187
33308707  54418
33036706  28432607
33309265  60174
33309325  635937
33309347  32972486
33308829  26836390
33299670  5210535
33309403  33291290
33309482  588004
33309603  19782547
33309402  20845056
33309030  16704290
19846817  19710752
33310148  33300521
33310141  29719289
33310174  20420890
33310389  10042275
33310744  32635704
33310635  18919091
33310622  21708202
33310765  18178406
33303970  19908158
33310442  4596913
33310307  33310013
33310985  18986560
27709925  3144529
33311550  952914
33309260  7164235
33309260  7640987
33311719  8118679
4808612  829174
26264762  829174
33309504  24130725
33311868  16371132
33311921  22161530
33311913  24898044
33312111  6729605
33312081  11533134
33311996  2770321
33312043  29670018
33312191  2973202
33311498  7672473
33312273  20396582
33312522  17035762
33312644  240178
33251754  7201341
33312565  33311356
33312746  1367322
33312796  18050071
33312194  8028957
33312907  13365553
33312481  17417597
33311736  726761
33313004  2530663
33313124  495021
33313160  203198
33313149  11758809
33313149  822323
33304326  1207406
33313440  17246260
33311652  32663055
33308828  8788245
33313139  3243234
33313550  17979818
33313595  11922383
33313668  240178
33313527  25706216
33313663  845021
33313699  16104616
33313757  13203601
33313926  2960772
33314046  25394194
33314121  18426607
33314173  6256983
33303419  7267226
33314496  4625464
33314399  24644436
33314403  33195150
33314838  610245
33162488  33207928
33315369  25729784
33315279  33302033
33315545  8054165
33315632  4660142
33311656  1356045
