33441786  7072989
33443965  72899
33444608  17334759
33442596  717171
33444750  13591983
33444912  27664514
33445089  2268104
33444254  31601707
33445196  8423832
33445202  15146052
33442171  14299813
33445458  2184513
33445413  600293
33444154  32680394
33445644  25673392
33445644  26220261
33445581  22937618
33445796  5214611
33446054  129178
33445800  34732
33446144  3755136
33441912  24200888
33446025  19476210
33446566  32542085
33446743  33426859
33442119  29307302
33444025  2501522
33445588  70324
33446656  3476590
33447124  1442925
33447189  2241875
7823845  6077143
33447275  7340019
33446926  294138
33446921  25401505
33447140  27117764
33446231  500504
33446231  242841
33447481  495021
33447567  767999
33443743  32036049
33445242  550703
33447802  32558254
33404855  9560170
33447851  28771896
33447992  13408990
33444243  30400162
33448075  553682
33356334  1173676
33448176  14220321
33448286  1521462
33448538  4938346
33448604  24054186
33448611  9620278
33448694  9942594
33447630  9778482
33448953  3127429
33449080  7650413
33447724  7616852
33449158  4130027
33444618  31659404
33449234  18039000
33447441  4660142
33437921  30644529
33441853  6642242
33447810  18733675
18733675  4843304
33449052  2575216
33449597  16695886
33449721  7137401
9184702  3800512
33447789  625799
33449904  4616202
33450056  6038958
33448729  218384
33450289  218384
33450190  24644436
33450513  218384
33450542  14102955
33448316  25191762
33389511  12381563
33450811  33449187
33450645  3059044
33450543  6121623
33446259  942457
33433407  24555370
33450532  3021
33451088  9002898
33451097  625799
33451058  4660142
33451147  12573816
33449383  20279484
33451423  20940979
33451412  20106516
33451445  12769982
33451632  5431941
33447791  21442665
33452022  6441218
33452178  467815
33452248  1036754
33452266  18780292
33443278  2966687
33445138  28068971
33452020  22937618
33452408  240178
33451727  26470117
33451728  20547819
33452532  12769982
33443859  1049702
33452568  25111831
33451187  4261133
33451719  18050071
33452682  33376127
33449415  33450189
33452741  18050071
33452717  16959576
33452749  1191374
33427981  2319201
33452922  28569670
33452960  6807068
33453252  5554734
33453357  588004
33453357  1458633
33452972  11165807
33453421  32972486
33452924  10820340
33453385  12769982
33452854  3426090
33453498  29816784
33436739  4801753
33453659  409784
33453673  17759671
33449138  33411845
33441697  20728839
33453655  22646528
33438724  3418376
33453601  24473213
33453210  24644436
33453819  6045384
33416428  3577641
33415998  6578832
33323922  7585435
33453552  8608498
33447885  406230
33454036  6847697
33399697  3101048
33454068  6219263
33454124  1132941
33454140  292357
33449306  24900875
33453998  13724063
33454109  24943241
33454464  2973202
33454454  23178455
33454387  15681028
33452201  2161054
33454467  432493
33454752  728233
33454856  12769982
33454871  4958235
33242170  25051169
33452754  15309008
33454905  28837363
3951263  4994458
33453815  11731377
33447319  14488481
33455106  287085
33454807  30249135
33454952  1374660
33454044  18369356
33455251  1839422
33454978  2337018
33454915  20646822
33455200  4660142
33455468  25798854
33455547  5804256
33455599  33451412
33455634  7959129
33455582  11589342
33455685  21056075
33455833  7555564
33455862  33453811
33455875  9801624
33454849  6847697
33455290  2728340
33455732  15746897
33445571  19098797
33454709  11811711
33456456  6407039
33454173  32584850
33456540  6787142
33456595  31419897
33410135  17498216
33456340  1303195
33456673  18379238
1484346  1004082
33456323  16188160
33456115  8885663
33299093  14822184
33454739  25775197
33413402  33416804
33430504  11423399
32724891  19473185
33443163  627435
33440198  32167217
33429177  33296105
33456759  26486258
33456818  2063480
33455495  33040703
33456045  33341608
33457193  19482739
33457259  19782314
33456275  10133856
33457471  2377506
33457500  2770321
8069315  3895478
33457759  218384
33457817  6343166
33457918  2340281
33457614  436120
33458041  27046951
33458113  383947
33458251  7235898
33457975  26536293
33458530  24115141
7305247  4660142
33458764  12573816
33458644  383947
26226255  13852424
33459028  7092765
33458663  3413184
8420258  18327768
33458882  35301
33458695  30099071
33455178  357307
33459474  17640360
33459692  4815792
33459700  1483657
33459302  8098601
33432065  18764314
33457638  299998
33459910  7520432
33459883  30987986
33455111  22555561
33460097  3030675
33460108  15858109
33460123  22100853
33460207  10587879
33460247  588004
33460354  22937618
33460226  2612802
33460447  22640204
33460447  1895922
33460172  6343166
33460543  75175
33437073  2178872
33460563  15530794
33459835  218384
33459778  218384
33453320  32267946
33460852  14986559
33460991  33450727
33461063  949433
33407080  5615206
33459554  32341102
33460900  18050071
33458002  21507712
33461136  23416381
33461157  20329757
33461232  4057440
33461262  25040479
33461262  19447435
33448355  33456341
33460758  21759361
33461322  26962713
33459777  10131052
33461505  7591087
33461544  11222440
33461562  33461505
33461674  21977374
33461708  8115722
33461712  218384
33457435  14568662
33457435  6308933
33455096  3559189
33461661  2973202
33461786  2599149
33451511  9251326
33461800  851625
33461857  14017996
33461984  218384
33461641  31083113
33462031  1023347
33461933  10101847
33456851  30620877
25943488  4937371
33460302  4777005
33455521  14843212
33461873  949433
33461873  33461063
33462162  13044805
33462098  33415832
33462205  28681057
33462020  12573816
33460547  509579
33461652  2655925
33462151  1101668
33460637  11731377
33462528  513832
33462546  2057146
33462562  22962415
33462695  2745265
29578234  9022932
33461510  33266447
33462844  1169456
33462224  26582560
33463011  218384
33462365  10752055
33463134  5298999
33463247  363681
33463259  218384
33463241  29628538
33462269  14470330
33463289  4981671
33355403  33348465
33463076  2147592
33463421  10273949
33463546  137975
33463641  2416137
33463213  60174
33463721  7956060
33463835  2309970
33463839  19962608
33463943  30279168
33463973  13753742
33464031  8192789
33463482  12769982
33464097  5554734
33463927  3088059
33461815  1139762
33462574  14119133
33464195  4325363
33464195  481466
33462571  12848344
33461621  4782231
33464263  11364761
33464366  18038896
33464202  33421354
33462463  9096515
33464686  4660142
33458299  24904496
33464797  409784
33464545  6048710
33464750  203198
33464866  7686197
33464942  218384
33464921  24644436
33464760  14220321
33316330  976882
33316330  306400
33465124  10947768
33465177  218384
33465179  12030810
33465277  24130399
33465140  3375483
33465319  14028959
15221925  8088226
33465257  31044177
33465376  32496864
23671909  23332249
33465413  12573816
22967819  17981481
18947751  21497323
33465252  33447088
33463950  12281975
33465602  203198
33465624  33464580
33465700  5929120
16944277  28634718
33465613  6926433
33465820  1238145
33465813  29670116
33465907  14028959
33465969  11731377
33465810  218384
33464329  19068762
33466083  1577236
33466008  6843776
33466155  13077609
33466286  29648348
33466401  218384
33466270  20529247
33465444  21667405
33466495  8028957
33461257  14932615
33466424  337449
33460784  1239938
33466462  27768971
33466755  45015
33466821  11321491
33466445  1299871
33466723  15064462
33466652  20643470
33464981  23166769
33466061  33465828
33466053  12573816
33467091  14220321
33466911  28568962
33466550  2612802
33467141  4734986
33461283  3654399
33338277  5216314
33467336  11365632
33465901  6745496
33467400  203198
33467462  185937
33465342  599837
33467539  4261133
33467657  274626
33467685  5406368
33465358  142357
33467725  12573816
33454398  1867385
33467397  10367698
33464164  22602963
33467963  31044885
33468101  218384
33468254  3572160
33468342  19339
33468365  33467215
33468773  10455677
33468641  26826806
33468813  8710619
33468621  11321491
33468581  4166762
33466818  6067159
33431093  26569724
576169  222877
33469097  33466052
33154143  10321315
33467391  4127807
33468501  32170318
33469293  2521459
33468248  400212
33467997  761194
33469475  4660142
33468252  27429653
33469158  14220321
33469618  2219786
33469831  10825926
33469856  17202118
33461978  125828
33461978  11396873
33469665  26298337
33470037  3505701
33446837  16645117
33470086  29544371
33469560  33468076
33408940  13175274
33470227  931092
33470080  18967441
33470386  2575048
33469727  29711679
33470281  206059
33470487  14820203
33470201  6017460
33469715  9972549
33461799  30298548
33470842  10246418
33470985  279170
33470176  33467496
33470406  32274474
33471059  2762977
33471102  17917072
33470998  19517417
33471148  7073647
33470903  2824157
33465833  33271060
33471111  5988665
33471595  8028957
33471492  30299093
33471620  2081418
33468369  3299972
33466355  3619307
33471503  30007692
33471904  29575645
33471164  5074996
33471875  11213679
33471598  7343833
33471851  1786905
33472112  10211317
33412575  32661598
33472505  10298641
33472615  156503
33472689  8458886
33472811  998245
33472831  7594827
33472731  31621964
33471112  33430606
33473177  814548
33473229  4552769
33390933  279421
33472906  28921701
33473327  3198965
33473489  2652372
33464630  19111143
33473501  5106394
33473501  2592511
33473505  3446495
33472647  851625
33473734  2973202
33473733  25961897
33473761  28648639
17166489  15488922
33406590  27562813
33473373  2359014
33473114  13649019
33473931  218384
33473667  279170
33472488  12583545
33474166  4914296
33474281  524658
33474306  218384
33463675  7880843
33474451  34571
33474300  11049660
33474522  2655925
33474617  218384
33474304  32422923
33474418  2612802
33460430  33242324
33474553  21814825
33472814  8923114
33474339  9648937
33429035  261139
33475028  33431654
33472617  280435
33475169  33473827
33475168  4660142
33475320  28411032
33475349  7652757
33475409  166221
33474982  2860226
33474501  17364127
33475300  5836254
33475592  8880603
33475608  1139957
33475915  12798363
33476040  8593513
33472417  5003142
33434489  9428573
33476106  5679582
33476104  4660142
33476544  189559
33476236  1864701
33473552  14336338
33472350  1671605
33476543  26720764
33474782  949433
33476647  8406394
33476262  1673579
33457217  33469986
33475772  2526711
33477030  33473171
33476673  27277008
33477009  279170
33477172  12573816
33476984  12194046
33475870  22188919
33475818  9560170
33476902  30074899
33475844  32171692
33474473  1122437
33477432  513832
33477187  218384
33477519  28037303
33473899  2697039
33477849  579374
33467879  10803547
33477692  6666856
33478119  19896870
33478119  218384
33477628  4097669
33437733  8249028
33478355  16222748
33477938  8523901
33478426  5914775
31888106  267200
33478534  7936771
33478400  9418729
33478605  3226325
33473404  22931177
33471963  24644436
33465648  16511682
33475211  24644436
33473430  2973202
33472923  20316870
33472325  18050071
33460787  31097908
33450269  82726
33478655  15901030
33479102  370357
33479107  33438986
33478745  26983877
33479212  12203003
33476683  7982275
33479539  18601755
33477415  16433417
33479630  2275004
33479746  14220321
33479900  2594829
33479475  33347909
33477224  2742719
33479940  9455271
33480293  6392739
33480127  166221
33480487  4162749
33449809  32185859
33480438  16794925
33480508  28722340
33480728  12769982
33480626  24088842
33479771  21052027
27252898  4744826
33480050  6636173
33480825  1799284
33480940  7220681
33470106  1009860
32680217  21870963
33477587  19724113
33467626  2200494
33481518  3637936
33481584  3214719
33475798  451415
33476315  19111143
33481739  33438986
33477659  12146445
33481652  1759987
33481652  1063813
33481962  9189172
33480140  16880078
33481963  18050071
33482150  4261133
33438801  22413421
33481905  1677778
33482100  2570930
33478383  9966136
33472160  2839321
33480154  3418231
33482547  218384
33482549  16703798
33482708  4244896
33476591  33473358
33482334  25483676
33482334  28685326
33482711  16003090
33482780  10443819
33482483  31611240
33483147  4894000
33483174  6480462
33477255  19068269
33483324  2268104
33480820  225937
33482534  17499013
33483356  3519151
33483428  6296013
33482661  20645216
33483564  2136487
33468334  12875887
33481075  21000831
33483194  218384
33483933  19366401
33483814  16296670
33484099  8874326
33484078  1262695
33484114  3595380
33484058  6165752
33484270  5512675
33484291  7221620
33461992  29563832
33484253  26662123
33484077  28047746
33479631  3097779
33483858  4581075
33484581  19098797
33484575  16504140
33475950  28427219
33482255  11505248
33484721  5832094
33484824  29543780
33484726  18538860
33484726  2194992
33467878  33462993
33484017  32843880
33485021  6993132
33485045  20568107
33485246  29140402
33457776  32880641
33482440  32300132
33467315  16716257
33484198  33417091
33485650  3577641
33485582  29790070
33485840  16959576
33485829  5095183
33485903  13840429
33485088  1392160
33478205  33485757
33485949  6343166
33484255  24442672
33239329  24814988
33483179  32127583
33486238  2535760
33486131  5152671
33485926  16682150
33486537  5726291
33486004  24644436
33486771  922651
33486834  2167916
33486979  17498216
33487062  33268899
33487183  40480
33487191  5521518
33487208  129599
33487378  6441218
33482050  21732069
33487388  3001836
33486961  3964793
33306915  33029490
30612376  2011060
33487529  2973202
33487555  8777753
33487613  17294363
33487743  23446377
33487607  588004
33487277  6918897
33487815  901115
33487927  4825683
33487899  22647486
33488168  32615688
33486006  6337760
33488339  7745609
33488484  1763639
33488448  27929875
25126706  27929875
33484642  33481753
33488680  12292270
33488862  513832
33488353  464687
33488793  24206989
33488428  33405713
12326404  12285502
33487727  33486176
33487084  6181763
33489142  732151
33489149  6537231
12926566  12622424
33429927  33427233
33488554  4041902
33489435  28342538
33489084  5281759
33489342  33193467
33489572  1382573
33489572  324935
33489137  11922383
33489853  9253244
33489788  1930133
33489965  949433
33489961  18481688
33489983  33489853
33490117  15139117
33490128  7745609
33490048  21440295
33489675  3253641
33490261  218384
33490252  19229207
33490221  29956968
33487404  5037592
33490027  16702966
33489947  1790245
33490069  8809004
33490241  33447822
33490103  33482830
33489054  33425967
33490604  218384
33490700  4026123
33466618  27765457
33490546  123559
33447445  185937
33491003  25372636
33491131  2075337
33491525  2146129
33491136  32496864
7055146  32496864
33491448  217074
33491555  348392
33491825  1757065
33491414  12573816
33491899  13102045
33486186  1438371
33491979  10177985
33492226  10403434
33340492  33339785
33492221  23667086
15421951  4163876
33491897  5142080
33479924  2658804
33492394  1144783
33475145  28607777
33492402  3565368
33492566  4026021
33491110  8900701
33490290  28467523
33492807  6902170
33492669  1673568
33489104  4675932
33492971  1026069
33492024  33472201
33493157  8028957
33493116  256073
33493065  826948
33493256  4660142
33493201  203198
33493417  14220321
33493446  18198176
33493090  7540002
33492730  21982987
33492730  9723208
33492730  5963269
33493591  3595164
33493283  30654242
33492238  26795820
33493855  545957
33493483  16571969
33493420  3695224
33491642  2210907
33493882  12573816
33485313  22866109
33492584  1720244
33476834  2844565
33476834  32354149
33492428  218384
33494081  6916805
33493850  10173590
33493912  550428
33491856  3078701
33494278  7665486
33488879  6848970
33494330  33396773
33494343  4706754
33494117  27695489
33494455  3093365
33486568  16863640
33494798  6507982
33494181  4660142
33494947  218384
33491295  9723208
33494369  17909871
33495309  7131670
33495616  477572
33495412  32722638
33495412  30987986
33495120  11746978
33492615  32584850
33496071  4522257
20166690  120926
33496137  33495839
8239526  1938921
33495839  1297609
33494148  4660142
33496490  3755606
33406452  25788838
33484364  21785264
33495448  4721820
10850753  63150
33494822  6857270
33496588  10611170
33496484  5341202
33495652  5260680
33496222  19861642
33496222  32613064
33496773  1096148
33496686  10099968
33497107  25385217
33497253  9705637
33497407  33115946
33497807  18461263
33497216  33495857
33497956  2161895
33498176  784929
33498346  24900875
33497887  11629136
33497090  9669206
33498571  218384
33497616  12657792
33494652  15757036
33498643  4143461
33498769  3163407
33498561  201323
33499147  4174941
33499119  6063522
33497839  2266646
33493215  13312679
33499290  10979922
33499452  1930459
33482978  33392420
33499527  1534599
33499642  27806814
33499836  1260122
33462407  595946
33492924  30624403
18868695  1127431
33479528  15538925
33498751  25323560
33497662  14383736
33493289  29379332
33500108  336859
33500126  18937990
33500126  8729319
33500133  1109564
33500140  1240852
33500023  9862167
33500245  510357
33480687  31073497
33495059  18050071
33500601  2624638
33500004  5385714
33500004  101693
33500308  3076414
33501195  525592
33501206  4261133
33501185  8796988
33501185  5411055
33500604  2724371
33501338  6538470
33495767  27141419
33501472  11321491
33501271  17117413
33501562  8197049
31402406  17871926
33501735  337704
33501515  588004
33501764  19112398
33501766  218384
33311195  9486960
33502127  5388584
33501298  17282151
33499427  7395049
33502146  3339722
33500074  12975341
19500013  12975341
33450793  400212
33502297  206820
33502414  28194227
33502372  8430279
33502536  5293736
33501810  33487596
33502701  9702087
33502801  33131800
33502748  6063522
33502711  554063
33502046  5440039
33502200  4965159
33501162  33485794
33502705  24183812
33502132  33493614
33503001  32727336
33502684  8196124
33503111  1133770
33490116  33490048
33502068  6343166
33501446  13102045
33501224  12661114
33500795  11102034
33497875  318239
33498313  10630737
33498278  15985266
33493441  11366330
33427062  5481487
33211070  32688660
33482214  17670456
26468245  32688660
33484578  9293900
33492363  27863631
33503037  33502652
33493051  19039740
33492150  7076414
33491075  9612941
33490536  3572160
33489584  218384
33489464  13895867
33486353  6720229
33488228  218384
33485554  3732109
33485436  5421653
33483447  33479480
33486660  13102045
33486204  22182669
33485834  1216172
33485007  8145642
