33483041  33478450
33481059  574594
33481142  15914676
33480257  27504508
33477961  8053095
33477360  5936003
33476773  21624528
33394833  33342872
33473934  10611455
33503396  7645366
33474251  285793
33502706  32440399
33504011  4261133
33499845  1882044
33499845  8980244
33502669  5688200
33503987  2770321
33504147  10915391
33503678  22213315
33503728  25632670
24340712  25413201
33503219  8688709
33502843  5540886
33503845  26694100
33504177  1461432
33504493  14220321
33503271  9324760
33495242  6528089
33504500  5580579
33504643  5554217
33504663  19424308
33504729  7811608
33503272  33310562
33503548  5554734
33504757  6449340
33504605  29747337
33504922  16066170
33505175  4261133
33504995  179427
33505068  5554734
33504718  218384
33505367  296199
33505476  32972486
33505381  28651028
33499485  1058606
33504680  111102
33500299  610245
33505796  207947
33503269  28999906
33474453  14940657
33505981  40480
33503103  3997581
33506119  26954029
33506152  730250
33506223  12573816
33505847  3247671
33505265  1120478
33506280  15541404
33506149  33502024
33506382  840501
33445929  33444750
33506488  239136
33506517  14220321
33506615  4261133
33506353  13454295
33506650  6441218
33506379  9394291
33506738  100003
33504313  1064305
33483175  2101755
33506812  1922677
33240451  5284873
33466390  25529863
33506806  17498216
33503280  30128395
33506918  6287755
33506377  7372038
33506808  15304562
33497626  30128395
33495123  33475740
33457129  14013223
33507117  949433
33506175  7121479
33506453  22909399
33507186  218384
33500627  605845
33507021  8064629
32881666  32816667
33497718  24359972
32816667  24359972
33501099  290952
33507336  11404964
33506497  18225242
33507641  215497
33507146  3112946
33505076  18664579
11955404  3278827
33507909  4176328
33507908  22847579
33507790  1410951
33497705  13501726
1497011  289307
33508028  5335273
33508006  13332268
33507949  17485297
33508084  3577641
33508058  10021603
33508136  3163070
33508176  16174260
31874517  13127177
33508021  29140402
33508361  14330713
33506710  8261738
33501795  16317497
33508526  3794959
33499863  17537579
33508554  30849180
33508856  17886578
33487792  30983982
33508450  12266284
33508820  4261133
33508066  32447767
33509158  32559670
33491032  20054047
33509422  279170
33509449  294865
33509415  26067249
33503028  3271204
33509536  12573816
33509564  7659615
33509647  6607550
33508633  3685265
33509110  5740307
33509477  18428832
33509789  16207581
33507441  5078239
33509900  13102045
33509503  11015465
33510021  22979504
33510135  750486
33510326  1496682
33510684  4261133
33504953  1207457
33510758  3705670
33510498  2084949
33510819  11564148
26266727  1065600
33510756  79923
33511126  12713563
33511112  16673994
33511222  3280006
33510726  2985353
33511507  3408616
33511496  12194435
33496609  8899098
33506009  15450324
33511624  14220321
33511598  12656580
33511786  7181534
33511821  33490852
33511928  11563638
33511937  14649291
33511934  203198
33511724  18050071
33512248  8880870
33507397  2043461
33499954  20552662
33491081  26158411
33510838  800030
33511961  30936104
33512559  5187530
33512640  513832
33512638  12062481
33442618  25779761
33512611  2077823
33512199  292357
33512817  16089041
33510862  24399492
33512940  7323086
33510451  5174248
33491159  12459896
33509795  20144213
33512988  5740307
33512647  8470070
33511976  33509138
33513373  1301346
33513390  33491159
33513612  4176328
33513612  949433
33513644  5907063
33513600  17485773
33512868  15658231
33513539  11438307
33513884  17411106
33507624  3577641
33511180  30419575
33514034  8023306
33514282  18930527
33514190  17514648
33514869  19430048
33514876  32679172
33514456  32658642
33515033  14220321
33502509  5625600
33502509  27594731
33514854  19655184
33498368  30944590
33515018  32807587
33515138  33514809
33515219  2221629
33514915  874205
33514806  31113042
33514294  3481828
33515185  750486
33515500  513832
33515528  30614396
33488087  18215973
33515571  16105856
33515253  25373790
33510846  8748831
33515751  10445726
33515772  14220321
33515695  3676734
33515908  8819842
33515908  153724
33514906  498400
33514906  3302915
33515703  122271
33516210  4792024
33516075  1197575
33516713  20001427
33516275  16959576
33516573  588004
33183409  33097575
33517156  322749
33516543  7741046
33514352  3116907
33516952  1424510
33517559  19391801
33516468  3272071
33516953  9281319
33517035  19385136
33517313  1567443
33480145  2987433
33517753  7764497
33517226  3002605
33492742  592620
33515700  16283799
33513715  33491869
33517956  513832
33517591  54566
33517538  33504383
33506945  13236116
33518169  14220321
33508671  12696988
33518116  4535330
33518234  4851595
33518556  218384
33518625  2101393
33518767  13840429
33517766  26654862
33518730  2409126
33518977  218384
33518857  14060411
33518945  20563772
33518590  28504887
33517318  7942133
33519418  7173266
33519464  129178
33519153  3206922
33510914  2983248
33519426  26200697
33519299  218384
33519608  18369356
33520025  14220321
33520064  19726620
33520014  11996135
33520014  25072483
33520336  3386217
33520283  18020146
33520419  2529617
33520783  9932913
33420220  417142
33519771  11360030
33520846  3572160
33520172  25286601
33520905  31610889
33518978  11491161
33521139  7744075
33495225  32820792
33521289  203198
33520523  3521715
33514712  30551209
33521538  495021
33515192  618729
33518089  218384
33521837  33518399
33514366  7843355
33510411  16071681
33521839  5287538
33519862  24644436
33520480  21760969
33519857  18050071
33521792  18050071
33521955  18050071
33521955  33513884
15130159  3586919
33519312  26267809
33522337  5078239
33521173  22307259
22307259  4282144
25948126  4282144
33522383  33500134
33521984  4317414
33522503  19376297
33522487  15566875
33522628  9280965
33520076  9870974
3405885  3586919
33522077  25667140
33522978  218384
33522406  4687208
33522870  7111610
33520666  28255957
33523116  5562548
33523063  5096926
33523441  33475942
33523160  515612
33522392  33302479
33522888  15385596
33523425  9665101
33523717  4956584
33523869  18852059
33523785  12446309
33524056  31194280
33523483  33520725
4288905  247770
33509992  18207439
33509299  952914
33508666  16755142
33506273  312443
33524074  5409138
33503655  2400504
14358304  15850112
33524254  33510173
33523694  8634156
33524220  12413209
33522461  20927902
33522144  1023593
33524263  3078701
33524577  1069528
27922910  1952404
33524808  2844817
33524808  8888748
33524754  2749796
33524365  25337676
33524764  20352056
33524021  3538858
33524004  17830582
33520491  28318119
33525046  24576695
33525230  18050071
33493529  2612802
33493529  32261967
33525190  8387062
33309914  843392
30368384  9623114
33489505  2612548
33488324  20226110
33525335  40480
33510081  32395921
33525520  22542834
33525337  3505701
33487664  509211
33525785  8115722
33525750  14220321
33525764  17541861
33525777  5891538
1483721  613572
33522764  28489353
33523508  33501131
33525089  2555816
33525811  11093182
33524717  2560946
33518191  27018045
33524487  11333248
33486840  9884475
33526246  25111831
33486575  1207406
33486183  28777219
33480173  163542
33526512  312443
33520316  18301358
33525502  654450
33525502  2104099
33526122  513832
33525990  3439951
33526421  1634748
33526654  14755425
33525993  29333298
33526482  5282128
33525799  203198
33524700  22522187
33526646  10560345
33526770  203198
33526036  28533985
33526925  312168
33527136  4174941
30363449  24278803
33509796  3390470
33526937  30249493
33523675  10693845
33525496  32584850
33524239  32584850
33527342  10667960
33517257  11190668
33527494  409784
33527529  32956009
33523656  7463414
33526962  3993226
33527660  31357232
32038378  7111610
33527696  29140402
33527391  1847846
33527741  11466799
33527247  22867991
33527232  1101750
33527736  13852424
33527839  29140402
33526638  26937606
33527745  17157272
33527872  11608515
33527929  3996904
33528046  27833168
33527927  10519653
33527832  52550
33528194  4422469
33478044  33448823
27595227  6366530
33528286  5893163
33528155  20279484
33528045  1762539
33528183  17498216
33395693  12995185
31331043  7228711
33528475  2591098
33528435  14294738
33528192  33417142
33528655  3426108
33528520  16801270
33528744  7520432
33528744  513832
33528566  164163
33510845  24703096
33528429  33511997
33516483  10689016
33516506  21555585
33516047  166221
33528909  785358
33528909  6931783
33526064  29649699
33522741  3650799
33529106  29159824
33529189  12573816
33529311  309424
33528589  33527013
33529042  1732465
33528849  14872029
33527913  10816916
26273024  27338154
33528272  5592994
33133325  33187359
33530022  21230629
33493027  9819733
33530148  19192130
33530136  2763988
33526589  17125842
33530219  610245
33530447  218384
33530364  6729605
33530418  24577087
33527098  18050071
33530580  182287
33530678  1366584
33530646  13852710
33507959  2840755
33530547  9515704
33530621  11165182
33529722  33508322
33530893  33528407
33531017  8767166
33530710  8470070
33531048  33507704
33531132  1711990
33517079  25630221
33531176  24942875
33531455  4172722
33530881  29293637
33527223  2030434
33529363  14531235
33531716  3931485
33531685  661561
33528544  147181
33531556  6677517
31250174  27539262
33527407  151005
33532208  1634748
33532081  1033007
33531444  16522216
33532118  8461462
33515587  7116568
33527060  3131025
33532452  1535327
33523885  6886583
33532341  23667086
33532316  4244896
33532106  7473200
33532673  33531976
33529300  12185768
33516394  757059
33516394  13420241
33532614  3094911
33532728  7220681
33532456  24661902
33503990  31937663
33531606  588004
33532853  25668600
33533045  19226816
33532906  33399643
33533120  6487366
33533137  513832
33533094  750486
33525071  2960220
33533453  8147027
33533416  9826970
33528256  6994389
33485196  7609678
33533931  962132
33533883  13441307
32592212  5078239
33529846  218384
33519295  30731785
33519295  30739473
33534189  388242
33534306  218384
33512308  20279484
33534398  23667086
33528701  13855111
33534479  15474933
33534592  33534312
33531913  401656
33534520  5554734
33534301  30879056
33525330  3389713
33534775  28236091
33534815  4660142
33534928  208105
33534913  33511118
33534846  26828246
33532997  22252904
33530016  4660142
33535101  218384
33534421  24030193
33518963  16412866
33535225  801032
33535225  18808226
33535140  4616202
33535422  549
33535473  218384
33535532  4261133
33405878  22476795
33533666  24412322
33535113  33533362
33532204  206751
18080920  218384
33534112  19456652
33535778  7874861
33536008  203198
28622719  218384
6644056  218384
33536237  28542141
33535665  6688223
33512554  33058988
33536539  392932
33532915  17929494
33536431  767999
33536712  19393700
33531945  793924
33536583  1059559
33533432  11759769
33536945  2353818
33537086  2063480
33537239  750486
33537225  14020985
33520626  32999490
33536356  3061054
33537742  312443
33537993  2067472
33537979  17207269
33538034  6229724
31325016  25575513
33538277  4660142
33537446  12573816
33537059  32838805
33537512  11016092
33473864  23919338
33536459  319199
33459257  21955256
33538850  8909652
33538955  10553597
33539335  16178955
33538186  6848970
9171050  11505248
33519696  13846676
33539897  14220321
33533726  5003142
33537969  4660142
33537145  28192650
33536988  28116417
33536841  32711397
33540163  5299169
33539602  17689738
33540227  33286841
33538258  95967
33540168  6559254
33535008  33533602
33540883  4660142
33541003  9650472
33516867  650022
33540107  18050071
33540633  363681
33541469  21657792
33541208  17041246
33541318  24011120
33541725  104601
33541714  12932959
33541775  8428641
33542247  4660142
33541195  2324163
33541195  60174
33541898  33524590
33542632  3131136
33541993  2939914
33542931  2060364
33538792  3508605
33542615  4810664
33537018  2906582
33542920  2612610
33543295  14444228
33541480  33543408
33543325  19647875
33543517  2997767
33543602  79461
2871932  5387929
33540006  4660142
33543616  11024646
33543559  32505477
33523383  23001835
33523383  4181703
33541138  588004
33543734  744676
33543872  17591490
33543896  4757705
15246387  1817792
33544123  30285051
33544234  8602963
33544300  33539292
33541306  139474
33543369  1016277
33544662  29980865
33544673  3545292
33538631  24644436
33543747  24644436
33539087  2167916
33544641  6848970
33544323  32584850
33545327  30128395
33545228  4961909
33542788  27149034
33542171  16838416
33541116  31710768
33545276  240178
33545383  279170
33542888  25815032
33539288  32444463
33545783  15659783
25642812  4034102
33546047  2320069
33545247  27937185
33546137  1519006
33546385  13759415
33546357  20791877
33546281  4057440
33545931  3126072
33541969  8028957
33537481  18050071
33538134  18050071
33546421  18050071
33546722  28497342
33546253  25892602
33544767  17531062
33546992  10610158
33542848  33440405
33546875  8139677
33545774  29133563
33546609  7073484
33547079  6789946
33546811  572604
33547302  218384
33547047  279170
33547077  11996135
33542570  26540831
33546099  20057954
33542803  3906892
33542122  2380314
33547671  4261133
33539656  4098008
33547699  52550
33547630  4531330
33407972  25852079
33547857  31885409
33547351  19461521
33537530  28687653
33547820  428918
33548030  748062
33526168  21059950
33548038  22937618
33548080  16959576
33547913  23449319
33548103  4660142
33545843  4501353
33548330  17364127
33548231  1106377
33548401  218384
33543500  27946244
33417557  9637517
33546411  3429921
33546411  447898
33535364  26881323
33545209  1913098
3353177  13613379
33533871  11731377
33549045  3882095
33549063  2356949
33546828  31610889
33548878  17378431
17816136  6490572
33546491  13816757
33549174  19567127
33549105  6490572
33452287  33451271
33549412  4660142
33549487  30310962
33549486  12769982
33549287  1686569
33549524  6354742
33549581  4936553
33527675  24824732
33531459  33233938
33546717  1955505
33546455  3468987
33549507  25347347
33549574  21881992
33546080  1016277
33544613  1016277
33536479  16223705
33549834  8470070
33549838  1968827
33549898  625799
33549195  15422433
33550303  1390607
33550454  6729605
33550491  24853
33550505  4697255
33550390  8865458
33550636  3783950
33550440  17483782
33550692  4629
33550764  8470070
33550847  2470844
33484996  8842732
33550779  9336288
33550649  4764974
33551131  32635704
33550963  31092142
33551137  1002567
33548734  26723876
33548734  30256729
33551128  33543113
33551303  19109131
33549528  1296646
33551391  11905185
33551416  4137106
33551376  33551286
33551529  29995853
33551637  5815452
33541357  8081827
33552173  1643067
33552074  8234445
33551453  24212739
33549748  1169456
33549460  18386753
33547063  426258
33548990  929773
33552892  11996135
33551405  18050071
33553138  28250680
7787994  7788115
33552827  30416780
33553160  3059044
33552723  547172
33552411  27347772
11746970  11074972
33553224  4205317
33553268  28702960
33460627  33459234
33553172  4096299
33553517  4238433
33553390  6160432
893324  812288
1031190  986589
1405196  351565
2296912  289773
33553500  24644436
2505581  863991
2558158  1358033
33553114  7754345
5884901  177146
33553906  33553362
33547152  33544924
33553976  26332883
33173986  23345576
33554081  5121495
18401890  25041864
27453298  13042008
33554066  9723208
31368611  778716
33554455  10101899
33554498  11321491
33481563  29837414
33554695  6343166
33554622  32689753
33554569  33509613
33554976  1724036
33553756  10695177
33554690  10695177
33554863  33551421
33554931  9046741
33555103  11321491
33555094  1443704
33555091  2699086
33555078  11560339
33555413  14166000
33555087  1276847
33555462  29723458
33555542  553682
33555647  3249524
33550693  17396898
33555526  27904886
33555834  16380966
33554721  13636464
33555953  3200301
33548776  1759345
33556287  2903166
33530702  30444252
33553562  33226509
33556590  22527842
33550446  8335709
33551718  400407
33556602  18565701
33556596  81584
33556350  4492678
33556706  3914404
33556630  5073917
33556504  11321491
33556678  5967241
33556708  625799
27673230  2701698
33556094  3529727
33556947  2591098
33491467  161813
33557033  12887857
33556180  26777083
33557026  4651428
33550482  21273672
33555812  6992681
33557259  13653474
33557237  1975128
33557403  33556165
33557382  24200888
33556968  17294363
33557510  10144984
33554346  17225652
33557738  4768453
33557888  6437257
33556980  2167916
33557981  4261133
33557978  24152351
33557924  1101750
33558208  33526787
33557900  17498216
32293316  7419236
33558583  22108492
33558091  33540025
33558610  11584498
33558721  5926103
33558667  28702960
33558667  3171426
33549231  5798411
33516680  236129
33554928  9010734
33558977  96428
33558670  641280
33558073  27144953
33558534  16158138
33559147  2559527
33544672  26157142
33559570  3826599
33559669  14220321
33559792  23450524
33560004  5832376
33499336  30462042
33560170  826777
33559923  1101750
33541718  3985876
33560408  5851025
33560501  11922383
33555608  8704332
33517186  3069589
33560647  274626
33560791  750486
33560654  6736378
33558574  2765999
33561001  648795
33541894  2090033
33560723  3642919
33559276  32639728
33507428  15930138
33550456  25700671
33558532  32390081
33561556  70324
33561625  8686331
33561321  2474018
33561626  4660142
33561919  119123
33562020  588004
33562085  33541216
33562102  12111606
33555099  29775893
33562179  10769964
33544315  25034503
33562266  46155
33554857  662379
33561795  2591098
33562506  588004
33562349  17364127
33562463  4016509
33562809  14028959
33562436  33052559
33561911  4062307
33562623  8273313
33562980  14220321
33562994  31915018
33555225  2095886
33563296  14220321
33563516  279170
33563661  218384
33563687  33561882
33563873  218384
33558612  629804
33557946  33551103
33563435  2570410
33564015  6116978
33563627  1939656
33564067  5780517
33564311  33116064
33564219  33562560
33564523  14220321
33564354  17023419
33564428  16406474
33564598  6866238
33564678  509076
33564246  8494514
33564797  9498148
33564977  3889882
33565087  8595332
33565077  5800603
33565257  218384
33547654  203198
33565124  1274057
33565361  1966207
33565409  13102045
33565480  14220321
33564958  279170
33565943  33563500
33565951  33564067
33563150  23701943
33565794  24415662
33566058  33527245
33566171  218384
