33566601  10805125
33566667  33566680
33560613  24644436
33566852  348880
33561697  2167916
33563689  15659832
33567004  3413586
33567205  18050071
33567179  12573816
33560401  22519784
33567430  8470070
33567412  8328416
33567519  4261133
33567531  2079823
33567568  901115
33567598  26539445
33567008  10293362
33567689  22735440
33567779  17702936
33567891  21601858
33567891  19817552
33560424  23667086
33568114  8865458
33568252  3144610
33568569  10559465
33568608  8470070
33566200  4483540
33568697  12298975
20832826  8551735
33568860  24644436
33568200  20957010
33568845  30798561
33548871  8154202
33568748  6655724
33568958  33566747
33569232  32814678
33569322  219585
33569384  949433
33569384  4176328
33567174  1670038
33569429  18050071
33567156  14220321
33569445  23907648
33569633  12788262
10302349  4691132
791986  4691132
5103054  4691132
33569356  1889014
13997667  4691132
33539174  2339440
33569823  3418128
33563835  4964059
33559676  33340693
33569478  513832
33570146  12329042
33568124  20614282
33570417  14355655
33570447  8567114
33570507  30878363
33569462  33566922
33565543  12672469
33570691  22753160
33569210  32346117
33570853  10101899
33570010  2119064
33570935  11984067
4617634  1948152
18322541  18911070
33570928  24186453
33571156  2369440
33567506  18265941
33569952  218384
33508969  33355354
33510310  15660535
33571522  14636446
33570270  24280415
33571253  33513906
33570912  6054380
33571559  14220321
33569685  428918
33569201  11536848
33568813  35842
33569010  2036970
33571603  1905397
33569388  1432704
33571578  7093860
33571723  40480
14636446  20002503
33568293  3290936
33571442  2509679
33571442  13408990
33571442  2704521
33571803  7667654
33571937  12813363
33570866  24637893
33572242  28487814
33572402  642154
33571564  1287567
33572437  13916812
33572420  33517845
33572485  5311465
33572703  3371269
33566240  25411547
33572548  15376509
33572880  3021195
33572921  13102045
33573072  19843506
33573089  2784514
33573094  372042
33573016  12552277
33563698  5672903
33573146  21989887
33572807  12573816
33573367  26681873
33572949  4660142
33573687  504103
33567256  23405852
33573854  4660142
33573902  4970087
33574001  1063007
31724075  30781104
33573888  8732307
33565400  16854788
33574287  25733765
33569693  17447442
32834344  8049520
33574708  22255158
33572934  192367
33572728  27182323
33570878  25891076
33568117  29449297
33575131  218384
33574849  28913139
33557060  1146026
33516313  10368837
33575227  26924836
33572732  1711915
33575006  3627107
33575518  29211628
33555062  5357184
33575631  4111412
33575555  4181703
33574313  12882748
33574332  495021
33575824  929777
33575849  13091305
33575393  33573544
33576077  2559527
33576077  15331846
33574851  33047452
33576248  2973202
33576601  15613626
33576701  513832
33576806  26717728
33576878  3800512
33558182  26962066
33574068  8902206
33574168  4605715
33567867  1941927
11335271  10550102
33577110  29317640
33575853  2346253
33577249  16098225
33577332  24152351
33574782  4046940
33557159  12842798
33575311  9972280
33577464  290884
33577464  5642834
33577521  218384
33576548  11844072
33577268  20216971
33420924  25529927
33577564  21346676
33577664  3059333
33571108  66066
33577737  363681
33577778  290884
33578038  23027412
33577175  1884889
33577641  218384
33577658  6156501
33578234  19686533
33574371  32010172
33578241  5121495
33578247  492519
33578220  1262955
33576592  7089225
33578374  18795467
33578414  25706216
33578289  33370690
33578410  6263615
33578186  826948
33578551  20449427
33578580  17515096
33578284  24928865
33578622  1200621
33578645  14028959
33578547  16609722
33572912  1835986
33572912  5431941
33574326  12769982
33574762  2167916
33578916  3940128
33579026  13713528
33578090  5334465
33579096  14220321
33577791  15141762
33579166  40480
33578663  2587119
33577405  32124170
33579396  2295290
33578199  13553015
33576673  25546248
33579531  28007727
33579505  15328688
33579677  8318911
33579076  20725343
33579817  33285606
33580425  30511217
33580346  32412369
33580530  4660142
33580619  2325397
33580385  13460395
33580886  2231369
33577467  9136328
33581066  9854166
33566222  5193618
33579715  17849078
33577930  27888988
33581154  7015483
33581117  2483771
33581266  3956741
33581315  218384
33581294  4849115
33579743  33579113
33581254  1240462
33581437  15889131
33581211  26399189
33581613  20517434
16852764  7541286
33581657  768431
33581729  28941064
33581721  33580350
33581783  12166261
12166261  6365565
23204853  6365565
7027025  6365565
20177853  6365565
33581924  952914
33578914  31933266
33581912  409784
33582022  4038125
33581874  1913098
33579809  14220321
33581833  2397984
33582139  4166135
33582111  6356351
33582133  14804945
33581992  13940983
33582340  2585137
33582441  8034064
33582426  218384
33582585  218384
33577142  16441062
33467654  7122106
13376970  6559463
33582706  218384
33581667  961188
33582827  4024587
33582792  1018822
33582712  15537023
33582877  18715688
33583108  3686177
33562390  33531284
33581214  9577808
33583141  28715765
33583215  19149022
33583194  10105871
33583115  218384
33583419  33575227
33583223  7142767
33578181  30020188
33583542  33500476
33583537  113829
33582050  85190
33583664  2966687
33583527  15340207
33583591  4736
33583353  24347126
33583820  2600191
33571638  7305487
33582838  27109268
33571749  15046242
33583627  17716216
33541040  18050071
33580056  18050071
33584189  11321491
33583632  2251290
33584271  11050817
33583725  1207406
33579839  29667978
33579406  517970
33584313  22901622
33583671  33584089
33579380  20210565
33583265  10923226
33584387  5352099
26058665  10810203
25118834  15362760
33584307  22937618
33583259  10809937
33584732  750486
33584505  1559955
33584847  4660142
33584136  18877437
33584905  11922383
33584905  8951810
33584745  12573816
33584841  24087518
33585177  2973202
33585214  10806866
33585199  3422673
33585273  12769982
33585267  28354068
33585206  31219420
33585314  13102045
33585442  4978235
33585386  19562103
33584455  12573816
33585525  8551398
33585640  33578066
33585594  5293736
28874781  6465222
28532019  6465222
33578205  6465222
33585839  5554734
33585918  3661025
33585908  11601423
33540217  28792720
33354538  33285655
33585713  4470950
33585094  19732319
33586249  9466265
33586336  949433
33586336  23936861
33585087  217074
33584294  33444460
33585422  4663752
33586673  20940979
33586665  20577430
33586837  33365650
33586853  19386532
33585752  8047943
33587098  772124
33453686  20728839
33583690  181596
33587203  18050071
33586496  2169773
15459658  8978080
33587110  9544737
33586888  33258480
33587351  6399615
33587454  10728377
33584758  33507215
33584980  6050187
33587352  856636
33587751  218384
33586838  32987351
33587843  6146778
3378543  4584089
33578430  10553597
33581885  1196074
33555495  26211593
33588045  218384
33588035  21564993
33588150  588004
33588366  4843212
33588391  4804968
33588166  1114024
33588028  750486
33588467  513832
33588546  218384
33585078  5798411
33583772  7499534
33583850  6149919
33585784  5890192
33588646  13840429
33588646  16501471
33587899  11312737
33580977  4358326
33587515  12301358
33588776  142003
33588860  2950971
33588882  1114024
33589092  5405843
33585390  31472816
33588254  8589425
33588921  10367698
33588965  2123690
33589181  33587745
33589455  3714162
33588993  3541713
33589582  6159900
33588453  26713065
33588943  33589577
33589773  4244896
33589706  4261133
33584373  5109654
33588702  218384
33590161  6064434
33585182  4660142
33581445  25260044
33590352  4261133
33590421  2612802
33590542  513832
33585257  12859333
33590739  15112125
33590778  218384
33590915  339007
33591144  4367745
33591327  3307409
33585769  23353173
33586729  12662815
33591562  19800091
33587915  14274942
33591805  19663175
33590818  18995951
33315812  19245205
33592000  18050071
33592146  3885817
33591210  5435228
33591090  7771011
33591703  5142103
33589573  24644436
33590944  8028957
33592520  218384
33592267  218384
33592656  20279484
33592452  1114856
33592271  33273712
33592773  19515713
33587991  201718
33592815  1546981
33582296  12769982
33592771  9069379
33592937  11107729
33587768  3311903
33587768  18932
33591748  218384
33568343  5178830
33593249  218384
33588692  33412192
33593016  218384
33593362  1847789
33593330  5187530
33593444  5753931
33559348  33542076
33593414  362986
33589855  1523172
33592310  3302988
33593834  12573816
33593807  30284270
33593895  6457130
33588125  5574702
33588514  822452
33588514  11576036
33585880  11430863
33592432  5011395
33594080  6441218
33594092  6441218
33594155  33422640
7209031  8533432
33593612  7108668
33592461  15748937
33594139  218384
33594265  9270844
33359096  8970830
33594569  15886272
33594626  2784514
33593760  1264709
33594812  513832
33579482  11033943
33595078  19405196
33594053  2218773
33595155  19957348
33592758  1955505
33595004  364114
33594698  22252904
32986542  32983701
33593749  18050071
33593455  4261133
33592799  18050071
33595168  14220321
33593703  33133630
33595597  3737139
33595557  14087924
33595712  4646577
33589517  29761911
33593579  11731377
33595723  28600238
33595788  17499351
33595802  2025282
33595780  8848657
33595943  16951921
33595959  218384
33596209  3333665
33596238  504103
33582531  142003
33596011  33440405
33548928  33550273
33596018  4340350
33595652  11853459
18707484  26446599
19171195  26446599
16152448  26446599
19484873  26446599
19485129  26446599
12410173  26446599
33596171  1744665
20190523  26446599
33596148  8356501
33596571  2167916
33596137  1132941
33596642  8948058
33596430  20035101
33596878  14543050
33596698  7911651
33596883  10482455
33597090  6803599
32575397  33306592
33595330  33306592
33596432  10918981
33597064  7273338
33596734  806000
33597269  14192527
33597040  2345902
33597040  2976011
18554068  2435156
33588070  8647024
33597279  4172722
33597060  20601872
33596622  15855222
33597403  16719044
33597191  20279484
33597802  24900875
33596795  402432
33595982  750486
33597517  9137157
33597979  13979210
33598086  2399590
33598074  33507868
33598109  1377926
33597387  12112844
33598165  12573816
33594119  70347
33598258  8931249
33598387  24644436
27456349  16897067
7684252  6975463
30347832  20147986
33598432  218384
33598707  27937654
33598943  6978241
33598943  12573816
33598278  13435232
33599191  4261133
33597906  9025717
33599177  8175827
33599315  218384
33599549  18722753
33599549  6494508
33599544  10693845
33599587  33440405
33598706  19555297
33599614  12371450
33599879  4688013
33599897  1836440
15601874  8566090
33547578  33088462
33597713  33577908
33599840  10688006
33599837  12301358
33600144  952914
33582663  29281680
33600064  2181578
33600004  32659169
33585823  60174
33599776  9577808
33587245  27892375
33598483  6432524
33600508  4450045
33600658  15112125
33600649  20001427
33596731  11077801
33600249  218384
33599570  23559469
33600886  2400262
33600928  8790724
19503283  18688787
22452691  5235401
18019013  5235401
33592447  10404315
33601166  10988197
33601188  218384
33600901  15007727
33601382  18406652
13419057  9732950
9606638  17095180
33597131  4312439
33601646  279170
33597078  31275446
33595796  3577641
33594815  3577641
33380304  14149532
33601691  16530775
33601541  5189560
33593666  4736
33600846  10523343
33594847  12573816
17027076  18548706
33601871  31370531
33601680  33496322
33602027  11659128
33601839  7027288
33602358  513832
33602306  4057440
33602460  2350248
33602334  33359127
33174043  9002113
33602770  11240493
33597173  4705426
33603022  1472498
33603451  6486234
33604005  189391
33603346  16697768
33599435  14790014
33601984  9655129
33603086  28462342
33604698  4660142
33604958  5879437
33570179  13052390
33603575  23353173
33605005  56107
33600868  21881992
33596687  18464457
33602887  2067926
33605370  33284501
33594490  3434719
11183999  1295395
33570402  29216670
33605878  313970
33605954  684672
33605898  3300680
33605274  30010300
33601699  218384
33606078  28802880
33606248  32390338
33606225  29041027
33606240  8737054
33606226  17447442
33605038  490091
33606661  13029299
33606707  1279217
33606901  3409053
33606917  1086404
33606715  3924079
33565825  17727477
33605586  28227095
1793735  52950
33606925  12924221
33606681  203198
33607020  33606661
33607431  30955889
33607506  28241002
33607445  68651
33607628  33334192
33605500  9671620
33607783  29358762
33607908  18152065
33608004  977796
33607753  2674707
33607961  33594736
33608175  1181246
33608297  24898044
33608091  403967
33608265  33607379
33608019  3875184
33605086  356809
33608236  28498660
33608414  218384
33608380  1395551
33608376  14386
33607970  28878005
33608451  26377470
33608608  406230
33608590  14229072
33608761  26714235
33608949  33564131
33608837  18359093
33609152  23188900
33608382  837872
33604057  26535113
33609220  20035101
33609310  513832
33609179  24024376
33609230  3523145
33609129  614739
33599385  33587661
33609578  24707399
33544343  20449427
33609901  3444439
33598478  33030660
33610257  27522581
33610320  21593286
1620146  1615252
33610402  14494375
33610450  2364982
33601449  4660142
33610597  2657864
33610776  642154
33597238  4660142
33610788  232535
33610788  2107845
33610902  236129
33610956  773184
33610931  6441218
33610701  33599058
33608187  32655874
33608123  33440405
33610162  2864840
33577009  1105253
33611351  11433402
33611437  14150628
33611039  513832
33610790  2403990
33611700  9749598
33611937  494035
33550993  5559357
33612064  18203112
33612235  13313440
33612268  14028959
33498252  16537282
6737651  6717067
33612500  19226816
25826752  1251999
33612259  6211023
33612621  2376334
33440733  22763839
33605552  26895349
33612833  5945209
33612799  4660142
33613200  16959576
33612736  30798561
33604121  32584850
33604721  6232432
33613093  32025915
33613394  588004
33613525  4945178
33612911  14220321
33613455  29324075
33613839  11989261
33612709  28301595
33604657  999172
33614029  13748124
33614062  8098202
33614098  25050309
33614239  15146052
33613715  5388832
33614294  4011075
33609694  25882503
33614386  25706216
33614370  3322911
31162941  30463357
33614073  1260112
33610620  259529
33613290  23327293
33611513  1223354
33613958  1243599
32236163  31386631
33608423  3551821
33614605  457629
33612394  20889614
32996542  15091790
33614733  19998454
33615334  13878759
33614897  3042961
33615169  28348429
33060327  33061245
33615437  11731884
33615727  1330339
33615775  22591499
33073348  33072616
33615627  14769947
33615440  30091152
33615998  15112125
33615111  1643320
33616034  147454
33616134  5121495
33614038  4093359
33610954  17517106
33091999  33074062
33616193  27143936
33616459  48239
33616583  60174
33114769  32546455
33601296  27478243
33616342  10962344
28911630  28713231
33616762  18898039
30521498  9606159
3036087  652857
33617166  6670738
33616081  7191449
33616233  19603034
15855021  2586591
33617366  5121495
33617364  6295141
33617029  9165922
33616615  3512234
33617337  5824755
33617483  32010172
33616846  28051559
33600849  14553417
33595547  33330627
33617668  26007453
33617837  29055497
33617942  907360
33617912  1129521
33618093  32656095
33617652  218384
33143775  33141608
33618189  902713
33618528  4818693
33618705  32121729
33618703  33614420
33618733  3791123
33610281  3311903
33609997  279170
33618908  18050071
33618952  9436219
33619090  18326738
33617956  11311374
33619561  4660142
33619362  23667086
33619617  439485
33619491  5144491
33618934  23022574
33619510  1168807
33619708  13785383
33619634  1137575
33619634  17148766
33618365  979975
33619757  32203230
33619798  26224016
33619993  25254091
33619759  17693652
33620115  20251855
33614865  21251714
33614911  20077487
33619954  29138591
33591431  24129089
27719280  27717591
33614846  33535790
33619962  18609554
33590278  218384
33620356  29351588
33620462  19896870
33620369  9847054
33619292  16168204
33620240  750486
33620683  16203088
33620779  25080276
33620843  23230044
33620857  31062635
33620192  22252904
33615413  5164930
33620509  15640694
33621250  15112125
33621367  6800590
33621324  29011823
33621063  15692118
33621486  25706216
33621556  16290160
33461981  33465199
33620771  3331962
33615453  21163828
33621688  23667086
33619970  21991103
27417125  28334506
33622049  11801898
33622032  24504582
33622278  1085801
33621977  4261133
33622382  2819535
33589905  30437737
33622493  23546506
33621998  6027271
33622581  69192
33621390  15934353
33622332  11684691
33622542  5032844
5995982  3332074
33622999  4968406
33619610  625433
33623146  20275325
32227051  20275325
20275325  11280277
33619478  3635166
33623185  33616394
33623248  31471444
33623370  33603477
33624031  203198
33624000  3009745
33623900  8458886
33624187  33611706
33624012  28668138
33622757  1137161
33621928  33621683
33618345  1725476
33622933  31964909
33623506  3088059
33624611  3311988
33620972  2422468
33624878  513832
33605617  15365871
33623206  8004237
33606548  10096300
33625021  218384
33625264  33620732
33625293  10482455
33613173  95967
33625216  14220321
33610431  10863613
33625310  9711076
33622861  218384
33540637  768431
33571881  32880641
33625256  7856306
33622884  27206327
33625150  4088080
33162631  33138056
33625498  3393521
33625730  7346563
33592930  33455204
33168183  33117529
33621704  2715847
33175633  33181123
33184610  1120689
33626133  12499069
33626196  2765510
33626509  2016901
33626440  1930459
33626624  2043007
33626804  8560348
33626716  22866336
33609750  2005079
23659594  27963363
33625960  22850026
33627608  2076299
33627613  31764532
33627334  33625114
33627143  7674786
33627753  31310189
33627807  10901334
33627681  2876357
33621060  33107500
33617876  33606233
33625652  18643939
33628430  7301110
33628454  25249961
33628540  8426461
33627562  10828964
33306306  15469974
33628856  11178673
33629032  2421911
33628674  3786104
33629151  4997493
33629151  10422949
33625803  800730
33629010  7438059
23604335  4227043
33624806  6995572
33629342  1867861
33629212  908672
33629212  27422154
33629462  12179271
33629617  4176328
33612740  6406482
33629742  33528337
33629749  23640136
33545335  1371261
33629860  218384
33629839  4660142
33629401  8868604
33629535  6289149
33630153  4183948
33630153  10879045
33630379  21003311
33630379  5559467
