33417271  7102511
33630584  10139593
33630591  7705386
33630669  6847697
33630609  356809
33630803  588004
33630292  5609648
33630826  869033
33630917  12952024
33212842  15336347
33629003  18294300
33630969  6098646
33421098  14220321
18606964  9940158
33613006  21360361
33631102  1055805
33621788  6821706
33617887  27332273
23445762  27842385
33630538  30299093
33631467  218384
33631470  949433
33631323  28914722
33628599  5822716
33631490  3024084
33620498  24244544
33631514  8028957
33631733  218384
33630172  2499960
33629555  1177668
33631876  8435183
33629684  23847482
33631475  28889450
33632006  218384
33621962  33533253
33631920  6111593
33630870  31424561
33632076  19226816
33441703  33223075
33632166  29050004
33632166  728360
33630372  14370670
33632354  8467424
33627179  28029922
33632452  6111593
33632436  193864
33632587  11321491
33621887  22398340
33627876  8628059
33632222  1414755
33632625  5812220
33633010  218384
33632889  8678471
33629265  3206344
33632978  12342117
33633413  13541386
33633512  33631129
33633465  13637223
33631756  33606613
33633999  1403615
33572743  285712
33631684  15697049
33634292  7494502
33614260  33633910
33628489  8875818
33634376  80476
33632148  10413977
33632148  4577792
33634342  17690937
33619696  33621808
33626579  33440405
33632809  19200841
33634670  2602013
33634605  13140523
33634732  3166538
33631356  31326
33635033  11110631
33614455  23015482
33634857  7818045
33635110  2950319
33635100  4061293
33635301  6287116
33634142  18172851
33635456  1066589
33635267  2752482
33634360  218384
33635633  218384
33635631  33634139
33632992  2224503
33632992  11321491
33632999  5917647
33634899  18402234
33635915  625799
33635713  2377273
33636065  2600281
33636060  4772987
33636060  1047021
33636094  19957280
33636106  14220321
33630459  27592837
33636320  4660142
33636410  301134
33636239  3701135
33527784  30054932
33636530  85992
33636592  9579930
33636711  23586165
33486033  14927073
33636792  3085562
33636359  541487
33636662  3088059
33636684  32635704
33636705  5121027
33636705  12769982
33636934  500504
33595008  33593675
4266771  9727465
881894  9727465
33637603  1299871
33637493  33611231
33637908  14156421
33637743  8028957
33638230  8028957
33636569  33634008
33591070  22577457
33637940  26285280
33601021  30244576
33636702  8028957
33638173  25706216
33638244  23521785
33638617  12769982
33638728  41107
33638777  359788
33638635  22939533
33638972  218384
33587189  5703552
33636681  27462582
33639898  3823063
33624181  2877952
33639836  17054000
24983470  6668963
33640019  1044854
33639914  218384
33640280  887628
33640312  12953127
33638765  2591098
33640217  10367698
33639962  30786883
33638668  249760
33640688  821798
33640773  218384
33640812  21148420
33640389  31249956
33638908  22252904
33641248  3972854
33640961  2129693
33641315  180172
33475015  33476659
33641789  8004237
33641694  218384
33641791  6576855
33640992  4934330
33642014  15112125
33641863  13605598
33642050  13686924
33642170  15008126
33642252  19896870
1557351  303200
33641626  20230169
33642542  13102045
33641070  30130692
33641874  33636701
33633393  4220917
33642579  6485496
33621665  21342408
33642586  33393673
33641829  8840342
33642856  10272470
33642959  25706216
33635065  33440405
33642972  10988944
33640996  5901758
33643010  2838038
33641245  17022702
18543056  8708945
33643175  5431941
33642201  33632927
33643276  218384
33633118  10066199
33643586  372250
33642391  3577641
33547485  218384
33537919  6474775
33642539  33440405
33643761  1359689
33643220  17812641
33643536  27856886
33643481  24470
7785607  4705848
33635214  8630068
18814465  2874873
33635887  12465002
33643929  3613060
33644271  17250815
33638825  460935
33644866  750486
33645013  938180
33644248  3433197
15749123  10996140
33645112  16908008
33625155  9785189
33645298  3477283
33645322  33638144
33644941  3909272
33645039  8004237
33645402  5926103
33641005  14804325
33643620  275689
33598559  18046639
17250259  17017966
33641483  10256922
8165960  2471884
33646370  2973202
33497627  12087510
33646190  16002659
33646456  4467219
33635618  32938356
33646494  3827393
33646339  17021890
33633517  16296145
22526146  16296145
12048345  16296145
33646945  20449427
1629828  202011
33643279  1138460
33604673  29569046
33647401  18397388
33647662  597720
33647652  310870
33647893  450831
33367144  1558625
33648093  3505575
33647080  11447196
33648157  3199171
33647643  31595791
33647846  564366
33647936  2620676
33647906  28782301
33648431  8314043
33648490  2717480
33648639  17944
33648745  3871547
33646610  7680504
33649000  26663399
33649141  197986
33646011  26601594
33649493  10769193
33640233  27692685
33649829  625799
33649648  7535713
33649889  107464
33629766  28048788
33650341  5840148
33650352  10404348
33650530  8234445
33650442  5121495
33650710  1087042
33651239  33647006
33651214  11342921
33651408  7102413
33651245  4605206
33651540  4172722
33647883  14389
33651582  14220321
33650620  7073484
33651703  203198
33651357  23720118
33649945  17935601
33651857  588004
31186448  620144
33651611  33613959
33651212  8660500
33652371  24147029
33652359  33648487
33646522  8868604
33652472  22081895
33652475  7220681
33652241  24221
33652241  19551022
33651983  31577096
33652548  11433432
33652737  730800
33652328  20238183
33652783  25176459
33652859  8336858
33652942  7532801
33640340  4457790
33650095  89228
33653274  4660142
33645392  33592366
33653366  1297231
33636368  21387974
33653420  10446494
33653454  336859
33651049  4856583
33651049  89228
33653183  13738734
33652501  22937618
33653725  4660142
33653525  18962785
33653763  631233
7059721  5394157
33653360  26446599
19280092  32568261
33654013  13042008
15982169  32568261
14324239  32568261
26847582  32568261
19528214  32568261
33650688  5890584
33653868  24118393
33654312  13722014
33648746  4349864
33654047  21911483
33652287  23619269
33654521  14220321
33654382  1520642
33654630  14220321
33654735  218384
33654074  30545503
33654901  13356628
33654462  19886065
33655167  7379915
33655251  24083842
33653359  15287201
33655518  24644436
33655384  24644436
33655474  2450954
33655570  20108797
33655558  12769982
33655375  33641954
33644639  20815575
33651306  25143476
33656028  12996763
33656010  4261133
33646660  1970345
33656014  14920801
33656259  1299871
33656160  8705303
33652685  81627
33647179  31192789
5815060  5815423
5814791  5815423
33651322  5815423
33656405  33621681
33656303  2502252
33656253  11212484
33656568  3611635
33657178  119123
33656695  13102045
33645412  806835
33657338  14220321
33656301  3641723
33657514  15510805
33657762  37324
33657753  8380627
33656969  20077487
33657551  4660142
33657869  15511711
33657610  33655509
33656079  24006165
33658085  31752475
33658110  14028959
33657170  30208379
19570516  15371332
33658340  9288904
33658177  40480
5298389  3611635
33657265  20389255
33658414  21567291
33658482  12062481
33658513  228783
33658585  60174
33658787  18050071
33658738  218384
33658309  24328679
33658804  4029166
33659026  383947
33659031  4261133
33658928  29066015
33658245  5556540
33642738  6343166
33657135  218384
33658242  33657102
33659672  32652533
33659853  4261133
33659717  1299871
33659958  29140402
8410294  29140402
33659984  1120140
33660097  1014861
33660034  7761462
33659685  25224954
33660203  18349053
33660076  1744665
33660124  4956584
33659768  30957060
33660260  33644830
33644830  33599085
33621604  33601044
33601044  33599085
33659686  17663186
33660190  218384
33659858  1212696
33659532  21576455
33660107  10589620
33660616  8028957
33660611  8021436
4297361  29140402
33660693  1816458
33645939  12573816
33660877  1789945
33653350  23521785
33660912  133310
33660869  26960494
33660833  23056549
33661143  29140402
33661220  14220321
33661312  8356227
33661159  14220321
33661409  9130994
33661575  32072534
33661279  60174
33186474  33185256
33661671  5210535
33661579  29828368
33661799  21264324
33661859  9966136
33661863  21562986
33661912  3309188
33312835  26028918
33662131  218384
33662191  23667086
33661865  11408427
33659914  9450864
33662281  60174
33662048  18631837
33660120  4244611
33660120  13329132
33662389  218384
33662359  31569730
33662207  33660753
33662462  15312529
33659732  5545068
33662517  218384
19161113  728164
33662126  8887117
33662538  5890584
33662844  5931900
33662909  15112125
33663173  218384
33660674  2153979
33663210  11226838
33663434  33656880
33663591  29761800
33663578  11187961
33663723  18050071
33663941  10560658
33651595  4261133
33664030  5915096
12009961  193780
33660253  2214141
33662697  19896870
33664128  5307731
33664000  23271874
33664279  2554149
33664304  11236951
33664347  218384
33664503  33621808
33620530  15373496
33664497  24470
33664405  7642909
33664513  696839
33657124  28411032
33654913  2630440
12961085  5834318
10591243  5834318
33653427  11503666
33645307  4505686
33665267  20586041
33646094  33665223
33665195  1759352
33653478  168214
33665224  3235164
33664911  11468621
33642954  33551361
33665566  767999
33665806  25206376
33665558  18913105
33662742  10642426
33662742  33598487
33665995  23093470
33666500  4660142
33666552  218384
33664942  4706199
33665146  19927199
33666379  13102045
33666134  40161
33666742  4244896
33666459  22134342
33666827  14220321
33666205  31836414
33666410  2600191
33665223  25424831
33666593  218384
33666429  822452
33651858  21285161
33666600  9524369
33666456  27571377
33666563  13753969
33666142  13032224
33666650  15560508
33667313  26675381
33665028  8114556
33667373  18336151
33667921  218384
33633503  5690269
33668005  557340
33668180  218384
33664932  4261133
33661970  6016319
33668106  7608145
33667137  4261133
33609068  20718058
33665284  9671259
33665749  17443166
33668569  4142313
33668744  4660142
33668876  2222150
33668861  21122540
33666724  4279435
33668708  22937618
33668924  2641154
33663006  10612821
33667792  28031729
33669060  3960849
33669060  2786946
33669215  5605125
33669254  1975772
33640943  588004
33669512  3065154
33669718  1917576
33669797  1748129
33669834  728164
33669856  41479
33669935  279170
33670015  513084
33670151  8498579
33669610  4660142
20693718  11232788
33670323  218384
33668381  2524611
33670410  19150333
33670434  33668801
33669715  13837146
33669068  22350288
33670207  218384
33670718  3434278
33670757  218384
33670842  14220321
33668596  1722681
33670863  218384
33671072  218384
33670870  9477906
33670870  15386778
33669025  18050071
33671484  11766658
33671484  4787995
11766658  4787995
33671593  513832
5445283  2879132
33671619  218384
33671642  610245
33671691  3422673
33669588  3093744
33655385  237104
33670232  29499582
33671845  11102358
33671845  13764010
10182684  8883974
33669705  10257557
33671385  15592614
33671828  218384
33666435  12769982
33669860  768431
33672286  13840429
33663493  7674786
33672409  1014861
33658828  33271337
33672437  694102
33672505  7571326
33672059  18189753
33672148  33671827
33672635  1365407
33673036  4261133
33669961  20994329
33600271  23803743
33671321  14073516
33673172  4629
33673305  840781
33673198  33585736
33673382  27690657
33673066  944483
33673480  30811441
33673678  4660142
33548891  6145916
33673897  15004944
33673111  22941147
33674063  14220321
33674150  22937618
5956763  3058927
7630003  3058927
33672349  11340038
33673951  27690711
33674273  22937618
33674366  61092
33416615  9200862
33674612  5554734
33670667  1002025
33665471  33560943
33672867  15371918
33654235  18432951
33674924  60174
33675147  9522631
33675353  12573816
33674790  17364127
33675484  20617526
33675261  18883100
33672876  14992367
33672719  494869
33675028  11420448
33675987  998938
33675934  20746429
33675610  7900944
33676364  2591098
33676354  1373164
33658773  19339
33670150  834030
33676116  31486232
33676317  23667086
9766394  1238838
33658378  32612867
33674060  13244233
33676532  495038
33676759  5554734
33676675  14220321
33676960  33440405
33656213  27049342
33677142  19896870
26234669  23578679
33651561  14566531
33677174  12633663
33677018  14220321
33677072  7571635
33676814  12769982
33677312  12975460
33677161  11427434
33677214  13753562
33670794  113780
33668717  30410265
33677396  12991758
33676615  7674786
33677585  7232710
33677747  768431
33677722  218384
33662543  2839321
33677508  8614211
27854764  8798725
33677885  24900875
33678061  8664486
33677875  23294658
33677653  9335915
33678259  16763322
33677923  25796280
33665849  24031621
33678330  473282
33668160  13307086
33675623  4328500
33665756  33322952
33678116  8726268
33678550  2320069
33678551  6452959
33678095  11321491
33678407  19844649
33678558  5554734
33678194  2657178
33678753  14220321
33678649  14840918
33677227  218384
33678781  60174
33678940  494143
24847234  18800905
33678832  28771896
33670547  4841373
33678767  60764
33679178  16498969
5231845  847066
33679267  1430897
33678905  1299871
33678728  29778961
33678273  9028369
33677900  30934223
33671680  8028957
33679001  1755665
33679567  949433
33679371  14220321
33679669  10107676
33679726  24102024
33679949  25271258
2479684  3840582
33680116  3755606
29265399  2381336
33680114  2381336
33680209  22937618
33680111  27305177
33680172  21075983
33680042  4605206
33658840  31893419
33680338  5003388
4754088  384286
33680459  15112125
33680479  27661306
33680451  25125148
33680080  32039346
33680672  3881
33680508  1292189
33680860  19109131
33679332  2844565
33679332  33595756
33678033  23626339
33675352  2118656
33680162  464687
33681039  13146418
33681114  25349959
33681063  11094429
33677964  5206633
33681521  218384
33681380  3690812
33681461  2231783
33674324  23510474
33681123  11503434
33679876  109383
33681031  156503
33681551  19432753
33679880  33539723
33681882  21644848
33681971  12573816
33681719  4425318
33682241  2612802
33679986  588546
33682016  30133336
33682016  1144783
33682184  12573816
33673214  588004
33659253  9520503
33682388  11321491
33682404  16333244
33682446  33680607
33682447  8440213
33670010  5607355
33671662  513832
33682876  3033633
33682875  737257
33668112  19147
33682911  5533191
33683035  23275103
33682116  33634622
31387509  4039748
33683121  19009936
33683140  5186214
33683214  7056836
33679959  5662651
33682742  15741639
33683309  18050071
23787296  579310
33644777  15644684
33681574  18050071
33683063  25098042
33683476  513832
33683567  4616202
33682583  33677864
33683621  2559527
33682553  24007947
33683942  513832
33681353  588004
33682866  5877447
33684142  462974
33682780  12614817
33684392  385506
33684509  18614836
33684515  7355187
33683372  15646822
33684679  19764244
33675047  2490173
33671866  33684390
33684754  5554734
33679215  5639710
33684541  24644436
33684775  33518403
33684838  495021
33682622  12664107
33684880  495021
33643652  2126607
33685062  8023659
33684826  18223228
33685004  208433
33684930  16919601
33685370  135041
33685164  1600419
33682050  17484764
33685570  10282674
33685504  2942485
33685882  11488014
33685934  2528844
33685927  24644436
33686090  513832
33686070  33369014
33577878  33562148
19475762  1676688
21563088  2824435
22188026  20723803
33683012  24035984
33686704  5594350
29744748  11816122
33684123  29550785
33686882  4660142
27751942  11816122
16057340  11816122
33686860  9695902
22767898  11816122
15011824  11816122
23509186  11816122
29615061  11816122
33663602  33665992
33686903  2019402
33686961  3100319
33686707  2783166
33686289  19526353
33686076  1251999
33685042  32164012
33687090  5963269
33679700  29706786
33686475  10982593
33685030  10498896
33687347  3975769
33687297  18222286
33687349  22267865
33686817  10695104
33682300  17134401
33682300  18138147
33681825  14514461
33680284  10786569
33680302  31728022
33677733  6366021
33687660  3469507
33687767  11686398
33687205  5285217
33687236  20704834
33686646  218384
33688085  5486789
33688119  19873063
33687169  2422468
33687129  7035437
33688278  1789945
2059891  720751
33684436  488963
33687591  4764157
33688372  33163105
33688475  1427469
33274979  5547989
33678321  5580616
33686201  2388423
33605969  18774884
33688322  14220321
33688853  29628850
33688936  4244896
33689059  10563251
33688822  3381326
33686841  7650689
33682924  20467785
33678125  3446216
33689403  3622433
33682493  24586148
32587485  3076414
33683935  1050405
33689259  7498058
33688769  2453908
33670821  3024654
33688677  5224596
33690004  279170
33658771  32271504
19020426  14334188
4541612  3116517
33689224  6304025
18392775  3116517
33690738  4577445
33691019  240178
33690920  6542996
33691011  10706272
33689135  22514668
33624050  5240789
33690967  30374934
33691332  5495913
33690168  7059597
33689155  27021186
33691890  240178
33691930  23294658
33691947  306400
33691965  1458633
33691529  18928112
33691998  3127429
33691989  6343166
33691991  7147836
20329949  2682043
33689658  14220321
33691596  551933
27774372  14840918
33690431  12736421
33316084  33315379
33691865  1262695
33688423  24644436
33692522  24644436
33692963  25991831
33691210  371
33688093  18050071
33691846  18050071
33346751  7005787
32935203  8683418
33693293  40480
17885240  5379986
33693296  7281499
33691138  15513395
33693379  18457340
33691369  11183727
33693433  19998309
33693582  16814997
33693461  17868387
33692412  8963897
33693171  23522258
33693126  203355
33692176  7901530
33628753  1359224
33692122  18137918
33675152  33686766
33693722  4912092
33691796  136035
33693614  530504
33692090  31973058
33693177  8138411
33691492  14334147
33693926  15474933
6001592  1676688
33694139  20505914
33692265  152708
33694205  16972753
33693559  4706499
33694110  8028957
33694287  17364127
33694444  11918491
33694838  33671560
33682548  3985214
33694884  6051485
33694093  19466896
33695062  3132126
33695110  25249628
33690070  218384
33695193  14938993
33695418  3239598
33695402  588004
33695416  5872962
33694590  22753695
33664336  1555262
33695103  10712580
33689118  32090832
33695741  218384
33695014  5207115
33695713  8390441
33695821  14379753
33693426  18386753
33695845  5958699
33695042  9755721
33695794  24644436
33696002  115008
33695146  174155
33695997  756055
33696224  32932494
33689910  10747065
33696525  4950115
33696011  3760152
33459463  33025859
