33745255  325426
33739766  29142
33602800  33564792
33749593  42294
33749383  4660142
33749857  30737262
33749973  203198
33750051  33749439
33749650  128038
33750328  45015
33750414  5868431
33750354  1085801
33748581  33726416
33750300  6910807
33750655  17655264
33750894  14220321
33751056  2784514
33750331  11219373
33750667  8205148
33750720  33412549
33751060  3458046
33750558  26160236
33749912  5554734
9146224  122105
33751109  22214843
33751219  2424528
33751391  23336863
33701638  14748145
33750760  3130311
33751866  8175296
33751923  6116978
33751452  26734512
33752108  1143262
11770087  3112946
33751288  424368
33751864  3331983
33752322  18822299
33752463  5891840
33728319  11321491
33748300  18071219
33750323  21187203
33752578  3660209
33752482  46155
33752880  4321345
33678802  9994862
33753034  4508313
33753083  218384
33738870  32384419
33752816  493046
33753209  5785053
33753184  1500659
33753262  33751708
33749812  8444184
33753166  11537807
33748961  9061094
33753211  12511579
33752033  3577641
33751900  33750566
33753598  886050
33754268  22146094
33754279  218384
33754156  5078239
33754180  4803612
33754484  9403006
33753558  363377
33745208  218384
33754739  4321345
33754739  33752880
33754673  12769982
33667676  1954944
33747701  33734505
33755024  8456538
33738040  11080495
33752868  986826
33754577  3076414
33750834  10917532
33755001  30164491
33755340  2665058
33755677  218384
28232188  15872642
32719540  8608849
33752953  14013644
33755853  12301358
33755666  16590976
33756439  105770
33755522  30441122
33755522  7324722
33756515  3155789
33756032  23780564
33609577  14341041
33756721  5189072
33753126  24644436
33755534  3536836
33751808  2973202
33756712  33730217
33736844  6897600
33756444  18345664
33756385  33688365
33756699  33736722
33757290  2788793
33757181  11321491
33757455  10597869
33757453  7933687
33756141  33747058
33757611  218384
33754642  5384914
33757661  3323001
33754956  2762093
33757548  17450326
33757085  202011
33757085  165808
33757750  237159
33740989  18100907
33757874  2770321
33756037  1241178
33754015  218384
33739525  894263
33752917  3348825
33757778  17293135
33757966  5320177
33758051  6212558
33758078  1988833
33745120  735054
33721491  27189076
33756552  1431359
33757909  15688019
33735899  18001550
33758046  25994275
33758445  16949926
33758635  218384
33754478  1083565
33758486  16684663
33757314  104420
33758560  20054823
33758724  23446377
33758531  24024549
33749039  2350495
33758753  20279484
33758753  27646988
33754635  28133744
33758725  10664856
33758655  28143160
33757481  33694972
33759070  12859942
33759064  183367
33758492  11683387
33759164  32635704
33759180  370357
33759193  4081100
33756998  8470070
33744822  19553005
33759139  12692727
33759463  20706908
33759412  1250079
33758883  33548350
33759554  17792343
33758343  33731332
33759813  6654958
33759842  8602395
33759703  32042940
33760150  4660142
33760285  4810664
33760281  11321491
33760225  1114026
33758763  20646822
33760426  22844360
33757123  28607777
4756835  3724509
33760808  218384
33760632  37026
33756467  33321815
33760881  23417356
33760975  11321491
33760700  203198
33760991  11033380
33761031  2474018
27314649  18001550
33760900  21441259
33761005  192078
33587367  218384
33746014  20077487
13218567  63166
33760734  22258491
33761156  3230924
33761519  218384
33761559  171251
33761579  4071602
33761371  1450774
33761704  2888508
33760531  33690697
33761799  15112125
33760594  218384
33761842  3678620
33761768  11097658
33761870  25706216
33761250  18831948
33762188  10773901
33761922  22672263
33758090  28559890
33754759  27885397
33762371  2213923
33762070  32747972
33762042  18852059
33760878  4660142
33762544  494869
33762064  540066
33762020  7572872
33762535  33690697
33762285  23294658
33762482  11427413
33760220  1267283
33762758  1427218
33760347  33757622
33762515  3508050
33763011  10673585
33762988  150161
33762824  25341198
33762775  13878904
33763297  25676961
33763471  2479700
33763589  23667086
33762131  18050071
33763677  383947
33763694  13196993
33758140  33487572
33661319  16726779
33744300  33738547
33763080  9515704
33763661  11620959
33764181  33741399
33764225  715650
33763653  6897819
33764254  14220321
33756007  2631001
33764318  383947
33764412  40480
33764309  19562103
33763538  3617326
33745653  14220321
33764384  7200606
33764804  363681
33763803  10439681
33764203  15960246
33764307  24699370
33764349  28705902
33761668  1338006
33616793  13921753
33765052  2422468
33764397  2774596
33765193  513832
33764456  8745597
33763535  3903477
33754833  6761415
33756606  23355878
33754078  13134121
33765586  19207019
33765740  4261133
33765786  185844
33765848  24162583
33762561  18194255
33761001  805107
33765892  17673144
33766171  25504149
33766106  33745513
33766663  513832
33605117  33610115
33763944  33754332
33612102  14602890
33707859  145400
33766995  7642921
33753191  8058528
33754943  18908677
33766664  17439682
33767242  33764457
33767495  5223
33767395  25838473
33762740  24063435
33767120  495021
33767451  20034300
33767075  3059044
33763044  33299523
33766821  12573816
33765395  6099040
33765046  1418894
33767911  21279700
33768138  40480
33767406  2529567
33768592  4305054
33761968  31460267
33768563  21070401
33768602  4034201
33768740  18096670
33768485  33741357
33768692  32669833
33768821  4131468
33768821  4477850
33768821  12213430
33768341  5239715
33723109  8093633
33768072  5239715
33769050  5387643
33768943  3619067
33769165  33509520
33769251  2956214
33769134  12337671
33769291  30679564
33769249  25983216
33763901  3895478
33760832  724911
33769593  25721884
33761665  23177225
33769703  15360925
33769732  4156434
33769755  29140402
33769665  11312737
33769726  30563340
33769829  1131500
33769635  19701105
33769784  748062
33769991  513832
33767259  33553200
33767155  33582856
33751496  27221727
33769997  25706216
33770249  17506329
33770262  28379657
33770353  949355
33770089  5605125
33770344  6728236
33770692  133310
33770770  3626250
33770609  4810664
33760802  5118716
33770833  6167632
33768197  3709597
33771050  218384
33771102  23446377
33743003  5400530
33749549  7297707
33770468  1078003
33771033  495021
33771357  513832
33771378  33770521
33771516  27336393
33770856  7638775
33762897  5694144
33771951  18867599
33770705  24003291
33768412  7964916
33764658  7964916
33772129  30872473
33772409  513832
33764885  70689
33772658  5053501
33752209  15599948
33727137  13203992
33770341  8205443
33770341  2977497
33769556  24337813
33772626  232535
33582109  33593452
33772294  25886909
33728595  33690697
33772807  3078701
8588687  8875818
18049671  8875818
33698800  23489159
33773276  1771786
33773519  5117127
33773624  14220321
33632025  2123514
27850968  13285826
33772580  4052770
33770815  20210223
26266651  13285826
33773634  14027179
31355583  13285826
33772866  33772049
33325641  6419262
22942752  13285826
28087977  13285826
33767773  4967448
33773840  29015781
33773976  142003
33773912  2366706
33774154  2259156
33749475  14553417
33739905  20007610
33773906  11393123
33768454  2148658
33774157  27867868
33774430  218384
33774240  15132175
33773516  30488672
866202  560430
33774632  4176328
33771683  3396274
33774795  18398356
33774858  13343566
33773628  141344
32801247  15370573
33774767  15754208
25000688  21765178
33775577  495021
33775698  6343166
33775299  8663812
33766552  2137755
33775658  699866
33775969  218384
33775663  5431413
33768378  14904523
33766255  24400308
33775947  153724
33774423  218384
33775678  9713058
33772621  218384
33769953  14574365
33772457  29821342
33774686  3483123
33776440  30987986
33774448  33757244
33775887  983030
33775887  1043755
33776723  6542996
33728180  33728902
33776552  8518074
33776012  3737139
33765710  10002627
33776590  9396038
33751059  5776851
33775205  33458107
33777629  6787142
33777447  96428
33732830  18838785
33777646  24584161
33777874  2416483
33777807  4261133
33777960  11371550
33775289  32810278
33745498  32543340
33778041  19202197
33778321  13774601
33778320  3745577
33778166  15330988
33778292  4616202
33778192  2486620
33778151  3700772
33778441  1784780
17752902  169511
33774885  32491188
33778427  9725825
33775300  11195658
33775300  17632475
33778984  31340
33779442  13429656
33777832  24590154
33779077  6869880
33779160  12937503
33779493  3922441
33779114  8909652
33779575  10513374
33778949  26948610
33779727  2723397
33777437  25245310
33771754  27371543
33778244  17498216
33779878  33186051
33779866  28346407
33778764  20279484
33731010  30164033
33731010  21454774
33774919  24644436
33780385  4261133
33780292  5445970
33779126  3737139
33780277  3725280
33780622  33763312
33775647  18971109
33780241  22960319
33777662  431913
33769575  16893743
33779670  218384
33780127  4616202
33612014  14852802
412833  1525378
33769377  547821
33780600  394809
33780923  626759
33778355  28206255
33780937  4261133
33776146  32988485
33776996  26417658
33781363  3329207
33780166  17498216
33781399  2946165
33781599  3737139
33777096  33689768
33779037  295538
33766570  24840743
33781706  5724677
33781738  31052979
33781746  10802806
33779290  109086
33782035  2545532
33781901  218384
33782079  986268
33782205  1452995
33782252  1200621
33782161  5028156
33781941  4261133
33777471  319426
33782664  3737900
33782663  513832
33782839  306313
33780727  20036520
33783059  28035781
33779221  4112686
33782653  25676961
33783057  3401900
33783260  1324676
33782762  218384
33783255  11922383
33783312  4287371
33783325  1565688
33783425  33760630
33783825  13826897
33783768  10376113
712716  8135980
33784074  31089387
33784193  218384
33779443  29448350
33780933  2393179
33784259  16804093
33784231  1414365
33784174  3387427
33784353  4104359
33784265  48916
33784297  20572309
33312841  21295936
33654698  18993735
33784805  33113340
33785070  4261133
33779937  20449427
33784698  7027799
33785126  2559527
33785250  5078239
33785046  3916177
33784712  5004233
33784670  2260634
33784097  32770653
33785422  17245415
33785559  1842734
33785473  31654514
33785561  32557783
33785613  32408387
33783417  114543
33785680  4811106
33785702  4012167
33785057  33721775
33785986  9305632
33785326  3059044
33785326  1451009
33784848  3827195
33786090  533905
33786002  14995870
33785867  23446377
33785867  2889871
33783294  26286339
33786205  4261133
33786300  11965818
33768944  32923213
33786450  1700081
33786357  31419119
33785398  2098170
33786409  218384
33786559  9008955
33029722  4261133
33786761  203198
33786646  22417074
24944801  18772035
33786465  4616202
33786558  14220321
33774583  7333232
33786552  14220321
33785634  7878398
33787298  3944803
33787064  9961742
33787330  33785611
33787383  11321491
33787424  12091506
33787639  2591098
33787820  3627107
33779646  16672569
33781899  32906599
33787734  14220321
33781679  17214293
33786716  26746623
33770245  16600509
33787901  36139
33787937  22937618
32767457  32728815
33788001  12573816
33787753  5260368
33786763  33690697
33788005  9031371
33788005  527719
33787849  30917974
33788210  8021958
33788180  12584249
33787802  9053687
33788205  1354924
33783491  29390736
33788224  14220321
33788342  12573816
33788315  14494375
33788125  32896894
33788035  16737298
33788444  513832
33788377  29625091
33788468  4066538
33788513  1922677
33788520  9058305
7883542  473446
33788692  60174
33788632  19901915
33788604  1238613
33772175  29211692
33771797  676467
33789158  33788471
33663437  338887
33789060  33711925
33789193  9775342
33789154  28388885
33789329  9278015
33789236  2776145
33785023  365110
33781726  23807411
33784696  4856583
33789475  13071805
33780129  10416643
33778178  33626014
33788740  402605
33789820  17032990
33789316  588866
33780895  6694391
33789944  541487
33790011  4261133
33790024  8938781
33763757  33679161
33763568  15314625
33789963  3628718
33790280  15112125
33790272  14220321
33790296  29118667
33775936  33579930
33790388  10240694
33790359  236129
33790392  33113423
33568407  4202161
33790659  6893968
11650223  4845660
33790703  12878612
33788097  33384342
33790091  1646698
33790784  29543031
33790844  5121495
33788034  16947771
33790955  33789054
33791120  9508518
33670105  33475481
33790845  33791276
33791389  25254091
33791480  218384
33790971  33186956
33791509  6733845
33791519  27040628
33791544  16170073
33791282  57483
14304551  10367698
33791516  33760162
33791516  22156326
33791792  3434278
33790951  10367698
33791083  10706357
33792015  1700081
33792015  20897020
11420250  10367698
25896841  10367698
33792072  737240
33789976  32996602
33791829  10812111
33792063  218384
33792115  3967707
33792326  4110891
33790379  23038673
33784539  10890177
33782723  8517304
33792512  22267865
33792361  11322801
33791808  2612802
33789219  203198
33775861  2100490
33792542  409784
33793246  37538
33793621  949433
33793621  4176328
33793702  8068814
27895889  25111011
33793798  5554734
33793133  10396330
33789416  4660142
33793881  25706216
33770663  33185794
33794183  2429062
33794248  3052442
33793954  1237093
33794270  1417328
33739669  33691464
33794127  20575026
33794108  13223846
33794583  218384
33794611  5757311
33794600  1872110
33782871  1481141
33794722  18428311
33794720  22648627
33794784  13102045
33794894  11056303
33781486  9677346
33787149  31989883
33795101  17256182
33773155  3375483
33795312  4941753
33795340  3563847
33795325  5121027
33795402  32596789
33795683  3209909
33795107  1768343
33795817  1049722
33795926  2506876
33796099  6429638
33788253  830792
33795954  298739
33796289  3684002
33796018  33789991
33790265  33791976
33796316  6337897
33796550  29271399
33793776  33685597
33796659  538551
33773209  11526432
33791965  18552083
33796753  11979763
33796943  10886450
33787779  15205613
33797468  415801
33797602  4961999
5056734  1555109
33797863  33591874
33797917  1883321
33797047  32324595
33798114  218384
33792275  31444891
33798431  14251902
33798147  513084
33797431  8699569
33798538  4481373
33798412  13478206
33798722  754294
33796749  728360
33798491  495021
33798608  20094394
33798608  605845
33763911  11813161
33798717  26999820
33798857  5805602
33797350  16333980
33799073  513832
33799138  218384
33799186  2650080
33799465  33799403
33799518  18911994
33798167  26978618
33799562  20279484
793983  30080810
12411877  30080810
9676636  30080810
1896449  4928271
33799657  33796260
33799869  4026021
33798387  11377599
33800058  18695605
33794441  218384
33798042  8567114
122254  3732608
11835888  7856152
33794370  30798561
33800713  3162760
33796385  9515704
33800259  8480100
33799685  11479626
33801160  166221
33800681  29047858
33800596  17011616
33801290  11930644
33801168  30680938
33797989  8028957
33800653  14343788
33800721  2492947
16447741  29211692
11656030  29211692
33798554  20595701
33758048  4640509
33801581  6192518
33801640  8456538
33800961  12713659
33801785  4199298
33801407  492384
33802061  218384
33801707  1636877
33802106  788225
33802177  14220321
33090357  13781216
33802317  218384
33802178  394809
33802506  3090175
33802516  7959573
33800589  2345134
33802592  6346075
33802675  17896746
33800836  33690973
33802211  13532712
33802756  4616202
33798707  14408891
33802561  22936728
33801458  510357
33803030  1394193
33802419  28932080
33802940  36901
33803323  1014861
33803306  15579271
33786335  12889309
33803452  21726948
33803579  22937618
33783390  628301
33802099  15900537
33803564  3737139
33801962  33796569
33803849  5800200
33625076  33107081
33804111  513832
33804056  7339333
33802921  20316870
33758103  10941488
17864637  197757
33804515  15116183
33804131  1678214
33804475  18035072
33804696  30959828
33796342  2424770
33801585  5382254
33804737  3491053
33804725  33628660
33804869  750486
33789221  5707722
33805004  18050071
33801692  7853130
33804966  3681552
33805098  28319064
33805174  5226285
33802430  17163662
33805453  750486
33805561  236129
33804674  24923076
33804735  4528101
33805428  12314451
33805819  2104782
33805213  2056243
33805984  1646698
33806011  8838648
33806016  14220321
33806052  12530406
33800456  6611346
33806096  400113
33590892  33804127
33806415  10723403
33806234  13640188
33806468  6003884
33806505  8471236
33806868  1913863
33806869  25666846
33806986  4518420
33806989  203198
33807224  2473628
33806385  33739867
33799396  32192828
33799782  1266338
33807351  4421706
33806159  6638964
33807488  740954
10171994  5976406
33807268  605497
33807285  32424184
33795921  14105452
33807408  14220321
33792617  28398677
33807337  21729657
33807876  32505477
33807550  2305966
33806697  13387742
33807313  4139987
33807863  638975
33808126  11157814
33805924  218384
33806477  16673644
33808241  14220321
33808121  3509714
33808467  5811151
33808598  33784404
33808526  15112125
33808639  799981
33808678  6727171
177867  122102
33808802  26167930
33808900  2893101
33807061  887628
33807952  14561986
33790998  11211788
33809136  10740107
33809132  46586
33808597  5129211
33807082  25181679
33809346  25706216
33804217  33037261
33809388  2591098
33808364  16214336
33806777  13691463
33809329  14220321
33809335  3076414
33809572  218384
33796042  23986466
33799285  5686735
33809539  20279484
33808397  5083953
33809565  4261133
33809836  513832
33809595  5385066
33809818  16306184
33809401  4620391
33809901  5554734
33809865  7194688
33809867  51526
33810024  14956313
33810134  6335975
33796001  12407312
33810012  5290089
33810269  11399439
33809688  24251793
33810307  5323505
33801265  10638062
33810399  32075498
33809976  24222445
28392188  28398677
33810558  33108243
33810637  495021
33810648  513832
33805766  406192
33799701  8856986
33810785  367706
33810697  9827072
33810781  2511547
33809692  6624453
33809486  18547989
33810712  6883363
33810981  6049207
33808529  2113908
33810941  1240915
33792475  24001429
33809866  19449761
33803122  9229870
33801030  102049
33810974  26104037
33811373  10810798
33811547  15427667
33811727  15112125
33736865  22561467
33812000  8096369
33812000  19301538
33811987  17435493
33812140  8449716
33812292  11321491
33793638  508208
33768939  18208357
29501990  19412382
33812210  17501774
33811591  10871967
33807807  33801941
33812611  430079
17501774  1498431
33812676  19837486
