33869878  5335273
22056855  17666007
33871612  2659517
33871772  218384
33871851  51224
33871569  31854128
33871569  32551919
33872015  6137986
33868037  2068344
33871510  13289954
33871823  4770985
33872044  643879
33872170  218384
33870809  9835019
33869483  7448539
33868001  26291609
33872293  1302864
22145249  16108103
33872310  468881
33872458  18157353
33868313  27678052
16021288  4086107
33872212  4986673
33872116  8865458
33866968  4502633
33872994  18050071
33873021  3024197
33872876  16108103
33871966  11145681
33873174  4261133
33873440  3730019
33873440  322749
33873188  14454476
33865433  19513660
33813049  15209831
33869456  359788
33873408  8637285
33873827  33871474
33833274  32323674
33873857  3796025
33873906  1238145
33873963  2292597
33873814  30114179
33866454  33838127
33874108  23812122
33874108  7019754
33874420  7407935
33874114  24644436
33873564  24412322
33873564  3223816
7512877  3148415
33872983  11884249
33874537  29174810
33874537  27172394
33874799  11968689
33873712  14220321
33875014  22162398
33871803  4465930
33875279  2973202
33854338  28981359
33875661  643880
3955110  8228281
33875975  1847789
33875826  11321491
33876217  15182910
33876060  2973202
33869916  1994255
33876459  1545501
33856068  16462918
33876250  2256966
33876567  25706216
33875348  426258
33876595  4261133
33876617  218384
27651702  25676145
33876532  20781936
33838639  26312231
33876745  7549306
33876835  2394011
33876924  7056770
33876604  1796390
33876875  11321491
33877067  597720
33877041  24467960
33755928  17762032
33877117  17498216
33876318  33836735
33877237  4660142
33876700  2210349
33875938  33807260
32695170  1700081
33859862  33548350
33841336  33833272
33877687  2860943
30748976  2770321
33878001  218384
33877994  25979969
33876880  29721176
33878023  15927033
33878421  3959211
33875534  23823027
33878457  13542944
33878498  22807912
33873305  30688554
33878741  26206595
33878871  7815528
33531664  406230
33659392  33677727
33879010  5554734
33878744  15614849
33879004  180097
33876634  1160498
33878103  19038799
33879104  17322668
33879299  19429667
33879054  2139224
33879409  33869174
33879479  25706216
33309889  8513488
33879554  8817266
33878901  6255641
33876045  730916
33879644  24900875
33878114  15413172
26195949  9191803
33870711  15085294
33871755  38987
33879936  8283647
16060060  9191803
33880031  12421444
10418465  9191803
33880129  101268
33879617  6876266
33877413  13428678
33880199  941584
33879960  15105556
33874127  33879814
33880436  5627284
29606221  2949300
33880643  513832
6951029  2537238
33877560  4519264
33541565  33525574
33880942  14903145
33880942  2770321
33880942  383947
33881052  182287
33861203  7392143
33881054  218384
33879483  101100
33881138  7745609
33874191  218384
33881446  3242560
33881652  1457863
33881565  17463487
33864088  279170
22691678  1665533
33881770  25241377
33881830  32949626
33882040  218384
33685181  33684546
33881976  5641997
33864058  17723195
33882207  1342898
33880767  180172
33863687  26323188
33882514  3799193
33882517  4616202
33879892  3577641
33882579  20002503
33882579  33846029
33883131  3059333
33883103  33880397
33882896  27327751
33857888  29118705
9924506  3272089
33883482  8529656
33883536  33766968
33883489  11921035
33883205  367862
33883410  26446599
33861453  19731642
33883284  10373986
33883559  497765
33882549  33684477
33883774  16854280
33883090  24231680
33876351  6604904
33882697  23900975
4978000  610458
33884131  24643522
33883957  23105433
33884501  20802539
33874056  55677
33884653  29140402
33884772  4591206
33884454  24644436
33881221  25197879
33884700  19586137
33884700  750486
33885029  6259982
33884989  66773
33874669  23699371
33866155  2912183
33885241  17341122
33885328  2130241
33885471  218384
33885446  22239871
33876268  7227535
33885505  1304
33878889  30441122
33885828  23397156
33885840  33885671
33866290  33841669
33882036  3333665
33877514  7604436
33827546  3507498
33886331  33886288
33756601  26460141
33886328  3396754
33886085  31533945
33886087  6652591
33875364  7108668
33886483  6251548
33886505  26638898
33886341  1007981
33882667  1812244
33886789  11810394
8475578  592396
33886524  2263996
33886689  2421911
33875989  8895630
33886684  1588976
33887197  14220321
33887275  6617155
29496235  25150027
33887267  1642698
33886584  16208041
33887810  2091465
33875052  218384
33879454  218384
33887966  5497073
33888011  3076414
33887921  15516036
33874908  14220321
33887425  134727
28714298  28250680
33857111  28250680
33888339  993025
33888128  7936610
33888435  85992
33888295  10131052
33887952  5208679
33888638  5187530
33888852  7499702
33879910  419021
33889080  6768793
33888307  3095360
33889212  27040628
33889306  2233076
33889510  22937618
33889538  5723380
33889697  3750632
33889732  5898656
33889678  894263
33889524  22578718
33888434  18709405
33889699  1047318
33889699  3438675
33889915  750486
33886260  33875982
33890000  33889850
33889541  599634
33846713  33856256
33889893  279170
33890242  3076414
33888945  12769982
33890438  8427817
33890310  12321511
33885971  4261133
33890717  2612802
33890921  9106516
33890984  18894830
33875385  5121495
33890613  22582182
33891333  8028957
33874157  295459
33891011  7050404
33891483  1895110
33891543  14220321
33868679  4975404
33880657  33625109
33891418  9901082
33882379  33880565
33891670  14220321
33891670  23667086
33891877  8916656
33891124  12769982
33670072  24615079
33891951  180986
33891526  4007803
33891503  14387690
33892117  2800369
33892030  3409053
33892139  170997
33892105  17907455
33892188  7795066
33892169  6794398
33876890  18568706
33877911  12937546
33892134  2085744
33891948  33891923
33838654  13369933
33892159  2488622
33892536  4121711
33892318  20995932
24449873  10076754
33892427  3119288
24359240  3566146
23883475  10467605
33892960  2801601
33892384  845030
33889016  32948514
33888505  4437223
33892963  2349633
33892923  12173416
33893235  18668556
31155058  1836742
33891714  19145093
33884801  8971261
33893153  27721008
33893158  14220321
33874144  406230
33893779  4660142
31590881  12200890
33887687  21707815
33893734  493819
33893887  1494953
30777830  17104265
33889942  33887931
33894013  30441122
33893811  12394418
33891391  33893580
33889437  33893580
33894151  4261133
33894286  218384
33894021  6544852
33880565  33874856
33894183  124336
33894315  10956188
33894311  3062830
33893025  81361
33888009  2453522
33894367  1711990
33894824  10786059
33894608  11622233
33894612  806000
33894934  17677649
33799245  1267869
33895038  1751301
20137783  3360160
33894497  27636373
33895031  501943
14578734  279170
33895127  8299545
33895201  16338281
33895332  6294179
33895394  20054047
33895667  24644436
33895450  27751373
33895517  19955746
33895797  7389069
33893320  16902716
33895806  4110891
33861182  2158395
33895725  11640133
33896098  8779189
33896081  14028959
33896095  6005159
33896271  14220321
33896257  33871096
33895437  3514398
33896214  5918582
33896369  20183544
33896608  3076414
14439223  13551582
33896806  33892830
33896432  1029318
33896800  33892783
33849958  30418335
33896840  32635704
29024277  13885290
33896129  27474116
33896851  15336347
33896912  45015
33896018  14608422
33897141  79461
33894889  8670328
33897144  8397213
33897490  9301109
33896679  13357994
33897128  33889611
33897589  2973202
33897687  1903356
33896280  33536022
33897549  13531009
33897651  4086107
33897125  9575644
33897978  32011996
33897997  12375833
33897960  218384
33898216  649428
33895317  28474704
33891834  8466643
33891125  5618499
33889762  4183948
33889762  10879045
33889762  17134929
33897685  7954514
33895323  279170
33898394  33896460
33892946  3695224
33898423  14220321
33898003  4419667
33897568  19791132
33894821  20450333
33726526  33718953
33897843  20923970
33898470  19997509
33897971  22899466
33898750  11144193
33898521  2404794
33899001  4736
33899071  23667086
29883285  31948788
33899067  2361945
33898806  4651730
33899323  218384
33899382  7202988
33899396  20320102
33899378  30745301
33899572  23294658
33899262  33872902
33899729  726334
33895002  33514557
33899581  24003291
33899273  5349624
33882343  26717870
15750904  2597083
33899217  18558574
33899664  14034052
33900104  33882487
33900223  8028957
33899925  4485128
33900399  12573816
33900170  12410016
33900459  33897820
29352832  23771470
33900504  7480496
33900024  33877026
33899947  3412735
33575514  33571061
33900717  15112125
33900708  25514876
33645716  33652613
29657740  33769143
33302079  5676090
33899797  218384
33896416  22588051
33685239  11816122
33900109  33895998
33901204  18050071
33896689  19223416
33005087  33005527
17098158  3404699
4012572  2772466
33704493  33695764
32870150  33468694
33786859  5423278
33901444  203198
33901460  4001948
33895532  2794167
33901422  11997012
33704009  33770469
33901535  21242809
16036745  275761
33901545  15374066
33898044  18168924
33639122  2769148
33901808  4261133
33901812  6260089
33901934  17498216
33902024  8260555
33901992  5931291
8260555  5069687
33902238  49146
33902438  8028957
33902452  2671496
33895449  2221187
33902707  2973202
33902384  14509652
21124585  22342390
33902920  218384
33903064  14220321
33903149  6271237
33898436  23691564
33902422  10167346
33890823  30358401
33902672  526733
33903550  24644436
33903253  11928566
33899598  23596977
33900261  1321508
33903447  2618272
33903835  4261133
33903932  60174
33782201  611482
33782201  20163079
33900184  8856757
33900184  2173374
33904033  218384
33903513  3202136
33904436  22146094
33896341  26330550
33904504  2973202
33904416  16542074
33520581  32727336
32858306  18450500
33904594  24213299
33903686  26823970
33903313  50532
33904213  218384
33904711  218384
33904348  30189505
33904826  32899
33904954  8854288
33904781  25098021
33905039  25013638
33902936  3577641
33883647  5587676
33905173  30575597
33905173  12684305
4436458  5387643
33905880  20563772
33905802  6873019
33905908  24644436
33905982  5108079
33906085  11183424
33906166  4286423
33906126  33138136
33779031  11183424
33906283  1972381
33906381  31073497
33906395  279170
33906708  17498216
33905930  218384
33906740  5121495
33894947  33581029
33906715  12214847
33907000  495021
33907135  926752
33907024  2600191
33907123  1922677
33907327  40480
33907292  13626517
33907337  25706216
33903997  713498
33906001  18422140
33904863  3871984
33899644  26019462
33896207  920353
33824385  7820485
25435421  2941995
33907819  10804732
33907819  22937618
33907605  33690697
33906160  4736
33908006  4660142
33908048  215497
33907994  8449040
33908229  12009913
33908313  500431
33907653  8887283
33908430  22394845
33908100  15048223
33908288  14095778
33908534  533905
33908481  11261197
33908634  14679688
33908028  13418669
33907788  2973202
33908976  1975128
33904767  6643964
33905862  13335113
33909548  2235079
33908206  7118194
33909693  6142922
33909926  2239519
33910143  3506208
12770769  2662650
33910158  2527086
33906412  22401214
33910281  27311043
33910281  27690076
33910684  12769982
33910489  12647196
33910708  2443991
33908865  33908423
33910756  15927033
33910823  3477333
33910772  12747132
33910316  23080945
33911063  33910915
33910616  218384
33844369  6037941
33901392  710392
33911300  22899466
33911008  22041228
33908018  2180276
33911591  13833204
925854  531292
33910555  6981916
33911420  15653105
33897818  899038
33910855  13102045
33908298  8893574
33910751  10316715
33911598  8631898
33907737  218384
33910390  2387040
33910204  465348
33911712  21825322
33910740  5624262
33908823  1707780
33912168  25893030
33907309  5561709
33912406  21861125
33900524  22937618
33912710  3337056
33911395  13005421
33912730  28311293
33912164  15537424
33912769  845021
33912917  1756096
33912565  6343166
33909957  7927716
33908710  7031885
33907423  218384
33905983  2118656
33911664  8563636
33913267  33670991
33913422  32311476
33913619  4660142
33913744  18050071
33913544  6285833
33913841  369898
33914001  588004
33913444  22389154
33870414  28330471
33912381  32396638
33914159  177970
33914295  4660142
33913243  218384
33914444  18050071
33914478  1597405
33913125  3270589
33894060  10251724
33914385  23353173
33912840  1055214
33913811  18862743
33914476  32805435
33914711  30765157
33914562  33908517
33910141  14187963
33914748  613183
33914994  8028957
33912264  4660142
33914996  33713876
33912851  7674786
33915225  1361340
33915239  671703
33914856  14155049
33915651  31424561
33915730  33914010
33915688  15301426
33892353  14229072
33915881  5509328
33885238  18093928
33913076  18664579
33915771  26794236
33915498  17012977
7159902  11731377
3665117  3659318
33915849  1393486
33913459  12695043
33915847  11113216
33915213  33210085
33913815  32706932
33916220  29613304
33916363  5101948
33916537  16458564
33916593  12953127
33916211  30015971
33916688  218384
33916276  3991905
33915756  8508275
33916916  22581345
33916719  4939738
33916950  824349
33916705  8147076
33916875  33912772
33916927  28026625
33916373  8674185
33916231  17717506
33917038  22713652
33917070  8438867
33911848  5890584
33915478  6758841
33916700  31125693
33917045  182287
33916992  16193521
33917223  11321491
33916743  7537099
33917235  10962104
33916798  16666472
33916764  22799736
33888659  218384
33917639  79126
33917516  5214153
33914625  19696842
33917703  1066625
33917641  2716069
33917768  218384
33916548  33914508
33899569  1103994
33917199  2764615
33917742  30034265
33917876  17364127
33917695  8749907
33918028  669438
33803395  29466683
33918555  218384
33918647  13102045
33918689  6729605
33918901  13755007
33919005  4660142
26559213  22223298
33918805  22051573
33918926  728360
33918846  32404617
33912379  4661232
33919157  25706216
33913645  15300673
33919290  218384
33919398  442704
33919455  1373164
33919304  22718744
33919588  218384
33918319  33738649
33919847  7111610
33919706  3434950
33919911  9903248
33919939  8028957
33916824  33893066
19172388  14345174
33920091  19388141
33914031  28759546
33920143  13827855
33918550  1823705
33900980  33716767
33918609  1328238
33873517  25393691
33920531  32679172
33918750  27932795
33920764  479410
33920939  203198
33920910  31032433
33920999  513832
33914315  9671546
33920980  28433854
33921032  2008398
33921102  6343166
33921180  14220321
33921328  20715175
33921465  529424
33921483  19109131
33921623  218384
33921569  21993464
33725574  33863647
33921625  20999264
33921422  33138228
33897984  23829920
33922062  8986971
33922162  5600668
33921852  2953684
33922241  7569904
33922136  33907952
33921611  14920801
33920718  3109289
33922020  4682088
20069526  9243477
33679886  33326749
33922501  55828
33922654  6536094
33922157  6992681
33922550  2613648
33922680  29388694
33922721  9466265
33922755  32276333
33697934  2373074
33915773  33172749
33922805  588004
33783161  2612802
33918376  44046
33923383  750486
33922921  1625234
33923388  8767166
33923616  4660142
33923498  14145082
33923492  612189
33923526  26143315
33923269  2973202
98096  1597442
33902819  11813299
33923942  16959576
33923753  949433
33924076  223918
33924130  33849288
33924129  2167916
33923901  14220321
33924383  10215292
33924337  33916646
33924486  8028957
33924446  4660142
33922611  8120036
33924636  218384
33919109  32635704
33924350  9343241
33925005  979975
33925316  855126
33925305  14028959
33343222  3052149
33925254  5041494
33924421  20505914
33852050  5958300
33925431  5187530
33919663  6765370
33925436  27721008
33925524  26474920
33925966  1628563
33900502  14068879
33925782  33923876
33925477  8028957
33926144  4261133
33923815  12106566
33925827  3093622
33926194  4261133
33926007  17254008
33926098  20940979
33926465  218384
33923773  12116326
33923900  11923865
33926561  1267283
33926554  14220321
16889044  17217785
33924616  16889044
33925876  14920801
33926491  30189505
33926464  20468963
33926317  33901768
33926166  4660142
33909203  33749923
33927088  513832
33927113  12573816
33925515  13669239
33927114  513832
33881757  13113552
30588501  413439
33922164  7872552
33926256  8865848
33927738  22937618
33927556  4261133
33927718  2887640
33927782  22464900
33927722  16721057
33927878  218384
33926655  33925086
33837813  3177836
33927981  15455735
33865090  17853541
33928039  1905397
33927866  1369004
33928025  180398
33928233  1883321
33928194  7028043
33928358  9253200
33928522  33047452
33928592  18866796
33928666  2994819
33928510  33923911
33928861  21839182
33906592  26993903
33929030  218384
33928066  5469955
33929145  4968406
33928990  604831
33929210  33928075
33929268  3384504
1905397  16525617
33923896  4447827
33929142  30311199
33908787  1014861
33908787  8614423
33929751  18050071
33926262  7261670
33929835  20875113
33929739  3512507
33913941  14813303
33930058  27162567
33929143  3236483
33930208  6600093
33930375  23093470
33927456  14316487
33926032  767759
33930391  18050071
33926493  33924817
33924601  4871051
33925627  7485670
30642535  5064733
33923841  16852557
17166668  663834
23127926  663834
33921393  10550971
33920465  13102045
33920323  218384
33919653  1119385
16380549  33732110
33914993  17838495
33915341  6851461
33913611  25693309
33912950  33911677
33912153  3996802
33912051  9689793
33910957  8693342
33909128  16010701
33910198  9922543
27570721  1522994
33907334  2091465
33887627  16321690
33904834  16994108
33905865  13190282
12398246  10828398
31385872  33894618
33904057  218384
33903470  218384
32020660  218384
33887806  33876550
33901214  2263660
20530329  6615516
33899575  9105277
33895001  7606825
33896835  32091062
33930394  8679420
33896972  218384
33930479  274626
33930511  7021725
33930669  2973202
24846178  21169884
33930740  7304311
33919748  33056884
33886349  20991749
33930842  1925212
33930842  203198
33909446  12814504
33927899  12774278
33929837  314675
33913813  4467458
17632154  23090761
33929782  9189172
33923412  32404617
33931114  670734
33931124  2600191
33885424  32453946
33931088  9257505
33931226  32639728
33931297  31885409
28633373  16865743
7469700  7120845
33931716  1643067
33769492  1696028
33597171  28006358
33829717  28916807
33506469  12961752
33552170  1686569
33719045  6561609
33807421  9153853
33788986  6612344
33600591  31096009
33931829  626759
33841576  5254553
