33931908  23667086
33931904  7575267
33932382  23221965
33932432  2020407
33932338  6429186
33933024  1232040
33933102  16448153
33932070  6848970
33933324  8256915
33933382  10922888
33446540  12774
33933468  16098046
33922399  3681123
6043419  10333016
11515536  10333016
33933529  6060525
4486973  403924
33924108  32483702
33928685  3099234
33932680  218384
33933501  5636438
33925057  7785374
33933572  18705639
33911752  2350495
33932295  218384
33923397  7912464
33932844  8343058
25572063  30128395
33927104  218384
33931211  3052442
33934129  218384
33932045  17489178
33928048  31775042
33932724  9155684
33932724  10411773
33934110  3099219
33934207  20906077
33934156  18258085
33930345  11620698
33934469  1144783
33934433  2612802
33934298  4772425
33933613  20744650
33934444  658697
33934562  21033150
33930331  15032063
33934736  3076414
33934250  247483
33487572  972370
33931037  27938415
33932787  15595289
33930738  33934605
33934860  9708242
33934304  2499246
33935032  12254333
33934923  826948
33934652  33933117
33934686  19629067
33935097  4285895
33748235  32427289
33934047  33932597
33935831  18003883
33935356  30854269
33928268  27444640
33928188  33913746
33935843  9634230
33934327  33932174
33931077  33910614
33935530  17843461
33936716  9673817
33936231  33666249
33936849  2818697
33936921  16385380
33934847  26842512
33934812  33935704
33930651  33690697
33937137  4277665
33936362  1299871
33935199  218384
33937331  218384
33936737  21399650
33937363  17783210
33935759  5890584
33937454  10238694
33335317  28486521
33914857  218384
33932146  8758715
33937836  18285084
33933819  2785485
33932367  7510953
33935569  9644044
33938002  16284629
33937942  218384
33935140  25904820
33937669  29387475
33938159  2422468
33938193  4547660
33938196  2201925
33938275  31492699
33938386  3552461
33937662  26566520
33937111  218384
33938656  1093322
33938168  218384
33938799  10780289
33936965  33933361
33939016  16284629
33939027  123999
33938953  10371539
33939333  22703412
33939387  14525178
33939445  31309247
33933306  22427567
33939737  30214531
33938932  3705318
33939622  24058336
33938776  29966499
33939740  31975986
33939376  588004
33939795  279170
33939628  33690697
33938473  4244896
33939690  33826558
33939873  1657319
33939945  218384
33939745  218384
33939424  28828896
33940345  4086107
33923335  27883841
33940448  1932399
33927708  33898748
33934294  22547364
33940586  4660142
33918125  25151476
33940258  23384811
33932537  11754781
33939625  5208679
33796577  2277332
33940992  12769982
33939341  3059044
33919845  3451316
33940476  3457391
33940933  1610030
33940160  750486
33941052  3804577
33941198  33930146
33941081  4261133
33941118  25612129
33941322  14220321
33941644  2801878
33941780  22219004
33931234  24644436
33936527  24644436
33941166  24644436
33940469  371
33939251  1661273
33922852  33918037
33941722  33319959
33941021  2645636
33941946  32310900
33941803  3009477
33942024  18198176
33941981  1848424
33941747  11952706
33942083  5554734
33942117  9129766
33942148  18050071
33942080  29167428
33942234  218384
33928954  8573190
33942523  234210
33942156  3891641
33940656  21935946
33942568  7687884
33919890  8683772
33941580  12142193
33941061  30251707
33942771  356675
33942893  14220321
33942679  1451009
33942716  5393254
33943002  9069379
33942642  7550383
33943008  13883883
33943238  5828803
33943377  24504582
33943110  1372480
33943302  121203
33930032  8689964
33937699  180741
33943271  24931211
33943240  7635835
33943753  8470070
33942830  4660142
33943945  24311023
33944013  2158395
33943601  9948420
33944061  20906294
33944162  2776829
33944088  33898521
33933751  33645587
33899870  19764476
16252742  1823341
33914155  1207406
30678248  27726236
33944843  1975461
33943364  27043268
33943364  30552802
33942851  21957356
33945303  4240080
33945376  383947
33939820  14736496
33944417  529085
33939953  5394116
32851978  30512748
33945633  4660142
33451848  33450594
33945556  7190852
33945953  12301358
33946040  2559527
33946008  31159613
33945829  1521462
33945866  7674786
33946207  33901930
33937222  753948
33934279  7209521
33946363  22377686
33945441  13447891
33946500  11922383
33946634  12481430
33946529  8918851
33946745  5805843
33946227  7056749
33946815  22509022
33946016  4581782
33942646  4286586
33946422  525609
33946467  3418128
33946991  586182
33946830  25843264
33946908  32416261
33946691  13045593
33943279  33946602
33947408  20363719
10862471  6081008
33946108  19584629
33945375  7521729
33937625  31081563
33940917  663171
33946750  20279484
20306967  1564501
33935151  4148923
33930527  676467
33928484  67631
33924889  20698689
33924831  10649673
33924586  8729071
33947549  32635704
33947689  15076310
33945533  8043296
33942862  11093326
33947758  13753742
33944310  20039765
33947825  13241531
33948311  6286571
33948210  1208442
33948359  23194023
33948522  952914
33927954  4013906
33948646  26872827
33948762  218384
33940277  3737139
33941655  29857236
33937168  10839147
33948730  20008501
33948767  4660142
33945665  31899371
33948926  20296777
33949053  13102045
33947507  425095
33948722  456303
33948826  19397957
33949176  4261133
33947274  33914124
33948515  19397957
33949353  4660142
33948622  24644436
33949640  24055394
33930742  736571
33945584  1070244
33950277  4261133
33950299  18050071
30541625  24045417
33949740  33773260
33950490  33937103
33950360  17420595
33949205  2166961
33951250  1690642
33951377  758212
33951479  14220321
33951439  2198693
33949511  18568572
33951953  20940979
33951968  1054022
33951590  33690697
33952104  9227268
33951312  33690697
33938212  7123490
33951118  8718740
33952064  21021388
33870123  10807567
33952858  218384
33952989  218384
33854949  7717527
33953215  3737139
33953334  949433
1395177  406230
33951067  33943899
33950920  7611402
33953523  11463327
33949425  23658567
33951722  26534552
33953651  477572
33951720  10611455
33954122  17984975
33946774  12974890
33953962  3346072
33954317  12091506
33953628  33941193
33954082  3761009
33954170  7850378
33954538  18093735
33954447  2818697
33954447  2591098
33954154  872565
33779069  8181344
33953752  28988260
33950325  136168
33948296  16188420
33947421  19602187
33923868  20455200
33950370  31261974
31330946  2392629
33954748  10769964
33907607  123198
33906203  2711579
33905748  10306531
33904994  6740918
33905099  9775297
33954873  7853914
2657068  818828
33955081  120283
33954011  5953955
33955243  20621405
33955347  5500522
33951698  2885173
33950764  6581994
33951942  12767886
33955618  30455556
33955903  8952003
33955896  1481178
33942978  18768527
33956454  4800267
33956364  1009860
33493271  32084607
11679194  4767971
33940443  15350477
33955876  18999501
33956793  513832
33956584  14032066
33956911  16371129
33956087  2422468
33956000  8580273
33957163  218384
33955287  29482329
33956697  1332548
33956697  1453369
33956697  7071133
33954394  17498216
33952627  1957850
33954287  5884807
33957436  20707999
33957528  25412622
33952138  13517526
33957898  15810295
33958028  4736
33957977  11321491
33958022  6490252
33956322  29378566
33958090  4660142
33958082  8260267
33955703  14040942
33954336  3477292
33845080  6099434
33958044  9815226
33957908  26728060
33958501  610245
33958476  5918451
33958372  31173738
33957393  16098397
33958774  27644361
33958432  33192675
33958432  26469457
33958912  4736
20819879  5435937
2213355  5435937
1615271  5435937
33956583  5435937
33956342  11404946
33957606  3557494
33959029  123559
33959155  4736
33958969  4421706
33954713  918449
33951854  24644436
33955778  17498216
33952646  2973202
33959396  5418160
33959468  4216745
33673830  18608452
31681865  31700345
33959117  161738
33949417  9237201
33958091  1669821
33943967  33761653
33959543  166221
33959456  8774089
33959769  17596939
33776526  33924041
33959613  1936462
33959043  2096573
33960322  27390656
33946365  72899
31798310  33769143
33960578  719546
31402272  19961239
33716748  19961239
33632394  19961239
33893179  72899
33890339  136734
33956122  7414287
33960391  21160337
33960704  22584244
33960700  1825147
33961017  4773632
33960401  9569756
33961180  14850553
33942361  1765238
33961425  30325566
33960042  13840998
33961567  4660142
33961682  218384
33961735  212321
33958347  29357919
33948094  33146385
33959665  8981194
33876124  33961965
33859104  33946274
33962309  1711990
33896900  61212
33962503  32075498
33962500  85190
33962536  23041169
33962623  3088059
26720109  23041169
33963073  3076679
33962993  949433
33963108  1200621
33961512  19864749
33960729  33194594
33963041  1109061
33961941  9366816
33963013  14866713
33963078  874461
33962386  12953127
33963264  5554734
33963500  370357
33963238  218384
33963194  22093843
33929654  18397962
33960456  19839952
33963685  7777142
33963804  5239856
33963648  22252904
33963822  85190
33959032  11152459
33958880  9955606
33964040  31519063
33964453  2102952
33964354  18584355
33964354  8337069
33886490  8878033
33964553  11146602
33964396  14505318
33964538  1063585
33961708  2253750
33965035  12573816
33965020  16819956
13584747  3937624
33965149  16819956
33965208  5605125
33964154  8812754
33965288  18351726
33965281  1046865
33960801  1747654
33965447  5585779
33960457  19147
33960406  19779864
33956506  6193711
33965792  13308431
13308431  19843506
33964177  8068301
33960950  32635704
33965657  12625860
33965657  15478127
33965761  3845018
33965532  10946771
33966170  11488014
33966360  51320
33966270  45015
33963949  492384
33966391  15998335
33966379  2777107
33948563  31729337
33966578  32765804
33965589  218384
33963533  12787757
33966594  33962373
33966671  5554734
33965697  4660142
33966827  17740639
33966709  20484738
33967091  33715723
33967310  29080759
33966668  2437716
33967371  348853
33967578  4261133
33967775  495021
33967260  3611638
33967740  28771896
33967656  10367698
33967721  17813492
1110826  40480
33967337  32045279
33958741  19730598
33965684  2868432
33967961  2209755
33968385  240178
33795456  25895984
33949931  33946925
33968596  18435306
33967664  8199138
33968796  2559527
33965423  2851015
33969103  7214213
33968433  218384
33927290  26239116
33968977  33953054
33965040  8337688
33969341  949433
30418267  25183533
33969271  23667086
33969546  2965837
33968733  24715864
33969668  513832
33957304  218384
33969698  6515502
33969790  4660142
33969467  1015678
33968579  6057530
33969991  8418471
29945930  29857695
33970212  170168
33964575  10904375
33970140  14744746
33970192  7229408
33956872  29474046
33843582  1721608
33970492  27390656
33970134  2591098
33970650  218384
22986667  14229072
33970335  25793034
33929391  30385380
33963211  4261133
33952996  19055378
33971157  218384
33970389  5834014
33963336  33964860
33970530  11922383
33971231  543926
33938199  1420381
33938199  3003145
33969009  33968003
33971522  4734845
33971827  10016343
33938493  597328
33972030  31089122
33972069  11321491
33972191  218384
33971989  8081827
33971046  11321491
33971843  12573816
33972438  218384
33972084  27142263
33972459  5287538
33972499  4658355
33972411  312443
33972493  4775722
33972890  949433
33973036  513832
33823925  23723898
33973094  376278
33972097  34413
33972668  1936857
33973132  408405
33973249  10133450
33973234  4261133
33973031  8028957
33970199  33960370
33942931  21886839
33972592  3074483
33972592  28628225
33973499  218384
33973265  27876923
33973437  6817262
33973509  27962980
33971857  31927984
33973522  218384
33973738  4261133
33973735  16892570
33973802  24644436
33973803  24644436
33973368  8841488
33973936  4979542
33974113  7451524
33974067  19323010
33914618  14639604
33974184  31363216
33973567  684672
33974202  11488014
33974110  15513395
33974268  14347038
33968765  583327
33974559  5689269
33974543  274626
33974701  5125189
33974605  3263761
33974679  33899679
33974023  218384
33972296  12461628
33974399  14220321
33974820  18421891
33969144  25200220
33974763  2946656
33974927  28702960
33975099  19162331
33975132  218384
33975155  13919793
33975220  3559063
33975348  1279957
33975348  7555442
33975416  2305966
33975469  4660142
33975390  19605150
31346081  31043236
33975732  1669821
33971123  743622
33975801  2720488
33968167  252780
33968962  24412322
33975682  16965484
33976157  10494601
33976403  218384
33976425  12615113
33976094  3781851
33972129  7572335
2373544  211383
33972213  10305718
33973232  8480100
33976578  2579959
33976610  24208728
33976628  19843506
33976565  1634268
33944825  33926424
33975304  12088103
33976899  30680938
33976888  19648240
33976861  33575735
33976097  29290798
33976866  19752644
33949557  4177744
33977088  30959515
33977325  6343166
33977278  4261133
33976022  14105452
33977434  6363293
33977529  18050071
33977601  16475636
33977659  20449427
33977659  642154
33977744  4660142
33977886  5203022
33977347  23563887
33976191  17555218
33977720  13832720
33977774  2896752
33977947  4543936
33977887  29859995
33978106  8627902
33978057  12549547
33977586  11706477
33978243  20617526
33978381  183853
33978346  457453
33978399  18095575
33978739  8691311
33976234  33831766
33978881  218384
33979019  17334917
33979011  33968228
33979021  33978711
33979180  33978378
33888990  20002503
33979353  6532065
33974475  60174
33979410  24644436
33970730  22575261
33978845  33938292
33979471  33234139
33977257  33970665
33979725  28127730
15122272  13457707
33979794  20656470
33979724  29140402
33962510  8106166
33980546  18034444
33980740  5984633
33980778  9154817
33980754  5821089
33976872  784173
33981113  25504149
33981099  11578819
33980708  33980101
33981280  3309188
33981354  8779189
33981274  111102
33978952  2448964
33981427  513832
28116294  3849509
33981697  33970014
33981742  16447410
33981873  33981160
33981781  3076414
33982488  240178
33982524  11646087
33982551  4650243
33982612  20449427
33981095  218384
33982700  12573816
33982748  31613748
33982917  15404493
33974580  46155
33961541  6542996
33949480  33948042
33909177  13473523
33983036  27307835
33975609  1042507
33983190  4979542
27361413  25329302
33983208  23294658
33983001  6441218
33983127  26346688
33983310  13761685
33983303  31005577
33983436  12460959
33983246  218384
33868848  33854160
33982451  218384
33983099  21174923
33983637  1424510
33983522  29140402
33983828  1031273
33983739  1568091
33981646  4216745
31166056  21918000
33982034  3985214
33917580  29587130
33983037  16377386
33983935  761194
33983949  5336711
33983999  13106906
33929738  11531769
33983264  572897
33984097  9039961
33984018  513832
33892421  1595350
33882322  4873607
33984149  250256
33983643  1120140
33912765  28999906
33979554  32737907
33984188  33112559
33984208  6343166
33984390  4660142
33984453  28271982
33984492  203198
33984531  2341579
33984522  255898
18696239  35240
33624896  1304465
33984939  17364127
33985048  14735630
33985051  6542996
33985148  6441218
33985207  231767
33978411  26554814
33978411  29530628
33984821  218384
33985600  218384
33985547  9277948
33985547  4328500
33985714  79693
33984918  20973874
33985841  33984701
33985728  80476
13954330  4778627
33983547  24926804
33985439  24027116
33985909  18050071
33985962  9257505
33985334  14220321
33986039  3477502
33986114  8396407
33986119  218384
33986109  17750575
33986159  218384
33986147  8543167
33982682  15208184
33986150  27605721
33985082  13354953
33984581  23353173
33963893  24493741
32412502  10572269
33953478  33527625
33953788  16537621
33948397  686439
33930444  7142251
33891748  686439
33986393  2612802
33981060  25142240
33982276  218384
33983991  20354761
33986402  15683907
33985749  4660142
33986487  33333284
33986582  32850279
33986694  24644436
33986804  367786
33986930  8544771
33986937  495021
33987112  1359469
33987016  8336858
7461598  1359469
33987197  10255121
12892898  1359469
19409860  1359469
22990812  1359469
12650947  1359469
10428965  1359469
33987232  18050071
33987275  13387742
25429521  1359469
12728545  1359469
33986097  2896610
33987239  21859440
33987340  3404301
33987092  32075498
29727819  1465849
26653729  1359469
28855239  2045904
33987215  27053135
33986857  24956396
33987395  33905837
27347339  1359469
33691747  1359469
33987512  8768317
33986817  1955505
33987805  2317508
33986515  3681123
33987568  21397653
33987931  23314711
33988012  27243451
33988095  1267869
33986870  218384
33988146  218384
33988248  15188894
33976380  26700924
33988340  7137786
33988404  21593
33988394  18079908
33988326  16063312
33976029  60034
33945535  7674786
33987934  4261133
33988179  15661289
33988505  33978586
33988795  18891207
33948631  5126765
33988827  14220321
33988750  218384
33988944  9163940
33989123  16884061
33979008  33038856
33989410  20449427
11536763  5887133
33989448  1740726
33989491  15112125
33971420  10434474
33965784  18378503
33989597  409784
33989553  6658752
33989510  25676935
33989679  19339
33980495  33979360
33989796  18050071
33989891  3783595
27032717  11753000
33988729  33987560
33989824  9119236
33990111  29140402
33990134  513832
33989855  9898372
33988916  10181730
33990373  9233000
33990095  1119134
33982007  15481685
33990544  7272157
33990611  12573816
33989990  4907843
33988613  7949656
33986664  3698200
33990735  11036989
33990756  3079415
33990068  23017033
33989040  33542159
33987397  9048424
33979881  33985028
33991069  33990385
33990529  13913174
33978637  12252701
33988911  30036773
33991465  218384
33990941  1013239
33991759  413898
33990808  2307291
33991858  2084949
33991749  513832
33992130  15112125
33992006  20279484
33992342  19710804
33989276  31152874
33988914  24816
33992553  2652319
27274156  9764991
33992673  7230544
33992783  18849200
33992839  28551981
33992856  2793150
33988683  29220735
33993422  949433
33993353  7271482
33993369  1594952
33993572  363681
33990600  1520608
33993211  26023823
33991347  183853
33988335  21692065
33981310  20646822
33988174  3270680
33986496  9783233
33979681  1207406
33993821  513832
33993122  17696486
33993901  14565788
33993974  5621907
33993461  4949279
33990992  12799457
33993631  8203329
33993951  565634
33994216  33785755
33994235  218384
33993988  5150637
33993284  218384
33994269  2349991
33974185  14220321
33992266  23872635
33994464  21404311
33994786  25599900
33991718  7160348
