34054194  3925917
34012116  478167
34054323  29697725
34054483  504103
34046738  34043166
34051705  30723100
34054900  16601299
34055099  29424612
34055298  4660142
34055358  25488037
34054278  20585962
34055556  23353173
34055500  24346333
34055387  4138827
34055467  14736398
34029160  8293934
34055840  3918578
34055266  7279567
34055482  3727238
34046661  11974701
34055125  5238491
34056015  2231783
34056048  11321491
34055605  25702909
34055541  11500974
34056438  256754
34055854  5155434
34056088  399302
34050234  12432189
34055643  4255804
34056609  343852
34056729  218384
34052148  31116300
34056614  2391511
34055868  6447045
34055868  2717480
34056901  312443
34056926  2100758
34056983  299495
34057123  255898
13553064  5843035
34057260  204784
34057030  32635704
34057375  34050149
34057372  218384
34056879  10393563
2485423  1470488
34057393  9981104
34057611  29140402
34057296  396145
449851  204476
34057753  25192108
34057732  513832
34051526  6025522
33114435  26677410
34010135  13279399
34058093  14220321
34058228  3760152
34057893  23452097
34057092  7354740
34058463  8009882
34056596  2770321
34047347  4660142
34058560  413898
34058490  1952153
34057902  6462894
34058635  8840257
34057930  4660142
34058419  14220321
34054599  1963992
34022662  34014351
34058941  1789945
34058945  31433987
34058984  1614723
34058989  25706216
34058990  13776018
34058793  9260456
34059035  986006
34059009  8959069
34059051  33558755
34059203  1303347
33976214  556133
34058721  25829686
34059161  14220321
34059385  3605087
34059395  23833179
34055211  32379805
34059132  23667086
34059005  9072075
34059635  12968093
34059574  4140437
34059714  18921559
34059940  218384
34059725  21305779
34059977  2723397
34045890  2300867
34055333  218384
34049503  13779043
34060220  495021
34059411  19284978
34060411  34040614
18277177  11806810
34060553  4660142
34058868  2026502
34048878  8459903
34058118  33053799
34054397  18940644
34060798  218384
34060882  3446170
34060218  32964583
34058329  12075037
34061027  462663
34060970  9454866
33742322  3572160
19148121  3572160
34061047  11942214
34043215  5284516
34061138  1035632
34061152  21392972
6244005  12351244
33875147  2532729
34061331  218384
34057314  9518146
34053428  32498546
34061397  11488459
34059659  4067197
34061538  2846283
34061536  3055742
34061461  4261133
34061619  2820018
34061413  9486393
34061439  33504945
15286454  26228872
33994928  26228872
34057810  26228872
34062358  1862130
34062296  9186364
34062402  3646914
34039382  24486834
34062800  218384
34062674  12953127
34060304  20845977
34057462  218384
34062801  136035
34063045  22937618
34062720  4131227
34061147  9033243
34061812  2779650
12661497  14905475
34062539  8406394
34062955  15266533
33692394  3590165
34063083  1889559
34062965  26559366
34062073  2904256
34062770  29055574
34063736  584960
34063181  8927208
34064088  8925400
4480757  1912501
34064128  2973202
34059937  18560097
34064012  2647
34064417  2611173
28993723  1912501
34062817  10431835
34064726  8942895
34064444  18865058
34064574  18017979
34064747  20940979
34064808  19980112
34064213  9508518
34061951  1857244
34064546  8028957
34064870  218384
34064951  34059992
34065233  6456703
34065284  8571078
34065284  57483
34065398  10438752
34021966  33079416
34065511  31760756
34065589  33426642
34064770  19087811
34065699  218384
34065813  14220321
32654079  19968588
34065918  20940979
34059564  3204302
33997934  649614
34065226  1555262
34065397  5918079
34065783  4822852
34066246  4643074
34066339  15236733
34066619  11321491
34066603  11890116
34065988  20799180
226677  376101
34066770  4261133
34066517  1662909
34027414  2530663
34066623  29820947
34046961  14059342
34057216  3236871
33521436  4228047
34067104  17364127
34055946  8263546
34067711  218384
34067346  44569
34067845  32635704
34066917  31283000
34067947  4660142
34068070  3192791
34067809  1867861
33965809  950087
34068108  13040240
34031623  7116038
34068508  5121495
34068564  24308146
34068725  8336858
34068928  403967
34069137  12573816
34018623  2422468
34068843  3475750
34069129  3059333
34069319  8687390
7948291  595374
34069578  12509268
34065939  34060329
34069643  4261133
34069496  11675526
34069524  9501451
34069492  2474018
34069527  33440405
34042398  28792384
34059666  1042798
34069831  12758338
34066900  676824
34069848  19718634
34070233  6319775
34070581  9908564
34070546  1528298
34070670  5969080
34070690  24644436
34069756  2448380
34070964  203198
22936964  1846882
34070936  11332186
34070988  12573816
34070634  240178
34070012  218384
34070598  7255390
34070926  28363893
34071263  33978516
34070369  25025409
34071518  1960509
34071542  24644436
34071634  18657753
34071683  1582161
34071532  20694542
34071732  625799
34066121  3158004
34071898  7601851
34072088  1175390
34068573  34010738
34072370  34036954
34047269  34071798
34072311  12573816
34072410  4291912
34071341  15263597
34072724  29140402
34072499  2818602
34070459  24143149
34072703  4660142
34071857  34047522
34057165  33735987
34073113  4221605
34066510  19697846
28354251  19524554
34065831  8651361
34064414  2837214
34057328  18827198
34052390  21356781
34050140  3206344
34047769  16468297
34045216  16766643
34073312  18120864
34073304  496096
34066629  34037935
34073472  18050071
34073415  3253641
34070290  13100314
34066147  20575026
33793926  34056927
34073723  32874945
34072862  6012157
34073128  32970709
34073792  23699371
11307689  11313342
34073979  32949626
34073935  1187518
34073331  26067811
34073669  4660142
34073983  33716767
34050174  10459535
34074154  8710619
34059421  34058597
34038807  34035422
34065049  29094507
7331519  7351551
33614092  33564301
32193351  31992079
34074266  9579930
33619665  33513347
34074618  2770321
34074469  28949809
34074469  34069542
34074001  5605125
34074628  4203646
10739822  4922826
29728160  8630549
34074740  299703
34074786  750486
32581140  14622526
34036558  11869910
34028877  1911690
34034939  13045593
7935741  642154
26339615  6067405
34029365  20726010
34074917  16576457
34025503  17020115
34024650  4994789
34074973  2770321
34074581  5413548
18822067  10674228
34075041  18050071
34074839  7825263
34057461  25869206
34073874  218384
33739060  1953377
34075230  34068589
34073726  28094522
34075246  20440484
34069863  7200935
33964636  2156321
34075298  4402491
34075100  17687459
34016087  5725296
34075479  12498304
34075384  25545892
11592583  238073
34075029  27764421
34075522  8111677
34075737  1101750
34070876  14483393
34076109  2167916
34068080  33923348
34075583  1152260
34076305  2096916
34075523  3996782
34075850  19543139
34076784  10474676
34076854  3199171
34074629  218384
34077219  218384
34073460  33845125
34077388  6219263
34077421  14220321
34076820  44917
34066577  13218777
34077615  20299914
34077554  12438464
34067588  20944719
34076211  8459903
34011662  14392222
34077792  4191855
34077735  23667086
34077936  10158552
34077037  33820638
34077945  203198
34078004  118884
29776035  13795220
28301443  13795220
28301443  29776035
34078066  434287
34078111  25706216
34078013  18093735
34078280  2713863
34060033  32948514
34060033  19640148
34078466  194465
34078413  2787650
34078897  34077651
18273370  34077816
34078766  2170214
34078846  299998
34078846  1090458
34079014  1268817
34079073  4736
34079059  7061881
34079386  6257316
34079463  26426910
34079432  3630054
34079665  363681
34070740  34059295
34079978  21593
34080163  218384
34080161  101100
34080171  1663807
34080277  1583617
34074446  209840
34080240  218760
34079593  33776694
34080402  23294658
34080533  13875251
34076719  5533050
34078828  11263483
34080086  526556
34074671  2973202
34073245  50153
34080729  3801343
34080551  504103
34071744  1770765
34080948  34080171
11165160  34080927
34078113  8571010
34072279  15507683
33910804  31741744
34080659  31429314
34081745  899917
34081098  29610999
34071457  31472816
34067636  5200821
33450092  33365816
34063718  241388
34082017  406121
33964676  4201292
33957539  5710485
34082087  3906137
33948712  24119897
33945867  9793473
34081600  34081678
33967841  4935964
34082794  6916884
34081375  3947959
34081084  11230225
34077816  936687
34082788  3697432
34083105  5159982
34082781  7506329
34067685  24776200
34083367  1688099
34066574  29659949
34080890  2123514
34081343  1424510
34083559  218384
34072521  7002039
34081837  218384
34083893  773
34083890  15595823
34083958  12688985
34082782  129677
34083979  13990941
34077993  2844565
33887011  1773453
34083968  1563654
34084356  1367407
34083679  364114
34084363  32395229
34084720  218384
34084970  12769982
34079676  34065928
34074632  1078146
34081331  18050071
34085160  2520872
34081895  33874059
34081992  19821753
34085089  5078239
34084415  33714939
34084320  15221444
34085177  18495524
34021254  21805755
34065379  1703546
34065379  9637838
34083941  218384
34085504  13123360
34085700  15339297
34085561  14288847
34085634  30890920
34085634  32285412
34080788  33517276
34086149  27677397
34086153  14220321
34082251  5623838
34082212  3489460
34079207  8207655
34078422  16128482
34078630  4026479
34086295  3410976
34077376  2846283
34076292  201323
34086172  7952147
34076200  22230007
34074911  12117024
34074816  9882284
34074860  14220321
34073191  306252
34086309  1149928
34072470  15804462
34071100  18001169
34071160  18933985
34057080  3688460
34085813  25574410
34066752  1069666
34063955  9213660
34065537  18623783
34058274  22639534
34063998  18498801
34063177  34018041
34061678  32404013
34062153  26295844
34086109  1817792
34084202  32630052
2236599  500508
34081538  34050615
34083924  11684903
34083401  8554286
34083043  26408253
10118264  1073274
34082422  11938253
34081964  218384
34046872  9592580
34081549  513832
34080230  5245093
34080283  2094836
34078526  3672731
34077562  7963194
6219263  1166905
34077454  12888490
34075002  218384
34073679  10389572
34075193  2011528
34074364  218384
34074023  10407159
34074020  19523167
34073657  40480
34062882  34047668
34072536  34069886
34069714  24444265
34071917  8603232
34071681  218384
34070915  223918
34060466  22658322
34071273  20919048
34071182  2580925
34068357  25365952
34067175  218384
34065174  33034287
34064789  4922145
34064274  88235
34064040  13360521
34064460  4410107
34080940  15833031
34075539  2118656
34086193  32881022
25976250  15585602
34074298  9192673
34086250  34070820
34085358  33573929
34087588  8660691
34078459  32944574
22871321  18977887
34086872  517094
34087777  2161054
26131315  19712743
34087838  3552461
34087323  7027288
34087947  388180
34088023  4388600
34088053  279170
34087965  474679
34085786  6474783
34088178  3247671
34087026  33549798
34087773  14711552
34086253  6004309
34088499  20940979
34088541  2866063
34086788  9184141
29447110  20940979
34088197  28501418
34088552  270408
34081493  18050071
34088796  14220321
34088076  24158742
34088539  14856344
34086717  11972084
34080386  22842289
34084515  28708741
34078633  622516
34088987  4660142
34089080  1855170
34089129  22082935
34087907  16927242
34089213  6319135
34088373  12859942
34089155  12451431
34089543  383947
34089615  218384
34089553  513832
34066507  30414990
34063867  22672676
34089606  30395825
27256849  11972084
34075880  239567
34089394  16922214
34090054  706196
34090179  18050071
34090137  28231089
34090249  321370
34090360  40471
34087438  25740888
34090290  21122540
34090293  2973202
32294091  568977
32294091  14767136
34088258  585396
27123999  568977
27123999  14767136
14767136  568977
34088266  12973777
34088381  20279484
34090340  17016407
34090095  14211973
34072245  25011890
34090729  10693845
34090860  23936246
30627073  23936246
34086344  7765810
34090840  14220321
34091070  32584850
34090914  351565
34091360  1328223
34089949  6953351
34090463  20279484
34091556  8028957
34091594  20940979
34089552  15612759
34085508  11288475
34089727  14458829
34091822  29153703
34091841  14220321
34091953  1732348
34091875  670734
34091585  6352208
34092008  18892513
34089184  2087108
34091902  3577641
34091878  34076582
34092083  20725787
34092083  31958637
34092257  3422390
34092223  251420
34092387  3737139
34091774  22452272
34092523  218384
34092369  34076368
34092280  13765308
34092689  25706216
34092415  33897453
34089706  808503
34092713  6729605
34092509  2197741
34092905  5545649
33914345  3078646
34093020  25701979
34092451  14446447
34093075  7204494
34093109  7220681
34093234  23294658
34093086  451415
34093217  28011118
34084417  2954005
34093632  4736
34093580  5667705
34093634  4131582
34093653  13780417
34093531  23584120
34093829  3307549
34093165  421965
34093862  1120140
34093642  29337187
34093991  11326761
34093843  3604310
34094111  1005073
34094136  4176328
34093678  2934312
34094240  620733
34093940  30257819
34091131  10671585
34074825  34056812
34094397  15133023
34094567  18050071
34089280  31325866
34079757  34080751
34094968  11398122
34095044  1922677
34095112  12132099
34095129  32635704
34095339  513832
34094097  20231539
34093816  121864
34095445  577575
33260169  31461012
34095534  2146129
34095294  34025425
34095695  2591098
34095251  34056973
30151002  20179429
34095959  513832
22572712  22570259
34095871  18331068
34096091  8110934
34090046  588004
34096122  7849421
34090052  123559
34094650  34080562
34094671  1844158
34094671  3579938
34094798  6235735
34096128  14469966
33906317  3985214
33568434  33785180
34089817  1521462
34095929  14867213
34096341  1132941
34096395  31101897
34096156  8005846
34096383  32509714
34095994  5005363
34096066  14755425
34096733  60174
34096697  10752055
34096730  4969171
34096804  26969288
34096766  13005694
34092626  15015031
34093060  11797351
34093762  3668964
34094853  1108
34096611  14220321
34096991  359494
34096222  24765901
34097128  24167805
34083033  22902411
34097356  11321491
34097254  549
34097254  3295644
34096868  17151825
17838605  17501418
34097541  5554734
34097717  30954722
34097642  45494
34072389  2422468
34097789  23294658
34094291  11731377
34097863  419163
34097908  3727662
34098085  4261133
34096776  10240694
34097574  7842293
34098262  4261133
34098249  13972617
34097844  6990484
34098027  20073294
34098331  13102045
34098342  11699955
34098342  40480
34098271  22077608
34098479  15479928
34098481  1073396
34098612  10768724
34098630  8913011
34096573  7774814
34098641  513832
34098956  14220321
34098471  5410757
34098934  32105987
34098564  2973202
34099215  1660124
34095209  4890480
34099193  60174
34099383  4660142
34092717  9695662
34082234  3671300
34099174  7313657
34099289  5749569
34093542  7162194
34099831  1373164
34096860  717725
34099967  34099174
34100028  3127429
34095444  28932281
34100083  291978
34100208  513832
34100390  14220321
34100297  34093534
34100378  7868936
34089419  33732346
34100621  218384
34100878  22822696
34101016  8751273
34099753  9966136
34100265  1665533
34101007  1682567
34101074  513832
34101161  30362799
34077306  8375423
34082802  23381779
34095052  31477019
34101516  5020533
34101595  466345
34101586  34100514
34096811  17354065
34087585  157933
34101768  6296945
34102001  69761
34102007  21991856
34102098  5848381
34099348  33307771
34102701  68645
34102905  3045861
34102957  7837456
34102996  218384
34102982  2156634
34095612  5653533
34103036  513832
34101687  5618664
34078483  32220480
10483421  4065985
28615848  22937618
34097698  30128395
34087419  9069379
34103149  218384
34103240  4958913
34100521  3485177
34102228  2847135
34102977  10802212
34100737  34077833
34103413  218384
34103194  949433
34103495  4336060
34095321  18065144
33743741  6112075
34098878  2736389
34098828  7942154
34103608  4660142
34056342  5181949
34103294  12825288
34103661  14220321
34102596  880152
34103714  14220321
34103720  277258
34103409  15534674
34103887  218384
34103923  22719106
34103932  218384
34102787  21539296
34103863  32946884
34103912  6847697
34104211  5187530
34104440  6847697
34103838  1014861
34104684  1179758
34104724  8999591
34104316  31919260
34104897  16709946
34100817  14187963
34105037  32949626
34104271  1708444
34050761  218384
34105412  32949626
34106456  32949626
34104958  9614622
34096242  4765057
34103425  23938323
34105303  8028957
34106583  18050071
34106666  60174
34104421  26068021
34106469  744373
34105393  218384
34106621  8336858
34106770  34105294
34106794  7122609
34096157  7061266
34106896  750486
34106896  24293376
34106822  9114565
34106971  4223923
34106903  27160073
34107046  27654070
27654070  24029723
34103051  16754956
34085698  34089486
34106926  32635704
34107391  4261133
34107446  7421320
4799151  9551058
34107723  60174
34107784  4261133
34107403  130763
34107875  383947
34107951  7526152
34105301  12112647
34107822  27515309
34108093  180986
34107931  30119844
34104873  2217688
34107561  10586384
34104583  23097007
34107614  7202157
34107061  33466829
34107984  16646322
34108254  193182
34047102  28702960
34108434  788335
34102289  11278114
34108179  2862918
34108658  7680959
34108766  8307612
34108743  7213115
34107941  27661306
34108886  4108577
34108886  5754367
34108853  20324962
34109031  7137401
34109005  22417751
34109107  7343833
34106461  3560950
34108713  16294982
34106991  29881465
34109004  8161712
34109378  25706216
34107683  8473622
34109426  218384
34109473  218384
34109526  10792603
34109569  1680528
34104450  33278280
34109751  1807803
34109828  34108407
34109686  25555154
2186656  1157106
18628973  1157106
34110127  19098952
34110176  7069076
34110180  16530775
34110164  34109563
34105280  18429422
34110322  767999
34110418  529085
34097943  34030626
34110553  4018332
34110577  24465134
34110627  968347
34110580  12953704
34110846  8366957
34110962  8207325
34111029  34103435
34111053  218384
34111066  9715776
34111060  34099597
34110971  21340929
34109789  34103458
34111166  1451009
34111062  141449
34110647  14627223
34111213  218384
34111284  20387803
34111217  28218466
34111330  203198
34106820  2591098
34106820  9605913
34048434  15737408
7492672  3481828
34048324  9960383
34035495  123559
34034225  33990023
34030172  10481001
33930957  4246077
33922070  22542834
33866763  7489966
34111305  5251507
34111353  218384
34111541  15103553
34111467  1294586
34109216  4261133
