34229971  4261133
34230529  1179816
34230224  5569072
34230044  8020228
34230839  513832
34230866  18839582
34230990  5121495
34230913  13967063
34231132  16983539
34230130  612097
34231047  23688688
34231595  13349422
34231547  33600951
34231434  32949626
34231920  5838711
34231495  15911714
34231443  28566717
34232036  2028747
34230329  13564680
34231901  18462410
34232081  34230509
34232501  218384
34150413  7692233
34231932  1101750
34232616  17485297
34232630  2232934
34232749  218384
34232251  4528101
34232601  2141558
34233022  3744289
34229485  18549704
34232929  20449427
34232890  6817262
34232890  34232718
34232718  6817262
34233148  513832
34233224  7220681
34233113  4931852
34233520  8749001
34233510  8585350
34233478  20372876
34228414  90178
34228225  6114300
7127652  2029888
16037033  2029888
34233843  243385
34232679  23069380
34218392  3015335
34214345  27409074
34212699  13002424
34212699  13501915
34231701  24147088
34198614  34203203
34229705  3354405
34203361  22075468
27292048  8329485
34200818  5986784
34233747  30309556
34215194  29099797
34204285  8667818
34234235  13695027
34230738  33687447
34234800  24644436
34234805  1584100
34234730  9344271
34234997  4261133
34234554  4261133
34233803  5121495
34233366  17498216
34234381  97984
34235045  2502833
34226712  81934
34235424  672857
34235457  230205
34235675  12343714
11183518  20274302
34235810  299703
34235965  69192
19124662  13648898
34233133  20141538
34236118  218384
34235951  2699324
34233119  17534883
27033260  26718825
34236439  34224410
34235993  1003275
34236196  30680938
34236476  7384913
34226779  1079164
34236441  22003802
34236534  6626397
34231502  4261133
34236735  513832
34236766  553682
34229331  34129043
10904485  6369287
34237248  34148742
34237257  3874516
34236084  34232248
34237504  1299871
34237544  19309042
34237807  203198
34237866  24811456
34140563  21149200
34193380  5714528
34237281  8743411
34237566  13537920
34237740  218384
34238305  686858
34228446  34224525
34238208  23592030
34233558  2839321
34238136  23752593
34238338  6293713
34237628  218384
34119407  34048907
34236586  218384
34238484  536814
34238630  218384
34190215  33124499
34238352  6403619
34238619  453161
34238974  218384
34238947  34233791
34239222  3621956
34239344  3581258
34239393  24549952
34239433  28565976
34238905  13719593
34238905  19098797
34237989  5467129
34237989  1069666
34239387  359494
34239232  722240
8028482  12769982
34238548  218384
34239919  1563191
34239786  11008047
34239210  15112125
34232212  218384
34239907  218384
34228602  2481269
34240655  18050071
34237016  9640266
34240680  14028959
34239814  7371732
34240623  12064202
34240825  588004
34239639  1291905
34241044  1373164
34241149  7105890
34240352  21881992
34241160  17501418
34241291  22330250
34241126  4261133
34241517  16981232
34241553  13671043
34241598  32635704
34241750  21196613
34241614  2294915
34240020  32676334
34241853  403421
34241362  218384
34241831  4261133
34241537  2973202
34241896  32949626
34241467  4948582
34242018  8114276
34242077  750486
34242332  218384
34242060  4261133
34223679  4438926
34241675  23207896
34240604  11841540
34242576  34217128
34240958  4915462
34241477  23272460
34208274  29817106
34242839  19510169
34242765  32350565
34242992  4150218
34242876  279170
32350565  3476350
34243358  19433364
34241948  954834
34243405  34239009
34243466  7095689
34242159  33970159
34243045  1532461
34243404  218384
34243701  24644436
34238388  13624822
34243849  18050071
34243694  9230878
34243971  363681
34243173  1169456
34217841  5535206
34234996  16837704
34244160  12994769
34244166  5121495
34229808  438146
34243954  4053917
34244261  33273414
34240230  11463734
34244119  8336858
34243115  218384
9160501  218384
15578604  218384
19279998  218384
21176192  218384
34240487  5036700
34244690  218384
34242073  34241989
34244972  8115722
34183768  14184099
34245004  5231712
34244594  14326890
34243066  3395690
34164245  27927496
34245205  218384
34245208  286727
34245351  30159229
34244846  1452721
34210411  12247806
34245256  5397726
34211378  9160123
34245503  2075337
34245523  25192108
25429975  18478379
34245592  32381913
34244553  3506251
34244553  13638778
34245748  3331353
34238128  34237438
34245817  4108313
34245817  1328223
34246135  5605125
34246231  495021
34246235  1527803
34243775  661977
34246179  4499528
33767855  30311355
34246348  2057146
34246142  19326004
34237968  33431277
34246729  29293637
34247004  1348178
34240026  17528252
34243219  8548141
34242778  2524151
34246688  34116570
34237604  3446216
34232615  2152461
34244735  32075498
34225143  10333016
16680196  3367561
34220866  6905706
34213180  30340754
27052602  34182672
34198233  19019409
34157184  3446216
34246988  24830420
34247595  10511170
34160924  2809688
34247628  24053838
34247353  11486256
34246257  28753656
34247922  4261133
34245836  530012
34248072  19554755
34237331  11998593
34230108  20010882
34188388  33734135
34248377  15429775
34123824  14407576
34248461  20002503
34248398  13672760
34248374  16517298
34248427  47981
34248748  1682567
34248799  20279484
34248428  8133804
34248428  25574244
34248901  2036569
34248904  34248135
34248941  10201008
34248941  3906137
34248982  23708898
34211327  23318396
34249032  4660142
34249050  4660142
34246528  33690697
34248623  1733124
34249167  31422025
34249163  11314645
34249130  16771225
34248957  218384
34249260  24551
34249279  2779484
34249310  17246693
34249248  375991
34249450  7165395
34246384  30731277
34243438  16287073
34248165  17703311
34248442  25199660
34249318  580669
34138205  399734
34249365  5739937
33747486  33690697
34250077  33690697
34240646  2973136
34240741  10962344
34236967  7041938
34248286  3112946
34250415  7364109
34250326  27455773
20324914  18188542
34244027  8480100
34250522  1561336
34250756  4922145
34250576  28965734
34250765  19637700
13821462  11819472
34250774  4929584
34250170  28332494
34251045  19365508
33987153  9251635
34251294  513832
34250970  10932910
34251367  252780
34251008  17067918
34251482  3716920
34251549  4261133
34247958  23446377
34251913  5366285
34252012  513832
34251840  8498689
24048149  7859336
34252202  240178
34251326  1188205
34252279  5209819
34246740  24644436
34249608  24644436
34250781  18050071
34248599  25784901
34251902  16765158
34252403  20236483
34252548  513832
34252440  19691530
34252462  34251060
34252552  22252904
34252346  11906913
34252655  16583265
24623190  25844101
22064744  25844101
34250663  30011363
34248774  14962969
34248156  33454533
34252043  249452
34252952  336859
34252512  34251807
34252406  13262548
34253092  713498
34253214  8577545
34253272  30128395
34252243  513832
34252243  7056749
34253405  6792197
34253337  17498216
34245346  17498216
34251188  30181931
34253220  7383163
34253466  3997659
34253453  9253027
29576102  24380442
34247214  1849149
34253907  18050071
34253939  11227809
34241082  20932779
34253964  8066501
34253758  588004
34253988  28413756
34253965  14220321
34254044  218384
34253201  20054047
34253100  33985585
34254172  218384
34253548  359494
34254199  5229809
34250909  8419564
34254289  9137157
34245827  6471549
34254272  17968760
34254345  26327391
34254296  16804183
34208404  10404348
34244484  767999
34254665  27687481
34254685  23667086
34234939  17423900
34254778  1494953
34252408  17076447
34254883  2591098
34254854  218384
34254827  2022031
34254906  351845
34215295  3682748
34255084  25706216
34254895  6903772
34255183  15112125
34237083  28998776
34253661  22697688
34255190  30219777
34235021  28201423
34253236  817853
34255338  483666
34255268  2485139
34255507  218384
34255233  7301825
1586928  11469358
34255481  34253874
34255685  13840429
34255195  2505681
23681221  14220321
34251086  6233274
34254749  3446216
34256017  16662393
34254340  34239996
34256101  15367152
28652214  21537558
34256150  218384
34256190  218384
18161296  30128395
32171982  34255043
34256285  1035008
34256302  5893163
34256449  394809
34256368  3638619
34256610  4153218
34246084  5843537
34255414  8469705
34240621  96428
34256729  218384
34256750  7479599
34256822  5554734
34256477  4018154
34256813  7837456
34256812  16492736
34253494  218384
34256884  492384
34257155  8852560
34255825  34119483
34257411  4261133
34257382  428884
34257503  9069379
34250954  1925486
34257461  24644436
34248837  3818193
34242889  247483
34233560  2487747
34257544  2575048
34199403  22448330
34178010  5774070
34066263  15912315
34191465  9468055
34257946  218384
34257913  31137928
34257980  19843506
34257997  279170
34258073  5574058
3053057  2614809
34258060  2973202
34248987  33909697
34258180  9316119
34257892  32109490
34256839  15911312
34258258  20940979
34251807  22008401
34254101  2422562
34258327  17498216
34246388  32765804
34139478  34147060
34258446  20938095
34253029  14491496
34258489  4660142
34258385  3025838
34229946  19461521
34258562  28776079
34258272  34231445
34256744  2067098
34258609  11321491
34258641  2976011
34245198  5800649
34258763  17256182
34252740  15017486
34258817  21865244
34258817  672040
34258850  2885173
34236071  9387610
34258711  30731785
34258731  30545518
34255810  34007949
34258336  9342249
34255602  9767952
34259047  14563559
34257965  18176913
34251336  19451715
34255800  13840429
34255915  2278018
34255915  5395228
34259185  5434459
32406800  10383321
34250290  5387643
34259243  203198
34259237  20449427
34259276  218384
34258870  4469059
34259095  20336996
34257314  6343166
7440932  10383321
26574744  2620593
34258584  34228167
34259502  1373164
34257891  4421706
34259774  5926103
34259622  34255763
34257327  9043170
34256346  3097556
34192983  23743336
34259714  22937618
34242495  218384
34257474  8817394
34190661  3275293
34190661  6480595
34254217  566746
34259884  25764103
32814600  10383321
34243882  21219667
34260150  374239
34258963  10363526
34259736  28551989
34259454  30574694
34258579  34257621
34260442  20897020
34253253  604501
34260455  2185789
34259858  5377070
34256196  9854602
34255000  16232629
34227976  34229562
34252922  22329606
34260985  8159103
34255812  171952
34258256  33947850
34260507  215497
34261190  1391875
34261275  1276764
34260175  279170
34256643  5367526
34261283  7067899
34256912  104420
78811  443010
34236651  17295957
34261653  1120455
34261367  10771248
34247560  34163034
34261838  29813719
34220211  12783914
34262115  218384
34259865  5765853
34262106  11463734
34240424  6246907
34262142  927358
34262071  24167791
34261544  20564867
34262137  10843383
34262266  22937618
34262309  509211
34262323  3929342
34262378  25446236
34262383  2580136
34262382  11845964
34262312  9366816
34256071  29287474
29287474  25222259
34262584  9182763
34260720  742013
34262331  10693845
14612603  22675226
34258349  24898684
34243788  2612802
34261252  8634156
34219802  19023550
34219802  8237645
34262686  7031885
34262160  3881553
28156234  27396008
34261082  26673344
34259372  16521332
34245947  16783708
34260483  218384
21146956  218384
34242840  28043589
34239780  14159569
34263347  14417807
34263487  1011455
34263678  25528667
34263731  12120491
34263924  21544446
34262207  5505827
34262643  22675226
34264184  1868714
34262825  2560096
34264150  28037303
34264272  413898
34262617  2400262
34263673  7746567
34264263  4033463
34264153  21661113
34255260  20488315
34252981  9249830
34264446  8976627
1096615  556807
34264570  4261133
34264097  13840429
34264630  1303145
34261565  34260502
34264692  12972914
34264771  14774282
34262908  4716783
34263363  4691132
34263363  17822577
34264693  6500022
34265186  8634622
6574821  2784514
34220404  15214848
34263150  22804797
34265556  2435156
34265316  3577641
34265138  32144343
34265138  16148624
34265941  3110184
34266049  218384
34266142  513832
34265872  9382434
34265915  5824173
34264480  15118540
34266248  2503607
34266344  8913089
34265500  12769992
34266564  15582476
34266656  7386817
34266073  30486227
34266654  19055020
34266654  16100
34266934  6393943
34244923  18766886
34267025  14446677
34267073  16392486
34266946  218384
34263324  13119649
34228967  8511066
34260936  28221166
34264551  24644436
34265180  18050071
34267350  2815721
34267529  18050071
34266229  8028957
34267221  57202
34267591  11005286
34263286  11345296
34246101  30689599
34267495  14220321
34267688  500431
34265415  10492037
34265761  2359026
34267479  279170
34266937  18945156
34263291  6393943
34268285  20080861
34267977  3681123
34267838  17512234
23382264  23334389
34268451  8634156
15433781  5057320
34246118  15521343
34246118  950087
34268521  1863957
34240410  12921713
34268541  4767971
34268589  28003135
34265901  8482268
34265153  24788553
34251129  5013917
34265613  16113188
34268745  1524813
34263681  750486
34254879  32617961
15761238  14029655
34269089  4660142
34268789  16174992
34268813  30159713
34266773  949433
34262625  7387217
34268942  34204928
34269271  1267869
34266914  16424091
34269487  34084639
34263411  27112621
34268187  149848
34269627  894263
34269694  14684267
4275339  11703635
34265320  25892393
1904252  1829679
34157813  2337126
34269741  19395257
34254185  12769982
34269899  8638498
34268289  7414667
34270094  17785063
34269545  15762768
34266485  22046464
34270090  9906312
34270116  12737293
34270073  34086103
34270008  1070590
34264968  15377756
34270381  2155930
34270442  2770321
34270402  1303347
34270433  24923076
34146875  329259
34270584  34268484
34270654  60174
34267494  34218818
34270622  25064635
34268772  17067294
28427797  34270427
34270964  12330562
34270964  3437897
34270765  30552777
34271212  11255256
34271142  2081418
34271264  3605087
34271236  9402856
34271276  4261133
34271092  5305232
19834520  1196192
10820567  4660142
13665930  2367398
34271571  34271117
34271198  33347992
34271569  6473111
34271522  5958574
34238976  97694
34272032  5554734
34272024  28689807
34266589  2077870
34272303  20588338
34271624  21274965
34272252  14410256
34272256  121387
34272614  1262447
34272449  23446377
34272615  15112125
34272528  4964276
34259360  5208679
34270340  4954608
34272735  25407550
34266301  26236655
34273055  8447
34263030  24022479
34263282  14492284
34272403  15107977
34273094  3779771
34273141  24052775
34230025  34246386
34273161  20279484
34272775  18050071
34271432  4474428
34272499  1346684
34273249  6619555
34273296  513832
34272140  8635657
34273073  18631530
34265520  12573816
34268802  33466829
34273476  14016462
34273502  146576
34273195  28302019
34272892  26692248
34273584  6171132
34273703  20279484
34273679  1484739
34273824  20279484
34273840  9444751
34274007  13840429
34266437  6062192
34274280  750486
34209016  2397984
34232981  4421706
34274151  218384
34274277  4708549
34274233  32666950
34271002  17786618
34273129  3319591
34274217  23617372
34252565  4618048
34274636  18050071
34268269  15983545
34274724  6583916
34274839  1584100
34267530  8400870
34272532  18054720
34263427  34264135
34274014  34246501
34272020  3637936
34275036  5074063
34274977  30680938
34275090  2346797
34273801  29132792
34275106  18050071
34271434  7302604
34267040  7726514
34275318  218384
34275238  29352804
34275332  9245830
34273058  31104025
34275381  11545210
34275389  33502702
34275587  18050071
34275426  395735
34195040  218384
34275641  21877966
34275756  17188455
34275834  11321491
34275612  34188694
34275867  418503
34275642  11321491
34050580  25901460
34275133  32974687
34275133  44109
34273398  9195304
34276160  218384
34275223  2770321
34275690  2330197
34273778  1150163
34276315  19008970
34276315  11497376
34276428  3309188
34273865  14070932
34276482  31229930
34244823  28390354
34276277  1240852
34275985  19549985
34273284  25564482
34268882  452003
34276441  218384
3455405  208105
34275255  10367698
34263087  4106809
34276868  21881992
34276386  20678817
34274568  15816541
34274568  13710337
34274039  8452739
34276508  25003338
34276312  218384
34277375  750486
17531197  650849
34277371  359788
34277402  20167239
34277325  34257970
34257970  34256889
34277399  2543309
34277548  3737139
34277661  513832
34277585  6494721
34277786  4378435
34277761  513832
34277863  1132941
34277240  2821265
34277506  1710853
910873  4744890
34278019  11839664
34277225  3402371
34275837  34271826
34278078  29140402
34274849  29482
34277612  34265858
34277172  33140297
34270625  29478838
34278082  750486
34274861  381542
34278254  34247419
34276964  12805499
34278448  8753345
34278805  2486191
14952922  8197639
34278944  29572730
34278213  9927640
34279047  5658089
34255236  34258904
34278324  17036818
34278964  34270165
34279048  2150108
34279192  273209
34278942  33817365
34279327  12530406
34279358  29308898
34259056  7961363
34279397  4215968
34276919  2822531
34270165  32988099
34214814  25871908
34206446  7021725
34279717  40480
34278376  16963111
34273443  20837856
22836200  19038799
34279973  1642028
34279867  12572362
34279779  34207945
34278940  461397
34280128  949433
34280055  901115
34279981  3224834
34280425  7408877
34279827  50744
34279143  8767166
34280486  29689173
34245936  34234869
34279384  18338890
34280570  307179
34280488  14220321
34276678  20846287
34214448  2379224
34280926  750486
34280273  31516544
34280140  5208679
34279457  5962595
34279152  3303184
34279846  19636775
34280852  34267087
34280989  218384
34279306  22636826
34272662  26971384
34270240  3446216
34275107  34264496
34281026  11978231
33335218  17967114
34281271  19552358
34261207  34193631
34112249  19200841
34132954  4660142
34205653  4387419
34219076  14233341
34122401  14148134
34130678  16255667
34205050  26519435
34211936  37219
34213965  952110
34275881  1641957
34227827  700619
34276623  3799840
34281837  218384
34281908  4736
34281951  30075178
34281947  23758922
34282025  34188117
20808528  16726464
34282289  9977881
34282298  343899
34282321  12169717
34282270  5525795
34282605  1132941
34282557  31816061
34282825  8887318
34282816  17330078
34282911  33535140
34282977  11922383
34282686  22937618
34283124  841162
34281494  10541770
34277564  14220321
30593897  30487943
34273796  9249680
34283242  4511246
34283237  5397447
34272274  4912092
34272274  5621907
34271916  7790725
32841248  32681652
34265765  16556770
34283394  22499964
34283302  33260808
34283586  392473
34283637  4260207
