7978522  1777470
7979007  7990661
7979807  7992816
7989962  7990188
7991583  7675412
7993787  1577383
7993787  2720318
7994306  2418473
8371420  7059526
8372213  2004995
8374092  2170271
8375128  8373006
8376793  1108780
7770298  6155961
7770298  7804039
7770741  756750
7770741  3741440
7778400  394809
7781437  3600723
7484592  727788
7485111  7324944
7096759  780864
7099181  7098775
7109327  949433
7135135  2100490
7136756  2361347
7137875  3177497
7147252  7146405
7485947  2069315
7491044  81406
7500317  2260
7502725  4169961
7854820  951021
7856181  70855
7856181  209774
7856181  2585656
7858062  3706515
7858062  5867544
7858121  215255
7859359  53086
7862099  291847
8335117  6166
8336517  7961840
8339844  534742
6173170  6172994
6180572  6037146
6183966  6181728
6189132  1095085
6189132  1953377
6189132  5518053
6197770  3370609
6198649  610245
7865073  4956256
7865448  1519696
7865448  3820666
7865984  2112373
7869894  1384325
7870698  6803521
7874399  2902638
7874399  4176328
8380771  5598347
8382843  8382597
8383243  4848767
8384924  3253187
7317529  6225216
7318308  5492373
7318776  4702059
7331569  7329529
7331819  647259
8386258  8384675
8388023  379962
8388223  2597080
8389459  750198
6685710  89178
6685710  480214
6686096  190560
6687717  6645637
7439575  7439845
7454190  981954
7454190  1363925
7461767  1167888
7463171  3984159
7468626  1111130
7472063  7472746
7472629  7473116
7474476  1196991
7480419  7479977
6199199  6210987
6199742  1820173
6206694  3309042
6209495  6185987
7335495  5265259
7345673  7346910
7347545  7347585
7350471  2854051
7878250  7877266
7882126  3465719
7886606  67299
7886606  2609693
7887167  4444477
7890316  409259
7979908  7792880
7980929  7874752
7981979  5217904
7984738  7982180
7997080  3336424
7999271  6740242
8000139  7973555
8008261  757675
8008895  8009433
8340647  8325193
8340647  8337753
8342770  1967136
8352394  4328906
8353765  8348478
8008997  2611607
8013911  1249392
8015098  1218905
8021663  722547
8027147  1673005
8028968  4804968
8400257  8399951
8402463  4995078
8402772  992901
8406280  9204423
8407886  2560258
7109927  7109353
7110113  3929064
7114150  52668
7117022  6952268
6692362  921601
6696241  3927
6696241  10644
6697528  2044301
7159420  7144283
7161122  7157352
7161122  7164782
7163815  3489387
7173222  1066589
7174277  822487
6899081  746998
6901753  4281348
6902207  6923380
6902272  6899792
7789568  6559868
7791647  7753950
7793694  1347375
7798949  1450774
7178923  7178461
7181212  1827314
7188045  6994101
7188764  7183335
7118094  1741628
7118094  4637821
7119280  2050641
7119344  7118497
7120173  478474
7120173  1398753
7984838  1605721
7991625  1283045
7991625  3529887
8013268  130763
8013268  1026431
8014703  4936543
8021691  8000927
8029529  5154970
7132498  2324658
7141758  2939218
7142887  7139389
7150489  880195
7510764  7510235
7510998  6482641
7511834  7404603
7514457  6016000
7517450  457453
7524202  2223386
7528295  4853011
7487078  4321839
7487414  9622484
7488039  972705
7490277  7491579
7495604  1681465
7352361  7348771
7353872  7057482
7359020  9027438
7360288  5162061
6697878  602802
6697878  1706892
6699985  774832
6700000  2909311
6704429  3469633
6706752  6699294
8420354  4642822
8420354  5235543
8422349  295833
8424064  5481539
8426493  7787097
6220148  6219878
6220798  719417
6220798  3471988
6221477  4009736
6235881  1253683
6239032  2706290
7654354  1453747
7654949  1411336
7655049  307553
7656719  2070356
7500475  420659
7501718  5413879
7505964  7505902
8030044  489522
8031066  120359
8035596  8039380
7677718  5874824
7681162  1227032
7695859  6567923
7698574  7536791
7711671  1555109
7718053  54566
7721504  3883788
7722533  7770889
7893217  108866
7898872  1960560
7921195  510357
7927186  54566
7927186  254291
7508938  7433154
7510235  7499276
7512107  4876811
7529755  4904114
8428306  359494
8429142  3726898
8430673  7867204
8433488  1973071
8435553  448162
8435553  5337924
7151468  183846
7151468  1732348
7153390  7141260
7156941  617735
7159163  879061
7946672  2694680
7963409  7964147
7964086  6683353
7969566  1134048
7969566  1328836
7970663  6500721
7974714  627916
7974714  2872090
6240454  6233359
6240790  606288
6241333  2020882
6241590  222557
6251050  6248727
6914704  1321747
6916762  200640
6917512  9026072
6707473  6519451
6710631  3270919
6710932  4567172
6721627  6917709
6725972  6726130
7531405  6547408
7531654  1805802
7532056  1445506
7534464  7534241
8436053  60174
8438302  839644
8438861  2490373
8440774  489861
8441367  2720315
8446092  588414
7160056  512720
7162207  6389666
7162521  2020143
7165079  7162374
7167051  1843451
6731687  455132
6736282  5853879
6742633  74586
6744105  1686204
6754851  3548857
8033529  8032601
8042889  3847475
8048888  8046280
8052300  1593174
8056695  553074
8057380  248141
7532202  6173
7532202  1732348
7533533  7525240
7537945  679203
7547705  7547347
7551849  3239320
7551947  7430186
7363925  7363661
7366465  6205955
7369791  1525187
7380151  923925
7380237  83073
7385892  3586871
7552960  340347
7555525  4722261
7558908  19339
7564358  5457114
7565787  953918
8354501  4722222
8356223  59670
8358645  4261133
7723946  888
7728390  7674150
7731021  495021
7737573  526040
7739288  6504407
7975509  413242
7983474  7962380
7984240  3028211
7988486  1735870
7990817  7976474
8044969  8019332
8049499  8040115
7993225  3664502
7993459  2900288
7995672  7993239
7539893  7537921
7545209  983267
7546796  4386708
7552010  7551610
7554118  881778
7743430  7033066
7748203  7708067
7754162  374399
7754162  7210412
7755900  1434937
7758399  7665902
7766796  6120071
7775177  7775036
7554233  4033625
7554233  4744953
7554818  1643431
7555954  757675
7555954  1233580
7558262  7429510
7564978  3197791
8052258  1081612
8065475  8036233
7194814  2978408
7200281  1109022
7206012  7164204
7208722  4753251
7211679  7211640
8065626  8063548
8066697  2200736
8066697  4714273
8077108  7786549
6920991  6729583
6921724  6921330
6923063  6435445
6925217  4443056
6931151  603201
7565799  7559244
7574087  1232377
7575074  7571326
7579503  22358
7581192  7536413
8084045  450831
8084881  2955282
8087054  4615039
8088290  6031468
8089875  610406
8089875  1267283
7775954  5624370
7777983  7777562
7783265  4559449
7785637  1939
7997233  7986575
7999339  7998209
8005232  7992639
8007397  4198912
8012720  36901
8359414  1068785
8360835  8359955
8362572  3285432
8363426  130878
8364311  8359582
8370477  5656129
8448464  2245962
8451572  7038584
8456579  183921
8458315  2397141
8459360  589549
8459360  1139154
7386989  6914800
7390708  7303826
7394541  243459
7394541  1662473
7396413  5222762
7399071  1554099
7400807  194397
6761904  3081289
6773786  3786360
6775908  3303411
6776679  1344908
7573007  15828
7576815  11930
7584346  601089
7584346  2140619
7589553  1138460
7596603  7594844
8091398  8050789
8094956  776302
8096528  8094557
8101994  8101870
7600190  7599797
7611720  7611714
7614162  7613827
7620803  4315969
7620803  7584781
7620871  450033
6251650  1736234
6251693  6242674
6251793  56867
6251793  479142
6253665  2962664
6257616  1504717
6934309  83073
6938253  6938002
6941630  2892622
8374007  7335853
8376680  2223386
8377615  6756975
8381892  355168
8381892  1841824
8386440  3112638
6259581  6253581
6259638  6247065
6269334  201323
6277315  2201917
6278251  6278032
6279651  4402556
8388962  2973202
8391638  6270004
8396450  4721732
8405041  8404633
8406495  1001307
8406495  8406193
7168230  7152135
7172610  1539069
7173553  7172961
8410189  8409910
8410571  1617630
8414533  5118713
8420650  1461331
8427169  5351483
8431849  8429910
6788326  6778770
6789211  2185320
6792469  215255
7400943  5994865
7403994  119426
7406266  7406294
7407577  7416614
7410635  5286310
8017557  121203
8023684  8020844
8438648  2077634
8440988  8411917
8441123  290634
8453705  4299138
8455146  7298782
8459958  7888890
8027394  5376970
8028853  5464550
8059018  8058862
8060537  3869679
8063796  579331
8077100  2904131
8080461  8094216
6795628  2958398
6813062  3009477
6815083  6871993
6821435  2856696
8460426  3018683
8465187  8454140
8083282  2100907
8083869  5051784
8092761  1944827
8107869  3583103
8108588  860339
8109890  972
8111026  1020451
8111060  8041330
8111528  4400980
8111528  8018646
7786616  7786336
7788981  6297991
7788981  7788753
7789088  2641347
7789181  6910411
7790760  1399126
8474679  4871954
8478892  1196672
8480295  49500
8481567  716477
8487516  2471935
7800403  1567959
7804272  755621
7809295  2214083
7811717  3558365
7811717  3818230
7814725  2161906
7581690  3824500
7583098  949433
7593760  6315323
7600276  122407
7600276  443708
8468684  6246724
8468818  985389
8469990  2692188
8470983  8454672
7624790  1331385
7626024  513832
7627423  1038234
7632737  2938502
7173939  6993325
7176604  4997028
7181691  7151145
7182534  1981243
7819112  396145
7825664  625332
7827679  4755871
7832416  7831887
6942698  2851622
6945609  492184
6950071  1286114
6955283  1010370
6955433  14943
6957037  5963954
6960581  6959754
7412282  7396990
7412439  3491965
7412568  7411842
7412882  7412255
7415733  2808535
7420799  4088801
8487566  934930
8492996  151472
8492996  263191
8492996  265875
8497943  8467053
8498812  8498690
8500202  8499407
8112715  3725501
8114404  8094216
8120735  4889472
8504045  8044309
8510061  5289705
8510129  4309771
7600910  4839537
7600910  7409502
7602682  7459939
7603203  7574499
7611091  277440
8032606  8032282
8034269  8035661
8040353  46663
8051390  5208679
7832841  6823371
7838375  2973202
7839368  7839438
7840197  7813868
7845120  1378593
7855130  111102
8121152  109383
8121322  2764619
8132767  702234
8140021  351613
7620079  1653340
7621251  3754006
7621817  7580945
7623323  2082743
7624912  7624837
8107760  228005
8107809  8140445
8107874  8042576
8108260  8108242
6969391  145270
6976076  509211
6976475  2510115
6981206  33746
6987907  595179
8510162  7899824
8512651  8185916
8515527  8484045
8518600  1442925
8521543  2973202
8056363  30474
8057542  4151593
8061886  1140005
8063860  6086389
8064855  1711990
8108846  2170031
8109896  8109283
8113590  8113442
8114512  4197976
7632847  6773132
7638916  3009131
7639335  949433
7639335  3812850
7642494  7290575
7651231  2846283
7856623  2456148
7859381  5738834
7860117  7859683
7861921  7861920
7864779  4143169
7871817  7871676
8147343  200640
8154044  959957
8154129  8124095
8154129  8136036
8155682  7672166
8157839  8154041
8472119  8224307
8476572  6301493
8477644  469695
8478614  317760
8478614  8447867
8486902  8487163
7642974  248273
7645578  2537942
7649088  4433611
7652934  6869008
7791423  4970511
7795131  465433
7796767  5660116
7798775  3520285
6280337  6267312
6280637  6280202
6287139  96667
6287139  4005062
6287375  6238007
6288511  6287770
6990312  2147333
6991852  6978143
6993988  32260
7003416  206059
7006305  1306279
7010768  105372
8530767  8515802
8531253  3577641
8531253  7798829
8541263  7735332
8541749  3177361
7421306  560583
7423489  5316495
7424782  2016944
7212398  3277587
7213351  2232
7214270  4702192
7214602  7212892
7218061  6300213
7876411  6359161
7888554  7370635
7894209  4989807
7905173  11135053
7907781  7901397
6289054  4559828
6289261  4494786
6294434  101439
6295313  5413879
6296299  2320658
7220618  7220331
7230114  5077272
7231484  447944
7231484  5008217
7231531  2666277
7231969  3904418
8115147  1009970
8120542  8117986
8132324  2080647
8133110  2927199
7183270  3264775
7183649  1912023
7185835  5654278
7186707  1551013
7189236  123559
8133531  10999913
8133982  7519414
8134832  8047261
8134967  5690250
8135082  6270004
8143605  6511380
8147735  795746
8152380  182636
8152380  1372432
8152665  1089018
8154488  524457
8161990  2346166
8166569  8150844
8169763  3820666
7800054  7809543
7803321  7792139
7815196  363681
7818931  454908
7819140  4384097
7012422  7012286
7013094  2439036
7013094  3754786
7014562  1509547
7014562  4847163
7020949  3245254
7822082  7757026
7824777  7867939
7828398  321068
7836643  710863
7025093  290884
7026194  11346277
7027415  962132
7031006  2204579
7039366  1893013
8158290  2148602
8163455  1206203
8165995  7965283
8166897  75809
8167412  1385433
7045349  2542427
7050897  3135748
7050897  5741955
7051415  17106
7052884  2001558
7055006  5828228
7055742  2875347
8067995  1071356
8067995  1361404
8075249  8072632
8076687  2051192
8077262  447379
8077262  3150942
8083546  5368862
7653839  182873
7655077  29168
7658319  4536532
7658419  7650275
7661442  997779
7666958  54566
7426211  6582709
7433824  750486
7435764  135657
7438243  184112
7440851  2742778
7441469  4534200
8542468  5401378
8542817  8542824
8550674  6981916
8496385  8495605
8496628  199333
8503178  6355787
8503471  8497600
6822535  45004
6822535  6306738
6826530  6825796
6826566  6818537
7234892  548923
7235777  419207
7237232  5466858
7237449  50467
7245154  5783130
7245388  5660685
7654402  5578890
7657439  7657635
7664030  6557
7666336  7665792
7189958  4540146
7201311  2422468
7201311  4840476
7201954  6260475
7207513  7207050
7209685  7209654
7449625  7441913
7451922  506807
7452501  1688715
7453930  6520745
7455802  145270
8551709  8524936
8556236  8440687
8556321  3737139
8557189  60174
6831309  58851
6837612  4477296
6837612  6093537
6839919  5474808
6847422  148398
6847422  2091284
6850480  4627646
7840087  7839763
7840389  7042165
7840923  7553967
7857878  2430936
6853824  6838690
6861912  4213222
6864834  420791
6871871  792024
6873093  306880
7057296  356846
7057431  1046016
7057431  1437699
7072621  7061353
7074526  7063935
7459160  3779707
7460707  7459059
7461750  3959128
7462061  4564076
7465319  3346410
7669132  7669026
7670117  3557658
7673746  3595515
6297042  2202435
6316112  6315314
6316355  2017952
6323400  850341
6323607  695911
6324486  4154119
7911418  1931769
7917916  753514
7919931  7919617
7925590  1541722
7929066  56011
7930002  5781360
8505286  4213876
8508930  3407857
8512131  893585
8518113  2404707
8563273  8350969
8564528  1518213
8564863  4897085
8565127  8327261
8174107  1758580
8175580  6300937
8177215  1358810
8177701  4351835
8177701  4594189
8177766  1718321
8178788  1083701
8170522  7678469
8175317  8173831
8177861  8175507
8178495  8150418
8179031  333665
7673810  777597
7678541  7678103
7681734  7378801
7686144  7685563
7689471  1014861
7858180  791258
7858180  3479485
7861022  849237
7864487  3492302
7869676  583336
7869676  1786436
7870003  485525
7870648  949433
7872920  7872665
8522055  7334952
8524236  8523985
8527180  2049502
8527480  135755
8529143  975531
8533230  831865
8538876  2121970
8541611  8541546
8555115  8484424
8558625  361363
8558625  3729169
8558666  29426
8560661  181624
7680074  740310
7681469  5355133
7697649  2795065
7699053  785686
7702495  466203
6874730  3769918
6876751  569775
6876751  5576922
6884204  3273478
6889084  6888211
6890356  5131341
8179397  322929
8180333  1577335
8189859  4083851
8192633  8192515
8570744  4709234
8572233  1687323
8573334  8571405
8574670  8559773
8580222  8512261
8086388  1434842
8086388  3225613
8088060  2465251
8088494  1930903
8090723  8060796
8102700  8060572
8581090  746458
8582644  8512261
8584733  9029782
7691879  6826251
7698661  7697466
7702439  210460
7716060  680562
7716309  3238567
7720238  5594116
7724618  6169146
7931674  1508572
7938576  7804177
7944417  7928971
7945285  1214655
7946446  7946280
7954241  5731788
7963601  6283632
8185103  605621
8186276  657643
8189384  1865563
8191905  2423628
8192541  8192018
7468877  7037717
7469799  6282298
7471403  7126536
7472071  88
7476501  7476294
7964176  126781
7975415  7969552
7984836  3011888
7991034  7989020
7482567  5205491
7482567  5460541
7487129  3311903
7489201  5835063
7491391  466684
7495199  287144
8192542  961188
8205074  620604
8211961  378959
8211961  3601031
8212612  501943
7725069  7695802
7728713  1788950
7738888  5971736
7740945  247770
7744904  7744827
7751890  1420186
7076198  84404
7083453  388187
7085890  6638713
7088180  7005309
6892978  738084
6893700  5549524
7703172  7697466
7707439  161288
7707507  7638051
7710349  7709853
8565277  886947
8573029  188414
8577343  2042609
8586519  8571625
8586923  1514755
8590332  5925927
8591182  148298
8591182  271561
8591182  3309089
8591182  6830176
8593190  1328223
8607630  8601205
8607912  57708
8621148  4839345
8629171  174155
7247060  7240465
7255199  1768937
7255833  7204059
7258356  4139063
7262300  5691429
7262870  7259335
7873354  3267951
7877691  2501915
7880606  4997987
7883316  4953843
7886081  3630969
7887224  2733676
8580358  8579672
8584504  3490738
8586769  8586039
8586769  8586287
8588639  5865189
7991570  7990336
7998965  6326720
8003484  7998517
7210828  7210624
7215508  8218711
7219109  1459475
7219138  7218989
7226983  4444783
