34283698  23584120
34283835  196972
34278208  13012327
34272404  34280059
34276168  34272109
34266891  19896870
34281015  576095
34276933  212321
34280390  15478851
34281453  3112946
14533335  2752977
34284046  28054410
34284132  26515058
34284125  24470
34283932  16893043
34220511  26193653
4785068  2268104
2459286  2268104
20537220  8457599
34270352  1660124
34279304  18240624
34284377  19589344
19589344  3554605
34263938  8413500
34263938  9584870
34284743  218384
34277363  8822701
34284469  10987318
34241424  4651437
34284681  20516271
34283699  670774
34284949  3076414
34284699  2906582
34284729  8713462
34284729  20041136
10646465  4277665
34285003  4660142
34284951  23053349
34285001  218384
34285060  2618272
34276398  22617593
34285064  18386753
34235547  34185717
34283180  18050071
34285295  203198
34274076  1803987
34284701  34278991
34285623  4013622
34285650  2411864
34285455  3849509
34285066  22537326
34285634  878573
34284169  4261133
34285591  14300957
34285933  896123
34278459  17567624
34286212  6487366
34277348  21881992
34284309  3054312
34286229  19046369
34285107  34199387
34286420  33072492
34277771  29038861
34285259  2772955
34286751  513832
34286700  1131781
34286727  34265041
34284882  12374442
34286173  17036140
6487366  1451009
34286830  750486
34286913  218384
34284343  7574857
34286934  12769982
34286934  5121027
34287168  29308898
34287117  15960094
34287197  14220321
34287388  1951690
34287224  4260086
34287531  10197254
34287590  4946785
34287354  15738608
34287567  1219860
34287693  2135418
17851946  12406162
34287765  5005960
34266487  7170214
34287758  16728438
34288075  949433
34279160  34135994
34287684  149772
34288334  218384
34287855  4186021
34288388  11336663
34288452  1007732
34235506  32943179
34284978  5415604
34283497  5868721
34288643  7744611
34288874  218384
34288737  32949626
34286170  277547
34288871  5787794
34289008  218384
34288760  13735247
34287902  7005929
34288116  4261133
34286412  739170
2455342  924652
34282273  3220277
34192361  32337165
34285761  4261133
34288587  3406891
34289234  31274601
34284928  1746825
34279455  34276692
34289357  6491463
34289516  34109741
34289461  34289331
34286640  18050071
34282638  5581034
34289553  11005728
34282253  4261133
34289050  5947661
34288833  14049480
34284680  166221
8051975  6393943
34286939  33672823
34289549  32420427
34289675  81991
34289611  5746544
34289827  203198
34289679  17023028
34289805  11713250
34289778  11046614
34274604  394616
34289883  4261133
34289306  10177208
34290264  20642332
34289359  1682350
34290108  3893030
34290483  9069379
34290509  11838674
34290620  15146052
9284137  924652
34280807  30219169
34290717  218384
34288964  19369363
34290113  27334966
34290714  2094666
34290123  355670
34289438  21556853
34290624  14052473
34290926  9920619
34221009  11321491
34290646  7295096
34291272  5210535
34290416  28565976
34291313  9340800
34281611  10722110
34281611  15513467
34291479  8403489
34291479  4343202
34291408  6365638
34291609  1887097
6365638  6145084
14318079  6145084
34284239  18582223
34290041  23353173
34291739  4425289
34291824  14220321
34291884  6487366
34289794  4015324
34273735  21963110
32512000  25404373
34282793  18623783
34292157  5893183
34292322  4593496
34290405  3216965
34280573  6999726
34290098  34225366
34292473  3305933
34292709  218384
34078349  30267172
34257365  15745042
34291618  750486
28224794  34292087
34293187  21288325
34293217  18050071
21288325  6393943
34293225  24676317
34292969  14220321
34292799  739654
34293185  9785651
34292881  4676345
34293496  1328025
34293177  4261133
34287597  15814932
34269954  23667086
34293628  737151
34293813  218384
34293598  5545649
34293870  9414990
34294110  3600231
34294124  17591490
34251150  2972525
34294766  25706216
34294357  4708549
34295016  218384
34295040  31466420
34289787  3694380
34293940  218384
34295357  34255224
34255224  8769786
34295424  5554734
34295547  27331336
34295485  716153
34295542  3059044
14806959  8900701
34295591  4660142
34295616  14028959
34295705  1598967
34269410  18743284
34293268  28266492
34295522  13097269
34295886  16388959
34295644  5600761
34296008  34279915
34271536  1299871
34296203  98559
34296196  14821952
34295892  6183809
34295837  4261133
34292135  26485507
34295916  18267407
34296623  11876290
34296632  11321491
34296593  25706216
34290247  5105500
34296860  415511
34296861  812630
34296814  33509111
34297033  3572463
34295320  6546951
34290419  725782
34297239  14932950
34297057  9150702
34296949  20054047
34297404  8748831
34297197  5838711
34296162  11124328
34297625  18050071
34297667  2404794
33746391  34200416
34297698  15025979
34283465  28765205
34297789  4570366
34298012  32806007
34298089  6852012
34293077  7893857
34298211  34094055
34297543  218384
34286828  2283374
34297854  33105744
34294843  14767530
34243619  34235152
34298357  2066428
34295760  7927512
34296141  22357622
34298411  2080647
34278531  2140282
4068556  2305869
34298651  6827752
34298534  1223563
34295675  34285297
34298833  25145789
34298881  2950332
34298443  949433
34298988  18050071
34298596  4660142
34298947  20035101
34299058  541487
34299006  3305926
34299091  413071
34295947  11479064
34050986  21571019
34298977  19513660
34299403  7946798
34290299  2194992
34299537  4660142
34299365  33169589
34164758  8524617
34299727  24046142
34299640  9333379
34299676  31768946
34299132  1179758
34299811  23048285
34299601  34297529
34300038  34283954
34271752  5066381
34298280  16541627
34298119  21953835
34237778  2073235
34300186  2973202
34299248  2882706
34300205  29722672
34300361  6151218
34299313  4842759
34300416  21377859
34300336  20766813
34300505  510348
34300053  21355802
34285877  29378566
34300438  29409197
34300358  27494227
7309599  213480
34300694  2615128
34296797  14220321
34300894  2829613
34011064  8657337
34141865  32132574
34180294  2581784
34241392  605845
34297433  3641519
34301143  4176328
34301125  332030
9266854  218384
34301167  495021
34301167  12573816
22566795  15488922
34300461  10754350
34301428  837488
34300796  28056124
34282038  21363302
34301660  3577641
34291292  27875631
34301109  34300061
34301043  15871907
34298784  142003
34302071  18471780
34301999  4660142
34302212  14991244
34301651  34277891
34302122  24644436
34302351  8222495
34302427  1014861
34302095  1239938
34302260  5739937
34302105  4261133
34292463  10188011
34301927  13270491
26062976  21708339
34302798  23664510
34298361  5031912
30379677  22741215
34293946  16238714
34294332  2235276
1864028  218384
29468824  218384
14074762  218384
15722474  218384
16364090  218384
34302940  6343166
34301331  9936132
34303069  27352743
34303214  33388390
34295047  23589174
34297641  18113278
34303520  2612802
34300924  1065806
34300652  2518421
34234597  10989695
34303675  8047943
34301627  15619407
34302175  218384
34304032  33849718
34298641  23018907
34304067  2717949
34303863  743806
34304383  17946221
34304383  9304984
34304553  5444611
34269825  24190553
34303805  6908143
34304729  6856133
34304611  4245816
34304601  19239536
34303878  3961455
34304885  16607261
34304903  5688082
34304913  6635942
34211516  12931621
34211516  12705817
34304912  23392111
34301357  21881992
34304985  2202703
34305008  3455201
34305070  8036429
3411048  2011160
34305058  27596483
34303468  588004
34305281  1562079
34294202  25956558
34305258  12135518
25463802  23665064
34297971  23667086
34302737  9508518
34301695  8321096
34303719  6586748
34303719  15956169
34284800  33748211
34306033  4660142
34306130  2136837
34306238  4429901
34302902  15166076
34306260  491435
34306408  14220321
34303597  6027558
34306131  11682468
34306470  3076414
34305561  827649
34306541  6343166
34289094  7406946
34305239  12737860
34306448  30823281
34306202  8991522
34304949  504103
34304949  33182102
34305400  34304284
34306765  11972084
34306618  5388961
34306871  4660142
34284114  11500222
34306580  8941768
34282634  25439860
25629953  6209797
27252914  6209797
34306640  33809995
19078516  19020867
34300817  4994458
34307008  21278078
34292067  2126607
34306979  5688082
34307540  218384
34307461  59895
34307421  12818146
34307862  218384
34306178  32303910
34308167  1120140
34299442  22018776
34307266  34287441
34308263  4261133
34307872  33502666
34308030  6625605
34307886  5626947
34308348  28336086
34308153  9191388
34295093  24811487
34308159  10869276
34288108  19518607
34305571  17943738
34308433  21850115
34256016  2876275
34307491  20279484
34308571  23935810
34306953  10172657
34308712  22483668
34308449  27153013
34308796  218384
34308958  4937402
29260212  11500492
34308609  279170
34308609  10909911
34309105  4216745
34307187  5611677
34308244  33900604
34308310  650098
34308214  218384
34309172  27738359
22100384  18204904
34309273  3158730
34307083  21720657
34307083  30127564
10362590  13272717
10364455  13272717
34309432  27692050
34309549  19859282
34309519  34284641
34308929  10834960
34308929  16066644
34309295  5703552
34308909  5458605
34308909  55612
34309071  733737
34308146  3508605
34309500  1436703
34308331  1568511
34307892  3069921
34307892  1762539
34307387  8470070
34309930  333737
34309237  17016960
34309782  4811740
34310267  218384
34310184  12876177
34310308  10352161
34310281  28792027
34283414  28792027
34309895  14341798
34310400  10263094
34309090  19590865
34305669  4020122
34310136  4897359
34310600  23392111
34310503  7079378
34310727  285015
34307884  14007655
34308629  8884910
34311125  750486
34311182  26056425
34310237  31716187
34310091  20660999
6725164  3100193
34311334  822323
34310968  3227391
34310575  2704314
34309923  23446377
34311497  218384
34304814  8028957
34311722  15803816
34311583  4261133
34311580  3737139
34311594  1301346
34182816  8652225
34311799  30422556
34311533  4261133
34303942  3419435
34311740  2167916
34309734  12522269
34309379  28325277
34312078  26252233
34311910  2110732
34306919  218384
34271325  33832967
34312268  10614521
34310501  18050071
34312430  8369219
34312438  34309954
34312220  533905
34312422  8459395
34312608  218384
34312834  18050071
34309479  218384
34313006  2770321
34312051  6625773
34311975  2026054
34311975  6775309
34313152  1398753
34312938  24453703
34313224  3565620
34311234  8981211
34313028  10779148
34312703  10486579
34313193  29579063
34311213  5089389
15916242  218384
34310144  4660142
34313430  2902004
34313222  4261133
34313570  1398582
34313615  1217437
34313479  874408
34301084  17939197
34313800  34310974
34313825  14220321
34313854  2167916
34313492  14290795
34313724  32735770
33835346  15649684
34310340  1128723
34314278  14220321
34294356  18204904
25846454  2011160
34305094  2011160
34307535  22296797
1714603  2268104
34310359  4905416
34310576  14127173
34313983  4261133
34310142  2946279
34309818  5402253
577313  577210
34312693  28000250
34314633  14047414
34314639  4177327
34313621  10819863
34313133  11295171
17797025  1370021
34313147  18853443
34314700  4016067
34305242  552317
34312147  3605899
34311845  1572110
34311887  3061135
9440380  27581
34314992  20375176
34313541  8584967
14150272  13778433
34315517  30773542
34312725  27810620
34315547  14220321
34315316  699878
29159315  13183630
28068119  10233550
34314709  2346940
34315254  20474098
34315659  845021
34304956  25177024
34316070  7014903
34316077  686439
34315818  5243754
34315994  1126726
34316165  750486
34315813  21082987
34315911  4782068
34314040  34182239
34316333  4261133
34312572  24721925
34316235  27019972
34316124  23057785
34315900  19476595
34315441  8380135
34315089  218384
34315807  2118656
34316443  10839042
34316632  513832
34316329  2060325
34316329  7368225
34316677  23455104
34316452  7222332
34316735  4703390
34314888  18888165
34316868  218384
34316435  32038226
34317031  20231393
34315410  2846283
34298705  9846432
34317113  15368561
34317070  16922214
34317251  23939378
34317298  30595477
9853971  15513395
23915193  23087358
34317566  33733430
34317786  2628621
30630412  15856844
34317911  18050071
31017608  20489864
34317884  1711990
34317765  3133243
34311596  34268695
34318055  16541314
20136137  16044580
34317950  4660142
10292409  5555408
34311165  14958103
34317127  34314035
34318178  7220681
34313414  34317538
34318306  5121495
34318228  5292325
34318476  17657057
34318668  14461945
30175400  6960426
34314248  10050877
34318869  4261133
34318388  14220321
19088368  55506
5592345  4711036
34319304  8004237
34318736  33834215
34319364  4660142
34313361  1625234
34319169  30867937
34316968  4286469
34308819  901982
34319693  25706216
8389646  133925
34319758  218384
34318144  5767228
34319177  14220321
34319112  6376112
34319314  25881186
34314974  25914757
34319958  23446377
34319820  25242758
34319474  29982657
34310887  17042785
25603423  15555097
34314940  5843543
34318905  513832
34320239  2063480
34312238  2964310
30404297  32010172
34320215  6703699
34315942  10520772
34318489  9449447
34320727  218384
34320613  14220321
34320764  8228281
34320582  13967063
34320788  1924939
34320159  7052393
34320952  1461432
15251127  13938975
34321051  4445846
34320592  3088059
34320168  3002756
34318794  5853879
34321096  14973792
34321504  1470488
34321263  32654654
34321359  30244910
34321634  16959576
34321697  218384
34321730  4597220
34320442  32628297
34321908  2591098
18478241  19038799
32012081  19629498
34321049  7410793
34291963  373370
34322079  747101
34319834  11502433
34322236  21417263
34322518  355089
34321522  24923034
34322677  2932392
34315682  5767228
34322678  1514910
34322805  34321190
34300708  15185801
34322768  1187518
34322821  8927727
34322429  25852079
34323133  4210730
34321361  18138011
34319915  31768946
34322515  12165200
34215045  14365182
34322788  7237028
34323595  2185320
34323589  18052703
34312292  11071392
34323130  34132439
34133612  22701352
34316090  650022
34323870  7520432
34311765  22369717
28431062  34098773
1996747  351409
34324080  7014903
34311488  5983599
28381056  218384
34324389  20563772
34323068  2814128
30927107  3911966
34324766  28359768
32559619  32735292
34324814  34324900
34324988  4261133
34324919  5800009
34324972  107936
34324585  34324307
34324747  4660142
34313869  479410
34325186  23294658
34324967  25487090
34325183  11746104
34325199  766372
34325274  218384
34325286  3489460
34318258  33800593
34325413  16742270
34325406  14215338
34325528  16181750
34325643  15292588
34325546  5121495
34325689  17914254
34325724  10766492
34325103  34052094
34325730  4152963
34277966  34276647
34325886  3088059
34325952  4261133
34325969  14220321
34325967  8179869
34325872  34155815
34325101  24168116
34325478  2344411
34325113  3559063
34325113  13384736
34325598  33690697
34326163  1215548
34326176  7486085
34326121  14464
34325268  1372595
3772552  784929
4801077  3755606
34319463  13239317
34326509  34302991
34326522  4261133
33956052  16344354
34325159  512054
28643629  23739937
23554392  2342808
34305309  3377954
34305309  279170
34326793  31835615
23737691  24990820
34326457  29783790
34319990  16746212
34326423  17975232
34326808  29625133
34319716  15012712
34327318  1738109
32775234  31534304
34321561  17498216
9918648  9916965
34326517  29403554
34326202  201323
34320807  2282200
34191747  401771
34271256  3403909
34327690  6661530
1395270  1358003
34328219  21254555
34328287  4853118
34328462  218384
34328293  758494
34328643  11483647
34328471  34326651
34327135  4142665
34149846  6279897
33890767  155932
33997260  10697463
34153945  9794985
34214296  25050311
33851170  12585670
33988830  26368362
34326814  8028957
34122205  2530663
34150699  30437768
34328888  1543153
34326034  21525511
32495059  31534304
34329159  7570894
13318420  18419428
14816769  6276254
10757749  6276254
34329002  29681449
7929078  6276254
8770683  6276254
3288151  6276254
10807291  6276254
4060600  6276254
34319075  12893995
34322892  31928554
34324880  5740835
34328420  1359469
14575896  6276254
34329417  503093
33963276  32586711
34327958  18410035
34329537  442384
34317433  29777255
34328915  1960939
34329399  34135305
34329862  3660209
32738757  34224228
34329893  4653831
34328252  1853727
34329222  3366506
34322235  3538858
34325880  34206050
34330266  13102045
34329789  27186832
34326469  8866761
34324740  2619388
34327079  26904839
34330367  23294658
34324920  1759987
34318844  4261133
34305487  10267102
34330550  30867937
34330525  19255688
34329971  5505328
34295232  13272717
34330718  31997685
34274891  22696931
34317808  7617479
34325674  19468429
34330637  10404348
34330864  12958208
34328825  218384
34331082  914109
34327539  218384
34331151  218384
34327305  19517480
34327303  9224056
14214701  10918137
34331043  10918137
34199945  4836011
31364314  22937618
34331131  31746331
34315959  4885038
34314797  27819501
34331446  24408068
34328036  18050071
34331314  12920214
34310370  780796
34327053  1028668
34331255  20570717
34330365  31668163
34331723  3443858
34331689  7500523
34331647  9998260
34331566  6584037
34331840  303759
34331550  27103031
34331129  8638621
34331984  30703303
34328637  14552380
34331659  6441218
34330899  20433655
34330899  5750696
34332177  18532691
34332020  9722632
34332283  18825950
34332324  5890584
34332373  949433
34321898  13743058
12906344  1798112
34331661  1741628
34332518  4994458
34332418  27485098
34332783  8853396
34333002  3565620
34332873  13715237
34333173  27735790
34332730  12115996
34333041  13317285
34331322  9024696
73628  4571488
34333879  4866425
34333635  284778
34333822  17498216
34333000  4148499
34333000  18069779
34333862  4808893
34331558  2426671
34334199  9791251
34334282  15917064
34334200  3226495
34332614  14002556
34332473  11321491
33588567  1025837
34332428  4261133
34334415  1233546
34334443  18440205
34330654  4261133
34334423  26985270
34334370  7980288
34332882  4079531
20151483  7657647
34332644  2494754
34332132  2165908
34329819  2355164
34332152  9609731
34329797  317336
34334689  1014861
34334732  495021
34333358  29648391
34325523  18072784
34333891  13272717
34334734  4838883
34272322  34327482
34326729  12301358
34332575  6271237
34334947  921262
34335107  18198176
34335182  7186171
34333582  12946150
34334754  275689
34335465  4216745
34331835  2638909
34331953  17978924
34333137  2144386
34335774  3498503
