34335717  561066
34335802  17989275
34335796  6894487
34333932  15852601
34335805  218384
34331780  218174
34335999  15912538
34328265  24644436
34333430  13315131
34332693  19985710
34336137  3787540
34334292  4660142
34336441  2784514
34331572  32677304
34336385  34064198
34328539  1778028
34336493  4091765
34333025  23869207
34328413  20108254
33588266  2393345
34335694  29046571
34336390  17747175
34336327  16781778
34336788  26874701
34336823  218384
31379160  16781778
34336891  559112
34336862  24644436
34326192  8823078
34336837  28425574
34332094  25874293
34335792  7095574
34337101  500504
34337101  1885317
34337413  218384
34337394  17425807
34337415  10430321
34337563  2770321
29681154  24326631
34337521  122102
34333425  779379
34333720  2466735
33912772  7204805
34337362  31192575
34336633  5767325
34337736  16505182
32426482  24900875
34337567  2416543
34268635  4221176
34337681  4526829
34338122  28684076
34327797  215497
34338149  111102
34338149  4091765
34334551  16005672
34335609  4844806
34338572  273313
34329194  1729501
34304560  34264016
34338448  27231386
34338879  7073484
34329943  14284973
34330985  15598917
34330880  172957
34339042  9523197
34327316  24275543
34338969  1673967
25832763  22880876
34339095  18635599
34338749  29457852
34338580  23263380
34339147  949433
34336808  34315915
34329617  509211
34339466  12062481
34328435  2653153
34339262  32794688
34339503  8771558
34336646  34336761
34338910  3294889
34339310  767486
34336698  67273
34339419  7395542
34327299  17694041
34339641  29477548
34339700  9229645
34323863  33538527
34328952  9395395
34335753  26369175
34339865  19718634
34329339  18695605
34339362  27409680
34340029  11321491
34339456  21633115
34337556  33656524
34340082  10021603
34340207  4660142
34220755  9235413
34340272  8470070
34340219  8337493
32176642  15118540
14197721  9633188
34340696  24460841
34340577  2633112
34338994  27917784
18765920  153152
34337805  16366000
34340528  337704
34336391  2997767
34330123  218384
34328136  33611509
34340560  34319213
34341034  29939697
34334232  1634268
34341325  32912268
34339727  2813590
34341429  4261133
34341432  2382458
34339740  9255279
34340221  21881992
34341610  34241284
34340643  19621105
34341708  6656358
34341923  5208679
34341453  34337060
34341976  4631292
34342004  439573
34339621  5464919
34341937  15105097
34337573  12302819
34340707  19941050
34342176  34339709
34342107  7438612
34341947  21247457
34275376  33337062
34342427  2560946
34333350  805107
34341839  33690697
34342522  29138591
34342829  4261133
34342904  14220321
34342974  6115896
34342902  34341429
34342861  16618071
34342899  2958684
34343113  3076414
34343111  179427
34343111  588004
34341670  514827
34343562  218384
34343589  11386308
34285945  27286690
34285945  8941298
34342386  22480052
34343783  1650981
34343861  1416697
34343642  33690697
34343845  17620430
34343608  30112654
34340573  14063652
34342309  12573816
34344055  40480
34339843  4660142
11947103  2045904
34343669  2084508
34343669  6486289
34341867  29676872
34344459  34027288
34343864  853526
34344265  4767971
34344666  30546197
34341281  4420901
6818028  1557754
34344718  33573164
34344782  218384
34344930  23294658
34343593  33203379
34344865  16824749
34344863  32631805
34345173  34307999
34345273  13461985
34345306  17498216
34345410  857618
34324606  32365575
34345182  901115
34344593  203198
7495373  7179535
34321295  3273210
8677261  832692
34338761  22539815
33619873  12876000
34344755  31805045
34344862  17262717
34344466  8094374
34345684  310870
34345890  4587392
34345904  2988017
34345583  34058101
34346101  249791
34346150  21299574
34344500  11768615
34346311  25706216
34210974  13411819
34346171  34302407
34346280  929652
34346391  12747266
34346306  25243960
34345552  4674237
34321756  12575990
34345128  102398
34345058  28672303
34346792  15975481
34346768  1451009
34344996  218384
34345085  31235564
34310782  218384
34345967  34249501
34346991  5554734
29573536  815586
34346995  34031801
34346945  218384
34347043  42519
34347236  12806278
34347298  483348
34347102  1625234
34345427  34347102
34280483  31029095
34347623  363681
34347627  6222053
34344626  23663501
34347728  7283357
34347699  2276463
34347780  2268104
34347455  10403713
34347801  25706216
4306743  6145888
34347921  29140402
34347992  4048688
34348014  32010172
34348178  554769
34346639  14220321
34347863  17800552
34348048  728360
32255478  2054022
34348335  359494
34259197  9479046
34348305  6180162
34347346  30765511
34346533  203198
34346533  9344306
16370497  8260622
34348863  8260622
4700085  19620667
4700085  1634341
34349045  451415
34310559  17334478
34349124  15574014
34349233  23629412
34349278  4105858
34349041  8518603
34345312  1972831
34349458  14008664
34349294  27733477
34348629  5672255
29699  27373158
22420738  15856438
34349362  15109958
34346232  26367548
34350087  2973202
34282084  10667929
34345252  18205560
34347695  4629642
597134  570984
3624275  855210
34350751  9337583
34350809  2973202
34349853  18304714
34350271  32726962
34351088  50532
34351008  24644436
34351150  3027066
34349430  30330596
34349430  18208730
34351235  1207406
34349764  143122
34347479  6572061
34351337  3139879
34351380  2465921
34347512  4636166
34350796  124269
34341580  18825950
34351247  19931929
34351606  279170
34339561  24131029
34351590  3561493
22708241  4928271
34351791  3577641
9061603  2451154
20935750  2451154
34343318  2451154
34239312  845021
34351673  1728404
34347898  31755186
34350056  2980805
34351604  19137504
34348710  3112946
34344032  2811626
34350785  151005
34351299  9451881
34351299  572897
34351973  13220409
34307766  34304713
34348937  33538944
34352169  34349940
34350477  12299665
34351475  34335063
34349681  218384
34352408  3276180
34349483  39576
34352460  7401704
34352540  119123
34352515  6134006
34346834  13556941
34352387  9628176
34352188  2953684
34352608  218384
34350702  15778138
34347496  22937618
34347704  33080291
34348895  1008897
34352404  5864146
34352695  34348681
34350701  24002369
34352862  22937618
34353140  988363
34346388  218384
34353418  2297347
34353271  34311113
34353342  4261133
34353463  218384
34353506  4660142
34353457  5142729
34352195  15660722
34353642  218384
34335773  16219103
34354271  151005
34354429  3481828
34354453  10769964
34354487  14881684
34336888  21435912
34350445  12207057
34350576  218384
34348325  14532651
34354357  9566187
34352281  13701347
34354483  9508518
34354623  28541039
34351650  3889634
34354672  33607324
9413939  678630
34342868  11127479
34350288  20337040
34353971  12769982
34347872  27645103
34347631  34349006
34344712  1373164
34341853  5644011
34355060  22937618
34355384  9043981
34354297  19080499
34355292  31324041
34355128  2973202
34354242  4597690
34353562  23446377
34352854  8028957
34354740  6091414
34338387  2309058
22257640  1257592
34355930  584664
34342494  28487327
34356052  774181
34356291  19130236
34356496  625799
34356247  17288432
34356648  29344353
34356720  7459939
34253750  16273499
34356815  24018327
34356909  8028957
34356810  1416697
34354615  3076414
34328245  5961488
34356606  4736
34349753  15524280
34357115  17976140
34349724  2770321
6060129  5837826
34357626  2167916
34357095  7163069
34354765  4547639
34357750  418896
34356706  30759158
34346223  34349699
34357848  24650325
34358207  4660142
34357983  123198
34343663  32096130
34347032  4386482
34358471  32010172
34358558  28365839
34358373  4812170
34358672  14220321
34358186  11227395
34358657  1494953
34358348  34267222
34357922  20050932
10787609  15513395
34359012  5198392
34358899  34275171
34356742  28671578
34339299  4350440
34349534  31136234
34332663  34315217
34359176  14499783
34346614  21668471
34344521  12652568
34349794  27659518
34357599  9050668
9139401  3005963
34359709  2770321
34357234  3485475
34328076  34183723
2414150  29378566
34323746  3950168
34316221  21938851
34359851  3233379
34359798  5078239
34360153  1090458
34359994  1372199
34358328  11776251
34360211  1007697
34359836  33967387
34360313  5477134
34360364  19410042
34343434  34095134
34360188  1252673
34319165  34330421
34360400  8229105
34304945  18664712
34360927  4612273
34297086  34353981
34355962  4815925
34343532  921262
34361361  10042485
34320072  12139670
34359462  9777731
34361536  2371118
34361429  30967247
34361496  29626341
34361496  1414215
34358954  22771185
34361838  218384
34361690  17684229
34360748  16670931
34361797  12285130
34361849  19588020
34361799  4465872
34361845  8365013
34361845  7868936
34361998  17129370
34362128  6861033
34361129  4225867
34362357  34360857
34362423  20705399
4217223  929652
34362505  32707641
34360833  31786611
34362353  4837110
34322355  24312575
34362680  16284629
34362725  6520006
34301887  11235815
34360026  22659675
34358956  34335254
34363007  9980230
34363031  12769982
34362947  23401185
34338996  4261133
19842313  19038799
34360220  29088793
34363315  1132941
34363154  492809
34362542  13707223
34363656  25254091
34363579  612097
34363625  2356501
34363812  13556637
34359579  12556946
34363911  12743837
34364000  5135019
4489801  785618
34363566  3149868
19533210  27267041
34364181  34338713
34363766  32211408
34355987  34297465
34364169  15513395
34361837  6404186
34362744  32435399
34363546  20246299
34364469  6800512
34364142  34345349
34364366  24809580
34364657  32934106
34360831  34346178
34362554  23294658
34365107  9246076
34365218  14220321
34365154  31685129
34338757  13250679
34365379  626759
34365150  34357964
34364628  21120999
33057889  337704
34364447  418799
34365713  11855018
34365240  5036700
34299926  27059017
34365754  34364480
34365869  6259982
34365789  36901
34345039  34361206
34365585  18050071
20067033  785618
34365298  19715144
34362999  9422974
34360999  8857276
34363669  17359835
34366045  6290162
34354269  34176328
34366059  16704290
30804876  18755220
34363627  840501
34365432  7967010
34366266  218384
34363564  12048273
34366194  31539804
34366341  21098494
34366234  3868491
34366367  34361379
34366219  11388840
34365710  4261133
34361112  34031395
8580304  5686621
34366650  1885557
34366855  18050071
34346531  8298886
34366976  23667086
34367022  17606906
34366977  13493011
34367114  2973202
34367126  4367539
34362166  4586835
34355775  391005
34367247  610406
34159118  23180239
34363826  15957853
34367386  10367698
34367506  11521356
34306377  1370021
34306377  17797025
34366617  11494483
34367675  20243113
34335284  11086692
34367798  1602934
34115369  8644428
34367840  4725823
34367649  1966207
34368168  1555262
34358124  33604012
12878612  3163407
24778909  3163407
18443522  3163407
34367955  3163407
34368369  22588518
34231433  34268518
34368657  218384
34366646  42294
34361527  8931226
34355795  5366285
34367865  218384
34368796  29040688
34368942  16898288
34368980  5223
34369016  18754230
34356080  25516332
34369022  203198
34369043  3598108
34369073  10773813
33967387  34361379
34368695  14220321
13548040  3897431
34369255  3897431
34369250  8255533
34369337  999172
34367716  1629539
34369514  30933965
21336689  14920801
34367050  1068834
34001092  5573310
34369119  8336858
34369119  2740529
34369871  13102045
34369962  7966119
34369981  19581763
34369756  4823018
34370099  266115
34370139  33056855
34370439  32963070
34369802  7306214
34360822  18676712
34370594  20940979
34370583  34361594
34370778  25706216
34368098  5179798
34370333  20276033
34370713  3422673
34370991  242813
34367797  8676763
34365706  635113
34365205  4655305
34371146  4660142
34371085  15490633
34371266  34144910
34371412  16699247
34371346  6624183
34371643  495021
34369105  18050071
34361621  8459903
34369654  3122635
34361840  8207325
34371627  33251375
34369291  21914216
34371787  13102045
34371849  60174
34371840  5494981
34370036  12696728
34371888  3577641
34371897  22844840
34370525  3585585
34371536  5800720
34371302  12769982
34371985  717725
34371974  26395766
34372106  178325
34372088  12503527
34372131  18050071
34372122  6033570
34353651  18664579
34357627  2422468
34372373  18050071
34372398  31740340
34372364  7457191
34372477  40480
34239889  45015
34372521  4114167
34363635  2335888
31368814  218384
34370922  17945130
2977075  10257981
34366960  6386308
34369193  17367560
34371320  31668163
34365214  33815378
34365188  10382929
34362245  16907363
34211424  34191740
34351717  9834452
34351468  1912434
34351208  34171367
34295642  33681487
34344147  26244309
34369721  3510614
34372746  5928225
34369768  4166882
34372907  18050071
34372925  2973202
34372353  4292395
30401063  20871009
34334922  17686596
32231824  20348375
34322334  1156246
34372867  24529378
34372980  22937618
34296569  33765946
34372830  18475202
34371069  33907891
34372385  30102806
34322732  8414563
34373102  24590341
34373233  18050071
34370982  8524933
34373226  5703552
34373437  24001778
34371448  1070497
34370571  3574644
33156310  33080450
34373524  7092765
34373524  16284629
34373561  2559527
34373519  28966043
34373496  13223101
34371067  6343166
34371217  33918148
34373211  30590367
34373678  5229656
4545287  4865104
34373728  1884758
34373701  3572463
34373864  1559770
34373902  4660142
34371845  17847283
34231937  4760215
34217908  10695139
34203219  240178
34373885  14520185
34373362  218384
34374120  16514027
34368819  6441218
34374247  30680938
34374340  23446377
34374479  931092
34374309  17466681
34374545  3568222
34374621  4261133
9987913  8923949
34360447  2185252
34373820  28771896
34374892  70689
34374960  31884399
34374913  3737139
34375006  34373198
34374949  23446377
34375071  4261133
34374984  845021
34375188  24094649
34374978  9296694
34375200  500504
34348477  4356363
34375344  11321491
34373656  19130236
34374084  12573816
34373428  23353173
34372808  1673841
34374221  11731377
32020447  33248473
34374985  33248473
34375750  34368954
34375701  7343833
34375520  32597209
34371828  24643807
34375772  2704314
34375834  1694196
34370664  19920391
34375726  15890014
34375758  17944230
34373099  27589925
34371525  23667086
34375960  1632580
34375876  5488072
34374124  4893558
34372620  19097145
34375988  31254725
34373010  5988909
34374013  4062307
23990839  11963501
34374747  33367082
34376409  2090706
34376130  9013494
34376220  7889754
34376441  100732
34376196  12435582
34376492  1301346
34375934  34368816
34376624  4261133
34376550  18070154
34142670  22401141
34376472  5884807
34376485  12157558
34376767  31365888
34376781  11177137
34376480  6942273
34373905  22937618
34376892  7313559
34370823  31605749
34369003  593649
33823742  33651898
34376430  2479766
34377189  986006
34377015  12277933
34373080  18196912
34376918  18594940
34377395  931872
28098322  20374083
34370767  20938095
14008270  19726121
34377471  1341358
28669235  24536533
28815702  17856580
29075517  7397207
34377660  750486
34377699  34375726
34377656  8675206
34377783  34376274
34377815  13264805
34377859  6474318
31666873  28078681
34377890  751681
34374899  17951877
34378063  34377607
34377896  23640594
34378115  11165423
34377255  20671447
34100078  3569412
34377366  30821587
34378174  10422744
34378431  2973202
34378325  492184
34378458  9825255
34370677  8002237
34378633  34364588
34378479  10030727
34377922  14820952
34378540  8614399
34378654  22797418
34325066  1053424
34378935  218384
34377819  4807398
34378982  1323364
34379124  3397113
34379086  1595333
34379316  4421706
34370160  26620312
34376798  15454220
34379016  4261133
34379428  14905310
34379425  13297207
34366374  31668163
34378722  4660142
34375171  492994
34375207  5800657
34378799  2109756
34375886  11408130
34376708  12482338
34379806  8881291
34376282  10142837
34377588  17850191
5561436  2439782
34379461  15269507
34367645  28539586
34379662  21031093
34377609  14678593
34376856  218384
34379339  20940979
34376044  2159216
34373833  2717294
34374470  34350287
34374501  17871329
31130710  25510530
34371139  5130254
34369535  218384
34366846  513832
34365244  95419
24885095  11033603
34364349  40480
34362993  6011943
17322002  6669181
34361448  11166283
34361050  14670677
34358758  218384
34357565  184864
34355755  1386275
7559645  5372855
34355368  1053467
34355005  513832
8109382  6255463
34351979  4489582
34351243  11090446
34351347  18574145
34347884  34345427
34347460  10421363
34345721  218384
34379222  21598016
34346240  32568261
34346240  5554734
34342067  218384
34341229  33357585
34341364  15429011
34332880  28377800
34338635  4736
34378541  218384
34375126  1393508
34378903  2141464
34379578  31988171
34380011  4499073
34356696  25721884
34356329  31254533
34380084  4761386
34380128  6343166
34380201  218384
34380252  9650090
34380398  1239938
34380371  950087
34379175  11731377
34380306  14933589
34380635  492384
34380665  34379760
34380624  1281686
19368647  9318347
34380606  307674
34380853  2090706
34380186  2942426
34381096  4660142
34381015  9560600
34376535  952914
3453345  3065060
18116465  35817
34370048  23147569
967443  35817
20292096  1196074
34381215  9202224
34381252  7054124
34380387  218384
34377916  588004
34381348  513832
34381268  20164013
34381467  1144783
34381492  23353173
34379482  1932093
34381431  17498216
34381579  34061637
34379192  34380329
34381898  2067472
34381660  8009882
34382059  19843506
34382100  588004
34382109  23758858
34382134  2729752
34382134  3213
34381944  8028957
34382156  1711990
34382237  18050071
34382320  24644436
34380816  3061
34382262  15499941
34382406  15147639
34381638  14089770
34382569  18050071
34382650  28772290
34381358  18800810
34251736  6182498
34382773  6493605
34382818  6318628
34382183  19038799
34382183  5078239
34382686  30987986
34383053  4660142
34381299  21278020
34383148  20001427
34383224  2591098
34383247  218384
34330084  13090313
34383296  25249454
34383407  6318628
34383219  27207059
34383007  26611481
34378487  24749711
34383176  24644436
34383525  4421706
34383408  6179940
34383526  17850969
34383440  8620703
34382473  7401795
34383274  31082387
34373290  4660142
34383726  1910832
34383805  18050071
34378441  4142012
34383790  23474574
34383784  13523612
34383901  2784514
34383956  13723979
34384025  3833482
34384218  588004
34384060  34382709
34384208  20077487
34384264  29201211
34384266  218384
34384333  8185090
34384235  3808808
