34438978  34381502
34439003  18603270
34438536  6828076
34439132  717725
34439055  14581806
34436837  7924038
34430676  15891098
34429027  34391837
34407813  17253410
34439142  32119277
34439561  218384
34438147  218384
34416157  32675882
34439941  7485670
34438915  33690697
34440089  5429064
34439896  1741933
34440261  25706216
34440342  218384
34440410  3561043
34440493  17573972
34440431  2290509
34440578  16865213
34438946  34440316
34439063  8671366
34440701  8533432
34439601  13326940
34441064  4261133
34441218  12573816
34441063  25062809
34441188  8028957
34441289  24764821
34438603  33641348
34440841  313400
34431860  31394265
34441360  5429849
34441119  897356
34441108  10924127
34441479  24644436
34441525  1085083
34425677  497685
34441688  11570589
34441655  34438247
34440715  918676
34441700  34340780
34441768  255147
34441768  493386
34441752  3359414
34441905  16959576
34441955  7280389
34442108  2736389
34442248  1328223
34442207  8654990
34442366  3703554
34442500  492384
34441847  22352026
2379224  23740548
34442310  23740548
34442522  19448436
34442675  34441011
34239330  31948096
34440640  17426068
34442921  9916615
34440877  7927280
34443035  3912204
34438099  2697024
34443216  4261133
34443253  9508518
34442754  28014864
34439282  21044798
34443015  6393943
34443015  13719593
34443283  23250
34443523  9394773
34443428  7332299
34443719  1817792
34435949  218384
34443804  218384
34432808  4955160
34443824  33861151
34443494  4261133
34443794  18050071
34444048  9636438
34444074  2301789
34443326  18741745
34442507  15032178
34444152  2749689
34444136  4261133
34439735  34419412
34444356  33298826
34444311  16149701
34444302  1197575
34441076  6605640
34443739  39879
34444185  34369053
34443102  6063876
26418455  26229728
34291873  17069979
34337516  15406299
34323964  6821484
34444640  8374010
34162602  26943777
34285104  27114065
33912076  30526921
34444009  34250235
34302695  8710173
34209739  3088059
34101385  5210535
34444591  1661224
34440253  10523701
34371842  8777533
34435499  4592249
7849221  1909441
18353410  463368
18353410  15466802
34431394  20279484
34428984  3086554
34426134  986937
34417437  15133023
34418240  22885995
34444899  218384
34444910  18050071
34430261  44715
34444128  13355233
34444936  21627170
34443402  26304320
34444142  21988581
34443229  30635703
34445116  2973202
34445086  30790184
34445059  29716653
34445125  1955505
34445169  23446377
34366989  19905025
34433544  18725760
34445528  4418308
34445401  11748234
34441735  17261421
34445084  17147249
34445555  14220321
34445456  10781440
34440384  3577641
34433328  281264
34445905  3790935
34445902  218384
34445621  921180
34445453  768431
34446126  4725603
34446043  32139849
34446182  513832
34446212  125319
34446347  10357830
34446460  27339365
34446502  1323009
34446611  5554734
34441784  17865465
24180768  33200035
34446763  40480
34446830  2365921
34446981  21262378
34421533  6450459
34447023  2811001
34447044  14220321
34437708  23454952
34443418  2488192
34447204  7324722
34447193  4935964
34447150  826948
34447239  20449427
34447280  17498216
34297396  31397731
34444919  22185128
34447451  23667086
34202656  33908902
34447480  25892248
34447656  432493
34447519  27678829
34445919  34443133
34447616  10563619
34447628  9162969
34447459  16006583
16603308  15926105
34447770  22937618
34440280  7305310
34447829  3069989
34446538  218384
34088529  30954503
34448059  1451009
34447631  7427286
34447136  34266993
34448430  2660827
34448212  327745
34448829  676824
34448864  29402361
34448749  987142
34445660  34069504
34448466  191215
34448474  25827368
34449066  19747371
34449177  5757386
34449352  34445662
34436716  13782012
34442338  33066426
34449346  588004
34449499  8028957
13478611  18387993
34416380  1133770
34445565  3757071
34449528  8482842
34449859  513832
34438478  603009
10866301  2520344
34448005  15273693
34450248  1408289
34440916  3571627
34209861  2137755
34450536  18821957
34449783  16877562
34448021  15042197
34450148  218384
34450749  34450153
34450726  34069282
34450798  2581795
34451089  218384
34450874  3534050
34451036  762011
34451125  34439190
34451229  20279484
34451223  12959410
12355348  2101755
34451347  18453566
34451393  218384
34437620  2422468
34442628  513832
34451483  13263808
34451648  3888902
34451204  4792862
34451614  8912327
34451775  10862340
34451884  367768
34451767  14813804
34451997  9623114
34452245  6106747
34452360  4587061
34450904  19253753
34443108  30680824
34452737  10695139
34452676  3572463
34452816  20386366
34452480  2274242
34451649  29276853
34448481  2973202
11041418  6792197
13904103  6792197
34453026  8028957
34453116  14220321
34450451  4068373
34444767  20282619
34453145  2600191
34451956  20053557
34450914  21941242
34443257  5115275
34453422  31778497
34453273  11562656
34453754  11403333
34453537  29476002
34420660  6142690
34439122  11210137
34453799  32693528
34453862  1238016
34453862  13087034
34446832  16573995
34453956  20279484
34453882  1951742
34454114  154577
34453650  10142600
34454338  8311757
32082647  18837855
34445223  34431616
34454365  3648339
34454376  10617400
34454478  34436992
34454631  471946
34454615  8286550
34454582  57484
34454856  19461521
34454918  2938502
34443429  3235219
3970746  4907843
34335675  16385578
34455111  2220699
34455145  218384
34453936  27626541
34454701  6442174
34455337  14220321
34454255  11321491
34454379  3085257
34454379  3734247
34453292  15410265
34453199  17498216
34453615  166944
34455497  2245664
34451600  4261133
34455342  2193584
34455390  12753805
34455702  10649036
34455771  588004
34455775  8924173
34454185  34280475
34454007  495021
34455948  8733650
34456032  34178718
34455965  22571983
34456185  4818699
34406084  15385696
34456221  14498879
34451814  9585323
34449466  12574187
34456007  28492015
34444907  28584950
34456640  23294658
34455237  6538006
34456683  11018166
34456565  7837456
34456635  17578873
34456718  14220321
34456785  24644436
34456454  34456733
26465745  26895349
34456918  750486
34456917  203198
34456641  4660142
34445857  26597116
32639430  5738442
34443998  18425379
34443349  19123707
32081534  32228126
34435399  2049109
33479637  15116658
34426005  606191
34425406  12524994
34420390  33322686
34454553  22847605
34456436  17896746
34417318  7243750
34416155  701802
34456906  33268930
34457130  6393827
34457367  30397631
34457287  179741
34457469  9153716
34457600  4176328
34451517  17560195
34457770  12740329
34457766  374626
34456429  23542989
34457818  22937618
34328315  34351906
34337245  34351906
34412240  36901
26852128  10147455
34404032  13203868
34402532  370357
34457939  1132941
21490662  4449473
34458012  21648407
34456234  33505992
34457884  20194496
34458094  11808573
34458053  5175506
34458213  14220321
34458239  27261539
34458240  203198
34458300  13624386
34458379  21950672
34458441  8028957
34455572  33616185
34458608  513832
34458796  218384
34458896  10556185
34458876  3437897
34458967  1126726
34446877  17233931
34442902  21577481
34458992  30337839
34459181  12953127
34451870  28648039
34459293  12382696
34459317  306400
34458937  21081035
27033395  16955196
34457867  920353
34459397  7730761
34459370  25279000
34459502  135657
34459479  4736
34459484  4616202
34455049  24471109
34459754  12713555
34459821  2393194
34459971  31655983
34459955  10040069
34460005  218384
34460020  15285293
34460020  155609
34455848  34280487
34456135  816370
34460095  17000562
34460070  14413575
34458605  29948697
34460452  2251714
34446800  28689035
34449435  5041508
34460388  218384
34454874  31737754
34460652  15285293
34460573  588004
34460573  24670608
34460782  2591098
34459331  4844535
34460496  34069282
34460810  28676796
34461138  1334254
34457500  281682
34461472  8570196
34461514  5853014
34460353  4844535
34461097  5385714
34461024  8466744
30183895  5211887
16772094  8402549
34455927  20088549
34461708  931872
34460772  4910077
34461846  10897198
34461779  16188122
34461765  218384
34460904  24068829
34461817  10858005
34459008  4660142
34456781  34253061
34461982  1301346
34461954  2259027
34462271  310870
34462214  2317508
34462396  17793585
34462220  32623800
34461003  20002503
34462112  2634123
34461980  31635648
34462542  5161951
34461987  12172791
34462383  21881992
34460043  16242546
34461458  18050071
34460748  18050071
34462681  218384
34419378  26966652
34462708  10170407
29001191  26966652
34462762  14797046
34462781  2465921
34462815  9919342
34462800  34459879
34462993  12766166
34460290  32500073
34463083  21122540
34463086  4660142
34463096  9919342
34463208  4261133
34456655  27348739
34463204  9139417
34463289  4261133
34463356  218384
34463442  34462923
34463414  30680938
34463467  2600191
34463467  4576115
34463497  30680938
34450325  2101755
34462843  18050071
34457590  12825196
34463733  26144060
34463820  11820266
34394366  9430568
34462454  21867125
34464000  27129623
34460822  4261133
34464057  7306295
34463880  651563
10606935  3215402
34463848  13092715
3777057  3215402
34461277  30636275
34462817  3951547
34464613  15349723
34464246  218384
34464871  159720
34465008  85992
34465083  4261133
34464068  674304
34458003  2179493
30393612  27102881
34359982  33914190
34465513  218384
34465502  8101585
34465338  8865458
21944667  19168423
34465607  19977979
34465797  218384
34465960  26457632
34466062  14220321
32035133  10973779
34466422  1628768
34464607  4672408
34465671  22653010
34466690  40480
34466830  60174
34466651  13102045
34464809  19850234
34466953  4535570
34465363  6395961
34467112  19610586
34467277  7774814
34467240  27721418
34466643  26744673
33189936  33188037
34467380  18704909
18704909  7747948
34467259  168736
34467501  1769403
34464271  25691735
34463627  2081836
34467675  513832
34467726  28771896
34467667  18205503
34463991  2674417
34467956  11321491
34467963  1086105
34458526  34097332
34468012  8629083
34467634  16508379
34466253  24644436
34468091  5513531
34468226  8028957
34466911  57483
34468334  5335273
34468194  6397459
34468410  34459060
34468396  6847697
34463676  21082303
34452155  4508644
34467922  2774608
34468871  750486
34469146  19130958
34469020  218384
34469490  21048906
34469510  2612802
34469188  63090
34469653  4660142
34466497  32888757
34468507  991993
34469793  33601989
34468660  34465363
34468660  6395961
4273821  9849846
34467149  218384
34470075  4660142
34460371  218384
34466512  6848970
34470203  55828
34470020  40480
34470092  20843271
34457472  453170
34469654  24891143
34470535  4836710
34470450  10265331
34470452  28861479
34470584  268272
34464624  23318109
34470652  218384
34470769  109383
34470868  15821532
34322575  34470774
34470941  1630631
34470938  218384
34468543  18050071
34469841  3831676
34471326  20940979
34471408  3277503
34471373  28004975
34471373  1179532
34453858  22597948
34471503  4660142
34471459  4355046
34468690  3695224
34471467  20829228
34468921  4798355
34471822  34212750
34471877  34470157
34472034  2222355
26426655  5937845
34461434  21588243
34472107  25951195
34472301  9652732
34472343  5026207
34321526  1569547
34472444  231767
34472467  218384
34441256  164926
34472529  11321491
34469703  33785180
34469703  3099581
34472179  8907490
34465307  13346265
34472598  21689596
34472763  218384
34472767  1058517
34472373  18050071
29890530  29877692
34472794  750486
34472990  1200214
34472218  4956844
34465030  73663
34470043  34469347
34473090  749622
34472722  30657269
34469905  12997800
34473206  5121495
34473315  3403909
34473440  29698796
34469035  27444640
34469035  1732348
34473134  30680938
34420131  30680938
34471189  218384
34473385  576169
34471861  3625759
34473684  513832
34472559  25877875
34473675  4660142
34473868  4256657
34473513  3985214
34472961  1645607
34474008  4353584
34473926  7014903
34473563  19955260
34462142  25406228
34474115  2137755
34474288  2206378
34474243  18139660
34472638  24312447
34450982  2886449
34474384  8595709
34474364  24237399
34474407  17735610
34474330  10865025
34474541  23667086
34474594  14220321
34470244  34465556
34474648  1572101
34474694  19556932
34469268  5169471
12318629  7599816
34474726  13654770
34475160  7911776
34474988  22458575
34475195  29357229
34474216  34475110
34475330  20940979
34475247  33690697
34474961  12423614
34475145  1704407
34475460  14821952
29240912  15432675
34357264  23426536
34475561  10368180
34475447  4952689
34475508  29086245
34475605  2978598
34475794  18050071
34475862  990364
34457561  4622330
16029806  29120968
34467325  10372155
34476076  6925088
33978824  13102045
34476100  1680528
34476162  4261133
34476136  14220321
34472720  22252904
34474700  11960813
34474700  4804398
34475549  12630891
34469253  12679400
34471687  31167707
34476374  9814298
34476382  274626
34476488  17498216
34475431  15412465
34476725  85190
34476775  19941825
34475746  3548140
34477033  13042008
34470195  14871290
34391903  1053592
34477290  3482149
34477084  12034424
34472595  34472224
20206476  18705127
34473663  20940979
34477598  6420962
34459258  5029877
11008872  1379274
34477739  1504717
34474437  31637653
34477707  218384
34472804  20279484
34475458  32556178
34477921  708618
34477975  14220321
34478177  513832
34478330  147181
34478436  22761340
34478442  495021
34474732  14066038
34474732  9015372
34477193  1595611
34477518  19420999
34478978  1923435
34478988  750136
34478988  3881434
34465850  3112946
34477199  4140448
34476815  218384
34479078  4456826
34479329  4421706
34450871  1262695
34479159  3999829
34476987  2637696
34477392  2617266
34477626  31315588
34479394  12296910
34477799  34477648
34479448  16946420
34474444  34283851
34479576  13408884
12403065  3501966
34477426  27327067
34479563  7321896
34479686  4176328
34479261  513084
34479699  453161
34476910  11309301
34479999  6273621
34479976  218384
34471845  34473177
34479593  2167916
34479172  18050071
34479172  1708641
34479048  8063160
34478986  2063480
34480199  51212
34394553  678236
34480312  6491463
34478268  14810409
34480256  738629
34461134  3493505
34430860  34395588
34480431  21277900
34479928  31764908
34480531  7582263
34480541  1711990
34480540  9746838
34479891  30716354
34480592  203198
34480660  7031885
34480707  218384
34479552  27811025
34469091  12821119
34480710  5076944
34480900  12769982
34480911  160694
34480822  2631001
34480756  5466451
34480976  4660142
34479900  29577977
34480949  201183
34480737  11238953
34478858  24537791
34479812  15772498
34481066  11822645
34480861  4738595
34481203  4115566
34481189  517923
34480315  513832
34481322  218384
34481218  279170
34480288  33303167
34481404  8311457
34481095  8470070
34479308  11408668
34481468  28988260
34478829  11602533
34481444  2223386
34480607  9261397
34481393  12908289
34479915  32362802
34480876  8318438
34473169  7559397
34481599  27866909
34481754  34475651
34482056  6531632
34481980  12422945
34470409  9637278
34482383  3737139
34482478  12620369
34481800  21567291
34482587  750486
34482384  25893030
34479416  4346117
34473785  9417038
34482677  4660142
34482649  218384
34475617  8024149
34482715  11731377
34483060  5585779
34483066  19366401
34478612  6786789
34483210  60174
20409987  19366401
34483208  10239025
34482632  26337003
4738595  758688
34481073  17542157
34483397  60174
34483666  12593065
34483643  1168451
34483901  18364682
4276493  26611481
34484004  236129
34483810  12195558
34484043  376278
34479080  3972038
34484162  3705356
34479389  33080802
34484154  5554734
34484149  14220321
34456266  27620262
34438551  30243510
34484314  4660142
10620222  2546968
34374793  33985168
34484502  6752567
34484556  404232
34484599  10179488
34484552  33690697
34483725  2422468
34484620  355167
34484792  34304096
34484792  588004
34484943  117293
34484947  4261133
34484950  27220250
34484594  9964371
34485079  6281398
34258875  7702697
34480583  16319470
34485189  4261133
9529628  2250112
34472083  16308957
34485192  29315365
34483869  26332883
34485631  2764017
34485319  11
34485697  317760
34485871  21868284
34485467  2190850
34485966  6847697
34484191  140820
34485872  19411446
34486044  4261133
34485946  27597900
34485589  34483302
34486058  218384
34482881  19004783
34486454  4261133
34485790  20449427
34486529  10865025
34483070  22358
34486600  365191
34483864  32675882
34486819  5121495
34485902  750486
34484009  22287498
34487097  4795385
34482287  34481059
34486105  8336858
34487295  1851728
34487197  3917250
34487368  1085801
34487263  3605786
34478763  10334267
34486893  1819142
34472548  34457684
34487551  18222926
34487525  4212050
34405595  34283851
34487661  3331176
34487887  20563772
34488241  406121
34295452  31478137
34488722  19669786
34488693  7517964
34488765  2973202
34483471  4660142
34481825  9789733
34489033  29308898
34429428  279170
34488545  13566562
34489521  18050071
34489477  17141979
34489589  9280965
34489625  5655142
34489828  11321491
34489536  4598854
34489988  312443
34488775  2911094
34490149  218384
34490193  5554734
34490258  14220321
34485013  74674
34490371  11889178
34490535  1338728
34485328  26421747
34490014  3434601
34490435  15440050
20058646  10538675
34490738  949433
34483118  27772085
34490176  13840429
34491118  12769982
34484972  18319101
34491050  16959576
34475114  34476116
34491297  14220321
34491232  218384
34491411  14755742
34490562  4235714
34491488  5041494
34491678  26966843
34491336  5121495
34491784  217776
34490103  19461521
34491842  446594
34490771  5796718
34491928  12423179
34490365  322715
34492090  10333016
34489842  7417668
34491539  750136
34492530  11570132
34491995  14169620
34492876  23980733
34492074  23846848
34492964  4921910
34492829  4157687
34493226  10523701
34492951  4651437
34493447  1192768
34493418  201323
34493511  24097826
34493488  15705647
32970259  33452917
34489196  24644436
34489196  30610387
34489562  24644436
34490792  2973202
34492439  302126
34492439  3753894
34493167  2941169
34493758  1727772
34493837  1440952
34493870  14220321
34493997  949433
34494161  50532
34494189  6369313
34493155  4650566
34493923  4261133
34493953  17900312
34494296  218384
34494344  33866556
34494323  396145
34494449  6010864
34494506  10765755
34494551  4216745
34494441  29030747
34494561  2387083
34494637  11218477
34495030  4014535
