34495209  986006
34495298  3462298
34495206  34092568
34495420  2580136
34495008  8384143
34487457  16666643
34493884  60174
34495751  588004
34495475  4660142
34495740  24102775
34495880  5121495
34495931  14138258
34496037  767999
34494408  10657315
34496034  218384
34494879  15287011
34496031  11679567
34496117  16030858
711351  1096379
34490030  5251042
5148589  711351
34492482  15112125
2527668  1450132
34496169  18257561
34492343  5079797
34496010  2973202
34496081  13814321
34495856  24005678
34495856  24030053
34496216  271440
34484269  5767228
34496366  12235595
34496299  1014861
34496299  13160079
31898342  4904052
34481778  5303869
34496618  3888902
34496582  18951143
34493541  1682231
34493541  3503568
34496300  26265002
34483221  1955505
34496835  17778723
34496520  19390810
34496767  22035985
34477275  18215973
34494322  33206536
34496936  3465191
34496541  29440313
34470989  13799789
34497006  7361788
34464220  49110
34497023  21633115
34459376  21340189
34444882  34453227
34495392  34481025
34497457  2559527
34497361  4878159
34497067  16893043
34497611  16641205
34497692  16970982
34497737  14220321
34496009  13101888
34497322  4244896
34497705  4421706
34493658  33236741
34497851  9193214
34494528  5182772
34494177  588004
34497894  750486
34497793  3477766
34497921  3734796
34498143  1056728
34498060  3552461
34498203  3496518
34498186  18050071
34497530  133051
34498235  5831479
34497755  34487400
34498278  19658068
34494019  11
34498449  1322732
34498310  2578900
34494929  26082414
34498221  750486
34498606  15133169
34498895  1120140
34498843  26089437
34498341  4366533
34498984  218384
34497609  613183
34499342  4261133
34499313  4660142
34466894  19043747
34498628  17946221
34499250  8335828
34499094  768215
34499427  5431351
34499419  3561043
34499521  6475314
34499000  3684463
34499789  23249331
34499713  4660142
34364936  34498334
34493922  16110422
19703767  16110422
34499984  8028957
34492739  5214947
34499899  9670469
34500187  218384
34500140  4734580
34500377  14220321
34500379  34304096
34500335  30695112
34500541  4859800
12356994  4859800
10605468  9069379
13182660  4734580
13661196  4734580
22594236  4734580
34500749  8605147
34500487  17778723
34500736  18511147
34500941  218384
34500382  33104982
34483579  17840238
34498528  218384
34498718  1018750
34497798  109383
34497415  5061310
34495701  3634853
34493822  218384
34492921  978324
34490443  999172
34489681  25080500
34489204  22880444
34489052  28039643
34487831  15176079
34487671  34481281
34486663  15209831
22182669  214741
34482192  2593154
34483795  26533245
34483484  5856265
34482205  11972765
34476710  434718
34475697  13880396
34472492  218384
34461526  34460049
34470471  10072726
34470262  18125294
34466698  218384
34352523  34336318
34463061  761194
34499834  23280371
34501076  8028957
34501076  24644436
34501082  9298368
34501318  11367902
34501287  11321491
34499387  6037761
18526644  14171471
34500145  29923879
34485348  34484462
34501234  3782970
34501365  1078118
34500627  8675206
10415039  8675206
34201761  21066333
34499725  2201925
34481676  18800727
30115742  14171471
34498259  17951117
34502020  2396713
34497259  15746091
34501779  11284663
34502077  104420
34501945  4965335
34502449  3001836
34502487  11312737
34502504  290884
34502649  18050071
34502694  7452341
34502689  7412982
34501852  18570807
34501852  16476438
34502559  7327056
34502765  32083410
34488252  8667798
34493725  11691859
34502755  6663490
34502046  2730015
34502623  28332339
34502853  4498482
34502573  15794422
34502414  19196831
34492505  1846599
34491883  31553948
34503038  2119708
34502862  7459769
34503141  1513727
34503187  260738
34503129  24470
34503127  22122721
34503281  4081410
34502376  20613859
34503355  14797375
34503132  152975
34503482  14439226
7393906  981601
34500609  20002503
27648665  10525053
34498578  10525053
19022375  3071532
23331784  3071532
31035939  3071532
17759227  3071532
34496116  3071532
34503495  14220321
34503445  2268104
34503493  24416371
34503908  3152157
34503888  17557183
34092063  32254818
34504127  16207581
34504252  8228281
34504269  1757574
34504569  1568091
34504624  588004
34504834  451415
34504767  24552786
34504669  5565165
34504829  24479999
34505036  20563772
34473363  10748449
34504565  8097557
34505358  2158395
34505313  6887979
34505149  5925927
34505549  25119090
34504311  14110223
34505859  136782
34505939  24102104
34505945  240178
34506111  8023414
34506455  513832
34504633  34490626
34506663  9979970
34506665  34448901
34506186  1202444
34506937  4172722
34506196  4772425
34506954  10933601
34498407  6258521
34504791  23569950
34506913  34504681
34507172  5147378
34506561  218384
34500568  4691521
34488484  1168345
34507284  24083842
34495975  19561269
34507152  20002503
34507479  8495687
34507368  474679
34507277  12953127
34502170  1212344
34503295  34502424
34507484  12886559
1746475  14952295
34492501  33251507
34507333  17301081
34507762  32737871
34497397  218384
34500136  19584255
34505611  13228185
34506675  12657867
34508264  10602433
34508551  1689015
34487055  26533025
34504589  2618059
34483833  507602
34504773  22566503
34508788  12340737
34508990  623172
34504788  2857606
34509077  6847697
34509351  23051062
34506672  44715
34506672  13715254
13715254  44715
34508455  14220321
34507321  17745788
34508879  797251
34508833  4261133
34509843  4660142
34509999  3917250
34509999  24917483
34507973  14220321
34510272  12769982
34509083  17216806
34509053  3937624
34509049  25668600
34510647  806000
34508752  22427567
34508158  11321491
34447400  7610073
34505605  60174
34511095  29308898
34511281  2658922
34511011  31286743
34510636  18050071
34506707  19692157
34511642  60174
34508474  7674786
34511736  13176842
34511981  17908555
34510389  12573816
34497994  4921910
34512038  3335737
34451434  28240848
34511405  8004237
34511876  28581178
34512366  20279484
34512209  20619846
34512580  24644436
34512670  11093326
34512428  6920441
34512885  347675
34512746  3471999
34513165  6267564
34503883  218384
34510607  3985214
34512140  16708103
34513357  14247732
34513562  4261133
34513466  4969760
34513712  8875818
34512154  19726561
34512142  750486
34513970  23741371
6441332  3186688
34514245  6177550
34514548  17748078
34514590  218384
34514503  33769819
34514576  1923273
34510329  812571
34514709  2409126
34514854  18050071
34514198  10523701
34514877  2309694
34514968  218384
34514994  588004
34514974  26048155
34500093  30299205
34515255  11321491
34513787  1642028
34515452  1373164
34514386  11799236
34515281  4873607
34513658  34509761
34514294  23038578
34515090  14187963
34515682  958040
34515733  2161752
34515478  2350937
34515743  8976627
34514450  15233191
34514450  16975299
34515758  7626350
34514905  3593420
34515850  513832
34515836  7452040
34515404  26818664
34514696  20129415
34515431  7745609
34516166  21664610
34515225  31764532
34514804  28535405
34514804  31082021
34516419  14009695
34511087  17893542
7370810  4237469
6571419  526406
34516539  14220321
34511872  4331599
24187335  1732348
34508113  613183
34505069  25443802
34503576  7395542
5620263  1450132
33720605  33694988
34514788  9170247
34475428  25245985
18912476  8761993
34516044  24799946
34516780  19779483
34517125  10967451
34517195  8748831
34516686  6456359
34517510  2167916
34514301  34502209
34517564  3342726
34517289  18207772
34517770  218384
34517687  715462
34517176  10404348
34517730  20974558
34517996  4337601
34517305  3240127
34516314  14412820
34518048  15710701
34517709  12353429
34518430  12787947
34515504  921262
11716923  5630441
34514964  34276009
34320509  34276009
34517915  2416137
34519112  1312331
34519032  20563772
34502705  11783062
34502705  23597984
34519167  18050071
34514922  30128395
34515171  2140627
34330304  21824478
34519395  10073699
34513647  4194207
23357394  4194207
34519119  9005361
34519337  1855884
34519458  34517476
34518137  1812244
34517229  33048435
34519291  24026510
34519150  11694977
34519710  22358
34460690  34000054
34519895  15821532
34520032  1792397
34520002  29981322
34520113  218384
34511919  529085
34516349  22490842
34513546  13690454
34518321  750486
34518321  8909652
8909652  750486
34519644  2276626
20698615  19262312
34518534  14338875
25762566  14692353
34520384  12573816
34519376  6740918
34520546  9466265
34520551  2063480
34520402  16736680
34519161  28507328
34520578  588004
34520645  11477415
34520806  7364150
34520554  3418128
34520888  4645242
34500578  951021
34498963  10555998
34489920  14220321
34488595  16939335
34479418  22733015
5235321  21294
1219630  208105
7293344  912711
14521108  950087
34469067  196972
34380844  901115
34261914  784929
34519151  27763089
34500280  3467404
34511637  19089256
34521158  218384
34521282  421794
34516232  16118785
34517048  19363481
34521322  23869429
34521444  18050071
34521078  986006
34517158  12449509
34515057  34484539
34505941  30634608
34521742  12332002
34521902  2973202
34522090  30386351
34473248  4534146
34472279  28660200
34522279  18730978
34522119  1240852
34522339  3728062
34522295  25028115
8708216  3728062
9967437  3728062
34521750  12351221
31842983  31590714
577575  2411270
34516070  12936622
34522272  16719560
34521839  29659949
34522301  14220321
34521944  12332002
34519954  29554721
34499849  4060004
34518866  5308080
34522727  17498216
34522824  391979
34516033  20340831
34522529  218384
34522703  209905
34464940  142003
34285822  9016178
34522978  20578474
34523313  2148119
34523400  21084156
34441753  6097815
34523578  12423179
34523518  446835
34522895  1688099
34523604  908672
34523488  12739909
34523581  3340330
34523737  2448843
34523720  6677035
34523852  3323074
34523848  26079118
34415283  218384
34524155  5164523
34510896  26496411
34523529  34511041
34524408  17713977
34524082  23366222
34519279  4741164
34524507  34505498
34524316  44715
34521948  7934519
34524882  2706500
34522822  29577977
34525169  109383
34525204  4508313
34525211  10314338
34520627  424104
3296993  784331
34524340  4481724
34524108  9989334
34520580  661561
34525053  8011138
34525350  8729319
34524789  5743291
34523764  2618182
34525499  13378815
34525646  218384
34524838  16084935
34523673  3294099
34524370  1236531
34515124  34317059
34525643  3666771
34526078  218384
34526267  11922383
34526248  9886268
34526432  5676978
34526511  4793955
34526687  8982163
34526641  645728
34524003  5397775
34526526  8606444
34526693  26036955
34526613  32528153
34480333  34389051
34526800  203198
34526964  4660142
34527059  218384
34524913  1494953
34525001  12769982
34525456  2167916
34526937  9810430
34525112  10365645
34525495  4969243
34525495  24902742
34506709  15949036
34521923  34519877
34527440  564
34513859  16588327
34527469  1194882
34527160  30572738
34515753  218384
34527636  9779715
34525599  4685173
34527190  33860356
34523496  14208958
34527958  2642589
34525281  6330260
34527872  28037303
34525876  1179874
34528000  8538887
34523824  22272524
34528113  1150381
33611168  33547312
34528737  1014861
34528784  28782940
34528609  21406887
34528630  22363268
34527347  1555262
34529183  20826135
34528507  26041382
34522720  858897
34523475  1481569
34529366  4261133
34529376  18050071
26767291  25533237
34529298  25533237
34529441  551554
34529288  6308687
34529590  1014861
34528794  24644436
34522436  24657555
34527724  13864795
34509123  29272337
34525489  11321491
34525279  12859942
34527805  17145049
34522936  8028957
34522792  7747569
34526216  33801444
34529977  29120769
34530162  14220321
34529403  1088509
34529403  30598977
34504602  34511041
34504602  6311037
34530250  29923879
34530309  34484745
34496734  19883155
34523693  19455485
34530495  8241525
34530766  6955320
34530517  21552231
34530882  29716653
34530204  21546810
34525895  16973838
34530775  8805689
34530905  13532784
34528212  5368258
34531070  201183
34530955  1663807
34529839  5824916
34531313  27189338
34531405  24644436
34530978  19618399
34531506  495021
34531487  3681123
34531460  20131438
34531547  42294
34531031  20131438
34531497  14220321
34531497  23667086
34531854  659915
34531798  3589557
34531574  34076231
34531939  1316371
34531476  33709391
34531850  18622901
33853713  33875887
34532322  15487550
34532467  2190161
16227026  25432596
34532317  7355305
34532317  8558234
34507150  26692233
34110889  32729410
34532428  11609862
34528805  10755404
34527392  2589309
34532971  20234935
34533205  25680461
23684679  5573722
34532905  16704290
34533357  8028957
34533414  7745609
34533410  24536154
34533282  33725716
34293816  13087344
34533129  1568091
34532874  475074
34532218  2664301
34533413  6600868
34533939  29140402
34534013  1470488
34533824  22651381
34533772  8021436
34533174  34526010
34534266  2553354
34517936  34168507
34534350  513832
34534119  16518103
34534424  27663976
34534529  24473213
34529537  25671073
34534771  4261133
34532462  33440405
34534993  1962483
34534696  12573816
34535036  2856248
34534074  14834520
34535336  10286620
34535343  17382587
34535323  2786279
34535302  2641653
34535804  34533773
34531524  474528
34535870  949433
34535273  16952283
34535966  22028399
34535579  34530624
34535572  18668556
34534048  19370104
34536073  19732918
34530355  30625280
34536272  335311
34536383  9331899
34536356  25126471
34536449  30938387
34533153  10859525
34536590  22756372
34536653  1127166
34482124  5310203
32740949  1109022
34536922  14220321
34530067  33098706
34536686  4660142
34536543  12503581
34537051  4716379
34534992  13294952
34537171  2600191
34537183  391979
34537410  15621656
34537588  15452004
34536993  43249
34537989  60174
34538008  218384
34537970  22781031
34537949  18508582
34536586  10367698
34532514  34274399
34538213  27790382
34537424  32589653
34538318  407255
34537856  218384
2858345  2834034
34537026  7087811
34538453  3446216
34522988  13893138
18130081  8081701
15617164  8081701
34533548  4091765
34538295  19071242
34531514  33584587
34539077  5853989
34539242  29308898
34539027  218384
34536585  13956651
34539140  32010172
34539140  513832
34538826  1101750
34539295  29137488
34538831  30818391
34539641  2301789
34539667  7278835
34539793  129178
34539842  529085
34540152  8320785
34539928  12804277
34540221  25706216
34539687  21496761
34540185  24029163
34540347  750486
34540373  2185320
34540175  6085576
34540550  24376768
34492620  28769495
23169557  18736681
34540229  18736681
34537113  16673728
34538447  32597736
34540791  9122078
34536051  34531653
34294564  5239758
28981033  2706500
34540860  12020361
34540922  22202815
34541114  2689265
34541096  9755990
34541096  26262813
34540949  29182244
34541241  3387247
34541010  22678014
25135363  28232829
34541447  4324763
34541679  12396161
5603600  122641
34541481  10412
34542023  2896727
34542263  27701092
34542428  976441
34542043  17643897
34539874  7984655
34542218  12871710
34542673  20001427
34535546  23307051
34538462  21881992
34542989  218384
34542107  33505992
34542930  325933
34542186  22937618
34542675  7862396
34533512  9415206
34538457  3335162
34539984  3988788
34542817  28736594
34542333  123559
34541007  10276251
34528937  5199541
34542412  19395257
34542664  60174
34542904  19884295
34543477  218384
34543446  2496455
34542066  2973202
34542850  2780129
34543465  4660142
34542969  2591098
34543645  4274955
34535147  8270060
34543585  218384
34510946  5554734
34543619  9413625
34543619  3875184
34543879  14220321
34543879  23667086
34544012  316582
34544046  18490679
34507507  34523832
34544462  3887769
34531356  4259057
34544323  5217721
34544182  4612246
34543478  1314745
34542652  15454220
34542652  19245205
34541532  31415052
34544282  6578051
34543200  12573816
34544850  4405546
34543897  15133549
34545185  263965
34545261  18980957
34533373  10639766
34545183  218384
34545307  23983916
34314719  27083091
34545508  3337587
34545511  7033239
34545624  12967498
34541774  2695646
34545772  33768810
34543467  32272964
34540418  21814825
34546051  18050071
34546206  9300927
34541738  4952820
34546306  218384
34545707  16496874
34543023  2087370
34545186  34543012
34545386  8307963
34544996  7245710
34544840  11321491
34481848  31604951
34543219  2063480
34546631  9919152
34546262  4772752
34546892  37335
34410510  34528283
34389970  34528283
34547063  1247989
34542482  31446720
34542596  26355645
34547179  1333577
34547226  15112125
34547506  240178
34540737  6359980
34547532  260666
34547633  31051857
34547621  20881213
34546050  2846301
34541133  34528283
34528283  34506199
34528283  6589797
34547773  6793872
34547819  7912555
34547871  22498045
34547947  4261133
34547934  218384
34548135  28132251
34548187  17498216
34547853  24097826
34548241  2612802
34535295  14735726
34547911  8732875
34547503  9807469
34548424  53161
34548361  24644436
34548801  18612240
34548814  13135777
33948432  33878370
3768499  14295469
10142059  14295469
34546803  14295469
34538331  28798330
34548947  13354394
34541728  32809728
34549046  115868
34548769  24644436
34549169  5323146
34549224  8563469
34542549  20177268
34542022  8408900
34548884  16511337
34548988  96826
34545903  21593
34549485  18050071
34549267  32635704
34542453  19332183
34549553  203198
34541477  28367123
34549861  16888780
34549891  7306214
34550025  9181782
34543126  10837670
34550117  2973202
34549725  4372515
34550262  366047
34550286  2415633
34496939  7526817
34473156  32010172
34550203  9519841
34547661  8255929
34550347  19134577
34442990  1817300
34549894  8865458
34539963  4719850
34538105  13386681
15603163  431866
34550370  3049169
34550290  7208103
34550368  2723397
34550478  3270680
34550391  24644436
34550391  5335273
34548912  12427904
34484288  6487970
34550236  15141762
34549491  2263540
34541562  16501984
34550750  22972354
34550862  9581064
34535739  33690697
34550906  1599060
34549608  4261133
34551024  13091357
34550793  6584772
34550821  7221495
30775175  7221495
17663013  7221495
34506199  34528283
34551201  4247068
34550960  14220321
22240045  16148068
34540216  17228487
34551372  218384
3095464  4355046
34550480  6620949
34550480  30408240
34548534  9520847
34545810  57124
34551622  11694977
34551575  27663976
34551657  985229
34550526  946159
34551686  218384
20921656  9069379
27920548  4734580
23294642  9069379
