34551891  1628260
23722433  4734580
24883167  7665673
34551862  34551108
22887710  23211618
34551961  26408388
34551881  13881444
34552037  26337003
34552187  31073497
34552331  30425461
34485615  330482
34552385  12552588
34552700  203198
34256337  34550675
34551856  34523693
34552189  845021
34552880  23535316
34551892  29707622
34549663  25837452
34553165  18050071
34553080  11260867
34553376  218384
34553460  513832
34553397  34546900
34553481  908672
34553602  1144783
34553370  27242652
34542686  1534210
34553685  34551352
34553700  7656665
34543747  18380951
34553809  2456344
34553881  23452527
34476898  218384
34476898  25891726
34525701  11055800
34507564  8098795
34507564  4866162
34549703  2693776
34525945  28213871
34553745  7505020
34553722  31144675
34554158  8698726
34552653  89228
34554401  11340334
34554170  218384
116684  1841595
34548889  26243115
34554489  7367381
34549591  34289982
34551236  22676
34554403  28506603
34545794  511761
34554615  2504071
34554658  2167916
34554505  27938862
34554641  11064329
34551795  18551277
34554621  23392805
34554748  30916387
34554886  2124951
34554886  4436087
34547662  33690697
34554828  743806
21980660  18777235
34555029  3422673
34551971  2032248
34554856  3862310
34554339  34228971
32400434  34501905
34553239  4252936
34555047  1816673
34555059  218384
34554474  30143594
34553811  13372276
34555418  160970
34546249  17273719
28055500  28065271
34555050  28250680
34555609  17498216
34555451  17498216
34308154  31763745
34550511  857973
34555683  6190713
34553621  19695784
34555472  9937485
34553393  2063480
34554215  18050071
34556023  10757671
34554586  28988260
34554617  34261567
34556317  2655925
34554790  750486
34552668  10191961
34551181  2979772
34556380  3897431
34556353  17498216
34556519  1119134
34556549  289792
34556343  2738367
34555641  11321491
34556687  17640754
34556980  20940979
34557139  34495147
34557143  29735264
34557171  7373567
34557209  926752
34557221  34088373
34557221  13825108
34557274  34432079
10795158  919612
34557167  17498216
34552791  6277154
34552854  4210927
34557517  5328518
34556660  9289859
34556512  12953127
34557494  11010386
34553180  409784
34555357  2591098
34557876  15095138
34557903  6325384
34556405  3305561
34557985  7208070
34553055  28942868
34558123  2591098
34558248  1373164
34557347  5767228
34558300  4956844
34558373  12062481
34558088  31472816
34558113  34441876
34558254  11321491
34558371  14405773
34558421  2944704
34558460  1451009
34558518  34558419
34558509  25706216
34557961  34417973
34558513  18711896
34558556  218384
34558433  2114347
16364238  23769778
34558612  6005176
34558692  5785745
33397247  33357834
34558715  6439230
34558797  1835683
34558841  4660142
34558872  34571
34558875  20755393
34558852  153724
34326549  34282230
34558576  492106
34559125  588004
34558185  10218946
34555706  12924009
34551165  17661829
34557173  1686174
34559076  1660060
34559287  4660142
34559217  4261133
34559434  1714515
34559483  218384
34557222  929276
34556392  26003982
34559208  5052311
34559616  10520048
34504214  11757937
34559772  28927089
34558038  34532438
34559812  2973202
34559295  1732348
34196943  6910115
34558451  4261133
34559883  21995995
2326767  1560788
34559924  7603611
34550011  21282741
34560275  218384
34560311  4261133
34560265  1397329
34557941  18050071
34552334  5983544
34560378  18839875
34560339  6891547
34560544  9670469
34560570  5175506
34560729  24222640
34560861  32175858
34560965  513832
34560514  218384
34560529  12661
34560657  34537066
34560633  532878
34560984  14220321
34561140  7807755
34561092  24007129
34560661  34164413
34561398  33043908
34555767  9603152
34561506  625799
34560942  541954
34553731  4026597
34561710  37219
34561772  4660142
34560931  218384
34561768  8028957
34561913  5957241
34561934  3313299
34561827  3072307
34561756  2391818
34561960  18050071
34562028  33845876
34562176  24953658
34561485  15379627
34561056  4261133
34562170  1049722
34561633  34552807
34562159  17751199
34562332  588004
34562073  3639342
34562456  4792242
34562478  14956313
34562444  4975394
34562505  34460685
34562407  4261133
34562376  15685181
29367294  25242728
34558961  34558202
34562663  2770321
34472835  9126946
34562762  23446377
34562354  27651964
34562135  12387989
34562184  20410385
34561702  5688712
34563022  11150155
9863118  20771824
34559855  34362898
34563009  1839422
34563198  6026976
34563013  19779528
34563240  2775263
34563505  218384
34562523  1673439
34563620  8707906
34560521  8367421
33886654  34403447
16667549  8875818
34559993  1001540
34563499  3368156
1781889  2475448
34564112  109086
34564156  336859
34564153  12028925
34409779  2061715
34548970  34554490
34543045  8805298
34564269  1363650
34564309  19541582
34554442  17150183
34561231  31355612
34564143  26741191
34564015  282647
34555241  26206370
34564752  409784
34558041  6907751
34564551  31375361
34564876  19896870
34565059  1493591
34564984  33532280
34565156  4445706
34565308  2612802
34565317  13840429
34565220  10310299
34557534  1847789
34565471  111102
34565487  17434
28425905  6535676
34565176  15920070
34565532  20617067
34565532  840501
34565370  9335729
34559231  5408781
34564882  9865978
34524476  31262606
34564746  1520642
34565733  19447100
34565687  218384
34565820  610245
34565823  20449427
34565874  20279484
34565806  138884
34565881  2009217
34565291  4973713
34566003  34479665
34563034  16185044
34566046  371329
34565099  17774394
34566048  6214725
34566116  11172107
34566207  218384
34565573  21769348
34558578  3773338
9570237  1560788
34563697  7814089
34566380  203198
34566439  10823626
34566487  34565688
34563812  11874767
34566608  7073266
34566577  23523946
34566846  20002503
34566869  22252904
34564073  20561480
34566570  4830588
34566259  18050071
34566915  6102948
34566978  5916459
34567005  14220321
34567222  22100726
12208972  1609637
34567293  21395572
34563337  24644436
34565923  13102045
34565923  7056749
12776072  5947661
34567416  218384
34567408  750486
34566627  14681998
34567459  7745609
34567523  4204915
34565492  6246005
34567537  902839
34567580  3679832
34562235  129677
34564832  4422889
34567586  14220321
34566829  11069644
34567715  218384
34567562  23667086
34551413  8787007
34564403  31419897
34567752  2504071
34567793  7960600
34567776  988363
34567857  2631001
34567810  14744528
34567836  3526366
34567919  4261133
34568048  4660142
34567692  24644436
34568100  1672083
34567922  12996871
34512043  11123055
34567913  18050071
34567994  1087735
34568264  11321491
34563102  15907458
34568307  26441216
34567835  15198834
34566634  34000054
34567944  28554413
34568091  21420792
34567965  14220321
34544542  22629487
34564436  34475203
34568642  750486
34491840  14081982
34568781  4660951
34561307  32959875
34568903  4885143
34568978  20279484
34567119  4214731
34569078  16293741
34568653  24644436
34568846  6420085
15383378  29120968
29120968  15105751
34569229  218384
34569002  2129693
34566961  19475918
34511335  34506384
34568377  26443403
34564049  18552891
34569601  2126522
34569180  32038750
34569668  19896870
34569312  10553597
34569524  4261133
34554132  7332804
34569782  10797794
34569753  29606843
34569893  34454947
34570016  16296670
34570069  19575747
34553104  30677241
34568171  16358535
34570164  6294501
34570113  34561453
34570286  12861726
34570498  11605917
34569571  32888757
34570386  30319618
34559409  11134946
34570112  6741544
34570829  21971484
34528104  16577120
34569566  4660142
34571124  3246928
34571133  32010172
34571091  33472171
34570763  3127429
34571193  25192108
34571202  1157700
34570944  25098042
34558084  19931987
34571279  5692256
34567955  10627401
34528073  6343166
34567065  4935632
34569985  7026566
34567748  27920806
34571318  24819717
34561366  23667086
34557007  14220321
34471052  12243818
34549994  32581987
4652559  5523747
34544230  7686827
34571382  15957862
34571409  218384
34571380  11704729
34561727  302542
32310701  31373581
34571052  8951810
34571515  19636539
34571505  15819095
34571561  4850540
17774821  1860159
34571631  218384
34571043  27685277
34571588  15025979
34571643  30125016
34493967  8752111
34571876  8638621
34571922  513832
34571816  2612802
34572010  162159
34571372  30297663
34571865  12630891
34571621  31346581
34570961  11321491
34572030  20563772
34571563  10507104
34572211  8055508
34572291  4261133
34572311  11321491
34572158  4172722
33313656  33065824
34253630  4261133
34553374  31000885
34567216  20540877
34561526  34571787
34572469  22937618
34572214  15112125
34572561  12859942
34572122  12398359
33245264  27685277
34572883  17813423
34569648  26293157
34572954  218384
34573006  24644436
34573065  7504060
34573440  750486
34573248  12699389
34573567  513832
34573723  156503
34573712  98242
34573712  949433
19359724  3039587
34573857  2765999
34566724  6127037
34524504  15148852
34572983  17364127
34573995  20368851
34574098  30680938
34574142  7074
34574168  2167916
34572435  3852354
34574126  7838784
34574327  12861726
34574452  52550
34573393  24196122
34573030  1256887
4309296  553029
34574439  901115
34574833  24777750
34574289  7525996
16358535  8634156
34575021  3499214
34572290  34541728
34575103  40480
34574474  1958808
34570260  305378
34574656  4194207
34574413  218384
34575263  218384
34568132  33690697
34575310  3038392
34575411  12328150
5835007  3329766
34573410  10636611
34575591  3243348
34573458  30849582
34573509  3041489
34575695  218384
34574884  33522706
34574770  27682888
34575796  14723812
34575601  14415960
34576074  20776045
34576119  336859
34576001  218384
34576158  2817695
34574609  1355464
34575099  16015874
34575428  33679507
34576340  218384
34574892  34537431
34576360  4259057
34576412  18060667
843809  13294267
34573294  34569067
34576582  495021
34576617  12953127
34576639  20940979
34576592  8508275
34573958  3800551
34576530  22130429
34576698  24859005
34576703  2706500
34574556  16706076
34566753  16137416
34576850  20940979
34576741  14220321
34575623  7943032
20797430  7943032
19343520  7943032
34576977  30018213
34576268  8219305
34577086  104420
34577260  15423544
34563577  26924836
33390326  13501431
34577505  218384
34551802  34549007
34577586  7085967
34576417  24644436
34577910  218384
34577312  18214664
23920014  16765158
27356356  16765158
2213608  16765158
5535514  16765158
8835136  16765158
1598506  1444224
34578030  24111984
34498933  4673629
34570221  2874657
34578270  218384
34578132  2551337
34576468  19836549
34578429  24130026
34578493  709961
34578524  2745265
34317729  31151027
34578517  1081486
34578646  8470070
34578657  4660142
34575144  29308898
34578609  31915122
34576539  2420066
34578829  9690801
34575828  805107
34578625  218384
34578980  3246928
26327197  26299552
34579130  2100758
34579075  60174
34579269  218384
34579218  218384
34579310  1625234
34579326  22619262
34573594  10036330
34579170  14976614
34578692  6388370
34565250  240546
34578701  2273368
34579544  19482739
34547734  2630440
34557533  23269191
34579543  935175
34579649  218384
34579519  370357
34579819  18050071
34579814  6687107
34574137  32880641
34579856  1299871
34579289  5335381
34580079  1936857
34580337  24644436
34573486  34573623
34580466  185844
34580466  272900
34580546  901115
34580334  6142944
34580395  11095024
34580451  34410318
13288356  13301773
34563949  8207997
34580609  223918
34580586  4261133
34579451  24345264
34580841  1320745
34580908  142508
34581037  4261133
34580879  4998512
1236067  2518421
1515069  2518421
2382994  2518421
34580426  22937618
34581044  6166795
34580830  20145488
34581106  218384
34581109  27883427
34580572  8865458
34580539  34229139
34571457  5301916
34581207  34578826
34581032  218384
34581271  32635704
34577341  34575651
34581388  1625234
32801095  5078239
34581461  16125872
34581342  8550124
34580774  10156552
34581180  31659292
34581742  28038036
34581737  14998961
34581500  18050071
34496264  18862743
34581972  17346261
34581507  1203664
34581868  218384
34581471  34515173
34582304  2699086
34582199  14898213
34582538  6729605
34582470  1867861
34582721  13102045
34582570  28156929
12686746  6259515
34582792  33690697
34583062  32731200
34568214  34583184
34583181  17022017
34583076  218384
34583220  986006
34416490  1732348
34583122  6816951
34583590  18731737
34583553  8973715
34583423  11176638
34583149  34529122
34583407  2141520
34579059  17200558
34584661  14220321
34584717  5891610
34578857  21668488
34584802  3906137
34573813  6750531
34577309  30824589
17111226  6582322
34584976  15589601
34585012  13597125
34585207  4396804
34585753  7506844
34585518  2769467
34585982  29277333
34586223  13053925
34585699  3655316
33963983  33982607
34581502  8459903
34585276  11922383
34586226  92859
34567778  6738773
34545340  34585096
34586690  4772425
34586720  2973202
34580326  32249811
34583266  363681
34586409  123559
34586931  4734116
34586949  750486
34587038  7020136
34587036  11220946
34577189  10407159
34581006  7288614
34587022  218384
34587371  4701532
34359551  18590630
34581432  23353173
34587864  13598713
34582283  34517969
34580469  34579679
34587988  34509901
34567027  34573527
34587644  13840429
34588228  4216745
7779874  8072311
34586047  33118855
34588278  218384
34587235  15602794
34588146  218384
34588346  5435228
34588408  13267922
7963561  3897431
34587902  358318
34588322  3750632
34588283  1208442
34588208  8419382
7465793  8489322
34572927  23740548
34588436  33248473
34588553  4145605
34588735  218384
34588316  26927348
34588730  18417679
34588176  49547
34588527  4112686
34588872  8028957
34588210  11731377
34588932  20563772
34589164  3735630
34589140  364952
34586606  358397
34589430  34586538
34589190  107936
34584202  2308188
34589218  5574434
34589710  2341837
34589033  12769982
34588937  734930
34589487  34450730
34587918  17364127
34590097  7837456
34589194  1722539
34586476  12769982
34589325  15521309
34590087  50532
34589695  3889882
34590284  19620225
34590333  8122079
34586289  4568187
34590302  1093560
34590414  4644703
34582025  3655316
34547981  11297880
34590363  5467129
34590181  33562588
34590569  4660142
34439875  2020864
34590463  604424
34590755  218384
26546900  13012197
34590612  8028957
34589819  17498216
34590922  19962812
34589704  4261133
34591200  218384
34585893  22252904
34584922  60174
34591423  2903235
34591166  2712825
34591029  3701311
34591611  3505701
34591872  1275735
34583949  26221105
34591644  34591564
34591980  20005278
34591874  10551369
34589023  4261133
34591934  845021
34592344  18429021
34592434  32635704
34592180  2912761
34589998  4698161
34518361  9682092
34592544  8584119
34592325  32366714
34581141  3762763
34592617  13475581
34592791  772124
34585680  31660991
34588264  23708986
34567488  29303482
34592921  750486
12636193  23899718
34592919  14220321
34592732  14220321
34593096  18050071
34077075  10075943
34592887  34521784
34593295  16865151
34593461  25229124
34562434  6438088
34593067  28875356
34593494  34588746
34593704  20035101
34593553  7267676
34593662  280579
34593969  17498216
34593953  4261133
34593597  7101703
34594088  513832
34590296  10995516
34594080  319426
34591325  7864971
34594170  9781780
34594285  14220321
34594187  20850536
34593828  240660
34592967  19245205
34593849  32010172
34593896  15340207
34594328  4072150
34594449  32203153
34594467  427979
34594539  4651437
34594560  6422273
34594627  495021
34594767  20676008
34594403  189645
34529701  34521385
34591052  588004
34586213  17591104
34584197  11465555
34226767  18216906
28273294  11241523
34582956  17413502
34571555  34265229
34571788  12754024
34569081  23294658
34568643  338768
34563829  6130768
28395307  16691161
34594892  4660142
34586933  672155
34583925  25706216
34561379  9629677
34595232  4261133
34595407  40480
34435224  2591098
34504878  34174337
34595421  20278121
34595712  19509647
34595670  8707906
34595806  1034621
34594913  17924146
34595636  30686248
34596140  26745193
34596275  750486
34586510  14220321
34596330  28613783
34596257  4651437
34596227  34039834
34593069  34441282
34596445  25706216
34596482  26813785
34595096  2062101
34596156  5694228
34592526  4112686
34596622  30478602
34595980  19038799
34596623  19537960
34596462  15839335
34596443  4112686
34597004  4660142
34591900  132052
34596989  7571635
34593386  14348265
34596894  10695139
34597056  11866910
34595844  34131021
34597077  19998454
34596832  24399943
34597266  2446764
34597300  281640
34597300  14488796
34597315  18050071
34595944  14888737
34595944  34549380
34597408  1379934
34597495  15112125
34597499  4046967
34595615  4777900
34597225  4521085
34597516  9337489
34597551  22397861
34597101  10605842
34597733  194465
34597640  26166737
34597446  29733854
34597853  371
34597759  218384
34597869  5658457
34595856  29046635
34598103  6343166
34598138  13796451
34597950  7745855
34598259  11488014
34588342  15138593
34588841  34454275
34592385  2279396
34598510  5355528
34580200  14954721
34598542  11321491
34598734  826948
34597296  10295771
34598720  30081930
34598509  3088059
34595711  9703937
34598855  34597233
34598947  7565772
34599089  17677649
34596897  16887493
34599295  2784514
34599273  5608622
34599294  180172
30079056  26571328
34599374  6876266
34599386  218384
34598065  15808333
34599442  29964748
34595578  6617155
34599494  21567291
34599550  9831950
34598448  13352626
34599196  1357639
34599889  2167916
34599896  6736378
34599912  3917250
34599912  24777496
34600153  4590677
34600055  24485013
34600330  24357028
34600335  750486
34600328  1405048
34600455  81584
34600442  34577721
34577721  19445828
34600169  34210274
34600418  34582835
34600724  10186913
9271570  15290981
34597464  10365167
34597464  25685185
34600866  14220321
34600925  18050071
34600882  1120140
34600730  7626350
34600483  21185092
34601135  3278207
34439479  34436992
34600847  21461735
34599674  29768610
30053503  8121837
34591020  20268262
34600367  750486
34601151  513832
34601494  4261133
8625572  9722632
34601327  34595890
34601708  20001427
1035459  1035266
2389819  15197477
2407825  2389819
34601755  12028779
34594346  17915832
34601825  1680528
34601941  182287
34602068  29670116
34601480  2591098
34601244  32010172
34590794  218384
34601627  922360
34602260  17526608
