34601779  14196671
34601978  2591098
34601939  218384
34593534  34591179
34586218  10711995
34602157  4261133
34602618  10693845
34598563  34493535
34602725  979256
34602811  9032856
34602838  16690450
34311254  11321491
34581803  27081942
34602758  26393129
1973073  3295496
34602872  26920113
34601870  18343689
34603113  3518002
34603178  5121495
34603134  6436499
34603196  30671680
34603321  4261133
33874909  33967078
34603465  26770199
34603202  494035
34588933  34280475
34603560  21316968
34603653  32222867
30814815  29263920
34589250  13547007
34604173  11758079
34604508  218384
34572639  4660142
34601628  1732348
34604309  14379274
34578987  998245
34577203  12379329
34604503  19072241
34604736  16869351
34604370  5210535
34538175  222834
34598034  10298291
34552372  19543139
34605112  3699141
34605079  9694185
34605203  2161752
34605019  12385179
34565346  21067625
34557155  34565346
34605449  13102045
34605405  3699141
34605482  12081051
34603794  12652980
34092607  34112388
34603974  2118656
34108931  34112388
34605363  4216745
34604869  32888757
34603055  2365272
34603055  9544182
34606152  2167916
34599244  12859942
34606516  588004
34606358  5711347
34606388  5545649
34606596  22937618
34606479  34603441
34606628  14220321
34606702  487073
34606665  2422468
34606708  4957009
34589863  31327839
34606862  31768220
34607236  3222649
34579510  16166039
34607305  17393683
34607346  30518554
34602900  29133563
34601125  10523390
34607561  1589522
34607320  28367950
30891135  30883237
34607427  1389736
34607958  367633
34607395  12769982
34608022  32859509
34608031  6312993
34608088  17926279
34576295  34575003
34608011  105770
21104337  8028957
34608295  240178
34608195  7831964
34606495  16774966
34608535  40471
34608507  17335072
34603510  31619296
34608591  10682301
34606892  263400
34603031  30122228
34608860  32061254
34608854  591094
34608180  29308898
34608513  4705848
34606471  33157296
34570486  5332616
34609324  319249
34609458  409784
34609534  480156
34609549  3076414
34609787  2280961
34596724  48087
34609909  12573816
34610274  359494
34608968  20556773
34610532  5142349
34610627  588004
34609243  16056645
20223067  11919391
34609738  2604727
34610777  218384
34610764  12423614
34610886  191421
34610338  10696654
34610926  2130454
34610974  10879483
34611310  359788
34601686  24046744
34611538  513832
34611430  31529898
34611396  88235
34611650  10257301
34611696  625799
34611457  342254
34611664  24516170
34603644  24644436
34582055  21352655
34611931  2551859
34610488  15430851
34612096  13883917
34612263  201323
34611890  26350212
34612214  20002503
34612214  15112125
34603993  138670
34612071  28313871
34612429  5890584
34611951  27588136
34604436  58782
34612743  26446338
34612848  1373164
34612766  20877490
34612591  8914961
34612526  16481334
34613091  7014903
34612808  18050071
34613122  16413937
34612948  30807033
34613412  224966
34613045  7889228
34613520  2229757
34613464  14028959
34613574  14257373
34613214  25523375
34613530  15732853
34613647  3589311
34613349  18222286
34613686  6685819
34613955  931092
34614126  8268624
34608925  19100009
34614199  1101750
11009974  30128395
34612448  6293044
34608116  10893443
34610227  32700816
34610787  4261133
34609132  18744164
34614712  218384
34593173  25511769
34614551  15109017
34614819  3432317
33612203  33616273
34613896  597863
34614896  1267283
34614273  12769982
34614273  16199838
34614875  15395347
34615081  8881676
34609325  34613290
34610134  14036311
34615290  7796456
34614807  5003142
34615332  9829578
34614740  33573620
34615277  28770927
34615385  22551586
34615493  19395257
34609064  34614807
34611456  34614807
8404791  2892475
18082344  2892475
34586736  2892475
34615645  40480
6964109  2892475
28325329  2892475
34615526  30128395
34440962  15283546
34614649  2427288
34616156  218384
34616186  3434278
34616293  34613916
34616508  218384
34616431  23941580
34616644  3081916
34616699  409784
34616562  10625338
34614031  9443753
34613861  19684617
34616564  17813423
34616860  27592456
34616997  2079813
34616979  24380973
34613327  5554734
34616786  5121495
34617195  6356351
34617240  14519797
34617252  218384
34617301  166221
34617394  14220321
34617377  11321491
34617465  14220321
34617429  28233405
6972021  13294267
34617726  18050071
34616394  33447149
34617945  513832
34617957  28329498
34614074  643682
34617654  4989807
34617605  4261133
34617907  2268104
34618272  14843140
34604213  11517139
34617284  16770403
4879788  4698054
18361752  4698054
34617158  4698054
15583639  4698054
34618367  4173254
34618240  18802417
34618400  1475297
34593220  29058093
34618418  496440
34618586  12993696
34614560  63447
34614560  15085990
5219030  4698054
34618624  218384
34618685  10248444
34618649  18050071
34618709  2167916
34618760  23294658
34618576  6350158
34618833  218384
34618802  5036700
34610772  13573913
34618856  34598908
34619040  25502056
34618916  52357
34619105  513832
15414618  4347374
34619323  3387622
34619010  4935071
34617145  22489398
34619417  3179385
34619141  31732177
34605996  11059114
34613835  14516693
34619642  218384
34619564  17888993
12025618  6966299
34619734  9787890
34616083  2161054
34619996  5675784
34618894  27216480
34620003  14220321
28344380  17881923
34620505  31083405
34620482  8037070
34617895  34614814
34620699  6348494
34620730  12769982
34601216  34561142
34620947  5325797
34620643  5689904
34620274  7672152
34618366  10336392
34621363  57483
34612261  31762211
34549547  14150772
34614336  1589930
30212674  29289641
34621598  6413224
34620668  16684482
34621701  32502891
34592366  25933962
34621680  34436125
34621535  28007684
34621880  22960368
34621916  7217013
34622064  4810664
34621557  13643417
34616043  25018903
34621967  10835500
34622414  1590247
34620763  18547354
34622604  10874950
31877857  25489225
34622571  26337003
34622571  17898412
34607825  1870158
34617517  4261133
34622683  513832
34623191  1966207
16377972  18744164
34623403  29308898
34623114  1537116
34623432  19365508
34623153  218384
34613052  29570767
34623489  1579133
34623500  1143262
34623500  2156305
34623561  13279582
34623526  6880651
34623259  20279484
34623606  14041453
34623606  6016771
34623714  2789741
34623408  218384
34623705  1817792
34615347  27037657
34623629  25383698
34614184  3278895
34552281  6896504
34622920  4950678
34571830  26171521
33586031  29140402
34623161  33000977
34620973  32912369
34624076  20506805
26965014  24651918
34624377  19074159
34624394  34603207
34619644  405060
34622632  7648655
34623073  20671518
34624894  27690657
34623618  8516736
34624785  20433867
34622833  29527214
34625160  2706125
34625317  413898
9625084  546321
34624447  3506208
34624447  15005500
34625264  1482649
32231996  17496599
34617667  17493309
32802345  1820451
16944920  1820451
16944920  4371716
377102  1090373
34625608  9001509
34625549  6311968
736047  1090373
34623275  14943439
34621251  22019776
34625680  612097
8479476  20126592
5544858  1820451
5544858  20126592
6334639  1820451
6334639  20126592
20126592  1820451
20126592  4371716
17535215  13259181
17535215  4371716
6224875  20126592
34618590  218384
34625773  218384
34324502  15473015
34345534  15571695
34626049  19795198
34626891  2391679
34626780  3800512
34626872  11279331
34627012  15518731
34626702  13041861
34620962  3997748
34626069  19461521
34627392  4398711
34627337  9069379
34616717  7112401
34627620  27636373
34627798  2591098
34627415  3189308
34625445  218384
34623466  218384
34623299  16653233
34627900  16305532
34628036  3221471
26596465  31978113
34623661  4417637
34627693  33689768
34628431  9803286
34628147  5328518
34628649  14822184
34625681  22660619
34624294  18389594
26408308  17962963
12172042  17962963
34628874  33371558
34628768  19226816
34628930  750486
23617691  8577545
10433490  8577545
34628671  7771011
31169851  8577545
34628979  1056728
12273015  8577545
14908735  8577545
34629138  16935481
34628937  21567291
34622219  218384
34628931  8483472
34629198  704684
34628638  17375947
34626806  34629443
34629689  986006
34629732  1784780
34471562  23462697
34630165  11893251
34630253  1440265
34630253  16834245
34630277  1686724
34630275  981306
34630300  513832
34474734  5482644
34626430  1958759
8125227  4371716
5429790  4371716
3356002  4371716
5393974  4371716
34630461  1125730
34630679  20001427
10358722  4371716
13259181  4371716
34602668  22213152
32506731  4528101
7088273  8634156
34630602  6874705
34623634  14220321
34630121  13840429
34629692  32489870
34630603  16388078
34617335  16214300
34631377  21986886
34631403  24018327
34623856  21381388
34631703  15899619
34628562  12562842
34631644  492860
3704918  492860
34630853  10994631
10860981  10994631
34631597  4748875
34632145  29308898
34631783  33407330
34632124  2588666
34631968  22807912
34623640  300662
34632419  218384
34626712  5123585
34630810  34401354
34632466  31218008
34632660  20447467
34632804  419163
34632714  30481979
34630669  27335750
34632778  11317890
34633109  1711990
34633064  18492256
34633187  9704083
34632972  2051602
34633178  195625
34633371  15112125
34633531  203198
34611768  7330711
34633631  14220321
34633605  3012488
34628593  79461
34633489  25602173
34633438  5229809
34633838  10220401
34626770  12422660
34633596  30778189
34633520  16736197
34633520  26784361
34634131  957537
34634245  12769982
34634299  495021
34634326  6048022
34633002  8028957
34634383  218384
34633779  16876030
34634457  9157784
34634175  4240080
20670066  11716781
34633654  22537311
34633219  142003
34632613  6600902
34634744  6189704
34631311  10245017
34634816  32635704
34632711  2174640
34634790  20449427
34634944  2075337
34633832  7847274
34634961  7041752
34635022  218384
33964927  28391414
34632165  8609
34631342  15865982
34635316  957537
34635351  2973202
34635148  2315600
34635489  2161752
34539704  26854374
34631989  8126623
34611022  22489398
34605324  19315742
34635496  513832
34634924  121203
34632886  22937618
34481394  10267910
34635672  389204
34635914  166221
34635931  11510005
34629106  34630929
34636002  178325
34635545  4660142
34636001  1025674
34635767  5571624
34626228  18165493
34635918  2778362
34636117  4736
34636166  25311361
34636132  12769982
34636299  218384
34622653  32750526
34636396  19910134
34636482  32635704
34636467  34596348
34636466  9592575
34474203  22361362
34636517  30352725
34636595  8798745
34627827  32489727
34636644  4926622
34620791  26485612
34636617  25051558
34637008  1256593
34636931  19896870
34636423  18050071
34633272  16184047
34634052  12801370
34634240  2167916
34637041  1014861
34635750  23809844
34637291  3158677
34637276  4736
34637245  24644436
34620305  18395998
34637540  383947
34626694  34606425
34637520  22016565
34637828  14220321
34637953  5078239
34636493  8858102
34638053  4261133
34637670  15454220
34638193  14220321
34638289  8023306
34638325  520236
34638216  30488022
34638204  1802830
34623362  16990762
34638149  29397864
34638599  588004
34638724  1922677
34636751  31599400
34636121  5428325
34638818  9351306
34637483  20078345
34621897  31305934
34638900  2765060
34638876  5598703
34638624  14087975
34638896  1457863
34637788  34624019
34638863  6486499
22962287  6696692
34635948  1433204
34639006  4655810
34639348  17066875
34635224  34630710
34639360  4261133
34612816  34162874
34638797  33198057
34639095  2438055
34639855  18050071
34634638  2116669
34637799  20393283
34639768  4261133
34640058  24617587
34639983  4378860
34639898  218384
34640074  14048172
9868653  2361426
34640214  920413
2226330  734970
14998566  492387
34634800  21125674
34640285  12573816
34630100  9904100
34616775  34618488
34618939  4383571
34364385  34365615
34639746  20753364
34603595  23759202
34604841  24069197
34603348  4033633
34598836  1912434
34595691  1373164
34640283  8228281
34613081  12653879
34640389  32945093
34640621  2448843
34640592  4261133
34640398  2342162
34640365  420147
34641032  18050071
34641135  19248347
34641051  13277667
34641204  1922677
34602596  17794687
34633363  6011786
34641495  218384
34641503  3737139
34638720  24644436
34633445  292095
34641448  28831468
26206595  22394432
34641506  2827393
34641596  18647072
34641483  7344258
34641680  1560492
34641606  5471775
34638188  2389361
34632549  2206822
32821863  7141803
28336401  6696692
34641828  19261987
34641643  22394432
34641943  4166966
34641784  6613110
34641965  1315621
34642029  5687540
34641971  29308898
34642113  4244896
34642329  19562103
34612050  12233809
34642455  10466709
34642506  2573521
34642555  27524445
34642610  6115896
34604697  31792506
34642403  30532109
34642607  218384
34642830  7539130
34642796  20279484
34642392  26762127
34642992  11321491
34642640  1129216
34643368  34641306
34643298  218384
34642802  14231232
3079415  18222286
34643313  10328665
34643889  203198
34559127  28382959
34643924  7201400
34643905  13840429
34642800  22916600
34643455  310870
34644388  15182910
34643862  30400539
34644459  7485670
7485670  18093928
34643233  10471031
34644723  34644755
34639116  9907419
34644920  161738
34644976  14220321
34644984  750486
31151690  34643366
34643755  19896870
34637544  767759
34645002  10711064
34645327  20150536
34644966  3881
34645363  11321491
34645125  26665955
34644542  2231783
34645504  18729529
34645677  21088146
31512463  16761987
34639272  28678151
34645982  218384
34644731  721714
34645942  7383803
34594863  34645236
34646078  21982987
34646107  24470774
34646349  20035101
34646324  5536386
34643863  218384
25813662  6337976
34646535  4261133
34646325  787839
30895580  29141729
34607468  8308802
34646951  768431
34647102  218384
34646652  822487
34647330  27404624
34647521  29140402
34647566  2817695
34647581  34647425
34647705  2367381
34629673  25203556
34647855  34646124
34647873  520019
34647858  7685510
34646060  13077317
34648211  2609003
34648330  3654295
34648233  10073214
34648542  2070293
34648476  2067955
34648669  5658457
34610145  9786058
34648296  18622007
34648477  6480595
34639353  407523
34649095  2194992
34649287  8454510
34649287  4907843
34632331  17922234
34648335  6242955
34649475  2591098
18522647  9301917
34634303  9301917
34635099  11977640
34642781  7573095
34648618  3402052
34541938  28300408
34649948  25562173
34650001  17414109
34650040  166221
34650066  218384
34649941  7985450
34647478  4112686
34650259  20001427
34650262  218384
34646966  1520800
34650172  22650976
34650418  513832
34629877  23959457
34649568  12527256
34650220  31478341
2149312  670566
34649300  3220660
34650738  15491894
34649195  29539204
34649014  513084
34645447  7702697
34651295  12052185
34651489  5229501
34625637  4651437
34651500  3795439
34651706  218384
16034749  4277665
9925182  4277665
34651804  32664
34651656  34116570
34651022  2920752
34650235  32712582
34650683  27155715
34652117  13403490
34652387  363681
14958410  6062923
34652325  722240
34651169  3679974
14507586  26717870
34651157  11939939
34591275  213702
34652577  3076414
29980574  4277665
34652685  24901975
7124903  4277665
34652695  424192
34652784  21357433
34650091  13989752
34653033  495021
34653011  9879414
34652873  3144610
17466392  21881992
34648812  33182490
34652376  21827567
34594190  1062941
34653251  404232
9604485  6839398
34653123  10703426
6722643  34652792
34653472  3434278
34653637  1732348
34653804  312443
34653883  18050071
34645373  12126287
34654153  4660142
34651576  22683419
34637831  21624528
18829972  6270440
34654442  22937618
34653612  2641347
34653869  2091465
34654595  3507187
34654394  3870057
34629275  4721406
34653779  8533432
34653723  15151037
34653983  7508185
29753875  27070079
34654672  4421706
34654725  34528083
34654810  17714705
2359270  6270440
34654869  15146052
34653230  2409126
34654996  31548311
34655070  973150
34620075  6697753
34648509  10636611
34609536  6708580
34655081  444080
34654508  14220321
34655405  4660142
34655413  14220321
34651151  34079135
34655636  2641347
34655458  16383173
26402787  11324666
34655910  10722110
34655540  19988092
34654036  32584235
34656117  7573599
34656154  12138298
34638672  6771319
34635883  16982720
34655641  2853454
34656146  31877700
34656071  1191374
34656294  3834175
34656483  3473438
9276456  18664579
34655404  5789861
34656952  6475314
34656927  2142271
34656948  27321778
34656692  20209197
34635011  14722654
34656986  4948322
34657188  32907633
34657159  218384
34657215  893417
34657202  40480
34656866  2973202
34657675  2587669
34657521  14541839
34658005  1504717
34657890  9823010
34657346  16348489
34657978  8637781
34656219  218384
34658151  199418
34658215  949433
34657641  34546349
34657468  6965642
34658083  34655012
34658303  180172
34658164  31739963
34655141  34638007
13988407  2118656
34658129  8003272
34658800  14699060
34630579  13588149
34654984  4366730
34658039  2167916
34656938  24524247
34659053  27494227
34658888  23123190
34658258  22579206
34659134  4366730
34659039  3029401
34659263  588004
34520052  499345
34659369  686439
34659393  17526608
34657966  34455630
34659517  8115722
34659259  3112946
34659714  14914595
34659892  22937618
34656743  19341554
34659769  25739163
34659933  19554556
34659865  18263489
34659866  18050071
34655425  34658709
34647671  34650542
34660162  1847789
34659782  34363735
34659952  6368867
34660360  34597125
34659518  28981359
34658967  22971785
34660817  11198373
34660923  4261133
34658775  3905038
34639114  34581226
34661313  34659393
34661355  25104700
34659935  4506078
34661453  8485886
34651776  13241475
34661664  11705906
34660294  26070242
34661835  2903671
34599462  27042842
34648491  31604951
34661562  33166786
34661562  46155
34662082  226910
34662022  495021
34661964  10673585
34662088  18302610
34662381  60174
34662297  11110631
34662413  11321491
34661088  18050071
34661088  12769982
34661780  2973202
34662179  508269
34662249  17498216
34658426  20681761
34662656  13356628
34661930  33192675
34662789  32949626
34663037  1245869
34580608  7100125
34662891  26807568
34663267  218384
34661030  15354539
34663233  2774304
34662567  33478646
34663521  18861606
34663551  19448690
34663594  31662134
34663630  1051379
34663532  5211961
34663747  17498216
34663697  1056728
34663839  10571158
34662758  5404342
34663564  3095781
34663564  2967087
34663915  26366417
