34703867  34642868
34715559  6982173
34716394  29015518
34701548  34713837
34714785  6674341
34713996  2185320
29015518  12400217
34712157  3088059
34718287  4968406
34718488  218384
34718576  18932
34718687  20940979
34718983  7698009
34716415  28563356
34718991  22215457
34718596  26386010
34716758  148451
34718773  24917917
34711078  32747357
34719217  5893163
19801129  16786555
34719341  34716521
34719224  9349587
34719389  29249986
34718154  3082324
12699210  30441122
34719510  14651025
11138443  11365094
34718009  27656030
34717289  30441122
34718213  31773359
34719882  10202570
34719950  199468
34719988  5465923
34719980  28777219
34718592  34127431
34720146  33052088
34719863  19182349
34720424  1103172
34720052  12079794
34720456  10034055
34720625  32983335
34720732  4261133
34720519  21001360
34720753  3166773
34719463  14526260
34720758  8476419
34720649  1940214
34720793  12301358
34720680  27863681
34720497  12813770
34721206  2573135
34721105  307674
34715880  26807610
34721125  12478943
34721282  34660209
34721225  2060741
34717225  24644436
34716210  2973202
34716210  22582208
34721624  23294658
34721684  1239938
34720965  34535163
34721635  2268104
34719702  1717489
34721852  4847875
34719894  34659853
34718752  19919180
34722104  3913025
32651344  23695090
17230352  23695090
34709029  27379476
34719864  26843098
34722209  11130162
34722351  9863835
34721949  6234773
34721630  34689262
34721878  15674508
34708540  9955491
34722530  28210620
34719494  561245
34691493  99880
34722731  26127217
34718608  19671396
18212186  8833793
34722930  18480573
34718574  11321491
34722835  5045302
34722593  9662730
34722593  14273573
34717566  14083950
34722951  11321491
34723098  2194992
34722709  348201
34718640  12619759
34719473  24299427
34723129  4770025
34723257  22937618
34723376  3078701
34723387  14800862
34722226  14702621
34721844  19750340
34722696  22917462
34723643  24900875
34723594  18399189
34723531  3888902
34723282  4834750
8892251  12573816
34717540  15760660
34723570  2831426
34723707  25614324
34671651  28416731
34723717  6999175
34723901  9280921
34723204  13780583
34723947  5121495
34724218  1026179
34724234  8189466
34724162  1056728
34724379  40480
34724403  34293233
19766435  13822978
34723669  34681827
31782325  218384
34720099  588004
34724923  30461052
34724977  22756372
34724175  32259058
34725202  7108668
34725025  2421911
34725027  19364401
34725219  5223760
6883715  5223760
34631892  34677429
34725534  695050
34725578  17134929
34725587  24644436
34725079  21982987
34680043  34319008
34725762  8028957
19790682  13250679
34725585  18746929
23673660  6615516
34725848  5589807
34724578  2309964
34725765  14220321
14519074  34413
34725182  3107044
34725853  15658442
34726107  26848386
34725995  5469123
34706328  34697756
34725964  34709472
34726296  10748397
34726357  3986348
34726472  6729605
34726356  29734954
5127537  15571496
34726856  12015804
34726660  16217322
34726929  493233
34727026  12032222
34726723  2093096
34726685  3930042
34727141  218384
34727172  218384
34727212  12758338
34592520  20400068
34718591  34717823
34726658  25317973
34727273  34691137
34726813  20767047
34725524  34564545
34727416  12291042
34727406  7102413
34644046  26021808
34727166  5554734
34727705  1700081
34726381  28302492
34600173  4924068
34727528  2510047
34727824  11602533
34727659  29895802
34727852  7745855
34727901  2973202
34727969  5388054
34726564  8367421
34727783  218384
34727783  26071442
34728221  17466048
34728133  519520
34728232  5233514
34699602  2075337
3153969  2274242
34591335  3240532
34727056  55054
34728553  7167657
34728515  686439
34728901  1031273
34728527  177146
34724225  4131465
34724225  3199194
34729006  1822350
34729006  7718711
34729145  7127530
34729059  69913
34728957  33397101
34142221  11403333
34729256  328936
34729256  2040240
34729354  9807581
34729371  4767971
34729502  26894769
34729368  10643476
34719282  5529934
34729408  3734197
34728160  24858259
34729930  193560
34730077  9568808
34730131  14084222
34730193  24092884
34627843  34627036
34727280  455612
34730318  272900
34729754  9670469
34730613  22168883
34710251  13484516
34730639  5609267
34730734  1024847
34683911  1479100
3296313  3642919
1030892  3642919
34730894  23446377
34730785  32007871
34731126  60174
34731168  3957131
34731205  1021793
26933995  5137460
34731105  16864802
34728018  20840226
34731163  34729097
34728417  19901843
34731686  6167254
34725538  18207116
34731539  31363211
34732064  7259258
34728860  10367698
34732377  33217926
34732343  8028957
34535848  19432773
34663237  34162874
34599660  34597157
2626563  2267476
34638078  34599660
34732491  7025153
34731877  5121495
34713663  19361282
34732436  4261133
34732462  30798906
34732609  16215307
34732704  495021
34732101  30975859
34732775  1389180
34732433  34713330
34732856  23294658
34732668  22939130
34680396  24900875
34731984  4901815
34730279  13422045
34731057  1069666
34733351  18050071
34731263  2315948
34732486  3305561
34716697  33368328
34733640  1638766
34730269  218384
34731578  33889334
34733668  11962457
34730632  29249986
34727963  9233800
34733725  218384
20449863  5899087
34400548  27950755
34733807  5595425
34733134  8028957
34733099  8218276
34732483  11063473
34733388  3264610
34734045  20035101
34734024  3726721
34734099  32130338
10103900  3185103
34734296  30401500
34729248  4989091
34734339  31444891
34734399  8777753
34733786  8855589
34734736  6287405
34734759  22235288
34734922  4612273
34734895  1703320
34735099  18050071
34726879  3305561
34441852  3730616
34735276  1887097
34735276  7940791
34734486  195207
34734486  12573816
34735625  6011786
34735857  34734572
26576630  4911186
27110276  4911186
34736396  9746838
34473725  218384
34736598  3951596
34734066  17126686
34736708  11488014
34735717  2591098
34733691  2591098
34736713  10968763
8968752  6482377
33987669  28927783
28927783  526782
34728455  25969
34724207  1748129
34737202  13102045
34737277  1617061
34737443  4238921
34736930  218384
34737415  2011142
34649614  33030660
34737923  3158265
5124211  20268095
34728137  34727243
10995544  20268095
32981191  20268095
34737566  218384
11328667  20268095
13492626  20268095
25519802  20268095
10759855  3112946
20919204  20268095
34737835  3577641
34736965  20305942
34737606  218384
34736658  14736496
20087113  20268095
34737803  17733849
13494559  20268095
34733230  34671408
27336477  25569301
22312625  12619228
34739292  11199183
34739127  12790853
34739496  218384
34739501  14220321
34670438  34330668
34736849  18050071
34737754  18050071
34739405  23167637
34739806  750486
34738989  18844706
34739999  4716503
34737697  28019793
34738711  23835093
34738865  25316779
34740260  34366305
34740493  1239938
34740288  2792650
34740509  588004
34740314  20939299
34740684  30680938
6594620  2792650
34740638  218384
34740428  7292642
34740898  16823746
34741174  513832
34740818  60174
34741545  22937618
34741737  5914029
34740419  218384
29602430  2422468
34731377  16513418
2197139  13092161
34741738  31048031
34741722  15209370
34725532  11223586
34741828  2091465
34742089  218384
34741609  3297573
34742523  29005398
34742612  218384
34742060  34737079
34723456  2618597
34741347  4550505
34743163  218384
34742124  17976140
34742310  4736155
34743166  15112125
34722003  18735111
34743142  4731055
34743323  29836342
34740172  8028957
34743475  18928591
34743511  261599
34742608  279170
34738392  5773288
5608622  18643457
34743613  3768258
34738328  11321491
34736705  22519784
34718275  13346801
34743833  8100469
34736882  2350937
34736453  27362482
34743932  10898215
34743423  5773950
34736286  34736461
34733655  13060239
34743160  16521594
34736120  24644436
34735829  2109325
34735791  1912095
34743552  266370
34744049  147454
34743506  21214935
34743912  12023858
34744068  9927281
34744312  3322152
34744198  25588969
34744261  26051712
34744449  1566595
34744463  373419
34744345  12423179
34744310  6523791
34744506  218384
34744158  19836936
34744662  1457849
34744765  6652687
34744657  56107
34744577  4792862
34744653  123999
34745182  4551436
34745048  111368
34745278  5431941
34743479  20969451
34745638  9766387
34745727  34695999
34742379  30085246
34745646  8739605
34742224  16061744
34745855  25647470
34745019  12573816
34745890  14220321
34745880  24644436
34745693  4817369
34719878  34733105
34745213  13228185
34746150  15521451
34746185  34691691
34740629  5077425
34695999  34684971
34746183  14424929
34746031  1531093
34657602  19698771
34746268  7651263
34744876  4478725
34746224  30655014
34743647  34722224
34743961  11820266
34742574  16560289
34746217  5121495
34591563  3485177
34746544  29308898
34723499  58306
34736622  9233434
34747060  218384
34746962  252785
34746966  32974091
34747229  11321491
34736879  1713481
34746986  3992541
34732920  7502340
34747860  203198
34730816  1504717
34743563  26415188
34747936  31201
34613501  4426474
34747285  1312895
34748302  28899726
34748428  3012488
34689149  20217518
34689149  34692849
34740175  863734
34746151  221416
34748597  19853989
34748256  28651760
34748556  30171632
34748752  40480
34748752  10255411
34748854  22279082
34748850  3012488
34748824  636367
34748024  33348056
34748857  436120
34749163  22465645
34747627  34737957
34748923  5680587
34749450  10451482
34749342  8865458
34749417  14792253
34736000  13940688
34749421  5314309
34749834  4261133
34749849  10871898
34750065  3970219
34743464  4184306
34750017  13531009
34746768  14991735
34748675  4275678
34750567  14220321
34748977  24552869
34750656  5688042
34750013  32266408
34750263  3972727
34625232  5048436
34750848  14220321
34732760  34119543
34748935  13755007
34532062  27159931
34749045  34751252
34751276  2167916
34750774  23667086
34751245  14220321
34751521  19325513
34750667  10237031
34751258  1567979
34751736  621542
34751840  10948303
34741719  19194576
34747431  24664217
31779546  5002529
34752160  3061811
34751837  10099258
34752279  54686
34750881  13015698
33513850  23118742
34751823  13501726
34750998  30777766
34751986  15413829
34738902  8767129
34752698  31004600
34752698  32475832
34590830  151777
34751290  24778565
34752383  2588181
34753141  651531
34752245  2979415
34066486  34080919
34753221  133031
34753109  12643009
34753203  6475524
34753303  218384
34753284  12769982
34752906  34748495
34749108  6439087
34753384  11492644
34752956  6212946
34753459  5554734
34753484  218384
34753050  16325641
34753648  218384
34731971  11118712
34751472  14241737
34753718  8028957
34753684  612231
34753846  218384
34750128  381542
34753921  5297170
33822289  18739984
34754056  160970
34752263  34731460
34754035  20279484
20315470  2123514
24510284  2123514
18078801  2123514
26352632  2123514
34754214  1386674
34731806  650022
31393738  4076601
34748113  2422468
34754417  5103121
34753275  18935737
34754526  2259741
34707105  4346212
34754482  2038759
34753872  522563
34754697  7264413
26960494  24237129
34754701  9427674
34754873  152975
34348452  21122540
34754765  3363972
34752616  3552461
34750690  1495407
34751053  12008908
34755328  30680938
34749346  11273394
34752933  2735023
34755831  24900875
34741674  9474121
34755723  31418178
34755979  6658752
34756000  1636201
34754986  18050071
34756039  2642589
34751058  11060213
34754068  18108314
34755630  17228487
34755144  32512849
34756245  8990195
34735191  4396046
34756495  6529981
34755758  4261133
34756269  10403450
34756458  513832
34755905  11321491
34753637  218384
34755375  15745042
34718743  13039882
34756923  9141871
34756957  26330869
34756952  255517
34757125  12769982
34756368  8548141
34757128  24454033
34757274  34499794
34732951  5171593
34753155  6799172
34757842  34426395
34757919  18050071
34756682  24493337
34758080  11922383
34758222  513832
34758245  24900875
34729568  9703710
34758342  20449427
34756522  1838856
34758457  1674032
34758478  2859536
34758533  3600085
34758691  14220321
34758706  6343166
34758807  15801069
34758711  19786301
34758848  19366401
34758985  2535234
34758627  12514745
34759208  4319212
34759462  3602827
34759619  691719
34752274  413929
34739319  26221234
34759701  11561856
34759775  3204614
34749912  6654958
34736864  23723364
34754592  34758675
34755868  931092
34759794  23265214
34723915  30654669
34743273  32006330
34759203  34759952
34760377  2515477
34760244  12573816
34760115  12144284
34758863  2799023
34760847  857420
34751426  16891277
34611260  2850573
34760974  34759583
34760976  706972
34582821  4802015
34755815  5764298
34759934  2406432
34759822  13220923
34756546  10724315
17123066  24021609
34740262  1092227
34761578  29623323
34761578  4223564
34761529  13840989
34757455  19607449
34761689  23667086
34761728  203548
34761674  18560435
34759078  32262829
34761957  15266533
34755530  14262315
34756485  34738460
34762429  983030
34762449  27709758
34762279  28036294
34761953  34066607
34759651  218384
30373756  18068920
34762337  6589797
34763080  1246444
34763044  588004
34763165  6587515
34763182  16568272
34763114  11508463
34763218  8545376
34763451  8359085
34763586  240178
34758088  4494336
34755642  15429330
34763133  18068977
34758640  11020437
33583309  34754366
9796028  2232
34748591  14670716
34764000  400257
34759217  10517268
34762885  32019566
34764148  32783869
34764180  8577981
34764277  8956799
34764265  26379311
34764262  308703
34764219  1044448
34764075  30140228
34764447  11238686
34764022  27236445
34764863  6916023
34743456  30256732
34764835  29436374
34655947  25425130
34765053  4489548
34765079  4590382
34765490  15947140
34765399  12573816
34765170  32844889
34765244  7560813
34764370  19896870
34765645  472906
34765919  1241178
34765723  4672806
34765787  7391877
34766312  60174
34766253  54142
34765792  27588136
34765836  203198
34766431  4660142
34766384  6947587
34766367  32837808
34766602  4660142
34766518  34707110
34765641  4261133
34766562  450903
34766729  4532486
34766727  9519841
34763046  5078239
27982536  27689219
34766835  34723465
34766771  32747089
34762729  24644436
34758447  7199364
34764100  22409469
34767256  218384
34767147  14561614
34766908  2385669
34767324  9602901
34767593  11868811
34767163  14220321
34767598  14845937
34767530  22158213
34767475  20279484
34767687  14734564
34767903  3533573
34767987  13899635
34738790  28025710
34724320  34182672
34724320  14695118
34768241  78932
34768314  15974891
34766731  26676184
34768347  18050071
34749626  34181411
34768444  203198
34763395  18050071
34768422  5713718
34768530  11916547
34768540  25664007
34768540  5208679
34768599  8017374
34768600  18050071
34768573  240178
34767486  9729743
34768346  5029938
34766038  21656812
34768748  949433
34768493  4669178
34763515  11968316
34718636  232303
34769141  14220321
34767913  9980869
34769229  218384
34769414  218384
34769311  20052288
34763516  12573816
34769071  8654051
34769617  26379311
34770152  8556604
34770082  10454518
34769805  610406
34768276  2002940
34769091  279170
34770360  4261133
34769865  14220321
34770199  4386300
34770199  9251837
34730741  8623126
34770095  12193779
34770620  12108998
12623354  3550870
34770878  15454220
34754770  23667086
34771151  10746670
34765760  7489398
34771180  6290605
34771291  4660142
34771160  10726089
34771356  999172
34750117  18307051
34771399  5818269
34736825  34756537
34771315  33350360
34771547  218384
34771570  183367
34771578  8005447
34747266  31748543
34771525  2271131
34770853  34621983
34765947  6401865
34762795  34722224
34771606  5778020
34771521  5552258
34771841  15741631
34771841  26610931
34762529  7132318
34762529  1789892
34772175  7263923
34767157  34687400
34772249  19590865
34772240  5773950
34768855  4850821
34772470  2158395
34770773  1660124
34772238  134572
33907001  18835689
34772091  18835689
34772130  8999691
34772727  180986
34622677  279170
34772810  5763750
34759233  15625261
34772755  15228937
15625261  19840894
29041866  19840894
28163274  19840894
34773053  7014903
34772851  15748937
34773027  207976
34772978  2485669
34773126  14821998
34772803  6756583
34773339  2304632
34772910  3611846
30018243  448271
34773426  7935512
34516652  5313646
34773634  4651437
34773722  4672505
34772439  15741631
34773160  3802893
34774105  279170
34774135  795286
34773956  2763206
34774200  554063
34774200  34747323
34774368  2167916
34774392  588004
34774325  15788806
34774413  28052238
34774156  3481828
34774389  805107
34774363  7961363
34774322  5610298
34774764  10643476
34774278  38645
34770171  5003142
34756524  3602827
34775159  3144610
34775165  588004
34775068  16959576
23915052  2793150
34774612  30056762
34775200  4660142
34775196  6366530
34775232  20796200
34773577  30980138
34775496  31550835
34775496  25678373
34775444  28189931
34775706  28880850
34775706  34674762
34772999  8349844
34775810  2802055
34775810  2100758
34775802  17089717
34774913  3327013
9126461  1912023
34772109  1912023
34775893  1239095
34775411  5048638
9181852  757435
34776083  913560
34775738  359827
34726202  16812399
34776190  32999460
34776402  9828273
34775729  24644436
34773158  24644436
34776679  3672480
34770691  3148415
34771319  18050071
34776632  34607263
34773584  15063321
34545297  701444
34776518  17886647
34770570  16574189
34776618  3022965
34769635  4628122
34775054  22497362
34777036  1373164
34775512  24868289
34776900  10099258
34774845  32654654
34777281  16568228
34777279  7663709
34777249  31885409
34777287  513832
34777454  14805547
34777620  317450
34774331  82875
14703646  8021436
34777903  26646700
34753831  3984134
34777982  27818261
34777720  12805964
34772987  3398989
34778165  8996852
34776713  507138
34778226  10037825
34778291  11823904
34770083  2711858
34778817  214741
34778937  3426265
34778958  7014903
34779373  33632219
34779064  4176328
34779198  3421864
34779266  11708092
34771327  5547311
34777258  16363167
34779673  5148033
34779804  1741820
34779821  4069982
34779228  3915917
34779871  29140402
34779840  7421013
25218917  34366305
34779436  463299
34780264  3663668
34780210  18009909
34780292  10182714
34780274  20883532
34779725  26917900
34780484  14226299
34780463  2158395
34779369  1101750
34780652  11160939
34780721  3140734
34780881  18084424
34665548  14316054
34705205  5212870
34780997  2185320
34736603  6441218
34781037  6046551
