34781159  1711990
34781159  2785612
22741275  23455780
34781156  24733678
34781318  60174
34781304  708700
34782114  13102045
34779293  10330593
34782080  11650543
34736894  6905240
34780022  11401053
34765277  10230790
34778961  32545634
34781914  5225796
34782445  1170056
34782749  6652727
34760381  32418343
34782605  26327391
34783105  1568091
34770098  34782759
34766830  34368374
34781228  3403909
34783430  10188858
34531785  3033586
34781393  588004
34782634  7707745
34783641  2065553
34783453  19530419
34783766  22672217
34783778  8370263
34783993  14417318
34782767  10868517
34784248  1009860
34784405  186891
34784198  34741924
34784707  9508518
34784799  10892433
34784366  29030814
34783454  3886753
34784189  492994
34784605  20056572
34785211  17787235
34785290  7706095
16716855  7853187
34780660  34780137
34785684  20177003
34783977  9798657
34782001  30708168
34785925  6441218
34785190  30366804
34785970  14220321
34786063  30086082
34785861  3273993
34785934  1197928
34779978  4792862
34785481  3709204
34780165  4076601
34765722  11479247
34786114  160970
34786419  12409156
34786431  332030
34786702  203198
10683430  6460604
34786806  218384
34618676  22575503
34746634  16026858
679489  570098
34786721  23660094
34786819  7411717
34785757  4908396
34787060  4923380
34787101  2579840
34785788  34262700
34764193  6100966
34783648  3008395
34786440  34716982
34787491  8767166
34787553  22937618
34787550  2100758
34786767  5139467
34787498  432493
34787774  409784
34787321  672732
34787754  1410563
34787051  8459903
34787694  10619129
34787847  18050071
34784957  4570366
34787530  4343220
34786262  21167596
34786597  29710492
34788164  12178720
34787858  1568443
34785304  19748744
34782284  2203388
34788322  20482331
34787639  3079524
34786363  18664579
34788535  17971466
34788506  273238
34788050  34655616
34787720  3444660
34786908  5892978
34788557  2553786
34788853  497426
34788653  26804420
34788873  346058
34788705  20968638
34789094  20035101
34788903  22588051
34789214  31247763
34789259  23294658
34789195  3076414
34761989  28681749
34789132  4660142
34789336  3994016
34788038  27431187
26644373  3243755
34789337  25963431
34777052  10382929
34784271  19515265
34787438  11321491
34771738  577885
34789787  218384
34789752  20006788
34789750  22897787
34785364  34782759
34783369  25180332
34787818  30657269
34790140  218384
34789464  1825623
34789952  6363435
34787466  34728273
34790084  13566562
34787678  17590620
34787660  1098643
34788609  504904
34790282  7897110
34790565  2390937
34788022  34518475
34513118  34518475
34790866  7795438
34790552  218384
13323220  17976140
34791024  11989502
34791076  11321491
34791295  218384
34778348  5048436
34790851  706750
34788870  29493678
34790434  7105890
34791296  8290210
34791296  572962
34790755  18283725
34791270  7691569
34791529  5316697
34791503  1760250
34791513  31073497
34791659  12573816
34791043  4261133
34789719  17359
34789423  23713664
34789548  22670057
34792021  218384
34791962  30299093
34792029  1561554
34780296  32931856
34787982  4616202
34779049  2529834
34792332  7490870
34778760  19316937
34792369  7897110
34792653  824295
34791930  7377344
34737979  11334981
34791885  31509170
34791290  6850187
34792929  8495687
34793154  588004
34793154  3220142
34792878  7663818
34793540  12573816
34793372  3889882
34793586  13817562
34793583  5164642
34792307  3861602
34790860  65865
34793766  479706
34793846  17498216
34792631  8700636
34793416  8426949
34791303  5890584
34793735  7180659
34783044  480735
34783834  7708333
34794087  63166
34794116  4261133
34794263  6401268
34784144  18050071
34794573  8848909
34787077  19363809
34792428  8456835
34795104  4969243
34791375  34788880
34795054  32123301
34777600  26337003
34795594  203198
34739498  1846882
34795631  21048906
34795840  596351
34558935  4261133
34795211  19432236
34796040  34788979
34796000  21971814
34796580  1299871
34787885  7182996
34796461  34782522
34796711  9337489
34795719  7716331
34796729  20738102
34796797  4261133
34796687  15637336
34797117  7660130
34797158  8028957
34797100  32695030
14537336  2354827
34797173  2219786
34793849  40480
34797284  218384
34797361  31685714
34795243  13633215
34797324  3047894
34796266  21881992
34790198  30120230
34797541  5890584
34796140  9282354
34796140  12573816
34792721  34362412
773578  783781
34796416  558478
34793823  9783969
34797249  21825157
34797774  25748683
34779723  34213227
34798093  12771522
34787236  834283
34798248  34710517
34798207  19262356
34798499  1680528
34783254  17256182
34798060  19075671
34798772  218384
19054281  14583550
34798688  9038832
34798866  18050071
34796786  14007629
34798957  13383840
34799122  19061380
34798786  1019740
34799175  7324722
34799401  1980452
34744585  30373517
34799653  22937618
34786409  1258735
15102827  7052996
34796008  1036745
34796008  3022490
34799754  8748831
34799969  4261876
34797146  13391271
34799899  11424047
34798493  3264610
34799497  859634
34799832  4862178
34800106  7197315
34797070  24522484
34800143  23667086
34800201  3663668
34800039  29815636
34800398  208016
34799675  10913892
34787590  34457981
34800604  34690302
34800561  23173261
34800638  17849522
34800056  3939032
34801056  932328
34801111  218384
34801120  4003823
34578164  218384
34799740  7823268
34800975  19783674
34801300  60174
34743811  1809347
34801390  1660124
34793598  5958417
34801086  3277326
34801115  33690697
34782280  29050771
34800682  4303128
34801661  4261133
34801753  138884
34801901  1775865
34801935  16409352
34801950  3660563
34802015  750486
34801972  4261133
34798512  34765697
34802097  218384
34802108  1682567
34802241  565634
34802158  24051904
34802245  11637348
34788941  4721775
34802444  20449427
34802394  2206714
34802174  6255305
34802989  40480
34802857  12908428
34803064  826212
34802243  2257441
34550204  26470959
34781366  726334
34803407  218384
34803313  4261133
34803203  951021
34803486  8028957
34803544  3389834
34803404  5940225
34803576  29159465
34803004  3855337
34804098  34802749
34792297  592620
34804162  4934913
34804400  7208861
29597253  10079840
34802365  11718684
34804214  18050071
34804480  8447947
34803002  34774004
34799302  6077141
34798305  3075147
34804705  218384
34804622  9847054
34804383  8965155
34804650  34790588
34804393  24144404
34804815  30469550
34804819  495021
34803244  34803065
34804749  13043359
34804277  11659128
34767879  13632180
34794377  3772273
34804666  4488035
34804923  12530406
34805138  34777951
34804137  2673237
34805140  27608987
34805793  9785162
34804394  32131130
34805299  27765457
34806051  14220321
34806001  31989325
34805676  6751766
34800391  7038047
34803174  8370675
17413502  21122540
34797998  25319484
2612948  21122540
34805872  7014903
34806246  22875545
34805973  30128395
34805717  332030
34806764  949433
34806798  500431
34789332  29253690
34805215  3027066
34806908  10517268
34807337  203198
34807337  6658752
34805249  7709041
34807640  34571
34806958  33319959
34806958  29964177
34805770  4114095
34807865  218384
34807819  2274242
34806066  34704736
34808133  10032003
34808004  23319122
21603415  10079840
34804093  2591098
34808427  218384
3309602  102472
34807734  154136
34808691  2941997
34808158  10486744
34808623  1051488
34808860  203198
34808939  104799
34808721  7999935
34805743  780643
34809020  17652412
34789706  34291000
34801319  10240110
34809417  218384
34809396  218384
34790957  17825622
34809273  34787237
34808626  29751859
34808801  2248800
34764359  15680629
34806460  9939076
34809770  18173482
34809709  5935892
34802457  21912025
34806560  2353141
34809310  29839479
3749101  9306774
34807453  28803319
34805816  6168665
34810252  17458582
34804233  13138990
34809935  10624067
34810514  32434592
34810599  3076414
34810590  9884132
34810039  4261133
34810633  3076414
32459896  8533432
34810407  223918
16482463  19588455
34787115  20262225
34810770  4261133
34810745  12582511
34032596  4261133
34806886  14220321
34805632  34804666
34799071  2118656
34811197  9793473
34778443  34787740
34811439  218384
34811395  2305966
34811395  10278410
34811549  218384
34811729  7968485
34811121  12568628
34811087  12769982
34812011  32383974
34811445  588004
34801112  5643734
34801932  343584
34812272  32591795
32962359  2805427
34812543  4261133
34808338  8029122
34807425  26916640
34808388  16036572
34812634  3038901
34812720  13806660
34812689  18650890
34812038  20521967
34812530  1642212
34812925  19866079
34811383  728360
34811383  122102
34812334  12425287
34812623  279170
34812478  19324279
34813041  34809227
34087383  20563772
34808823  8907490
34813521  15754523
34813697  8293263
34800229  9277948
34544166  112503
34813652  26541580
34814136  5548746
34814047  30615409
34814047  489258
34813634  24666515
34814306  4148499
34814427  5214578
34813026  27125672
34814073  12690128
34814194  513832
34814545  8028957
34814342  218384
34808010  34811823
34814689  750486
34730621  34727420
34811523  588004
34815131  4261133
34815142  1007340
34815067  13988334
34811726  1007340
34814348  22750003
34815405  606191
34815224  8273313
34811621  15494439
34815745  10096599
34815450  27541145
34768976  33807879
34815461  5589549
34816194  279170
34813668  5711640
34811743  18035651
34816652  203198
34803861  20251176
34816633  25632803
34816756  2973202
34816572  23218874
34816778  11250434
34812850  27828138
34816826  17776191
33891944  27511349
34817059  24900875
34816878  27494227
34817129  22387586
34816800  11202153
34817267  8069973
34817321  5610298
34817305  3781670
34782356  34768353
34817393  949433
34816146  6848970
34814112  6509106
34817546  952924
34817435  299515
34817593  218384
34817584  11924439
34817314  8466744
34817619  79126
34816889  30896668
34817684  3561691
34817169  16158815
34783675  34777003
34817859  29072355
34817895  6441218
34817768  24611640
34779704  31550971
34817682  22718744
34816757  160218
34818427  4261133
34777710  3800551
34818340  7031885
8728003  10485410
34818617  28986125
34818820  218384
34818711  11321491
21160337  14121010
26222045  14121010
34818930  2591098
34817236  19726720
34819230  20574884
34818149  3068534
34818805  880885
34819370  11620151
34818992  30625002
34819406  1468616
34819004  6868507
34788683  77659
34819380  12607714
34819529  4361180
34819147  27241411
34816921  17721263
34819803  2012306
34819733  33716767
34819998  218384
34819953  18431147
34820030  16623570
34820390  805107
34820291  26188558
34820358  23408909
34594147  26087354
7877529  13102045
34820648  4025482
34799187  625799
34820457  7057752
34820730  2846283
34820455  826948
34820740  686439
34820850  4736
34814135  9907513
34820662  190296
34820909  1686699
34820955  13851794
34820856  218384
34820886  8031418
34820530  4703390
34821136  218384
34758672  34783330
34820994  25221247
34821214  30314944
34820971  8634156
34821409  12573816
30294504  16815551
34818856  14028959
34821609  159978
34820271  4660142
34821629  30289173
34821827  2745265
34821345  6613110
34821953  10267817
34821360  15911312
34821360  19070116
34820710  34657821
34822145  8028957
34822065  16704290
34816363  20622255
34822398  6978241
34822469  6978241
34822079  22694884
34811867  218384
34822824  784929
34822693  33499173
34822879  34809142
34822966  34750319
34822992  2787716
34823141  2427555
34823227  18050071
34823366  15233340
34823400  32825201
34818261  28593304
34821380  2268104
34556220  30543806
34823590  8803674
34822858  29443604
34816593  1716013
34821826  30862988
34823779  17498216
34823960  15112125
34823958  2277430
34824125  30964054
34824354  949433
34724249  16622504
34824609  750486
34824205  10225364
34824186  14227531
34824667  5890192
34824868  3939361
34824875  513832
34824898  19003003
34825012  207000
34819825  218384
34824436  1711990
34825136  2431908
34817708  183161
34822741  34664899
34735515  34753491
34823275  2818697
34817412  31220146
34824889  6939782
34825445  523643
34825365  3442380
34824001  8634156
34824328  23353173
34823507  30666101
34825447  34501615
34824219  3988788
34817479  29124665
34823601  15574065
34823260  1907482
34823694  123657
34825847  21065705
34825831  2610497
34825965  109086
34811494  31910868
34724501  8197559
34824625  23667086
34825763  24946955
34826029  3220823
34826304  10244782
34824341  4660142
34826253  2264428
34826496  3003145
34826452  20279484
34764995  34742678
34826210  8533432
34826598  5796951
34826397  25489192
34826784  218384
34826610  14220321
34826610  23667086
34826844  2399307
34826868  29921009
34827037  371328
34827074  2420389
15838974  3772864
15838974  3350648
3350648  3772864
34827130  24589181
34793217  2137607
34827251  14310331
34827273  10918480
34694566  15486657
34824965  17498216
34824699  4261133
34824941  1124603
34827487  4261133
34827671  25589961
34808642  4347888
34827829  13867717
34819790  1534210
34827356  24852247
34827353  21881992
34827384  17708167
34827429  228912
34825067  25660899
34827957  32615877
34828033  218384
34826909  674304
34828101  33090193
34828101  762011
34828169  4701532
34827019  1058047
34809142  9295307
34827969  22756372
34818088  7874695
34828333  16654137
34819350  21386768
28956503  31510330
34828520  34726391
34828259  25343634
34822595  25303335
34828672  18836214
34826326  34828620
34828557  8475144
34827121  14984007
34828801  4655250
34829045  60174
34829067  1458349
34828939  5805843
34829207  11321491
34829323  20940979
34828897  19512785
34829242  11922383
34825054  470097
34824949  24644436
34829467  409348
34829467  8054273
34829553  7583038
34828213  7420078
34829618  218384
34829674  106591
34829786  26706843
34829940  218384
34829847  3494593
34829754  513832
34830074  16747106
34830028  9713294
34829741  12738892
34830204  3681123
34830103  18050071
34822671  1485841
34822671  1812990
34830216  8907490
34830280  34788853
34822316  14146148
34830353  34233417
34820421  10820340
34821511  10820340
34829955  33550588
34830467  4343202
34790161  15655177
34762079  16960567
34830682  5554734
34830681  203198
34792134  10140673
34830820  18050071
34830892  33192675
34826665  13389384
34831214  1373164
34829678  20646822
34827034  21214270
34831258  218384
34831201  47487
34831259  3144610
34830971  1100156
34830838  34574723
34831277  199953
34830884  26717870
16415747  20381837
34831454  9114564
34831754  7150035
34831597  7070912
34827307  937573
34829154  33690697
34832095  20039765
34831108  34719802
34830137  7050186
34680021  4660142
34832435  960866
34831874  218384
34824119  18146614
34832521  3822755
34832193  499294
34832448  21919962
34832481  29308898
34832556  846994
34832604  33194594
34832320  17498216
34832731  114543
34832753  17498216
34832841  22252904
34832584  4324441
34830620  5825520
16016123  408872
34832355  20279484
34832936  158750
34824826  33452702
34833020  1009596
34832583  27791532
34833238  2559527
34833046  12126684
34828912  9735007
34833272  1014861
34832993  1026342
34832906  2127836
34826989  6343166
34833509  34347870
34833420  25823956
34833616  750486
34643327  32505773
34833044  1105653
34830535  218384
34833862  8655980
34833561  34830178
34834094  29686099
34834126  11321491
34834325  34828958
34834475  34833903
34834554  24037699
34834680  20716819
34834730  148451
34834359  14447693
34834795  494562
34825540  29378012
34835103  4617567
34834890  5245093
34834890  16252269
34833013  9240556
34833013  1083792
34832902  15340415
34835291  34757838
34828304  34593097
34834813  18050071
34830729  49478
34824434  32635704
34785548  5294305
34835937  3418128
34833482  33723821
34834864  8317510
34836183  18050071
34836267  5871730
31442096  29980865
34826531  34619795
34836094  5750696
34836520  21838436
34832072  29096003
34836551  33559936
34836896  21255203
34836540  5102570
34836758  10807681
34836352  218384
34834884  218384
34836254  200200
34837094  3442380
34809714  34777008
34837211  32411117
34837011  28823788
34837298  3167494
34837589  986006
34837615  3800512
34837573  33680981
34836711  18895020
7983820  663171
34835633  32886504
34837761  2970520
34837761  6844005
34836574  4660142
34837910  19967001
34837986  114543
34838026  3886402
34836063  34835433
34837741  6438086
34838167  6640151
34726664  13110758
34838260  34834986
34838204  8708632
34838204  436986
34838429  6402834
34828267  5643496
34838427  25659795
34838535  5078239
34838619  29308898
34838527  18050071
34838648  32345768
34838122  34799764
34836202  16345777
34778422  24862046
34052779  42648
34705719  32085988
34839027  24039868
34839052  34715251
34839090  28338981
34839130  15985574
34839078  17285439
34839238  5554734
34839255  218384
34837757  24644436
34838013  18050071
34838392  18050071
34839502  15914658
34839168  34831796
34839496  32879198
34839615  16850207
34826600  20035101
34803409  5092563
34839428  14526377
34839723  34838580
34839800  29999024
34839982  218384
34840071  14220321
34840021  4349075
34836307  4428546
34839717  41244
34840372  23667086
34840423  588004
34839801  24644436
34839107  5344694
34840419  23569441
34840521  203198
34837162  33482030
34837487  218384
34840439  1921817
34838884  15448373
34836454  6456359
34840851  2035061
34840684  29746879
34841064  218384
34841147  4660142
2698673  1179197
34841189  750486
34841164  3508605
34841310  463302
34841373  6890218
29293829  15072924
34836395  8829296
34841459  14049206
34841399  283406
34841678  27842968
34841803  234724
34765095  14480129
34772173  926752
34773720  34756346
17047252  25395265
24917685  6163334
34840416  109383
34841676  34509566
34785017  2970520
34751688  32839007
28573169  15637133
34840250  34743987
34842092  34629343
34839158  13536886
34841297  34825434
34735507  34563843
34794399  34794883
34842250  12304082
34842211  21982987
34842097  34821866
34842401  218384
34816603  34810725
34842581  14220321
34835128  16573995
34822189  19302877
34823329  34810725
34833533  6805482
34842628  24644436
34842702  30716156
34842788  8567205
34842005  513832
34842635  6441218
34842835  27856927
34842680  9159949
34837007  872565
34843008  20002503
34842708  9123800
34777418  3076414
34842930  34824587
34843276  8028957
34843264  3737139
34843599  413071
34843701  28268439
34843791  7509925
34843146  22313883
34844023  17636039
34842213  513832
