7228405  7227716
8197781  90982
8197781  249664
8199802  6429102
8201559  3171155
8210464  6160847
8214310  1335851
7232220  480214
7232220  1801459
7233056  360751
7234678  901115
7237536  10382929
7888494  6673936
7903870  219569
7907178  1018822
7907178  5654278
7920248  139684
7920248  3394289
7921477  7920423
8218786  3972806
8227946  4075056
8239195  5049852
8239744  8230087
8212962  1153879
8214533  2099782
8215455  4690358
8215920  6159851
8241348  225560
8241348  2287404
8245513  317071
8250878  8220399
8256975  2763757
8259817  852072
8631979  386281
8632515  1976320
8639050  7807912
8640821  151777
7710749  4329396
7711460  7708995
7726895  7719189
7728240  749680
7498211  6441218
7499147  7496939
7509525  7507885
7511597  3481696
7512690  702650
7728465  2711435
7736196  1283327
7736621  7652644
7269469  622324
7274183  1365583
7274183  1805802
7276289  7275777
7279399  1351182
7280535  591094
7924585  3093622
7924585  4073713
7924585  7980505
7925262  411092
8641403  8643547
8642407  6178585
8642858  39771
8642858  1705008
8644480  8642434
8658784  1026327
6894199  6891352
6894249  605027
6894785  1577122
6895371  6739871
6896722  6897052
8660456  413439
8665672  8667836
8668126  1321207
8673560  2049845
8685978  6230243
8691693  7101992
7925791  3767
7929799  492384
7929801  254514
7931414  4261133
7939325  49002
8594957  2365152
8600580  1967370
8604724  8581643
7946720  2018263
7951227  7011184
7959122  446835
7964402  4989738
7970084  3737139
7973555  8321184
8264863  5165428
8270713  541966
8273904  1244782
8273904  7537401
8275091  6079981
8277214  1044360
6324793  1449574
6326815  2587294
6328737  6276117
6329316  2997918
6329923  315618
6331152  6329275
6332481  4236854
7517413  295104
7519442  676078
7521607  3700352
7524404  857702
7524404  3568222
7524922  5029917
7089166  7032188
7093213  7092219
7097625  144888
7101751  85992
7104023  7082517
7114201  582748
8106269  4089196
8106376  5557326
8106474  4535328
8114723  8071047
7737532  4325094
7738391  823181
7739463  3876435
7739906  7732883
6899279  589549
6899279  1117967
6902388  4433861
6905882  3883820
6908003  2259382
6911797  3105673
6912134  3820666
8699546  8707900
8707502  4228641
8710259  99880
8711931  7420100
8217742  8216865
8220299  8203226
8220450  8221341
8222558  1857244
8226115  8104806
8226115  8326900
7758391  7757709
7764779  3801178
7764779  6005702
7766432  1091788
7768102  4666180
7769004  3999205
7769489  680241
7238758  5214151
7243488  6528325
7244095  7164242
7244981  7244562
8608259  1400782
8616483  359494
8616483  523643
8622206  8621138
6912184  125319
6919871  1958808
6927809  2144506
6930632  1019737
6930632  4960091
6931467  4123940
7975157  12573816
7979078  538060
7985453  4421706
7985687  2047414
8278001  6790272
8280324  1340867
8282264  7610898
8003938  4119181
8004027  11674312
8004495  615355
8005431  5949360
7527198  4736
7533364  7534302
7535354  2716508
7535972  7535675
7537158  2506876
7740608  3104921
7751036  405560
7756741  7666404
7758813  5724677
7762502  4385084
8715726  11674312
8718616  3536153
8718633  6082733
8719938  6840887
6332717  6322626
6332774  6511402
6333767  5139096
6338683  2948900
6339283  1883888
7117077  696321
7117396  1106202
7132571  251402
7132571  5194220
7133307  7131014
8725971  7413036
8740361  8731231
8741479  3116260
8743701  8737025
8116736  871405
8116872  196017
8117906  8078654
8120914  1778368
8121075  1253788
7770025  35837
7771512  7755353
7772648  2269840
7783663  240546
7783863  7763244
7784314  5170631
7784314  6112283
7788124  2233835
7788124  3737139
7792438  5089841
7792502  7426685
7793023  7786618
8623878  1124207
8624480  312245
8626986  8626864
8628388  7221158
8633402  332030
7280901  7281598
7286049  7281778
7288389  5886713
7292048  1869331
7986023  7984753
7990267  2584867
8005707  7978950
6934425  2536031
6934826  6855059
6938655  1132941
7245381  1138460
7247303  1138460
7251819  3061
8226552  8186707
8227102  2536379
8228274  7957136
8231546  1928162
8232703  388242
8121611  91817
8122079  3389574
8122109  6948166
8123590  5403126
8294981  8293218
8295832  1874443
8303669  1503584
8007478  7961075
8011583  7996669
8635110  724772
8635167  8627555
8637439  3369413
8640056  3231893
7767037  2452906
7767314  7728505
7770990  2577436
7771249  1802936
7771985  861550
7773287  6673368
7538112  54566
7540502  302270
7542170  366418
7545332  7541759
7546582  7798891
8756302  8741215
8760932  4677258
7136180  193077
7137133  1676383
7137434  2268276
7137919  6643414
7145204  1296646
7145404  7143477
7146590  848872
7152759  50605
7154913  7126497
7796131  5738428
7796967  2180391
7797233  274826
7797569  7064936
8007922  8008118
8022462  8018154
8024929  305044
8031681  2194572
8039076  5596109
6944872  6944126
6951474  485525
6955767  1031718
6958976  220097
6963806  7015782
6969472  4060717
7155214  7153678
7156886  6908413
7160129  1082178
7160447  1068720
6339576  5270089
6341855  1165761
6353537  1793532
6353537  6212690
6359696  451025
6363290  2228118
7255127  633367
7255127  2351792
7255127  5802382
7257892  1502244
7263065  1979689
7278505  4264981
7279491  6054359
7285450  7283417
8242042  5321369
8247744  734930
8247744  747101
8248629  3687367
8258839  661561
8259340  1141848
8259790  153716
8125296  8768130
8129036  2840205
8135354  2015470
8136724  5727
8136724  106508
8138153  809837
8308834  932520
8308834  1234094
8312829  1207406
8337144  8336274
8342679  902089
8763658  1213403
8764058  5399967
8765412  8752575
8769288  3737139
8773181  653536
8649473  8649059
8660110  3009380
8660110  6756695
8664320  8655367
8015209  407989
8021543  3577641
8027377  3445293
8033661  2204867
7552959  1897749
7568728  1457131
7568728  7380657
7571250  5380177
7574926  3420004
7585172  2700638
7774568  7774443
7782456  4701012
7783924  7765103
7588698  1219094
7589702  7588079
7589877  1138460
7596629  4361553
8664992  8666402
8671942  6843030
8690619  2156212
8698273  433895
8698273  8654837
8145373  822487
8147790  1442608
8148819  8149741
7802683  201593
7803834  1037249
7805021  596481
7807244  470409
7285829  3820666
7285829  7268761
7288351  863893
7293631  2158395
7294753  7293816
8042174  7696098
8043953  5325407
8064320  7956655
8068421  8065455
7597408  2826222
7597408  6396440
7599212  7449269
7601284  3206922
7603624  3568846
7608100  1437771
8074880  1890854
8076534  1506410
8077445  487258
8077495  7530725
8152972  2727698
8166676  3538513
8168637  4958756
8171186  1087339
7612523  4339288
7616749  3585846
7618514  4660142
7620804  533008
6373093  111928
6374915  1936857
6378623  1562367
6383353  1357118
6386447  3359201
6391777  2663980
6391777  5551568
8265827  4475720
8266878  1839422
8267614  3126072
8270722  833708
8273630  3315938
8276187  949416
6976895  4265503
6980218  3921145
6980704  6713637
6981139  306626
6981689  2480699
8776108  667017
8776908  8772149
8777444  3868538
7787493  849237
7802401  7806803
7804975  1193500
7805252  8223348
7814578  8898437
6982225  870631
6983261  2453951
6986133  2685413
6986334  6975416
7814676  7612860
7820751  5949360
7829677  1593734
7832081  3494328
7833362  3706515
7834064  7833689
7835834  2620175
7837004  391005
8700688  254291
8701224  11
8702294  969088
8707174  8707102
8040003  3125000
8046821  1044360
8050270  3068744
8051301  885009
7297775  210922
7301062  1959040
8778665  505642
8779719  1817792
8782506  2243087
8782506  8028957
7163987  2151719
7176742  784918
7176973  4051883
8343798  8343894
8345670  135657
8078556  7974131
8079342  3513719
8083729  487258
8087473  109383
8104814  207000
8107729  46586
8346253  3982239
8346253  3995853
8346253  8279107
8346721  6895564
8347006  1366503
8347257  7820061
8358587  3049767
8363637  8283653
8363867  253843
8369734  3027495
8173492  7374588
8176836  2207823
8179869  2906147
8190497  698320
8190497  764927
8192135  527950
8194250  524033
7837429  4817562
7840314  3982878
7840314  4261133
7841884  164926
7844994  7845128
8708767  159978
8708803  2744264
8708803  6441218
8714585  8711210
8721042  8719465
7624019  750178
7628342  4207374
7630721  7630559
7631843  237079
7634890  822119
7634890  1028138
7807563  7843531
7820212  5329807
7820933  5017187
7822320  391249
7823356  4057872
7638527  488963
7641392  3515208
7645361  4663255
7645361  7501924
7645361  7609509
7824156  5737602
7826264  2870680
7828685  5974295
7831742  7799491
7832280  7831589
8111473  1976821
8114124  2529617
8115349  1096853
8116460  2023977
8123105  57483
7651845  55901
7659776  7656956
7665510  1058158
7669722  7669571
6987069  40480
6989978  2718332
6998637  6995443
6998952  928833
7012055  200237
7012055  388242
7012941  916067
8051735  8050661
8053780  579700
8054009  3880615
8057860  205529
8375452  4504974
8378277  9442200
8379813  4522830
8382987  329865
8383723  2317428
8059966  1175882
8063610  8062273
8065782  3613591
8071162  2653954
8279195  547071
8279782  1350598
8289491  170921
8292464  2536213
8294085  8293767
7845721  677038
7856056  596837
7857753  660609
7861506  2067988
7865684  2397984
7865684  4176328
7869994  2920150
7872027  7871676
8723852  1107551
8723909  453023
8729125  8730057
8732240  3270680
8786203  138521
8796682  5452576
7013877  952914
7015800  1017017
7015950  10644
7018121  1689843
7024037  366317
7031411  1183726
7301855  4739213
7304577  2269307
7306742  383101
7308071  374444
7310186  2641653
8805238  43253
8805238  3744984
8805320  480960
8806791  5924248
8807792  7822652
8811153  3742822
8817773  3814327
8822300  207701
8825975  6032132
8833314  317760
8833314  1322108
8384527  4038333
8385259  2818697
8385259  8384794
8385663  8356218
8387769  1912029
6392613  1202289
6395278  381542
6405088  6404947
6405338  3748
6406310  2566101
7292499  2857024
7292499  5033047
7295843  995183
7296460  748050
7304182  1175096
8071791  2763808
8071791  3757942
8072557  2660633
8072557  5449908
8073270  487258
8074136  4736
8076008  94361
6406860  6407130
6406960  6406792
6408789  5025398
6410547  5293615
7184294  1014295
7185784  4767018
7187302  285793
7193403  1138460
7198501  6684014
7307156  3594532
7312904  2818254
7312904  7042415
7315780  479142
7322949  439573
7330722  7330252
8195313  8184768
8195611  7202157
8201929  2831243
8205975  1267093
8205975  6288452
8078650  961188
8082517  7530725
8086695  56708
7835522  6321649
7836071  1567278
7848339  2973202
7848339  11674312
7848605  840781
7036055  978897
7036942  2243950
7039800  1136511
7040149  3845834
7040450  2721782
7041121  6653263
7673555  133008
7674691  186756
7674691  2461884
7675806  7675429
7676692  4311854
7677903  620604
8743306  8742830
8743599  1148241
8743599  1327756
8746137  8651249
7880056  7880751
7887578  837858
7893492  40480
7900410  243811
7313894  7312967
7315309  4267144
7318167  7291934
8126249  8124961
8134669  6740242
8135380  8135545
8135780  1015242
8142961  901115
8142961  2090551
8142961  5311961
7853321  5620516
7859822  4503510
7862845  5176782
7868376  605977
7053468  6932339
7053989  888533
7056075  2673855
7059119  1155678
7068058  401656
8834582  4696618
8840769  1583464
8845113  8028957
8850044  4227328
8850108  2253953
7074160  3482344
7079625  1183726
7080325  1315772
7082398  6916884
7083369  507923
8088903  8085556
8094719  336633
8099742  1426826
8099742  2083112
8295893  57909
8295893  885266
8301909  5897922
8302509  325156
8318035  1284464
8206150  7402500
8209417  12243
8320593  6684014
8322665  8351671
8324237  8324226
8324688  324037
8215701  8215167
8216378  8199866
8220956  1760726
7322611  1052189
7323147  1252693
7323254  1013239
7323254  3178892
7323754  7323492
7327777  226663
7328470  2049380
8146194  4515293
8150163  2785485
8150206  9513644
8150231  8142371
8393883  2019339
8393968  3183611
8395725  2460297
8395942  1827314
8395942  8028957
8404328  5131948
8100035  9091
8101907  124143
8105951  2521352
8105951  8102946
8110261  1042280
8407004  2107362
8412335  8408117
8413522  482729
6410997  6408434
6411890  526406
6412083  2475047
6412083  4502092
8746414  4605206
8747073  2193605
8751994  2018731
8762013  2685854
8762013  8436467
8765098  134956
7682065  2971315
7686452  5205008
7690778  7688495
7694747  5455854
7701917  5968711
7703296  562350
8424150  120797
8432740  1792399
8433459  892595
8332476  8332055
8334447  1119570
8334447  1223914
8335184  4606942
7205035  3935005
7206103  3847699
7206507  7059611
7212838  7208178
7219258  3912302
8433510  8423687
8436467  2685854
8436467  4391350
8439377  2709821
8442134  3498945
7219943  2000759
7222080  8028957
7223352  1243070
7230789  7229774
7231758  6457041
8446797  1972006
8447163  8432251
8448235  860966
8449469  4629
8456523  8449903
8854119  7344899
8858531  389767
8858531  3168375
8860539  8860365
8458612  2691618
8459582  8459364
8460033  5596319
8462539  105031
7234180  7232897
7240749  308695
7244076  309496
7244076  7079206
7245012  63494
7869731  1239026
7870318  1945846
7870384  649428
7870833  5535550
7900844  5571382
7900878  7896643
7901107  4827344
7903652  6930978
7912169  2967176
7083584  2190352
7089085  7090680
7092194  2634991
7916381  2973202
7919389  3720563
7919389  6325996
7938314  5585076
7939620  7933577
6417649  4261133
6421657  2264874
6423765  1608801
6425108  8278717
8221415  2445335
8222560  46155
8222751  1083527
8224700  7626375
8225125  4647301
8229244  167179
8876166  8894822
8876915  94361
8876915  4341432
8878405  8864172
8879038  636550
7329606  5584317
7331578  3098129
7333657  4600048
7333657  7215315
7706440  1119134
7713656  7552037
7714685  7713323
7718161  837215
7718790  2988017
7718790  3647692
7720076  7715891
7097374  6054033
7097974  416266
7102304  7100578
7107920  2025282
8337791  767999
8338792  2395661
8345443  159456
8353331  559415
7335449  3740845
7338976  2259438
7340546  7332260
7345426  330461
7347736  1025687
7347749  4062307
7350893  1378096
8767336  8609299
8768608  1888487
8775760  3298569
8784377  150053
8786792  6383632
8795873  3995215
8231754  4805601
8232052  2802055
8237834  2496073
7335765  787692
7337587  5089841
7344682  83777
7347011  79126
7347397  5895571
7352977  407983
7722952  1219094
7723227  6496866
7727496  1549213
7727503  2095397
7734523  7704952
8111038  1465573
8111038  2882472
8117883  7182359
8119062  4665164
8121293  836601
8121293  6814427
8125780  5055655
7872739  2322297
7875247  4251622
7875964  995719
8154014  2261300
8155618  2215745
8155618  2608878
8161545  3280729
8162924  4851629
8800596  3715047
8804295  6865194
8804631  4606790
7245598  91817
7245948  2077981
7247202  47487
7251764  4526172
7254303  198577
7256358  793924
7257430  7225112
8243411  3738748
8244288  8244152
8245322  2101540
8246483  5738170
8249202  8248121
8249202  8250461
8881178  1652396
8886126  3748
8892410  8880268
7940990  7940467
7941015  7657259
7946372  1528711
7948703  7901180
7953681  5519934
8806167  293388
8807482  47981
8809354  141045
8809713  860339
8809713  5447498
8814298  6273341
7112028  287871
7113986  190396
7115157  6441218
7116894  822452
7117444  3338123
8249436  8229094
8251006  324486
8253546  8244332
8257413  357084
8264667  3362116
7119116  1660060
7119702  7116979
7121323  3315633
7121474  7091356
8265714  7278330
8268352  5991766
8270585  1793482
8274831  113829
8276099  8276242
8278137  41479
7351242  2679330
7354152  5864540
7355373  7186114
6428838  6425256
6429531  2967164
8462641  5972949
8470044  2788092
8472316  72106
8473852  8295834
8479000  5262962
6434568  6006811
6435340  2566371
6438298  1556813
6442013  159025
6443978  56107
6449308  1518711
6449308  5415736
8357561  875183
8373838  104799
8375209  8374300
8893296  2020088
8894296  123559
8894296  4395058
8894581  391621
8897239  4172722
8481523  500580
8483663  273516
8489649  2056221
8489679  8416277
8494176  4579604
8126680  8122905
8127407  8124282
8134738  2973202
8139348  8120146
8149142  242822
7739957  7011184
7742361  234724
7742361  1809670
7747934  210460
7752414  7684670
7754486  22814
7354692  7354451
7356378  621542
7356378  2129230
7356914  3700352
7358000  1483595
8283485  93091
8285498  1039853
8285527  742497
8288331  8189051
8291684  2624589
8293220  8292280
7755822  7892610
7756958  2901102
7758455  3621674
7760663  3457620
8166693  7171067
8166718  8082198
7877185  7875946
7891259  206880
7891710  3820666
7897877  713963
7897877  7180290
7901436  12593502
8817006  858761
8819773  1220423
8820950  3318902
8821788  3742740
7124095  5766263
7124546  1221559
7130247  7130201
7130998  7119246
8379403  1732348
8380189  5636349
8381275  8381063
6449887  416064
6449980  3519277
6452952  166506
6453495  5855811
6453795  6453639
7260588  2733907
7265935  15995
7268761  3820666
7272151  109023
7286473  6153271
8300367  8299842
8303341  496440
