34843665  23592292
34843801  845021
34843838  4261133
34827563  9718541
34844135  26107666
34843630  218384
34844077  6438086
34844162  19843506
34844265  2770321
34186055  22289179
34843654  12025286
34844204  29837203
34843809  36959
34844339  15297270
34844450  1406145
34844338  20279484
34844581  588004
34844582  16756596
34681647  34723515
34844600  4261133
34837328  218384
34829767  10492399
34817833  34813677
34844772  4660142
34844832  14412763
34844402  18050071
34844906  218384
34844665  1663807
34843049  8061344
34845224  540066
34845120  3847955
34845503  34844640
34845408  492384
34842169  11100634
34844512  32921624
34845609  21485269
34838134  16608135
34828891  5193942
34846046  31809404
34845684  7198005
34777141  4660142
34846133  1132941
34846125  4366730
34846260  27698533
34835735  29153819
34823730  22458156
34844167  9508518
34846575  25943644
34844147  3838553
34846583  249467
34846002  13032777
34846752  14045208
34842140  14368129
34827348  34824756
34846821  570450
34846939  4968406
34844560  34846118
34847229  218384
34846523  10404348
34847288  322715
18658103  18586153
34847565  16096872
34836175  25091017
34848089  34847938
34827459  12015064
34829818  34827022
34848161  23667086
34839986  1910275
34847938  24320304
34847496  6420623
34848465  11430791
34848477  5574058
34848115  1069666
34804237  3254931
34847338  3574644
34848858  6666866
34848858  1114307
34848983  30049084
34849028  34472814
34846670  119123
34849018  13154995
34804721  5392344
34849147  34814578
34849281  9932096
34842548  14541989
34843296  34826547
33596001  456063
34849269  12552955
34846564  3097451
34849890  18946471
34849887  1667531
11287564  19242275
34849941  101100
34849469  359424
34849988  8173217
34850122  4660142
34850320  14220321
34850153  5266069
34845721  34669414
34558108  15268799
34850664  14220321
34849894  23505840
34792441  14492590
34849982  4137469
34850927  5554734
34850928  6662029
34841043  29286932
34850965  37335
34850417  13840429
34847750  34816123
34642965  2178872
22982635  4792862
34851079  34658007
34850811  60174
10851117  4734580
34845082  6848970
34851363  13855890
34851469  4663306
34851389  17533128
34851389  10186765
34829057  14536595
34847582  23103445
34828926  5678216
34847311  13173633
34849079  5965812
34851676  14141374
34851676  5293280
1122483  767999
34850091  18387993
34817818  9195756
34851023  8875818
34852009  6847697
34852019  492387
34851825  9032856
34851872  12065885
34852078  25947790
34848978  32664
6640120  5754845
34848163  34835986
34852514  30246620
34828967  25046829
34852676  30135025
34852573  1429907
34852836  11936339
34853196  513832
34853218  432493
34853388  7102413
34798204  17085717
34814837  10657315
34719756  16430667
34849473  4660142
34853629  29986657
34853671  1299871
34834142  31624174
34853079  8247720
34853739  1262803
34854162  3709597
34854151  12683506
34854299  19226816
34848260  8932074
34854235  34850498
34854274  9337489
34854319  1812244
34845642  18972202
34854582  13669472
34854400  760688
34853807  1851134
34854555  4162642
34855151  218384
34854152  34717733
34855111  355062
34854810  2520893
34855109  27494227
34855218  26070704
34618981  2241229
34618981  12057853
34855262  2822951
34854618  6670513
34855621  14220321
34855436  34805769
34855537  3489071
34855424  487258
34852418  1291152
34855606  4355614
34855747  500431
34855595  11321491
34855624  33863236
34838539  23149613
34855946  203198
34855926  34853992
34842545  34844902
34853497  4253660
34848613  34836890
5754845  4072984
34855503  34698182
6667322  16666472
34856451  22829604
22079961  16666472
34855696  32500379
34841965  34839968
34856331  32414
34856942  1870541
34856910  3471717
34856855  30737262
34857043  22618284
34857088  23485363
34855183  12739909
34857199  9969764
34855257  218384
34853704  25878045
34853896  2227292
34857049  2757107
34857098  9945547
34857453  4967740
34857487  5753833
34857121  14723812
34857484  218384
34852604  218384
34857626  276706
34857662  34814384
34846717  32083053
34858028  34614417
34848882  23984629
34856937  24644436
34858135  25436906
34851625  18050071
34858224  13277667
12447865  11033615
34858398  732034
34858429  4138200
11728550  16388078
34858349  17498216
34858456  2566430
34857714  18050071
34838585  18379238
34858532  34828379
34858532  20306659
34854110  27319212
34857458  14446447
34858181  12492810
34847342  7396814
34858656  11957595
34859059  20054047
34858507  26790660
34859383  34858365
34854689  32488294
34859086  34304706
34859626  10542354
34859544  409784
34859741  1474894
34859919  8012003
34859880  34855076
34859772  8614211
34859939  13614803
34859862  9264835
34860189  513832
34860217  6513585
34860406  147454
34855162  34283851
34855441  3303936
34856173  24360847
34860753  2973202
34860862  11321491
34860849  8110934
34860718  28727919
34856440  34284885
34857545  19122416
34857790  29346824
34861236  33332613
34861079  2717480
34859655  27390656
34861730  169511
34859127  28227095
34861707  4261133
34857273  11936339
34861717  8028957
34860023  30332043
34861764  2950332
34857463  15207255
34861955  4176328
34858476  3123574
34861078  3167494
34842759  24896498
34862378  976882
34861671  218384
33270159  218384
34862536  208105
34862542  9581064
34862385  7975093
34854968  24010569
34861221  12696125
34863099  4555935
34863371  12936986
34863276  768431
34860355  8321514
34863345  12940805
14427737  18583805
12302794  18583805
34860997  34537779
14447116  18583805
34863606  5554734
34863707  1960461
34861813  34863292
34856553  8749278
34863744  13446256
34863842  2597932
34864005  31355533
34864211  6542996
34849468  768431
34724374  33181060
34864134  1718903
34864279  16687417
34864094  19249159
34863856  23446377
34864389  4968406
34849605  34847168
34864398  10607293
34864467  15794062
34863030  3127429
34847168  136937
34853620  1917576
34864628  29140402
34852494  5881383
34846636  9524606
34864536  20293673
34864762  5890584
34861713  19402031
34813676  7060501
34812724  1144783
34860560  1732348
34864863  34861771
34864232  2067472
34865057  3590677
34863061  33140297
34865292  9564489
34705044  901115
34705044  2907482
34865068  6054033
34607780  10812628
34607780  6213807
34865483  4452939
34865419  48088
34865512  17302883
34864309  218384
34865575  34864309
34865601  5898656
34865745  750486
34865464  983310
34865821  14220321
34865792  26665916
34865657  32663814
30745178  30745024
34865956  20703628
34865987  2843366
34866105  127704
34865793  34524322
34866010  28565976
29399157  15101696
34861383  28335353
34866282  4260723
34866213  27666234
34866111  4333393
34866659  24428051
34866730  399546
34866715  22252904
34865500  15859113
34848894  34835909
34867009  22317412
34866875  28097620
34855514  7693613
34867001  12953127
34867166  34863998
34866082  34866994
34867242  4261133
34867584  419977
34867691  2973202
34867761  1070153
34867658  34757584
34776341  8754448
34867961  588004
34868021  218384
34610014  22657702
34868235  23242004
34868230  1450393
34866321  7788018
34847861  3574853
34868372  14637107
34864243  15325953
34868532  1532461
34863874  21712205
34860557  6343166
34859917  513084
34858618  23353173
34868740  3737139
34867941  5163144
34820110  34199233
34869090  34015750
34864986  27928
34746423  17237857
33818677  34690682
34585453  31548311
34593683  12573816
34869410  3793978
34869302  2954682
34869538  513832
34869538  1643067
34869690  438844
34869833  34868793
34867625  218384
34868940  11381673
34870385  218384
34864144  3733761
34869841  6188990
34870932  10398834
34844230  29073978
34844230  33488801
34870992  11246
34870766  33147901
34870766  4614908
11689333  10665103
34871262  8023306
34871169  4626431
34870867  10009464
34870402  218384
34865909  15657367
34865604  4945178
34871704  10335299
34865543  5439655
34867992  29021676
34791343  5805040
34872073  8265449
34871186  30666101
34871979  13415041
34872113  8937447
34872254  17111403
34872470  14028959
34872579  5635573
34869352  34418012
34871487  12769982
34872297  218384
34873003  754607
34872420  18312609
34873189  1208222
34872659  716984
34871656  155739
34872616  1448458
34864286  1081486
34873372  513832
34873262  2296718
14956261  2118656
34871928  2422468
34870161  218384
34870161  29210254
34873528  17647767
34870010  3106452
34871695  18369356
34873726  34863377
34873093  11731377
34873374  2520650
34873922  13415573
34872784  11292400
34874046  1576753
34874001  34871945
34873898  5335273
34874174  18709371
34874173  11853602
34874101  17257631
34872053  8166497
34874071  30590751
34874458  23366222
34874200  218384
34874154  26435231
34874219  2651819
34856353  20077487
34874848  9804371
34309606  138884
34870103  34849633
34874956  2602415
34870758  34872832
34875016  23777192
34875074  25531559
34875504  189645
34875441  279170
34875052  16062808
34874413  4581476
34859703  42519
34869006  16813220
34875551  484592
34876028  15870659
34868716  259354
34868950  12946486
34876324  6422839
34870234  31972968
34876432  7605011
34875914  2263996
34877056  218384
34873545  24122601
34873545  24018327
34877245  218384
34876970  750486
34876140  90178
34876140  7180264
34876576  17498216
34877317  841226
34877252  182393
34877524  3783950
2168832  30080810
34877743  4477535
2192759  9680903
34877764  434761
3189642  6297262
3640254  6297262
34878034  10430043
34877431  2003505
34878033  218384
34878045  750486
34878117  14220321
34878019  2091465
34878111  34834729
34878304  8018132
34878312  20149251
34878278  24468831
34877682  6841493
34878151  6237734
34878266  418006
34878263  7861886
12895092  418006
34878308  949433
34878768  2033912
34878820  5554734
34878827  588004
34878827  11950819
34878809  3684760
34878660  5040048
34878940  1645007
34877132  6762641
34878949  4261133
10259299  2543059
34879086  22511750
34863216  34869452
34876737  6366021
34879390  16641119
34562062  34699290
34879525  5121495
34879299  1514052
34875667  1605721
34879706  218384
34879462  27687927
34880022  8147824
34880027  31487302
34879467  897356
34813406  6506418
34879661  2630013
34880089  6235290
34880274  1499862
34880330  4775253
34879662  31768220
34880645  2973202
34880370  34528664
34874367  25035079
34874537  4277665
34880658  111102
34874841  358225
34880912  314636
34880188  6877686
34881064  5554734
34881013  3421453
34880794  201183
34880724  14220321
34881100  17498216
34881272  34151038
34881184  11060213
34881253  26821319
34881009  24037699
34874602  31539314
34881578  19424709
34857990  34755360
34877453  125964
34876164  114804
34872830  8673684
34881733  1431094
34881580  51470
34880696  34024525
34881939  9560371
34882239  18971109
34882258  4313841
34879984  30492710
34882459  8880603
34882278  9332549
34882211  1304278
34882034  30761002
34882232  3277367
34880921  2591098
34882557  588004
34882735  18222286
34856605  20757362
24536926  1128873
34882083  33892018
34883361  8511066
34883592  203198
34862148  34755698
34882395  3256525
34883633  4421706
34878524  6103825
34883654  6847697
34883943  20817618
34883865  5879437
32405338  22273362
34879327  17507170
34884008  6157645
34884164  27936772
34883661  14979653
34884413  8028957
34884236  17677649
34883991  33303167
34884621  19338493
34884067  2550847
34884706  3197025
34884761  185844
34807373  34810897
34884879  5786649
34884906  4261133
34884627  5930907
34885167  5918079
34885235  8147027
34885268  28639692
34883890  8638621
34885209  11714534
34883656  34784778
34885563  23740548
34885521  2559527
34885755  202463
34885654  34863092
34885809  17362509
34885784  20449427
34874347  11109750
34885758  10300769
34885731  1682567
34885976  483091
34885879  2856059
34885551  18705153
25549661  306924
34886123  6848970
34885481  13102045
34886402  9543805
34886502  1967119
34830858  542850
34886360  12859942
33148542  34689562
34886818  1296646
34883398  25360411
34885872  34883136
34875293  22508922
34887199  8667070
34886562  5230565
34883357  29517508
34887237  34885797
34881859  533166
34887455  3737139
34887116  4748344
34887681  34883938
34865738  6147193
34887835  16344088
34887864  18050071
34887876  12769982
34887650  1711990
34887934  6542996
34887817  11766878
34887895  18077315
34888012  25456472
34884340  4825683
34888073  199528
34888314  60174
34888367  9264763
29003401  7211229
34886804  18369356
13710631  4978738
34888698  18648545
34888867  9032856
22887465  22495050
34889024  31776546
34888582  2973202
34889297  2167916
34889367  3927512
34887938  2487921
34889012  11664443
34889475  10624872
34889528  9847213
34887554  30201420
34889686  15283009
34889761  15769246
876758  433104
34889048  27837048
16461084  9927640
34889331  218384
34889974  2160920
34890046  11865195
34890100  5605125
34889848  12732069
34889825  7270544
34887361  4400774
34890497  18050071
34884470  3567180
34890552  22851320
34890451  1546711
34856030  15038413
34890734  24558328
34883405  32452889
34890614  18050071
34876549  4660142
34891042  2765374
34890654  32040933
34872039  16416699
34883856  2091465
34891284  14220321
34757663  34725105
34891292  687998
34891292  6112660
34891458  31254725
34891520  16369642
34891701  9519841
34891793  4709175
34882750  203844
34888874  1628088
34890572  7691569
34891951  14220321
34881994  3485347
34891452  11860089
34803724  34853807
29748615  3627984
34892071  22073970
34716787  34361379
34892152  513832
34890618  4331371
34829596  34689283
34891687  4532486
34891830  18779322
34746293  5786753
34891777  4348525
34892541  4261133
34892595  2973202
34892522  33900041
34608767  21296789
34888175  9392365
34888175  2479348
34892630  34854734
34887450  21317631
32513157  32424775
34873056  22726860
34893034  6724031
34827415  34577541
34892444  20054047
34893478  4747238
34892445  2032924
34889530  31638003
34893646  11520492
34893510  21786490
34846044  7559121
34888860  4945178
34893920  5947661
34893920  1887097
34894353  13224455
34884739  4529862
34889867  9122046
33400869  33168970
34894724  74148
34891720  18450259
34894835  34873062
34894666  12089870
34889538  218384
34895011  1563171
21190506  9069379
34893098  32339602
34887816  27343711
34887816  26305
11790813  16354200
34894581  482342
34894070  75675
34892880  8768317
34894989  17355864
34893530  12769982
34893530  2973202
34887382  2349633
34894721  4042434
34894721  5374311
34875448  34529014
34894969  218384
34895353  11769667
34895569  17606906
34893962  30150148
34851580  34848344
34864925  12425287
34891173  12732422
34896289  5554734
34896169  1596782
34896190  34070369
34896400  46155
3715484  2095397
34895868  2235457
34895868  33180858
34868819  22030659
34895732  32512359
34896655  29308898
34885393  123559
34896614  12462318
27649672  7816423
34896742  7177004
34896292  11280145
34886463  3106452
34896951  513832
34895162  5973974
34886492  2306117
34895740  34891952
34896961  7959573
34897018  5037012
34896539  33934274
34897277  3246674
34897322  954834
34897393  203198
34892477  4486413
34895925  3869601
34896943  5613978
34897190  15466880
34897657  4736
34897837  3076414
34897850  513832
34897803  2505365
34897977  218384
34896115  5674741
34897929  4935479
34898263  9527303
34898225  7817269
34854587  14703697
34854838  33311409
34897935  12667811
34898531  1365748
34898563  988363
34898666  23522442
34897347  10096254
34898626  13681857
34898877  18656813
34898801  22937618
34897453  454315
34899018  1959255
34899083  27677283
34896107  34811468
34890154  6602953
34898781  34809098
34897604  30352725
34899464  14411134
34898797  14076063
34899699  1596009
34899161  17364127
34899896  218384
34896718  2349633
34899876  22937618
34899999  6973597
34898109  27567736
34895921  11731377
34898681  31665402
34900160  1584370
34900121  13102045
34899378  954834
34900242  24555417
34893030  24412322
34900364  14575010
34900297  19590865
34900578  3078701
5117077  2456819
34900796  16593686
34899246  20537845
34901015  218384
9824022  46155
34900945  17958855
15224581  17958855
34901567  9903341
17958855  8654051
34878850  519520
34879801  21578555
34817696  10386100
34901863  8634156
34901540  17453297
34902009  24874310
34900666  1686569
34900647  17421776
34902326  4660142
34902258  32106849
34899615  27388761
34902686  20940979
34902825  19444431
34902901  17498216
34902143  34833559
34899123  204476
34850511  27943053
34902700  1910832
34903031  18093928
34902586  5764499
34903117  19509635
34902855  279170
34903469  4421706
34903468  6992681
34901218  18050071
34900510  218384
34792987  21879142
34903725  203198
34902011  20215744
34903420  6927007
34901993  5083051
34903987  15801528
34904064  22603847
34904298  23715222
34904348  5639346
34904196  25146382
34903844  6262472
34902342  18717038
34904402  750486
34786760  13789563
34901139  19999665
34904357  33735985
34896571  15921093
34903748  22252904
34904191  2186931
34904191  4685563
34904793  4382290
34903668  34743629
34895313  18220340
34897131  1014861
34904900  1279774
34904977  19461156
34904881  10782863
34904881  949433
34904347  34177858
34900331  11895065
34905074  25706216
34905321  31418218
34905024  24924414
34888788  31225687
34904895  3422673
34905558  327311
34905655  1139763
34904956  15159118
34905368  6549725
34905720  11321491
34905100  2118656
34905339  21293000
34905102  18932
34905102  3311903
34905938  7624755
34906120  6702279
34906003  8459903
34905378  24895197
34906312  1120140
34906245  12573816
34906323  34442752
34896654  15829377
34905735  24463655
34904848  7002039
34906376  12573816
34906424  10085806
29732140  24463655
34906708  15513395
34906594  1597405
34906704  5229096
34905796  277547
34904479  8715474
34906869  1198260
34906095  2161054
34905301  24644436
34907110  4534924
34906254  5335273
34906784  1955505
34907062  25706216
34907189  7392167
34903825  29566559
34891950  18012222
34907258  4660142
34907390  24644436
34907445  901115
34907445  7731778
34904333  3508605
34907454  16959576
34774097  279170
34905746  29786887
34907811  18050071
34907854  18050071
34907303  6370690
34907972  10947541
34113297  13825228
34908028  5505580
34906606  21577583
34907137  26775370
34907774  7053471
34908603  218384
34908287  18327624
34908589  11321491
34908332  7055393
9980531  7055393
34892858  15886272
34908764  30798561
34908924  18050071
