35034274  12769982
35034274  4261133
34812230  4467023
35034680  7339221
35030011  218384
35033470  9297418
35034520  6279551
35035103  104601
35035011  2505181
35034994  3172470
35035235  23746964
35035178  8028957
35025243  6142944
34964415  14958251
35035181  17868232
35035362  15480370
35035700  19098952
35036044  3755606
35031989  29485350
35019626  2183240
35023769  30024531
35036429  11884255
35023877  8768317
35036598  6812068
35035246  4112686
35036556  34928565
19658888  4112686
35006994  218384
35036985  4261133
35035951  12427385
35037238  8115722
35036990  1433657
35037142  4616202
35036931  27290693
35029950  2167916
35037750  949433
35035182  11321491
35037630  5546857
35037809  480214
35037809  7961363
34996055  6832445
35034159  1419580
35035646  10153529
35034237  4261133
16825042  30441122
30787845  30441122
35038108  5455794
35038214  35023435
35036962  3504660
35037856  19824941
35038281  6274339
35038192  24028697
34786989  19761241
35038444  35035182
35038333  279170
35035147  26024100
35038729  35005117
35038662  3008395
35038725  957287
35038413  54867
35037303  1592876
35038266  22085985
35038888  19824941
35038888  10388136
35039083  18788493
35039049  6427764
35039029  18800333
35038766  26147909
35038882  11321491
35032874  413071
35039217  23348170
35039362  21016875
35038422  33260509
35039559  75401
35039313  10820340
29942793  8577545
23216357  30128395
35039638  5717093
34960322  2434270
35039579  17498216
35039873  232535
35039873  752
35040009  4261133
35039606  387707
35039908  27676867
35040110  25010167
34841932  4660142
35039590  2123514
35040189  2846283
35040072  10732923
30408751  26898667
35039825  279170
35040472  446060
35039786  218384
34976218  25504149
35040794  12233145
35040985  12769982
35030117  3476430
35041369  11583562
35041287  26515378
35041287  28286156
35041305  279170
35039487  35033207
35041855  29235982
35041043  35027371
35042065  236129
35041856  24644436
35041910  15371951
34874237  24644250
35041984  6061286
35042133  26639619
35041961  383947
35042241  218384
35034895  26728651
35042082  11296810
35041318  10404348
35042434  218384
35042347  2587669
35042022  9584870
35042332  21982987
35040885  28702960
35025154  28969407
35042692  6343166
35041220  72899
35041778  2143300
35042774  806000
35042856  421257
35042851  13278590
35042921  5198304
35042766  7204805
35042846  4764297
35042771  25294961
35043253  34746457
35042552  24644436
35042681  18050071
35042681  3737139
35043225  16219711
35043342  240178
35039306  4998262
35042276  23667086
35025547  34515173
35043197  24948302
35029414  35025164
35043682  166221
23872520  23389104
35043490  23389104
35043533  35038620
35043500  2698460
35043068  7797540
35043855  11548797
35043686  17757615
35043944  8091303
35026784  2591098
35044230  2129693
35044216  120228
35044426  2719954
35044483  15555510
35044799  218384
35044720  2364629
35044838  4685450
35018016  3906019
35043109  26248293
35044820  32011470
35045152  5890584
34996618  2126607
35022150  35005073
35045057  28593476
35045374  260666
35045313  9422529
16170915  7590383
35045506  3660563
35044540  2713758
35045654  27929875
35045627  588004
35045769  3598770
35041315  4947510
35045432  12788691
35046067  4261133
35046059  18050071
35046059  12769982
35028275  1453219
35046448  15575221
35046421  35038444
35046497  34695538
35046703  500431
35046829  15112125
35046333  14262497
35032423  7817269
35046806  9579930
35041155  18895020
35037015  18875997
35046926  17498216
35046964  8352115
5404168  260666
35047258  1101750
35047289  1296646
35046825  888235
35046825  411103
35047554  18400620
35047613  26543131
35030303  16438364
35047731  218384
35047379  23959595
34703819  11871042
35047245  26854667
35048012  30537090
35047810  18895020
35046851  210922
35047977  4220381
35047831  7845152
35047847  7745609
35048382  5554734
35048336  17037566
34950413  33036334
35039469  6339057
35037159  20647274
35034556  11460105
35032994  16150152
35031338  1078383
35026928  576169
35025941  14426491
35022744  5004687
35016780  19333098
35014513  9860588
34971587  27021615
35000765  17267417
35048544  27817577
34999365  34749806
35048422  13708738
34881260  3940128
34841227  29950956
34850803  4984647
35048645  25219219
35040308  17052503
35048806  35028004
35048614  35042529
35048959  14220321
35048992  240178
24033399  30128395
35048353  1792950
35038813  20279484
34819215  28068212
35048991  4460543
35049384  8470070
35049497  218384
35049556  588004
35049282  16952846
29461853  218384
35049781  5121495
35049822  295579
35049810  1732348
35040262  29663557
35044789  35020895
35050129  513832
35049860  8200442
35037968  17308874
35050278  218384
35050209  32491188
35050223  35022901
35050287  7752347
35043602  19618863
35050601  203198
35049414  33933118
35050772  7330023
35048648  575196
35038933  15771472
35045553  31631791
35050663  7745609
35051181  16889752
35051228  29970447
35051316  613183
35050997  24470
35050428  20148239
35051373  13447554
35051395  26244425
35051456  588004
27693845  34863167
27689241  34863167
35050703  13335351
35051798  1733281
35051834  218384
35051796  35028703
35051832  6356340
35051965  13647657
35051991  661028
35052103  464864
35030021  8464620
35052104  12696384
35044659  21671040
35052306  2680344
35052258  3219758
35052361  35051407
35052456  767999
35051537  10382929
35052722  14885143
35052479  29291952
35052397  1628088
35052625  4421706
35052923  11922383
35052094  18273751
35053119  9647968
35051399  8037070
35053155  513832
4543336  665057
35053087  25905086
35052934  5359718
35053219  23667086
34795730  18602652
35034947  34401354
35052698  29182244
25688005  17246991
839314  62929
35053477  62929
35053930  4138859
35052646  35051832
35053335  32153318
35054184  143847
35054357  23667086
35054357  14220321
35043350  32433765
35054483  7613782
35054546  3072596
35050618  32509803
35050618  17200114
35054532  312443
35054532  3992735
35054625  14220321
35034671  2089083
35055025  23667086
35055054  3832792
35051384  23167104
35055314  218384
35054852  5335273
35055534  3025050
35055690  6658752
35055594  8058745
35054702  16232833
34946606  10680658
34912766  1299871
35055866  33244527
35054808  3572463
35052716  24029163
35056226  218384
35053756  35030045
35055659  8470070
34733779  3696778
35056138  588056
35056370  5431941
35056574  3738724
35056438  6578832
35055851  3800551
35055775  34125637
35056646  28761120
35040870  2838490
35056845  14220321
35039418  600079
35056610  19155775
35056444  9779624
35056380  23803743
35056462  30415980
35048473  12379153
35057223  2367381
35057223  4030928
35056373  7158420
9977719  2421994
35055196  4617935
35012318  4660142
35055637  13569
34078651  1299871
35056549  22880444
35058057  1085801
35058115  23450534
35056719  8115722
35058651  5385714
35052624  218384
35058781  40480
35047845  20590239
35059081  27636373
35058900  16959576
35056020  17697454
35059151  574594
35059109  4128589
35059109  9122627
35059271  218384
35059132  296972
35054703  33230794
35058368  3537878
35013875  754233
35059660  17431813
35059506  12769982
35060009  23218874
35058720  5068843
35058791  29434406
35059423  3800512
35058002  218384
35059206  2871557
35060323  1133770
35060519  7097623
35060522  361363
33720168  31967427
35060242  140104
35060876  750486
35055861  28762715
35060521  10246366
35061005  5805602
35060981  10673585
35060764  5890584
35061187  15734225
11741932  4434327
35061274  20940979
35061198  35058794
35061431  5554734
35060898  8592047
35061521  10117008
35061366  2983248
35061582  5228687
35061756  12648054
35061509  29896106
35061784  8971371
35043210  33071739
35061918  504103
35061899  23167104
35058812  90838
35061782  1031962
35061646  26686250
35062188  25994312
35062025  9123517
35062255  8192480
35062022  5864146
35062420  192319
35059702  6486387
35062554  68651
35059204  21640
11718653  1254577
35060192  1389834
35057567  371
35062712  20899274
35054014  24644436
35058883  2167916
35050037  18050071
35055194  18050071
35061778  18050071
35061778  4993892
13731111  6146808
22320004  6146808
35060868  6146808
33024149  6146808
15072924  6146808
35062615  9210187
35062945  1314743
35059014  32912384
35063194  35030850
35063064  23955462
35063254  40480
35063053  34928565
35063476  16228887
35063338  3312964
35058701  14266165
35061831  31134518
35062841  1119347
35063731  5287538
35063703  35042936
35063805  4216745
35063764  11321491
35063856  8799439
35063714  31474285
35037355  22889876
35061182  3571223
35061182  35021438
1537229  135361
35064381  23446377
35064126  33604624
35064343  2088944
35016573  2788092
35064318  24644436
35064161  30525811
35064489  24223325
35064359  9010669
11877420  8072311
35064551  8072311
5540695  8072311
17051084  8072311
17475282  8072311
10373591  8072311
8179330  8072311
35058222  6443176
35064384  4955635
35064842  12596512
35064944  34897169
35065092  4216745
35064770  218384
35065378  588004
35065460  6576109
35065413  4781611
35065588  5081415
35064943  3058866
35065508  9546181
35065416  10759334
35057644  34947843
35065802  129178
35065876  3861782
35065758  4261133
35066051  428918
35066052  34413
35065104  18050071
35066035  30167848
35066203  8028957
35065906  28664834
965927  769828
35050175  574594
35061281  1254577
35066265  18050071
35066492  4325267
35065889  2997918
35065835  31245083
35066526  9343329
35065577  24282620
35066295  7768555
35036513  8045029
35066794  30739460
35065787  18459122
35061904  7102754
35067037  5585779
35067290  5554734
35066588  546321
35067267  1823341
35067536  14220321
35066796  5499078
35067220  24932940
35067656  35044646
35067317  9290651
35055158  6313079
35067516  22893948
35068062  1990817
35067514  5259714
35068196  762011
35068269  16568
35068140  14388136
35066188  26352181
35062753  10424528
35068439  33928029
34439267  34495834
35045533  20299860
35058040  4968406
35069157  203198
35069014  2063480
35069279  2973202
35065499  11408130
35065499  10814888
35069389  35029233
35069532  3247671
35069382  32664481
35069485  32310900
35069614  156503
35061065  13194034
35069568  12769982
35069610  27929875
35069610  7508352
34983217  4474237
35069878  4511705
35053692  162551
35069637  23667086
35069925  1024559
35070056  217389
35069990  35051393
35070057  13640541
35041119  15265433
35050000  33979213
35066499  34110426
35069994  34780707
35070201  3810570
35069189  31541320
35070347  2990157
35070570  15876036
35070641  14220321
35064884  6730435
35070670  4660142
35070774  25555024
34926404  15078566
35070870  34939642
35071015  19379081
35064680  13150075
35070973  10006889
33601687  544010
35070964  544010
35070964  33601687
35071222  16200241
35062806  20752432
35071167  18050071
35071219  18050071
35067508  35065150
35071459  16161938
35059193  1374660
35071509  795286
35070893  34273482
35071528  35068514
35012597  25261254
35071701  6119871
34993282  757010
35071789  15619096
35071881  33684477
16425063  8895823
35072094  15371918
35071170  513832
35071162  3776577
35067725  26308852
35067725  4752877
35070861  35046553
35072285  513832
35072320  1224817
35072531  291553
35072297  2217878
35064927  25460418
35069290  4441144
35069290  8873562
34831381  14606408
35068051  6491463
35073020  29776853
35072228  31474864
35051319  18172851
35073274  4660142
35072996  3505930
35073540  2559527
35073340  24576515
35073460  27240472
35073493  3704009
35073574  35049617
35073366  7616470
35073392  25930550
35073492  18379238
34691015  7519617
35071585  21279700
35073370  3577641
35073879  10600776
35072590  27570228
838821  624609
35073993  8579657
35074053  5889237
35074050  4660142
35022637  4940032
35059820  5205008
35059024  32986780
35074282  3119448
35074612  7488872
35074866  33289707
35066827  34296614
35074996  513832
35074669  29014225
35074376  33662299
35061012  28830013
35075241  12573816
35075328  10889186
35074657  35055528
35021466  2508215
35075365  5357460
35075493  24644436
35075453  9521260
35075259  35062991
35075687  15371918
35075906  247873
35075780  12573816
35076003  7060016
35075469  2113216
35076256  2159725
35076333  235839
35071929  12170842
35076345  15681366
34981857  2868047
34908865  12266899
35076292  31085299
35076715  286727
24300702  24377501
35075568  14069629
34889808  14741067
35077046  25680371
35058675  27915109
35077148  6501808
35068374  7073484
35076914  4017034
35076298  3729690
35077344  25164257
35077579  451415
35073310  2518127
35077313  153724
35056603  4023830
35056052  20762575
35040837  16553089
19688963  2268104
35077834  7937794
5988671  8744607
35077677  10522347
35078419  35052664
35078419  2315948
35039192  14716283
35078661  31870275
35078705  32453131
35046489  25828301
35071194  1132941
35071194  2158395
31341367  30067767
35071839  218384
35079090  8083984
35061323  28736927
35079308  312443
35078741  127704
35079389  494035
35029626  504810
35079499  32595651
35079619  13094265
35079849  21741841
35079731  5191088
35080115  845021
35075121  34984472
17449067  3681123
35060042  12538094
31057570  2395251
35080348  4660142
35079176  18304714
35079577  2599149
35080389  416331
35016855  25427587
35078633  1783405
35075690  4645119
35075748  279170
35071546  673153
35080628  8220801
35080552  9502183
35080729  1913098
35080729  18777989
35080828  35059386
35080946  12925063
35074479  20594936
35081206  7911776
30491497  12925063
34941028  6945564
35068959  15663607
35081335  15112125
35081236  34786859
35080852  18951186
35081475  2660633
35081294  19972945
35081352  21197053
35081507  11905722
35081449  8520497
35081581  218384
35078665  13247239
35072825  24975080
35081954  1520800
35081791  5362874
35081315  4209454
35082470  3713840
35082352  18960446
35082628  218384
35081987  8470070
35082715  14220321
35082559  12770181
35082768  345091
35082654  5965812
35023980  32620739
35082013  30425836
35015243  23802970
33234675  32071025
34618892  15059076
35083013  218384
35083098  218384
35083245  4076601
35083317  147636
35083571  22937618
35083294  10122693
35083033  30918026
35083684  14748569
35081736  588004
35081736  21895756
35083779  5366285
35083374  7163485
35083845  20563772
35080465  583753
35083821  2698460
35083983  20279484
29104791  16184188
35083735  12592913
35082508  35078781
35081002  8028957
35084040  1194990
15855222  1194990
13789797  1194990
31499608  1194990
35084406  12769982
35079133  17498216
35079007  18050071
35079079  35078332
35083263  19027022
35062046  25428620
35084537  4009756
35084215  23685643
35084718  11238953
35084862  4550505
35084935  2450954
35074298  1138460
35082604  35084960
35085347  18050071
35085377  4660142
35069161  15490720
35085503  7561277
35085032  218384
35085129  20166847
35085655  203198
35085737  5187530
35085767  166221
6147891  948785
35081388  1560685
35085850  26726366
24300059  7703434
35085257  13544985
35078918  3988788
35076892  500504
35085597  34742842
35086324  901115
35085512  6697753
35086497  203198
35086527  19861642
35077165  34985875
35086423  454315
35083463  18741335
35086790  35080699
35047861  452003
5483423  6048085
35086855  28573919
35084657  19344214
35086466  35083323
35084865  7739578
35087046  403967
35087189  7975765
35087258  60174
32038539  7843733
35087024  24044997
6508651  8558597
35087342  10363646
35087480  171251
35087610  14220321
35087499  16039280
35087212  1373164
22918212  13035764
35087582  153724
35087582  8065114
35087582  3596023
35087555  141525
35087301  18664579
35088260  60174
35088338  7220681
35087949  4179000
35088460  6412739
35088485  14023864
35087781  1597007
35088216  918449
35088216  4170037
35085892  27092203
35081697  25504149
35080820  19914937
35088723  513084
35089118  13102045
35089149  2007666
35088980  847179
35089087  513832
35089175  11466401
35089440  2958007
35087839  11146540
35089489  9928238
35089411  21412234
35089279  5812493
35086120  26836390
33013442  34368908
35031816  4261133
35090354  4645897
35090092  8032375
35090277  513832
35088793  32516204
35084475  19987101
35089938  20349929
35090531  25569836
35088908  2795023
35090401  15616742
35090821  494035
35073881  8401689
35090883  6528180
35090265  4117002
35091064  3384504
35089325  6678011
35091182  240178
35091243  16338281
35091096  21180922
35075247  21520890
35091430  18512841
35091423  18050071
35091239  33690697
1654960  885414
35091503  60174
35070375  3845755
35091637  12859942
35075688  28853742
35091580  2560966
35090148  13744779
34710413  34696791
35092066  5995497
35092049  12180927
35092160  9974868
7558022  591094
35091072  30223379
35092159  591094
35092159  7558022
35081541  2395747
4393541  591094
21674988  591094
22127859  8183787
35080914  1144783
17257631  15446560
35091377  218384
35081529  30124896
35092036  21058970
35091208  31972968
35092780  30589034
34899584  8465006
35092543  14260860
35092543  17946221
35092971  588004
35092983  4261133
125828  478898
35092831  12723818
35093119  15112125
35092980  35091637
35089236  35069359
35093464  22354767
21997087  22354767
35093783  16539999
35093815  15516413
34923544  572853
34913177  9100161
34898669  466345
35093774  10917532
35094122  588004
35094179  625799
35080724  33034660
35094110  9454019
35091600  28057512
35094291  2081640
35051402  1587098
35089381  4886858
35093052  484560
35094418  78536
35094072  1206073
35094644  19743396
12336105  931092
35094343  3078701
35092844  2811626
35093349  7498603
2455474  6584054
5007481  6584054
35094938  20448053
35094864  6584054
35090412  3303600
43116  478898
35094879  35093193
35093507  3488655
34663623  34661758
35095136  14802481
35095073  35095050
35094926  3699405
35095239  4261133
35095211  5559425
35095431  33515641
35095789  1958808
35076870  6620165
35094109  8428214
35094109  6583502
24019845  8637285
6755358  1000876
34782478  5370539
35096018  7331093
35096048  15711442
35096153  11174807
35093698  14330411
35096394  12423614
35096434  10226381
35095954  32303136
35096426  2546314
35096431  6542352
35096733  24901
35096797  33357168
35096933  2129693
35096786  12573816
35087652  28939020
35096701  15638003
35097028  5029840
35091997  184710
35097077  16401906
35097206  3318132
35096536  29293637
34999737  15966046
35097526  5199901
35097530  180052
