35221134  9836756
35221145  9449778
35221145  457120
35207417  35221236
35221369  34282580
35221360  28565976
35221188  34831675
35218771  10896151
35219855  4911926
35217885  3447566
35221456  12472318
35221620  12970296
35221663  30879056
35221625  11591132
35221961  1089285
3285331  2249310
35221688  16921652
34905747  1691117
35221983  25957879
35218669  25925556
35221217  3054312
35222441  218384
35222546  2306800
35153879  30547931
35222821  218384
35222725  166221
35218369  8859401
35222688  1169456
35223181  10152173
35223277  8049520
35173922  5121495
35222970  728616
35223543  52898
35220400  164194
35223711  2194992
35223763  18535241
35222886  24329395
35219815  2588181
35223469  30094047
869859  1100495
35202188  34382503
35223846  5063742
35215375  34958607
35224273  750486
35213343  18050071
35224647  8073278
35224718  12781207
35211977  30724178
35224731  4660142
35224911  60174
35224393  7111610
35224866  4260308
16554887  13890935
35224760  15469974
35224942  232535
35088814  35184381
35224509  34824557
35224689  12135872
35224689  16682847
35219828  34754766
35224841  1653308
35225275  24989218
35224060  24099227
35220807  8579861
35220807  14046080
12107739  4678797
21806403  4678797
1767080  4678797
35225375  13366755
16163874  4678797
11484305  4678797
262887  4678797
4590423  4678797
35225340  1789945
11284889  4678797
31046596  4678797
35224117  238625
35222964  25579888
35225329  2118656
35225547  218384
13848977  35217774
35225309  11430654
35225722  4025482
35223682  18745447
35225599  988363
35211653  4025482
35225723  5720062
35225688  27581
35216720  27606653
35226151  24644436
35223693  6194116
35225732  3653625
35225321  11256746
35224037  31701839
35218116  31203398
35226321  24900875
35214367  27910331
35169585  35077438
35226232  5377578
35226252  3003375
35226452  149055
35226144  26882119
35226487  31795306
35226442  14220321
35225928  20357460
35226449  6031431
35226388  12842003
4631567  189549
35224627  189549
35226545  20460369
35226655  11321491
35226666  32310900
35226733  28232132
30662408  35225134
35226440  27267707
35227231  1936682
35227467  8749091
35226426  17843826
35227436  6895667
35227694  33051386
35227097  34432006
35185374  4664850
35227696  4561845
35227768  1842636
35227977  21265481
35228069  160970
35228031  4203646
35225565  3665115
35183517  35181433
35228278  9475241
35228346  495021
35228372  1301346
35228218  2683279
35228204  17697239
35228266  2717480
35228505  13840429
35228792  14220321
35227663  34939520
35219258  19820030
35228981  1520429
35229114  1017224
35229216  1663807
35229244  11321491
35229414  12900444
35229473  35182749
8058279  4011075
35229537  22697
35229710  4176328
35229449  4902565
35229001  4607843
35194965  21922470
35229589  1562127
35230164  35226655
35230332  218384
35210412  1460981
35230473  31384526
35230443  9867005
35230581  24063014
35230703  14220321
35230840  588004
35230872  9713294
35230882  32635704
35227927  7121303
35230815  16851726
35231008  13964155
35230917  8989629
35231104  10791811
35231197  8217419
35230987  8812596
35231309  33003229
35231340  12678337
35231452  32789157
35231416  7764564
35231360  32635704
35231504  143386
35226642  3801343
35231607  1680528
35230816  25914363
35231870  11922383
35218034  6919709
35202648  10323066
35023952  23353173
35232472  1733197
35231587  19184019
35225927  2997767
35222769  745756
35232837  9947041
35232738  9262109
35232843  4425289
35232911  20279484
35232976  218384
35233124  12239166
35230438  23105433
35233090  4637811
35233193  1429860
35232625  23138878
35045793  10259547
35233395  218384
35000584  8496494
35000584  7112259
35233446  17014770
35233834  203198
34958000  3059333
35064317  2749441
35233947  513832
35233721  20035101
1293147  8493195
35233746  8493195
35234212  35219498
35234233  5306640
35234187  12573816
35230662  24658011
35207247  9008835
35234255  33890062
20039807  503093
4611504  503093
35229906  26198860
35234510  32464698
35234829  4261133
35234632  11365410
35234867  218384
34659749  15453261
35235001  23667086
35235108  218384
35235179  513832
35235288  2559527
35234957  16795506
35235343  1120140
35235206  5842747
35235592  949433
35235576  1646698
35235643  26686250
35235947  218384
35235860  1694196
35236010  363681
35230395  7651644
34810608  1918005
23103183  3174358
25693220  3174358
35236116  2266789
35236328  14220321
22453261  3174358
35189070  10170904
35236308  1014861
35236437  26052014
35236464  20279484
35190884  20847371
35236562  18050071
35236552  13102045
35236733  1704407
35235205  12575421
35236741  23667086
35236796  3528324
35236839  18041909
35236684  21507320
35236886  11922383
35236519  22220732
35237189  35168836
35237138  12393351
35237177  35236507
35237227  4531560
35236645  2591098
35237523  8225776
35233814  27961982
35237604  4660142
35237222  13216115
35234361  19750635
35234361  33369695
35237940  13552118
35237676  5697760
35238079  32795227
35237775  2306983
35237694  32219809
35237424  203198
35238371  3624280
35238354  30361149
35235848  1296501
35238060  2654480
14434433  1748977
35238592  14726323
35238658  4401784
35238386  5343721
35238173  27991472
35224554  31959690
35238701  2998784
35239102  513832
35239048  2167916
35238670  5536502
35237526  9605913
35232093  7134837
35227332  11891851
35239510  2383710
35239809  218384
23020003  13274279
35239829  20279484
35238400  8028957
35239914  12573816
35240041  146576
35239771  35146383
35182047  6981045
35192221  9278728
35240387  25956444
35240409  46663
35228679  3246928
35240665  5301226
35240581  31203118
35240729  35057616
35236687  2219786
35240683  367192
35240767  125281
34989365  34984544
35241061  2605470
35241053  565634
35240558  12014210
35237930  767372
35237930  513832
35241236  31813722
35203925  35240951
35241484  451415
35237877  35138245
35240671  35138245
25446385  27645591
35241508  9723208
35241683  1994218
35240169  23695676
35241559  3121979
35241835  8971871
35237302  25698460
35241980  428918
35239831  4261133
35242111  1700081
35242111  3131136
35241931  1628768
35241994  7808769
35241704  8377188
35242142  2185252
35242255  2634731
35241979  26535662
35242374  4473067
35241844  9810791
35242433  2913160
35242590  4261133
35242588  333889
35242071  35207640
35242745  23294658
35242761  3076414
35242836  768431
35241417  26843974
35242680  30114374
35242821  6434663
35242896  20940979
35242421  8859013
35241255  9313353
35242674  8254941
35242740  1519736
35084069  5585779
35242298  17089717
35242517  3422673
17166578  4338578
35241900  7975093
35198082  8237193
35243185  309892
35230132  26822067
35045074  5709887
35198412  29140402
35243397  6861776
35243376  16588750
35243396  12805964
35242208  7538120
35233646  24278724
35243509  3224915
35242113  32647215
35243087  25721884
35243662  31930026
35243448  3737139
35243707  218384
35243718  1873983
35243861  32658642
35243803  4244896
35240540  20215744
35244150  7014903
35244200  335311
35244195  13373779
35242022  2887878
35244368  5554734
35244464  6352139
35244502  12087419
35244115  19896870
35244508  15141588
35239096  32596451
35244606  3442639
35244538  30546197
35244066  24026458
35242716  1299871
35244737  218384
35244692  15862067
35244792  7935689
35219530  2612487
35244841  27581
35237346  35243518
35240825  9156698
35245285  2132784
35240899  17382375
35240899  35234420
35245444  29758774
35237093  2672034
35245287  25061988
35245562  4946316
35243963  5141910
35243963  4907843
35244572  16242546
35242092  25337676
35245719  25181469
35245557  28132748
35245722  838310
35246270  35224066
35242470  5927180
2364390  3468150
35246580  218384
35241596  26328149
32897098  31816061
35246868  218384
35246814  4862178
35246875  513832
35246434  4236951
35246985  13387742
35246960  30652243
35239429  2973202
35242046  2973202
35235125  18050071
35243581  18050071
35247163  14939296
35246599  236624
35247101  19255272
35247424  6890200
35247401  14220321
35247172  19945422
35247475  4153517
35247447  17376071
35247479  12573816
35247478  8656089
35247247  218384
35247086  279170
35247510  25706216
35245479  792024
35245479  11965818
35241289  218384
35247561  1195826
35247544  363681
35247624  18050071
35247362  18050071
35243840  23327293
34893546  18755231
35243202  218384
35247620  5703552
35246581  34474882
35246375  3766237
35247974  1448858
35246783  35187039
35237230  33298595
35247954  20439436
35248106  4172722
35241800  3949824
21567657  32931685
35248325  4403542
35246178  1147615
35248023  24644436
35242079  3853767
35248414  7565034
2359919  1429172
35245946  7495909
35248632  19150171
35248542  3296644
35243127  8997598
35245831  2752977
35248866  80476
35248570  12032214
35248610  3305561
35249209  351733
35248347  23686325
35237830  33644560
35249231  983699
35248811  25611356
35249256  1826519
35247937  18552891
35249423  32635704
35237902  16222504
35246702  4652654
35249794  34176568
35249863  403421
35249377  2852748
35246935  15410265
35246771  8674430
35250046  1192534
35247849  19391415
35249510  4261133
35250067  3406942
35249520  772124
35250060  14166269
35249072  12237836
35250161  9421411
35250129  26515058
35221025  223918
35250174  35249316
35250435  15899615
35250457  19556932
35250479  4879377
35248533  14944458
35249940  11461607
35250802  513832
35250799  28642693
35250306  34080318
35250448  23353173
35166056  16858208
34959849  4674226
35240907  6343166
35249571  12615113
35251331  3052442
35251387  17268848
35250120  190229
35251451  5635594
35251586  13567953
35249664  218384
35233945  5788117
35251702  767372
35251454  13726214
35251588  9317889
35251542  8470070
35249426  3134228
35251070  2113662
35251770  2885173
35251726  15736017
35251720  6990767
35252008  2711522
35252037  1777357
35252153  22290891
35245708  21479079
35252217  12573816
35251138  32110321
35251443  5350088
35252305  1685927
35252052  11585636
35252165  597720
35252437  4478661
35252556  513832
35248545  1817792
35252573  4478661
35252623  4805606
4043522  189549
35251790  3365025
552579  3365025
35252799  35240663
35252161  1119956
35252732  16787178
35253003  225337
35252749  14220321
35251319  35250604
35253079  218384
35253026  2592092
35249690  5515873
35253184  2698817
35251385  11922383
35253293  15479928
35253339  1129216
35253325  13127887
35253417  3365201
35252492  2736389
35253607  3072173
35253691  17498216
35135658  1686280
35253127  10996718
35252267  21097002
35253906  5554734
35241611  27485098
35241611  20242806
35253736  6244939
35254008  2087370
35254061  11865747
35254361  500431
35254313  31127652
35158481  4504238
35199482  1426954
35254295  3632075
35252796  20279484
35252796  3127429
35254646  7884888
35254735  3651725
35254634  5771577
35254070  18801137
35254664  383195
35254657  9079746
35251298  34861198
35254898  10018730
35251463  24644436
35253815  24644436
35254438  24644436
35254821  21818427
3555681  5121495
35248257  21308436
35245423  17065086
35255250  11321491
35255334  50499
35255636  14220321
35255656  576055
35255697  18050071
35254920  5926103
35255728  6211613
35254948  17211263
35256081  218384
35256099  6847697
35256159  1463340
35256198  4261133
35256180  33288839
35256252  218384
35256306  25620233
35228279  513832
35244775  35180851
12874799  7724935
35254841  35249342
35256274  18487109
28355377  18487109
35256322  7974545
35256390  5187530
35255861  15866035
35248477  9808689
35256565  35252037
35215844  24689469
35255830  10741346
35256672  4261133
35256754  24644846
35256890  6847697
35256921  383947
35256924  10782054
35256899  18050071
35256889  203198
35253551  30482250
35256665  16978047
35256840  35256022
35254149  30482250
35257046  12953704
35257101  35254617
35257125  5727
35257231  16929185
35037023  13588283
35256275  2743989
35205801  236129
34979231  5798243
35257376  12859942
35257225  17498216
35257135  20134417
35257373  6550700
35257437  16165008
35257201  1775865
35257628  4660142
35257296  35242756
35257908  4261133
35257553  8493195
35255695  15285270
35255349  4112686
35258103  200839
35258059  2063480
35258174  27005861
35249669  35237962
35258147  31307713
35256679  6546430
35258094  15435434
35258178  2973202
35258149  18050071
35258296  750486
35258261  8429109
35258358  4261133
35258514  1535327
35258584  17418108
35258722  1700081
35258670  588004
35258701  218384
35258608  164194
35258661  610245
35258740  9772348
35258813  5713665
35153501  35163361
27194821  35163361
8426883  35163361
35259087  495021
35256042  23315022
35256879  15392730
35259119  32505490
35258512  26700924
35259380  15112125
35259432  4015417
35259432  54867
35258733  26941470
35258733  6441218
32824022  4147012
35259836  2745265
35259769  35168306
35259978  218384
35259244  33601591
35259808  29887094
35245857  1038308
35259742  23105433
35260222  4421706
35250883  14220321
35249512  13593902
35259963  11322801
35050022  5507638
35260671  24614755
35260838  11043026
35260845  12573816
35260816  5276915
35260902  11488014
32887761  32759933
35260859  35259913
35260985  17498216
35261170  17014478
35259105  2778703
35260645  28430816
35261088  6242955
35258968  35250875
35259442  1032847
35260263  1625234
35257089  3688550
35261289  28058760
35261616  30976131
35261721  4660142
35260069  35255252
35261784  30361071
35261884  25204481
35227369  4040001
35227369  136474
35262057  13102045
35261942  3577641
35261942  1732348
35262021  218384
35262095  5838711
35261103  9655181
35262007  513832
35262482  9457405
35262464  1132941
35257250  6321307
28802464  29498048
35261608  29620686
35262125  23740548
13300144  10529972
35259507  2790583
35138733  13031850
35262416  218384
35094099  35088410
35263229  35259009
35263295  218384
35249239  218384
35259705  22937618
35263342  3911966
35263569  949433
35263528  1597736
34935251  8198105
35044672  6889963
35263680  21103000
35262908  5454746
35252624  15973841
15285270  457629
35263872  12026842
35264235  10688863
35264045  588004
35264314  10996237
35226633  32735968
35235795  669367
35264616  12336139
35264538  218384
35259555  34765697
35264905  4660142
35262724  21881992
35265002  21685840
35264934  5763254
35265099  17899434
35264974  218744
35265325  218384
35265274  160147
35263862  4296799
35265653  4244896
35265656  3121746
35265928  5159086
35263926  35175874
35263457  7989135
35266044  166221
35266093  14220321
35266122  2784514
35262594  26717870
35260157  3614666
35266251  8875818
35262625  32380439
35266003  9133570
35260423  1998544
35266433  218384
35265237  17364127
35264084  15996984
35060808  15161654
35228502  19634846
35203460  4971877
35264887  16694948
35266891  15209414
35266981  588004
35266659  35223292
35267232  218384
35257568  25815032
35267245  12121589
35267471  11908037
35267492  15594780
35267479  11909457
35267636  218384
35246179  1585855
35267771  15112125
35267685  400257
34867282  13041088
35264472  30367547
35267924  10548990
35267729  6428940
35267729  6144495
35266588  24958793
35265356  30441122
35265356  19147241
35268136  29756188
35265924  2243593
35268240  4864673
35268443  495021
35268149  17964841
35268491  513832
35268331  7448360
35268493  344203
35268683  15754515
35266568  15332628
35264246  14187963
35268663  12210692
35266942  18050071
35267844  14220321
35260019  492994
35267927  12299665
35269245  30689121
35267652  2803071
35268534  2588181
35269361  20624257
35269548  4923319
35267290  371
35269644  2639362
35269629  5674518
35269714  34086625
35269750  1592876
35267195  34788925
35269676  6296237
35270050  2456344
35270138  4912092
35270131  14231232
35267508  24672111
35269703  11084757
35270246  33062534
35265626  15949057
35270228  3384504
35270135  32949626
35270135  22038957
35270557  218384
35270239  1620847
35270611  695050
35270020  16816685
35270511  1520642
35270650  643906
35270422  5663091
35270783  3737139
35268982  33185103
35270957  35268160
35202410  18877580
35271064  26414834
35270970  1281641
35271127  7735542
35270925  13298795
35271208  10769964
35054173  3144610
35271467  4968406
35271422  4660142
35271691  409784
35271715  4660951
35271174  1045845
35271889  22130429
35271508  1789945
35269815  27338648
35272039  10450348
35270125  9585390
35272136  12573816
35271851  3339960
35272175  9960908
35272144  9527960
35272319  5804256
35272372  16108103
35272447  3919291
35272204  34559172
35269218  6694507
35272406  1144783
35272421  18246687
35264417  14026704
35267168  18510485
35272649  15456091
35272611  17682118
35272814  32285699
15098498  13177214
14858521  27371584
35272947  11731377
35272373  3078701
35263929  10551981
35272574  3703554
35273063  6566512
35261439  35259941
35273165  34748747
35272763  20989317
35273418  15412808
35080663  4112686
35270890  9148245
35272782  18446359
35273746  2338942
35228602  32555597
35273101  2358886
35273842  15479928
35273984  415677
35272783  30601892
35273917  30171443
35274088  16124032
35274167  24482937
35274198  5804256
35274219  3257973
35274368  2244605
17392811  3812375
35274469  4261133
35274483  8365754
35274210  24003642
30010594  7893747
35251989  2381572
35274620  35257724
35273878  170986
35274590  16644906
35274251  34808907
35274897  4736
35274804  26595886
35275086  5008944
35268813  21636850
35274328  35231012
35275007  60174
35271205  21636850
35275027  5595593
35275391  4216745
35275278  2531221
35266713  12251634
35273651  28485667
35275160  22959635
35275517  1711990
35274183  22450531
35275808  16783460
29591565  11026733
35275763  2652319
35275756  32435877
35276044  15146052
35275809  7524903
35276105  7220681
35275576  26895349
35273981  24225071
35276261  2129230
35276344  21881992
35275974  2992938
35274916  4775593
35276525  6066860
35260340  27366610
35276452  12091212
35276544  60174
35276674  16566268
2903523  3849509
35276769  24350733
35275209  9336676
35276829  14028959
35276853  19793221
35276780  6432970
35266654  542510
35276760  14726467
35267666  11420520
35276963  5709258
35277136  8159628
35277076  12573816
35277261  18971109
35276670  35168306
35277426  26248037
35277399  22557698
35275847  35246718
35272921  5195837
35275878  31654505
35277646  19554414
35277944  771825
35278094  240178
35277577  26371061
35278073  2158395
35278165  27310465
35277505  5004233
35274329  9186364
35277208  218384
35278310  32532024
