35338150  4913
35336165  30905334
35312939  34836115
35338438  33989927
35338462  8904392
35338525  35331784
35336386  14295595
35338705  1120140
35338826  33165939
35338943  23353173
35338963  218384
35273405  9498231
35339202  12983427
30956652  6708297
35339260  4660142
35339043  218384
35339375  1402803
35336375  1532876
35339402  25947790
35339510  5949897
35339913  8055954
35339913  16024030
35339254  35315518
35339389  3240458
35340166  3037725
35336712  35308047
35340112  14430335
35340112  35116134
35339488  14028959
35329862  19317493
35340408  13852852
35038769  3076414
35339523  1732348
35339523  56107
35340376  3972854
33547610  32754056
35339702  3024507
545177  3024507
933320  3024507
5418512  3024507
14106607  3024507
35337568  3935165
35341132  6578832
35340952  32110321
35339681  23019460
15140978  1397036
35340278  24644436
35341182  20279484
35340975  228783
35340044  29973357
35341288  11321491
35341532  111102
5675001  610406
35329849  2995662
35341540  12573816
35341849  494035
35334958  6392739
35341813  4343596
35341755  14247954
35340995  23740548
35340998  927604
35333292  16958913
35341922  9670469
35342076  845021
35341855  6185152
35342278  10678229
35342227  10411187
35342150  19674514
35341595  5167660
35339314  19226816
35342457  9173385
35339156  18155881
35342501  208105
35342501  10024866
35319875  28285480
35342441  4216745
35342578  60174
35342260  35265281
35342675  4660142
35342790  14220321
35342880  2067472
9173385  20279484
35341500  12573816
35340996  12854293
35309115  14472359
35342634  3222549
35342996  7913559
35343163  4660142
35342250  5870188
35343204  3436118
35343247  1413543
35343043  2208933
35343046  11122291
35343174  15371506
35343334  11211533
35343352  3680463
35343187  15088666
35343165  915926
35342435  7602078
35343739  3012488
29161139  3206344
35343522  3661483
35343466  5924697
35343516  1101750
35343873  359494
35306572  19901843
35343666  11792916
35343720  11553042
35343989  17168396
35344057  9260735
35344093  513832
35344018  1481771
35225123  23563252
35343026  14220321
35344291  35337579
35344089  7976593
35344531  20701958
35344214  3999806
35344214  145838
35331199  21294889
35344613  16596515
35320011  285793
35344782  24644436
35344693  2394003
35331729  21959596
35344879  12688717
35335204  28501796
35345179  18830624
35345064  5762439
35344634  26244425
35345312  5866129
35345461  125268
35345658  8579657
35345535  24063915
35321171  31149875
35345747  4261133
35345829  11321491
35345173  35341724
35345402  32522989
35344803  4310560
35341196  1745691
35346093  4660142
35345604  35205888
35346436  9621401
35346535  513832
35346447  218384
35345378  6514274
35345184  6332126
35345374  29182244
35346652  495021
35346137  10553597
35344674  32952411
35315227  29064209
35346761  1274057
35346818  9751205
35346103  24975080
35346984  185844
35346984  272900
35342053  218384
35347138  5057320
35347219  3626250
35346809  35330432
35347349  31588542
34409067  7129282
35347489  129178
35346498  20613841
10720521  15336347
35346024  10720521
35346024  336859
35346419  16110480
35347227  10349206
35341560  9262667
35347874  32635704
35342061  28836120
35340534  29808397
35347814  35119351
35346835  544173
35347998  19044362
35348057  90178
35347963  16513827
35348310  8886614
35348425  3221812
35347754  298772
35347226  11992596
35348605  301134
35346873  22107610
35347900  26073331
35348727  14220321
35348806  152580
35346089  11438634
35299124  2973202
35348648  34293261
35349280  18050071
35338211  10949461
35349404  279170
35349471  279170
35346291  25689365
35349590  478838
35349361  218384
35347545  21146895
35349673  610245
35345945  9732709
35349248  18337653
35346184  17364127
35349918  236172
35349882  34311763
35349924  34362904
35350121  409784
35342383  7997152
35350190  20449427
35349911  6534556
35349749  31584506
35349335  5490687
35349335  10015027
35350032  6368967
35348671  2204157
35341576  24114024
35345779  6257055
35350959  29929797
35350925  7220681
35350623  31479239
35343232  31434885
35351042  6491463
35345416  605845
35351155  1874910
35350685  7017538
35300552  2049582
35351297  35328939
35293730  4244565
35351116  17033160
35347818  9446707
35351273  28587698
35351720  218384
35351448  12520263
35349438  6101956
35351742  32418185
35351822  27849762
35349700  25125838
35351865  12173294
35351677  18050071
35304447  31085533
35352190  34573375
30879992  3032427
35352320  750486
35305940  23987175
35343868  35219354
35352707  40480
35352730  6545066
35352766  60174
35344974  1355728
35295961  23667086
35344428  13932946
35352706  9553087
35353004  6903335
35353155  16842226
35353392  5041494
32342492  5337525
35338632  661561
35337998  12554187
35353104  8028957
35353451  1716296
18154320  9246246
35352547  724892
35353694  34597871
35353491  16893043
35351538  2494865
35353941  21417263
35353662  18600012
14746946  20412445
35351347  2572868
35348457  4941372
35344221  33061112
35339843  13464954
35339416  147181
35339307  4260723
35339031  12047775
35336727  2708306
35337714  3948206
35337707  218384
35337508  13455326
35328251  5449903
35335847  10093176
35335405  1082580
35331894  26445028
35329869  24263921
35331093  6642146
35331042  11421542
35330085  218384
35330218  32807587
35322499  31496679
35305985  30727515
35253368  32679060
35316150  9109890
35316326  2849450
35314080  17578820
35315862  33922875
35315998  10212179
14505903  5082610
35314442  1625234
35277236  19225618
35288951  35310893
35267170  8229473
35265049  147181
35261453  17014012
35260903  18093928
35239823  4546807
35233798  15356405
35221570  27708573
35354127  21633115
35353301  10286164
35346886  35316257
35354141  6893285
35354105  8571501
35353945  18282370
35346084  23740548
35354236  12559720
35354321  279170
35345765  14203383
35354268  7849421
35347711  30729312
35354352  240178
35332038  29452265
35354451  113829
35354628  1918934
35352992  1263636
35354814  1433204
35354878  12806278
35354689  529085
35339789  2271144
35355142  9824808
35353760  220044
35355714  33487186
35355099  449409
35355873  3473639
35356000  218384
35332119  26535662
35356134  513832
35352672  6263690
35355399  1426731
35356531  11292778
35356631  1940338
35356967  25151796
35356683  914861
35356613  21298918
35340866  6187984
35354385  9872487
35357261  6343166
35260925  6244217
35355856  676467
35357529  7749216
35357529  15121093
34980144  7391370
35355478  19594587
35357569  513832
35356290  179123
35357551  1494953
35357808  28133112
35357647  7991183
35297744  28398550
35357962  2091465
35357413  13005694
35357413  14437435
35358144  2272078
35358144  249452
35357524  23318109
35358380  14602062
35357931  4117701
35357607  6967738
35358408  1458633
35358367  14256320
35358367  227552
35348185  3881553
35358603  4701532
35356776  35355545
35358618  4386823
35344688  191757
35358705  13569
35358813  3595515
35358993  1514910
35207624  25721884
35355962  218384
35359055  6856635
35357753  11289551
35357417  60174
35205015  14494347
35359497  162571
35359797  513832
35359383  17364127
35359860  218384
35359553  18817902
35359837  18233495
35357488  3135973
35360003  14220321
35353228  9329406
35356107  972152
1564237  3283460
3833428  3283460
10991533  3283460
35360339  9150446
35360440  218384
35359803  57803
35360625  9422756
35355084  17826401
35360740  180986
35360438  22159727
35360933  1397592
35361107  218384
35355269  5171356
35350950  533905
35360011  6393943
35361751  32703654
35361402  11922383
35351256  27132968
35360484  1817792
35361471  2674906
35362125  16088141
35362433  3076414
35359564  1741490
35355157  9886274
35362357  9069379
35362477  9820027
35362305  563677
35360358  3541766
35362776  14028959
35344175  34986337
35360703  199099
35362637  34053585
35362331  2422468
35362983  22252904
35363020  4445706
35362651  1690642
35363211  218384
35362575  24862046
35363329  1299871
35363463  1019793
35360649  14431411
35357041  1930963
35362241  10011302
35355364  11312155
35354680  3502005
35363711  2784514
35352538  19111143
35363750  826398
35363533  16748387
35363533  19248443
35362320  15913417
35363578  36901
35362725  4637215
35360160  12032720
35363689  28280965
35364090  34677708
35358651  23494950
35363809  35342983
35359143  4543936
35352748  416540
35357465  3054304
35364532  215497
35364518  40480
35364567  33192675
35364337  10822656
35364864  9085839
35364734  22519784
35364255  16429622
35364913  5146270
35364988  8255653
35365096  218384
35365082  17971220
35364689  34342069
35364813  1451009
35347342  15931607
35365347  901115
35365365  3112946
35365339  16429622
35365488  25688373
35364820  1762539
35364841  28587698
35364841  35351273
35365079  3800512
35365584  11503534
35365665  2130241
35365150  6796662
35360596  1561336
35341917  3516173
35360217  24829293
35356772  4678381
35364639  218384
35366274  4025916
35365604  7017538
35365030  19071834
35366618  15112125
35366222  26478211
35367036  218384
35366451  35248748
35357089  7594958
35366585  20361200
35334542  4356289
35367322  16390929
35342678  17522965
35367509  22787063
35325407  19726179
35367641  4261133
35367411  15393700
35367622  15810278
35367750  5113016
35367802  9095748
35367530  29747583
35367903  513832
35367534  34772439
35367913  8470070
35368241  218384
35366852  34735639
35368240  3684620
35368312  2422160
35344205  27450021
35367747  22993985
35266805  12180790
35352088  18328387
35368502  6115896
35368537  1705645
35368560  23446377
35368750  35366709
35358356  744226
35366784  16086962
35368620  12573816
35368832  24644436
21009091  15900818
9092311  28708741
23230430  28593476
35368032  4114095
35368213  34361379
35369385  6276005
35367444  13102045
35293164  20940979
35368175  925106
35369789  218384
35369858  12573816
35369232  42294
35096457  6427435
35369942  12218112
35366427  31072543
35367227  24644436
35369125  2167916
35368325  18133319
35369950  18523880
35370187  2063480
35219707  513832
35370165  23026145
35306990  3076414
35370418  19758954
35370307  1437559
35370051  25025994
35370547  17943186
35370441  34530852
35305793  4958189
35370675  7609130
35362258  20715035
35370659  35265281
35368679  12637203
35370817  1635764
35370758  1575111
35370740  4456442
35370984  28130531
35371058  4660142
35371036  35300995
35357032  1801391
35357032  30289284
35371203  1182189
35370978  279170
35371218  8804870
35371609  17256644
35371700  513832
35371665  21925100
35371280  2995099
35371035  15966991
35370313  22087907
35365762  34847496
35371786  8218553
35371715  588004
19348973  19258652
35369341  11656532
35372058  218384
23988432  10396244
35371829  35244584
35372377  14178539
35372389  13017125
35354977  218384
35372467  18129505
35369364  16086962
35372704  3190248
35372772  746809
35372686  5003099
35372861  218384
35373035  10680658
35373379  1662546
35373475  203198
35373618  23748612
35373690  35353697
35371678  20124514
35372995  3528821
35373940  310870
35251662  35249403
35373984  20054047
35374069  19004783
35374238  34008641
35373047  29094928
35374149  9508518
35374603  35372623
35373862  13232777
35371915  20563772
35374885  1132941
35374643  10476883
35374896  8710619
35374521  3074665
35375059  6926433
35375059  22534474
35375107  218384
35375083  4722220
35368136  31947219
35375360  22387586
35375360  11111189
35375315  13102045
35207272  15708231
35375387  16176911
35374085  35375292
35375569  2550218
35367085  16530871
35375620  8303900
35375422  18174988
35375877  549399
35375889  3463426
35375886  5431351
35376085  9775972
35376039  4649947
35376309  826948
35376352  2063480
35376526  9979970
35376410  10963775
35376616  34609273
35376673  1079205
35376341  5078239
35376658  11922383
27524338  4660142
27964683  24114024
35376049  610245
35301976  35306117
35377208  8004237
35377197  30094047
35284109  19081654
35375981  13207927
35377282  3877657
35377460  24097826
35224424  19940642
35377151  2717590
35376477  5003142
35376477  3177733
35377274  26198551
35377746  7578632
35376823  16014488
35377626  12298801
35377801  35338329
35377766  26156633
35377920  13951336
1090056  1912501
35377967  15710125
19233174  15710125
35376807  35370807
35378070  14220321
35378216  30158002
35378334  4716503
35378385  34558667
35378551  155609
35378579  18032691
35378386  31165535
35378744  132988
35378739  2803772
35377986  22663681
35378887  1824600
35378936  3376586
35379113  2973202
35375439  3492539
35378556  12942436
35379253  7252236
35379396  33585617
35379410  20002503
35379862  7815528
35375496  11731377
35375496  16683877
35117374  15974312
35379905  35217092
35379460  9127246
35377679  9501771
35375585  295459
35376843  17843457
35380221  9979970
35374838  688268
35380179  35379174
35380417  4994458
35380091  22937618
35379326  14220321
35380327  16819956
35380474  19167924
35339809  27940042
35362925  17226912
35380545  7884185
35380324  674027
35380713  28376506
35380585  164194
35348027  3748
35380679  16606162
35380828  218384
35375400  11321491
35379121  17699599
35380435  23446377
35380945  11731377
35380997  8004765
35381062  5029519
29338206  15870567
35381008  28318017
35292150  15109665
35381032  13980580
35381057  13102045
35381190  1711990
35381182  4261133
35380525  35369854
35378920  4112686
35377233  9262109
35377687  3029064
35381438  5448545
35377219  18967441
35381490  5369682
35193652  419291
35364611  30021133
35379713  25051212
35381561  513832
35381711  25281135
35381707  1700081
35381842  16497071
35376715  1863094
35381866  18050071
35381935  4660142
35381949  11767240
35382016  218384
35381519  2770547
35382038  4244896
35382045  4736
35382064  218384
35376418  24644436
35379739  371
35381764  24644436
35381848  2167916
35381529  218384
35382255  40480
35377837  35375329
35337299  8777753
35382234  988363
35376056  9413625
35375603  8906722
35382338  11922383
35382013  271440
35382437  9110472
35382520  29879267
35360383  546321
35382431  22676
35382691  21682804
35382650  1271777
35382653  2555816
35382230  10285652
35382840  11321491
35382623  4660142
35382873  23294658
35382981  750486
35382539  35370807
35383021  4261133
35382436  21567291
35383071  28831854
35383282  7265587
35383479  11028479
35383424  10178980
35383733  218384
35383737  32789157
35353868  18971109
35382320  9602022
35382320  20499994
35383917  139180
4040620  139180
35384139  610245
35383984  5078239
35383811  23506800
35384333  9127246
35384410  35117485
35376180  25963686
35382586  487258
35384568  394809
35384536  11597626
35374858  8584383
35383725  1095329
35384311  20279484
35384382  5981460
35384753  3142670
35384809  750486
35384853  23628234
35380281  35382165
35384157  218384
35384997  199333
35385160  336859
35385345  8950513
35379473  4660142
34628576  3351629
35385220  11215449
35377745  35383094
35385454  7220681
35348781  35367095
35385529  19896870
35385436  4261133
35385064  24644436
35367095  11724311
35385607  203198
35385797  23983916
35385718  7424155
35385843  8228281
35385896  6158907
35385648  35382396
35383206  32505477
35385949  1532640
35342400  35277090
35384891  22632287
35386097  30546197
35385461  218384
35386179  2973202
35386110  23210498
35386316  19354157
35379705  3422673
35386333  5605125
35386264  8028957
35386515  13387742
35198945  218384
35386560  495021
35384664  4863850
35386593  1642028
35383906  4817670
35384695  3415507
35386655  18050071
35380349  20215744
35379072  25877102
35378363  925363
14585288  6275785
35192524  1288718
35386754  12573816
35386479  1726054
35386794  30068009
35381788  21587122
35385522  4261133
35386912  22519784
35372806  934160
35387248  2380019
35387168  5618878
35387320  3821827
35387434  7220681
35387470  34075569
35387421  35373770
35387569  15083548
35384636  1799990
35387682  14220321
35387606  20677795
35387820  20254027
35387591  23500507
35387732  3255
35388114  10856650
35388108  6722850
35388234  13106906
35388147  18435065
35388380  279170
35388309  35387680
33773272  33743346
35388643  3951547
35388568  11738939
35386797  11978995
35388562  22122623
35388723  9476665
35388926  13854425
35388956  13332268
35388027  7980030
35389177  4176328
35388893  1761148
35389152  2841593
35389387  7684815
35387317  34454081
10261579  3106452
35389437  14147675
35382953  1049722
35389958  733454
16217076  5175034
25156260  5175034
35388970  5175034
16309992  10517268
35389992  28255957
6668786  10517268
29890962  13108466
35389634  35379161
35382343  1051640
35390249  8119386
16590739  8367421
35390224  34995740
35390159  9670469
35388462  396145
35388008  1911861
35390146  18050071
35390368  150543
35390507  218384
35390641  10377153
35390737  2371118
35384107  26910358
35390761  15340626
35390470  18425379
35390802  2010892
35390667  30181422
35390125  13840429
35390643  690151
35390812  520328
35390949  218384
35381180  16196327
35391010  2084508
35377987  25721884
35390826  153724
26227872  3571909
35391155  4660142
35391100  5503352
35383067  28683327
35391075  3415582
35391628  218384
35391679  5106280
35389104  10727849
29457663  1778088
31618684  1976832
35391960  202463
35391907  29526985
35391818  218384
35391991  4934533
35392110  26319613
35390987  1053467
35389326  56974
35392134  18364691
35392258  57483
35392339  19553536
35392539  2098149
35392574  2745265
35392586  1604968
35392219  35389353
35392991  6212558
35392899  768431
35388450  4670664
35393068  2745206
35390539  218384
35393080  19394262
35393166  32117572
35388920  6059773
5005115  3496982
17355864  3496982
27585021  3496982
35372784  3496982
35372784  27585021
35393275  35039496
4100452  3414479
35393255  4261133
35389336  1574721
35393181  33818869
35390123  35287472
35389975  34967482
35393494  22909329
35152508  26569724
35152508  14220321
35391757  8034311
35393722  4736
35371529  27901175
35393499  25706216
35393920  2745265
35148572  290884
35148572  2559527
35393698  7421013
35152375  6263630
35393848  4269034
35393772  2134188
35394107  12573816
35389188  4261133
35391535  18050071
35394198  4176328
35394198  949433
35394254  20254027
35393812  625799
35393764  824349
35388986  18771488
35394366  27946920
35394460  1960473
35394502  962132
35394432  11439352
35394220  34756900
35216547  19022175
35394620  2253590
35394660  20167971
35394764  13102045
