35394631  5047378
35394779  35390429
32918306  298750
35394964  11040472
35394959  5554734
35394879  34879238
35395032  4216745
35395065  10970078
35388353  9608432
35192443  20500003
35392248  1298636
35393877  10286056
35376445  845058
35388991  2600191
35394622  35196955
35395317  2644637
35395315  12269733
35395647  6343166
35394575  6023548
35395726  4138827
35395627  203198
35395553  4152931
35393230  1772599
35395892  5871730
35395537  32974687
35395877  4261133
35397171  4067736
35379220  20215744
35397096  2851938
15700584  16108103
35397287  5229809
35397023  23446377
35383492  35235708
35390819  34729894
35397356  79923
35397533  15412808
13661433  9808689
35397552  9808689
35397547  18032068
35393702  16833560
35397755  2973202
35395928  21880107
35397604  25726066
35397890  18834005
35397339  29558485
35388063  108403
35397869  1151995
35397899  218384
35398187  7220681
35398236  383947
35398233  30094047
35398264  9148543
35398224  10367698
35398363  1660124
35398460  761341
35398335  10870131
35395830  22701405
21046118  4797534
35398623  7479520
35398119  29323097
35398660  4172722
28117582  25777636
35398485  14126224
35398847  9560170
35398821  779986
35398957  22937618
35399168  11719495
35399072  594112
35399209  27393166
35399210  16303418
32194245  31222397
35399285  46898
35399507  218384
35399471  22745710
35399471  3280353
35399132  2770321
35397308  34304575
35399866  35390072
35400007  940382
29078339  21174593
35311303  20571306
35399662  5763652
35389701  13895867
35400270  1743698
35400313  13102045
35399563  29570176
35400255  29593365
35400494  29570176
35365126  32568261
31058995  32568261
28067770  32568261
27242544  32568261
20526018  32568261
19752669  32568261
13858011  32568261
27647221  32568261
19625653  32568261
32117866  32568261
7627480  32568261
19147930  32568261
19992580  32568261
30646246  32568261
16736009  32568261
23456898  32568261
31640377  32568261
20167286  32568261
21553323  32568261
35401134  12108370
32843310  32568261
6406091  32568261
10051662  32568261
28671972  32568261
22241803  32568261
2937657  32568261
3364537  32568261
7691647  32568261
19761502  32568261
24523430  32568261
14801608  32568261
19320908  32568261
25754920  32568261
19311120  32568261
24123876  32568261
13485655  32568261
27144534  32568261
16501494  32568261
12327792  32568261
35401025  218384
35401105  27867754
35400456  15184381
35400872  35397453
35401212  676824
35401332  18383681
35401269  919244
33465321  26156633
35401351  29816784
35400878  218384
35401475  23667086
35401857  27512521
35401233  28857342
35402091  2935038
35402120  225089
5783644  225089
35402380  3500197
35402692  30169839
35395426  19005931
35299724  32146555
35354157  16330199
35355184  18968067
35402949  22358
35402962  4736
1212025  9457832
35403213  409784
35403258  13238059
35403283  13939341
35403311  7223359
35402948  7065101
35403490  992450
35403537  12573816
35402838  29113588
5920078  1625162
35403435  2232147
35403679  19876488
35404062  7137401
35403927  17427713
35399111  218384
35398695  33034660
35404349  8945477
35404342  3222649
3872521  7027523
35404374  203198
35402507  83856
35404490  7510760
35397585  2713863
35404437  34889661
35395910  14348387
35397757  6053620
29153115  29137172
35386529  35397331
35404655  500431
35404494  739776
35378794  35389013
35405054  17898236
35405199  24051904
35400876  24298144
35405401  3076414
35403885  4382892
35405563  13294696
35405933  14000844
35406022  218384
35394846  2422468
35406098  1693243
35406609  14028959
35406363  22459557
35406346  279170
35406864  513832
35406318  4734580
35406938  14220321
35357342  21278813
35407210  1133770
35387166  25509587
35402387  19695784
35331951  3076414
35407207  4660142
35407423  6921185
35406157  24694616
35407265  274626
35407265  15188894
35406491  2554333
35408121  7095
35408198  32061254
35408022  32555145
35402455  5796924
35408395  14220321
35242794  13449233
35407992  13235627
35400620  2268104
35408580  16657152
35408497  8207325
20466699  18940644
21222864  18940644
35408795  736513
35408754  30876068
35408859  29449539
35409118  22937618
35405284  35285244
35409106  89228
35409066  12573816
35409216  214741
35373350  25706216
35409483  1700081
35409483  564
35409339  822599
35372347  35371687
35407224  20040663
35409522  24428293
35406643  7749639
35408110  35287976
35407993  34875616
35409915  12374442
35409871  3153546
35410281  35281672
35410287  8268853
35410167  1312922
35404953  35397453
35410261  31434885
35410261  18891768
35408398  8134493
35288122  30128395
35410585  30817615
35410666  4853384
35410736  18379238
35406979  7251005
35410266  7142342
35370918  26604294
35410628  3628425
35410492  409784
9463791  13192643
35410283  4244896
35411145  26273664
35410978  35397018
35411163  35410718
35411213  8607998
35411313  2272149
35411038  35402330
35411277  4660142
35410324  23145730
35409739  17826401
35411645  178333
35411796  949433
35399719  10257301
35404040  26166973
35411577  34544241
35411833  5066002
35394465  20054047
35400925  13591983
35411823  9807701
35411823  2280987
35411958  8452927
35411907  5890584
35411829  19390236
35412097  33028900
35412168  381542
35412117  1741820
35410974  35402330
35412291  2067472
35405806  35402330
35409032  15188757
35412436  588004
35411540  35408263
35412343  12769982
35412302  6331075
35370598  5894946
35164594  11454387
35327271  16470699
35151735  24025940
35354884  35331267
35135445  6980813
35409252  3604310
35412559  29249986
35412863  30730861
35412828  32949626
35412908  5554734
35412983  12769982
35412674  10707360
35412884  21839692
4508145  2915705
35413204  12573816
35410922  1797576
35413184  9003283
35413308  11552877
35413373  492994
35412953  22822465
35412971  27073051
35413627  31560080
35413150  8130134
35413659  5176815
35413961  708649
35413519  14834267
35413722  2496710
35414091  4660142
35414132  5147397
35414059  9085839
35414326  1092463
35412671  24644436
35401742  18050071
35402039  18050071
35407440  18050071
35408457  18050071
35414394  13748124
35413849  13901691
35414376  2510829
35414487  19600526
35407521  12593653
35414665  15986677
35414520  7907733
35244993  1661369
35408654  5440657
35415019  17290144
35414205  16628088
35406568  10386310
35415280  218384
35415186  6729605
35415061  4698538
35413382  14306048
35415342  4660142
35414667  32024551
35405374  35265441
35410498  474528
35415662  4643074
35221355  24200888
35391213  3898130
35414346  30415980
35415721  60174
35415930  22745716
35416047  10867882
35415978  10199229
35415978  204444
35416088  5865069
35414981  5465923
35416138  2063480
35391559  31222397
35415545  35409319
35402321  34480760
35415856  10301392
35395475  15306665
35416462  8904782
35370149  32133792
35416494  11321491
35288485  35226781
35416672  3910412
35416632  194397
20102272  1286461
35408633  9655181
35416770  23294658
35412263  218384
35416771  11922383
35415608  4244896
35413423  12622123
35417065  4788596
35408001  35399373
35417133  35414589
35415975  11199328
35417276  2973202
35415345  6991471
35402238  7466829
35417457  1751301
35393277  8409024
35378706  19745091
35378706  1275735
35417720  14795726
35417681  12573816
35414511  32038226
18321092  8164567
35416871  19718634
35417845  7058339
7006695  409348
35417873  4685173
11956374  2047414
35407107  27033823
35417875  8777724
35417226  12573816
35417232  9747157
35417406  1299871
35418351  35357431
35417987  12745601
35417326  2311303
35418430  3162116
35418494  431866
35415717  9564489
35411203  218384
35418476  16338281
35418681  3737139
35416679  23187145
35418871  3049070
35414383  28589092
35299129  12573816
35418261  14220321
35419049  10942848
35418417  15541873
35200647  4660142
33924815  5636375
35419395  11536764
35419323  7467557
35419483  279170
35419050  2602013
35419592  6088409
35419578  2587669
35418114  11321491
35416996  35384411
35416996  10063497
5538149  527719
5534446  527719
35419577  6546871
35419889  30758040
35419898  14220321
35419780  7911776
35419710  21308436
35419990  29140402
35419750  14127381
35420051  14933577
35420184  17108541
35419985  26580723
35419991  13148888
13971323  14908629
35420387  218384
35420070  12697818
35420520  7014903
35420476  2158395
35420657  5554734
35375239  12769982
35420742  4660142
35420557  17432039
35420683  18130081
35398309  9248798
35421004  218384
35420869  25430786
35417409  12884573
35418684  151026
35416818  27839105
35415164  26038285
35415196  23811315
35402035  218384
35412043  218384
35406221  22797768
35402288  240546
35400576  218384
35400576  18171825
35246546  32530769
35420571  7694501
35421031  14429389
35421365  3144610
35421342  33949435
35421011  29955133
35417030  4660142
35421457  2765999
35421469  279170
35421305  15180821
35400493  1040868
35421563  3059044
35421624  240178
35421673  27974021
35420992  35412166
35117814  35119709
35421411  14805547
35166864  35180741
35418231  18157501
35421868  35035174
35421294  30866197
35421564  17375906
35420892  32798730
35421884  2038865
35422086  12734721
35420422  14220321
35421156  35421000
35422234  9327142
35422204  21271804
35420151  2559527
35422456  393053
35421049  35403810
35422477  4956584
35422668  13102045
35422687  182197
35422681  26365410
35422768  35421703
35422163  10440792
35412476  12817099
35421799  23340150
35400088  12227993
35414266  8467545
35415747  14220321
35423120  14220321
35421875  25354844
35423371  35040060
35415783  17364127
35423450  4244896
35350264  19065536
35391569  35401926
35423119  12296624
35423890  383947
35423847  295104
35420612  11321491
35423581  8183191
35424131  31564776
35401764  27765599
35424485  11922383
35269915  4644524
35424088  19602187
35424617  4660142
35424759  4660142
35424940  11430022
35425245  218384
35424943  25272919
35425303  20613841
35409434  32518168
35425778  1585390
35425239  35359104
35426069  17591147
35425247  507191
35426126  664314
35426247  14078351
35426193  20669596
35426436  513832
35425773  5050630
35425315  513084
10971999  3168944
35424643  218384
35426903  3796266
35426983  615105
33205964  12585086
35427171  16707249
35424280  218384
35425890  32118727
35427413  218384
35425180  35240017
35427371  22984438
35426025  18664579
35427534  25832429
35427895  17779293
35427879  24900875
30881368  14798262
35428117  12769982
35427931  4436805
35428251  15790432
35427630  12900398
35427893  10569438
35428298  34578854
35428318  7771586
35427866  11898588
35428928  203198
35428273  35407844
35428978  7727322
35428596  4945178
35401508  19039972
35423367  35420847
35428024  4842765
35429045  1138460
35429055  2403990
35429263  20035101
35427694  11446893
35429353  13840429
35429372  18387993
35421385  34249025
35429540  14028959
35428703  1881922
35429678  203198
35421512  34827446
35429476  2154119
35429858  5395308
35430010  4101784
35430018  7130314
35430024  26553245
35430191  12603824
35430356  35390887
35430449  14483629
35430164  158706
35430674  16338281
35402862  35390072
35430177  30208481
35430751  259297
35430182  8459903
35430320  23584120
35431014  18122023
35430799  513832
35431132  1051182
35430736  24062509
35403938  35402862
35431437  14036022
35431305  5620324
35431435  15855222
35431680  16137713
35431628  13075415
35431795  19075671
35431871  13840429
35431850  14220321
35431420  180986
35401031  28941353
35431962  31097016
35431964  27690834
35432206  3643555
35430844  15014333
35432468  4968406
35432526  478898
35430994  32646920
35432713  14171794
35432416  12410016
35432890  13149851
35424899  371
35425765  18050071
35432858  5712195
19186121  13689264
35433139  1494953
17218315  13689264
35432952  2265357
35432710  9317889
35433538  4396634
35430741  12573816
35433542  23980733
35433619  32728860
35433337  312443
35432668  13133126
19492683  11407747
35433846  279170
35433682  14570297
35424594  34527287
35433690  7312414
35431532  768431
35434106  218384
35434035  2907335
35430924  9391838
35429558  2456768
35430667  8028957
35417305  35429144
35434236  14220321
35434445  3737139
35434532  14133780
35434530  17640754
35434547  34011895
35434618  4261133
35434743  218384
35434725  14220321
35434635  29647960
35434794  4261133
35434574  16030084
35430306  4492678
35434723  661028
35434874  23059820
35433399  218384
35434865  24917917
35435001  768431
35381252  34595492
35435320  77632
35435347  356809
35435441  2743174
35435321  279170
35344476  18917141
35435593  4261133
35435803  9257505
35435671  1667257
13190436  11040707
35435099  378415
35434823  30644676
34088890  18405307
35436381  5950155
35436292  2520694
17118845  17976140
35436455  5545649
35436434  2864673
35436942  30299093
35436632  29308898
35437289  203198
35436368  17878632
35437472  6102948
35437500  20316870
35437565  8579657
35437736  20627138
35437104  17777704
35434777  1437002
35436254  750486
35437894  13532784
35437811  11321491
35437926  35437027
35438076  547172
35438008  34761693
35437958  16030084
35438009  415403
35438219  1602934
35438155  6923722
21676835  4955007
35437521  35413552
35423903  35388734
35437254  2481819
35438569  21638780
35438787  4176328
35438793  5422955
35438766  35411871
35438917  21601249
35152302  5210535
35438863  60174
35439319  588004
35438835  21670105
35214642  27069320
35288533  31264172
35439091  271440
35439488  5744768
35439520  7271385
35438931  8767166
35439724  23494950
35439823  495021
35439706  16424257
35439757  28571848
35439077  32949626
35434545  34595492
35438900  34785417
35440232  27511349
35440344  2612802
35440398  5002848
35440369  1647260
35440068  4660142
35440519  18050071
35440510  11321491
35439335  21265629
35353977  4073069
35440744  4660142
35440057  33581814
35440809  218384
35440691  4660142
35438134  24320088
24320088  32608006
11368994  11005842
35441056  12771381
35440654  29980379
29194247  27588296
35441514  10624755
35413809  35411309
35430168  5706963
35441667  3577641
35441771  2446764
35441234  4261133
35441834  1373164
35397773  4239685
35440764  203198
35441666  22321769
35441666  2236747
35442098  4176328
35373086  9113060
35442197  11321491
35442107  25623272
35442107  30743408
35441211  10807804
35442310  18050071
35442492  2379859
35442282  301134
35442613  30266983
35442424  5587264
35441327  11144513
35442645  34925668
35442508  34866539
35139241  30946991
35442929  218384
35430157  10195343
35439524  30094047
35443430  8396407
35442735  4258700
35443384  625799
35443384  20205215
35443653  401656
15317002  10190685
35443385  3627107
35443732  5319840
35443928  240178
35443713  11140263
35443714  35287635
35443833  28031289
35444069  1014861
35444104  824295
35444186  5620885
35444083  4398966
35444332  4804298
35442455  111102
28238684  2868429
35444700  20238829
35444241  6260457
35444843  4421706
35444916  1691646
35444512  11353287
35420470  21753792
35444188  79923
35445062  44917
35445202  33138129
35432211  33878370
35445384  11776476
35445486  24371259
35443222  13356486
35445421  2652630
35445553  9004245
35139826  9571666
35445670  4616202
35445698  26327391
35445970  9809166
35440871  26535131
35446035  4261133
35446001  23405852
35446309  16785175
35430425  31438999
35446464  1732140
35446564  35444557
35446473  18050071
35446598  807998
35446621  9393532
35446260  18198767
35446758  18050071
35446811  817218
35446645  12340773
35446723  5705927
35444558  35446692
35446891  29140402
35446268  24857986
35446933  7996695
3284112  1999654
35353764  18257539
35447056  32568261
1761748  32568261
32021344  32568261
26651475  32568261
18754523  32568261
30404903  32568261
31211470  32568261
35412695  32568261
35398867  218384
35381858  32568261
35354640  32568261
35316973  32568261
35236787  32568261
35218850  32568261
35215566  32568261
26579073  32568261
34678825  32568261
25895094  32568261
24682478  32568261
24455465  32568261
23280052  32568261
34962801  3505701
654486  32568261
27843140  32568261
35212175  32568261
35158573  32568261
35144232  32568261
35120615  32568261
35118583  32568261
35111991  32568261
35069818  32568261
35022105  32568261
34975102  32568261
34814237  32568261
35447234  495021
34786330  32568261
26301898  32568261
20585654  32568261
7734778  32568261
16344385  32568261
28541709  32568261
34779021  32568261
34714041  32568261
34667175  32568261
35447588  750486
35447726  14028959
35447192  19505360
35447862  4660142
35447276  13965740
35447658  2710748
35447877  15699192
35439801  35153942
35389219  35385753
35445551  10256412
35447970  33975947
35423926  35408133
35447918  30445828
35448558  336859
35448373  28804647
35448983  4366533
35427011  17229350
35449065  56107
35449370  10773132
35449534  3487531
35449564  35425890
35449560  632475
35449573  3730923
35449725  12986386
35449940  367626
35449969  8586141
35450138  409784
35450135  4393716
35447034  7856143
35449406  7841075
35449584  35397453
35450421  3076414
35449442  30541244
35450737  21478182
35450904  31981871
35450393  35323175
35449075  33128024
35451347  2848689
35451151  7556400
35450909  495021
35448439  30128395
35451333  9809166
35428599  13008242
35451364  12185768
35451216  20574141
35394020  6270782
35451681  9123625
35451787  32755709
35451861  7519618
35451928  496896
35451850  1023068
35452271  1712708
35442788  1109113
19038633  29776035
35452364  9466265
35452223  5812493
35452472  30500830
35452238  27227198
35452274  29776035
35444905  3078701
35452109  33672836
35452340  23863345
35452623  23667086
31070424  2161054
35449381  1281641
35453014  218384
35367838  27526753
35453140  486563
35452888  32110321
35453168  6087728
35453130  30883151
35453247  411103
35453247  15556535
35451318  16850207
35446498  270510
35433144  31004899
35453187  14321012
35452545  4350440
35453528  3553698
35453553  15156840
35453776  4261133
35452928  24781213
35453493  1420381
35453308  2009228
35441351  26811212
35447818  5992715
35454010  10611170
35454135  409784
35454034  18417899
35454435  588004
35454489  9886266
35441073  4208458
35404180  32216857
35453869  7255293
35454765  3737139
35454937  4660142
35455168  513832
35455168  11170833
35455075  17160071
35440223  10837946
35455436  24593783
35455455  13102045
35454397  218384
35442505  24459559
35450256  2519773
35455771  358874
35454806  18678853
35455724  30680938
34416028  35455706
35455507  18050071
28041265  3078701
35455857  23047052
35445810  388180
35455506  3027834
16914671  3027834
