35455965  18351951
35446844  20590239
23342053  3027834
35007711  34996140
35456064  218384
35455905  1427608
35455905  18564843
35456435  4825365
35455910  16114024
35377767  35379409
35456485  806000
35456767  32822101
35455927  3481828
35455915  7543846
35457046  23353173
35436798  34575451
35457318  5595425
35298572  4674849
35457317  24289298
35457317  296972
35457461  369602
35447236  26250894
35457244  28250680
13593902  18130164
35457316  29775893
35457596  4871051
35458010  16959576
35457976  18328730
35458132  32949626
35457589  14189440
35458028  3985214
27005466  16981921
35458434  16616250
35458483  3725546
35413710  21105403
35458535  7852101
35458328  23569441
35458495  13932750
35458594  951021
35458558  12573816
35457979  6834487
35458074  1359018
35044841  1884753
35434692  35427278
35458656  24529152
35458729  218384
35456694  34050263
32940793  23521314
35448980  35445253
35459242  43021
35458373  35406606
35458788  2500462
35459467  203198
35456307  13081532
35458903  1985941
35459528  273313
35459663  26177776
35457724  8556816
35457397  65865
35459733  9432226
35459948  203198
35446746  15148796
35445179  7014903
7971506  17371197
35460143  8207325
9553715  15148796
35460110  15300073
35459401  33814005
35460542  542938
18166552  7103531
35460568  16433781
35460640  750486
35450237  1493936
35460638  2422468
35460697  12573816
35460828  4263796
35460935  5547162
35456753  29336182
35452624  8018435
35460834  29719050
35461074  592396
35456063  21635504
35456063  35335337
35452609  13893498
35452609  15610788
35460400  3199747
35452622  13385772
35430810  25471114
35460957  12573816
35460967  32121353
35461330  952924
35459787  8212699
20683897  3645491
35460312  16175178
35461538  2765999
35449795  25385173
35460149  1014861
35462079  4893436
35462150  27876923
35462183  14028959
35462061  54566
31411382  24739294
35462326  28387421
35462081  2192547
35462454  40730
35462538  23559341
35458959  2236197
35462329  4330072
35462461  10007261
35458471  18042999
35462481  4801895
35463038  1461077
35463455  10150579
35426364  241145
35463498  218384
35463410  266115
35463461  806000
35463679  12573816
35464124  231767
35463860  21881992
35460626  35456738
35454827  35359104
35452560  35359104
35464038  35443556
35461362  270510
35461362  35446498
35464416  306313
35464069  28603224
35434450  9321040
35453953  11425660
35451817  31934144
35460109  371
35464913  495021
35464685  9670469
35463793  13728485
35459434  16807044
35464954  4660142
35465310  12434021
35423925  35422839
35465112  4261133
35406072  35381702
35412292  25367017
35465613  2559527
35465528  1015142
35419804  17978883
35465671  750486
35465110  19384659
35465913  2972212
35464884  30051634
35466054  2185872
35465950  1912434
5071964  4634196
35465544  7022390
35452324  20077487
35465858  1699958
35466421  5117127
35446923  31590214
35466444  22622434
35446263  23667086
35465930  16942193
35466528  914715
35466708  18050071
35462490  3418128
35465338  218384
35466854  31613748
35466235  218384
35466917  19976487
35466323  33592699
35398571  27661640
35466303  1921865
35467143  218384
35467153  13962789
35467421  16338281
35290303  6343166
35465548  8733025
34553612  31795158
35465706  907360
35467564  15757665
35458647  7455046
35467590  10844205
35168454  25878958
35467626  33914808
35440534  10794532
35467633  30094047
35467868  12585461
35433303  11651856
35468132  750486
35467920  4930398
35467999  3577641
35455367  29383578
35462893  13728485
35468313  14486367
35432095  9391137
35468393  218384
35467968  33340448
35437056  35375918
35227087  4264127
35461523  29293637
35352182  8082932
35468668  25854300
35468588  31807799
35458160  2997218
35468772  14220321
35468882  18050071
35469019  33656708
35466111  23865481
35469274  513832
35469279  29140402
35469283  23479544
35469281  25706216
35469158  437150
35469377  19562103
35444322  19482739
35465500  8627902
35467764  23158015
35469557  5918079
35411205  2331509
35469592  5542080
35455239  2973202
35467050  23962543
35466582  9085839
35468400  8377291
35469589  1627014
35469772  20306659
35469770  14230372
35469834  18470094
35470055  2765999
35470055  19827119
35469984  1090869
35469631  1609637
35465998  4351337
35443794  21982987
32568261  5554734
35470505  495021
35469807  14220321
35469682  35467747
10330369  19394824
35470515  1014861
35470661  1533519
35469565  4677237
35470526  16244006
35430045  19093603
35470725  4792242
35470997  6581848
35470875  5710391
35471287  18050071
35391016  319530
35470547  4988226
35471282  3987428
35469437  5441885
35425927  16036572
35471788  203198
35471723  24729141
35471799  16079931
13227169  11822238
35471387  19969436
35471914  35467141
35471669  1473996
35472041  26469143
35472080  1057431
35472228  5960678
35471904  4732672
35472014  3605786
35458911  32223835
35471032  35373835
35472637  5314186
35472133  5245737
35453369  35431072
35472561  9898968
35471570  10373077
35472919  2274242
35472864  495021
35472090  9004307
35473378  13102045
35473608  2723397
35473632  1913098
35472112  16385427
35473691  26363050
35473648  6720664
35473834  164194
35473156  22328442
35473822  30740560
35123033  17516049
35474081  912334
15920276  1583219
35474425  10937225
35473652  203198
35469037  28477572
35474376  10464344
35473679  218384
35463751  12573816
35474828  21060428
35363409  5444394
35474074  3512471
35473977  26368288
35460656  17026204
35474518  28110633
35460862  4802887
35475348  26561461
35475578  495021
35475623  11821303
35475965  3222649
35472983  4251540
35465166  22458575
35465166  10490344
12682715  15148796
5346896  15148796
28759683  15148796
35476094  27504508
18708849  15148796
35474129  35357577
30851050  17230837
35455460  750486
35474651  18050071
35430237  4668619
35475948  30912978
35476116  10092869
35470800  3411530
35450287  6564212
15148796  10358547
35476761  21328385
27504508  6792197
35476892  4124664
35477268  9466265
35475293  35477001
35474726  18005984
35475125  14158331
35477322  12004603
35472882  20663614
35476982  5947661
35476650  1609637
35475735  31567994
35477549  5366285
35470673  29133563
35477824  111368
35468756  32584850
35476532  218384
35477654  1088552
35474089  19004783
35477838  717725
35478032  7334644
35475470  3468150
35478131  3127429
35478224  35472091
35478083  1716296
35477354  421257
35472231  23353173
35477676  21567291
35472187  218384
35366471  21179922
35366471  10839799
35478362  513832
35478314  1643067
35478314  7520432
35478521  30445828
35478203  218384
35467126  18664579
35478486  12769982
35478597  1787249
35433016  1521462
35478821  610245
35469750  218384
35471254  4983951
7451817  10358547
35474810  2945862
35479498  5286451
35479612  1019793
35479603  2098759
35479603  4577103
35479941  2784514
35480043  18050071
35154649  14920801
35480151  12769982
35480151  4261133
35479738  19634426
35480023  5635885
35469949  17364127
35480284  6987282
35480540  4261133
35476654  16511382
35480312  10769964
24466835  31664485
35475100  31664485
35474980  14615590
35476284  7745855
35479833  23925315
35480892  3125296
35481126  7286532
35476751  33641962
35481148  1083550
35481206  218384
35481397  6369313
35481521  24293376
35481301  3429031
35481551  2111857
35481551  745172
35480967  32648371
35475388  8564047
35476770  2973202
35478289  1263680
35479055  5121495
1329647  4398951
35479842  20562860
35482057  35479703
35481418  24715864
35480374  1981815
35482235  19418486
35445324  35446032
35482255  218384
35481008  35434026
35451038  125281
35482407  31764532
35482439  613183
35482409  27484135
35482512  3961217
35482710  22793006
35482725  2673367
35480414  729921
35482659  2779484
35482814  12769982
35482903  26663371
35482829  218384
35480950  22612790
35480286  35443337
35481002  35480041
35482585  218384
35481478  9749746
35477327  19274789
35477327  12396236
35482884  30176121
35483331  413898
15245718  10808930
35483512  3674725
35483700  3167154
35483667  3775373
35474343  7042340
35483962  40480
35481367  20279484
35484115  36901
35484254  22173762
35484276  513832
35483777  14105955
35484240  4010775
35484318  14220321
35484164  2126522
35484303  2699086
35484249  32949626
35484375  19716310
14525829  14564333
35484592  11321491
35484717  15209831
35483799  218384
35475522  20176673
35484269  146576
35448069  31301810
35484190  60208
35484983  5932214
35482889  10874686
35481817  964397
35485286  2121548
35484794  6375873
35475044  28241267
35478949  12475850
35485555  15178323
35485577  5554734
35485370  3164505
35485607  124417
35485265  1846202
35484358  23202228
35486126  6270004
35450748  23309124
35486027  9655164
35479821  23812915
35470344  24105687
35486094  18379238
35459498  2344964
35438242  16493698
35486374  7861775
35486353  1834703
35486596  111368
35483672  31013221
35473590  18193281
35486407  9652944
35457958  35390072
35457958  35449584
35484739  25504149
35486506  85992
35482156  120656
35478751  125341
35478751  6412896
35486454  2973202
35486159  13456161
35486320  7378692
35486373  18806210
35485531  4112686
35487331  18233122
35486884  18119433
35487227  24644436
35473946  21307406
35487225  60174
35487225  1290975
35483833  18341767
35487146  1239026
35487474  2546314
35487249  32109490
35487761  35485602
24606215  11418039
35488224  9205081
35488051  17434
35476022  24723431
35488368  12859942
35488483  3085696
35488089  15248021
35488619  19162331
35486446  19019720
35230534  35486869
35488942  18686903
35474256  30577145
35488944  1678520
35489167  8115683
35489202  20035101
35489026  25226051
35489427  2674707
35489409  218384
35489599  12573816
35489445  285015
35489619  3270680
35489619  22436124
35489812  4261133
35482296  17062219
35489431  35464067
35459462  30355095
35489784  33844100
35488202  9216553
35488014  15556929
35489947  15786129
22790222  15786129
35490420  152580
35489226  23718419
35490392  383947
35490761  30518817
35490780  21522341
35490933  15451335
35491046  4706499
35491292  23446377
35491321  1769586
35491664  23353173
35488983  6960426
35491686  17498216
35209357  1525921
35407395  4493279
35490559  3246237
35491886  513832
35491120  17976140
35490697  15927033
35491943  60174
35492001  8872254
35492177  3434278
35482657  30094047
35492451  14008664
35463348  25748683
35492564  2591098
35267306  10581896
35267417  8493589
35487931  218384
35483659  26700924
35492824  15176104
35492558  11321491
12615848  11435200
35492603  11774265
35492974  4736
35492937  24001778
35492935  10027664
35492932  4227223
35492020  4839244
35430144  20030873
35493187  626759
29751110  31131899
35493413  35472091
35463457  32090832
35493435  2721546
35493470  476679
35426745  218384
35442101  29370806
35492182  16371129
35493659  6486450
35493583  19078461
35493583  218384
35493853  676824
35493899  21122540
35493971  3065409
35493926  18050071
35493501  5136611
35492936  7397207
35493884  29508905
35494058  6233086
35494150  273192
35494221  33603853
35494335  31044
35493913  4261133
35494372  14220321
35451141  4799669
35451141  10080644
35264222  4983150
35494435  6424105
35494710  14028959
35476725  16200901
16947883  1917014
35494787  23232083
35476642  3326403
35495071  2411270
35494827  18983138
35494942  7646392
35495241  12949690
35495245  23667086
35471245  973571
35495336  22886791
35495330  394767
35495405  798545
35495449  218384
35495567  78536
35494963  27790382
35495853  900585
35495704  3954216
35495322  14220321
35494770  32608006
35476596  8551735
35495963  6438086
35496034  9196525
35495919  31362292
35471734  10450348
35495040  17591490
35494511  11774265
35496447  14643684
35496458  201183
35495153  27903381
35495194  34276034
35496028  12293158
35496154  495021
3491445  5554734
35490185  27524415
35496313  1169456
35496045  28011341
35495892  35470169
35495671  35494726
35471434  20234748
35497018  4959975
35497018  1527803
35472826  9877301
35497218  10611170
35357493  10712528
35482437  34117374
35497374  29799857
35427465  6837543
35442166  6784463
35497326  2207219
35496925  32223835
35497965  14060002
35496383  4364823
35498208  14897904
35498261  33975947
35498123  4255472
35498194  9393038
35498411  218384
26078778  22569356
35498709  8808878
35405407  3331992
35499046  218384
35490948  26577496
35498968  17530572
35498432  1247745
35499204  4660142
35499013  26592785
35498136  4667714
35499225  940382
35498717  132725
35499120  14928656
35499702  2612802
35494218  30257811
35476114  24588838
35499863  7367381
35499075  4227223
35499905  28533483
35499816  33974383
35494593  513832
35500146  3088059
35485769  35236279
35500209  10844064
8980753  32568261
35500625  3561493
17221553  32568261
23230882  32568261
23206831  32568261
13886276  32568261
35478974  35002660
35500526  1374660
35500792  6503586
17764264  32568261
35500735  29288848
35387005  6438697
35498492  21780252
35500716  10267910
35500201  2597083
35500201  2201925
35499734  16382461
35499301  20869993
35499221  2458049
35491707  218384
35498548  12459181
35499222  10093176
35498691  3324717
35497595  62289
35498141  2242878
35497867  25967639
35497771  513832
35497357  23170448
35495932  9373081
35495907  13828461
35496007  32664939
35496115  9424364
35495421  9998221
35495190  19565857
35493633  4308554
35481659  19602727
35493641  19602727
35490633  5243726
35491881  28908135
35491998  309424
35489631  218384
35489354  62289
35488782  18794504
35487979  2018257
10772271  31260549
35485501  2448843
35482452  2946338
35482123  218384
35482718  956900
35482092  12935204
35481964  304319
35501154  200574
35501258  10267910
35500974  21467642
35501356  4660142
35501015  28656343
35499953  33593772
35499953  15034726
35501228  2308188
35501801  5407182
33914339  13955813
35496934  11435354
35479543  9221810
35480619  28566190
35500069  6996176
35486666  33918456
35479265  28606689
35479265  9822076
35502699  22909329
35502704  17364127
35502626  11924685
35502554  8113874
35502746  218384
35502827  12357126
35499980  35314178
35373771  4074520
35502956  16778336
35502956  805463
35503214  9
35503162  35502946
35503532  5890584
35503741  12310978
35488517  2299469
35502500  29951327
35491406  7133575
35503832  19966133
35199916  1675351
35502443  2144165
35498162  33878370
35502707  33878370
35502707  35498162
35115661  35110167
35504587  7014903
35504184  34326371
35504398  16904741
35501793  65865
31926022  5665599
35504796  30680938
35504796  1544176
35504778  12959415
35504579  31512309
35504969  4651437
35505044  1410563
35505231  6215782
35505422  5554734
35504888  371
35501531  24644436
35502673  20316870
35505396  31692355
35504260  11321491
35504259  4261133
35505771  3737139
35481678  4789837
35487417  9347282
35462100  33925096
35505982  14154290
35505844  8321514
35506121  977796
35221108  5117127
35202945  35270668
35505734  10973958
35506248  13798557
35506342  538060
35506355  1917576
25227320  22639485
35506703  25192108
35506634  9835762
35502762  15713243
35506667  51185
35506462  13562261
35506462  16769926
35506854  23446377
35506875  10421178
35506963  32131987
35507010  5364278
35491938  4244896
35507199  20357570
35507439  4172722
35507487  161633
35507626  4261133
35507686  11573919
35507736  1584370
35507272  787700
35507584  35307634
35507780  4836710
35493800  16280684
35507821  10701504
35506409  18050071
35507250  18050071
35508120  8887794
35507970  73663
35508215  24205193
35508225  4244896
35502109  34926995
35506878  24824732
35508218  14543050
35508554  14543050
35508576  5708986
35508576  5672862
35507953  31019798
35439507  28932450
35508791  180986
35508865  12065885
35508719  5327534
35508895  35491933
35508944  306313
35508949  16217333
35508917  3508605
35504337  4471001
35509181  1296646
35509002  6003883
35509141  4660142
35509328  31206735
35507568  2232706
35509488  4261133
35507967  23940028
35509480  35407001
35505428  13344387
35509502  2090092
35509575  745756
35509648  599161
35508442  7073484
35509469  15254195
35500993  16356052
35509797  35505467
35509770  71328
35509727  3561493
35509741  35370343
35509926  6206001
24744718  10724428
35506376  488963
35416641  19504350
35416641  22311440
20585810  11564091
35510116  35488361
35508913  543319
35510475  13603098
35510506  13150131
35509243  2409126
35510803  187537
35510740  1966300
35509330  24621401
35510938  7397768
12125961  32214152
35508923  5355724
35507814  32270030
35510939  21371877
35510939  459643
35511124  218384
35511144  2685345
35479208  218384
20748848  2289183
35511336  623172
35511505  12573816
27304193  18427849
35511299  1630631
35511299  3092006
35511044  7352099
35511800  14220321
35506227  686439
35511692  1026069
35506861  33808862
35503743  21857967
35499718  1500498
35509506  34412103
35512044  11321491
35512256  1120140
35511688  360141
35508647  24551816
35512352  8459903
35511999  4216745
35512318  27679693
35512590  2732063
35512695  31764532
35512913  15112125
35513061  31708216
35512998  35501385
35508800  21278796
35513208  13059729
35512459  17127310
35513273  218384
35513171  9068154
35512372  5621178
35513543  4216745
35513361  6058139
35513551  995593
35512648  9966136
35497770  35472971
35512534  21177270
35453198  4216745
35399989  215497
35513795  6419563
35456093  218384
35453916  2690207
35513954  15004944
35513659  35510103
35513462  18212697
35514246  513832
35514236  4951442
35514300  8660691
35514103  35387215
35514434  4176328
35514327  14861927
35509289  11045653
35514632  2785612
35514580  3456177
35514784  1102392
35514483  12769982
35402591  35388850
35514534  12769982
35514965  16777534
35514992  15977808
35513712  19578796
35514962  4660142
35514572  34982834
35512220  8707183
35515295  30680938
35512151  28526768
35514436  218384
35515520  24644436
35511980  24644436
35515571  14644716
35515334  676078
35512591  35515295
35512191  1191374
35515868  513832
35515155  4114095
35515740  12877468
35515416  18552487
35515802  1322194
35461780  5259714
35516069  1132941
35516173  2802055
35516245  218384
33529593  3403973
35514909  10464992
2361674  1358510
35516597  218384
35516466  157933
35099553  33367401
35459711  19358067
35463343  33786662
35516827  218384
35517001  33069692
35517157  2559527
35516622  18476138
35517396  17498216
35517338  2269840
35258319  15301826
35517455  3019066
4662955  582637
35517444  2673495
