35517547  4002340
35517797  8528557
35517836  3468252
35517340  8735949
35517894  11321491
35518085  24644436
35511180  30290084
35518169  513832
35441629  4660142
35518493  4261133
35496951  982597
35518314  22260343
35518171  24977233
35516218  28708741
35518739  31996110
35519193  27418104
35519381  513832
35516896  2554839
35519535  6438086
35519530  20279484
35519608  14220321
35519209  3691940
35519812  22937618
35519260  1445907
35473666  3482346
35519864  14387690
35519902  4004550
35520044  13102045
35519804  409784
35518400  29404980
35518487  23640594
35514427  6099066
35516517  3832792
35517866  7927716
35520798  33853071
35518783  13542944
35473053  35448860
35520862  10255273
35520312  10749170
35520979  4474754
35519499  35120939
35519955  1665730
35521286  4660142
35516766  12065885
35512635  12065885
21002523  1414876
5976475  1414876
35519309  218384
35503935  872072
11614761  33669258
35521776  205853
35522122  4660142
35521426  9574703
35522378  18050071
35522116  16642604
35519921  10876105
35522593  14220321
35522693  29511891
35522690  9238795
35522672  4660142
35521946  35490107
35522749  15005500
35447204  35464421
35464421  17418194
35523053  203198
35523021  35521447
35523182  35523098
35522933  1195896
35519656  673087
35522287  12573816
35523352  218384
35522949  544010
35523580  33852583
35521801  10892463
35286926  11686642
35523740  30003519
30886336  30003519
34960166  30003519
35517619  5048852
35522483  11087613
35523863  17769429
35521328  32061254
35523774  1545501
35521664  4261133
35523188  17441927
23745401  4660142
35523653  33401442
35523964  513832
35523782  6441218
35524111  14220321
35524389  218384
35523995  7986978
35524386  9483444
35524657  15211137
35524661  18050071
35524671  3264370
35492385  3763937
35524815  5656056
35524907  1696751
35517820  5150637
35524753  10890813
35523618  35517588
35524941  29995502
35516393  35382139
35525254  7060016
35525011  218384
35525273  5761117
35524660  1103460
35525171  218384
35497299  2649213
35525302  31527754
35525538  5890584
2670982  521171
5303539  521171
35513751  4843173
35525614  6824129
35525655  5890584
35525696  18082
35525158  18050071
35525683  18050071
35525718  19366401
35520450  10225098
35516104  5473
35525875  7220681
35525770  21919962
35524230  7389065
35526009  919244
35526123  6952363
35526354  20279484
35498336  2486191
35526675  20778771
35526749  32205413
35526715  16628088
35526715  11175131
35526845  1474030
35526275  218384
35526834  15844443
589433  15844443
35526886  6264249
35527069  682615
35527024  2393345
35527068  18060242
35527030  7209794
35526634  35524433
35527128  268587
35527010  1065435
35527133  218384
35527270  2140627
35524964  16335305
35521663  14337351
35527523  9723912
35527634  6337296
35526676  218384
35526676  25944608
35527554  4643074
35527640  6857468
35521311  9989414
35521311  19025868
35526340  9607903
35527901  3194278
35527798  16911343
35520481  35519152
35528270  218384
35526883  13047321
35527463  2194992
35528123  141368
35515535  2679524
35528102  7117873
35527749  23446377
35528209  2505328
35527119  29140402
35528384  2113069
35528529  218384
35528563  24010109
35525039  3988788
35528702  164194
35528670  15839169
35528670  3869535
35523947  35326818
35527838  18927720
35528698  35525553
35528509  21562973
35528706  35120454
35528428  513832
35528918  3127429
35528918  710542
35216921  8513740
35252002  16607737
25145698  7389065
35529076  1174300
35529076  19583312
35528867  14801384
35528675  470542
35505152  16798796
35529496  218384
35529440  1894269
35490544  20584233
35529398  20830067
35529797  2535760
35529819  24644436
35529655  24644436
35529675  24991791
35529893  27581
35529925  21982987
35530039  12229064
35527813  24625335
35529543  10367698
35530169  111102
35530298  218384
35530367  139076
35530406  2823211
35530388  306400
35530468  11264684
2427486  4928271
4501472  4928271
27413794  13285826
35530480  12623272
35425133  2993332
35530654  513832
35530813  35530360
35530739  182287
35530738  332030
35530878  218384
35502906  915128
35531070  495021
35531000  47752
35319501  18098585
35531451  13102045
35531711  13317684
35530911  2890271
35530911  8883483
35509728  217961
35526284  20705928
35523128  32108362
35395626  20043313
35497315  15803266
35531404  31938812
35525937  1873983
35528181  35530402
35524861  8266726
35532348  6313621
35532397  25898733
35532174  18997773
35532760  4040001
35532887  4244896
35532079  7616020
35523540  5545649
35528347  35522717
11654171  6666382
35530134  6117501
35533483  2905556
35533464  180172
35533622  4105331
35533598  31605958
35533512  2710300
35525399  34738845
18740539  1238035
35525934  35517624
35533706  367633
18531300  19351219
17655314  19351219
35533929  4781100
34496364  18508834
8615206  2730029
35508336  4410873
35534043  513832
35414190  9544737
35533934  122102
35534120  11063588
35295610  21997286
35534354  2573135
35533792  35498692
11928756  11540962
35534413  9792664
35533935  12573816
35534129  4660142
35533964  717572
35534388  12530406
35502328  492483
35534326  27046728
35533957  1513485
35393555  31195156
35534664  1545501
35534469  21546048
35532473  218384
35534878  23148812
35531375  218384
35534904  19343433
35534899  31259673
35530625  15265605
35521639  15914237
35535016  1512933
35535085  11728846
35513197  35528029
35523729  35525276
35535302  21260674
35535344  8028957
35535236  27986173
35534770  5554734
35535439  218384
35535487  20650446
35533332  158585
35535534  6441218
35535534  4421706
35535596  2474018
35535759  1014861
35535764  14041453
35535924  4576219
35414034  20416383
35522361  8459903
35528317  14211843
35536039  35437027
35534239  19930266
35534239  20491157
35531925  6925733
35536007  35245741
35532551  7295096
11415166  3106452
35522779  11731377
35535663  13274279
35536351  3628425
35535233  503093
35535503  22635945
35536313  33666197
35536088  1986896
35536275  13944078
35530785  23417356
35536738  18884782
35536760  7020961
35536981  23350006
35536778  24917917
35536945  203198
35536398  9508518
35521528  2422468
35537320  495021
35537233  33102727
35533981  7745855
35537348  28399038
35537401  17877615
35537447  32648371
35537384  1747733
24607728  4012085
35491450  12511210
35537734  1419835
35537772  3177733
35535361  11218917
35537886  495021
35537712  658953
35537036  22323242
35533177  18050071
35538119  7870155
35538120  12593113
35537659  22358290
35538175  16184653
35538118  6432970
35532286  22496045
35537995  18055980
35535806  10904045
35538381  588004
35381869  30820093
35536967  311165
35536967  854012
35538041  35229971
35508252  18226747
35537749  3176208
35538587  1920145
35538587  9835762
35538713  218384
35522157  1960240
35531965  17984975
35538890  2075337
35538890  2194992
35539016  218384
35539044  1180860
35539032  16660729
35539115  5846004
35526268  33969024
35539202  6843030
35539092  673931
35538003  4928271
35537934  13129089
35388771  24533938
35539768  290884
35539763  13000066
35539787  686155
35539752  33234139
35539463  3988788
35539965  29670116
35540064  218384
35540048  5121495
35539504  8657337
10235503  495021
34377741  34363511
35539226  32076532
35538988  35537579
35540107  14220321
1447746  11813691
35540082  2263996
35537152  1819381
35540304  4112686
35540176  2897619
35540266  11153542
35540334  21558
35539666  218384
35540513  28727919
35540520  3016504
35540600  218384
35540623  29355774
35540569  3577641
35540535  34921008
35540739  20559150
35540677  4660142
35540941  27550228
35506370  35497071
35540963  29308898
35540394  8779631
35541114  2240862
35540953  30849150
35541228  11678779
35541214  2575048
35540933  20757594
35541285  14220321
35541333  17984975
35541294  22331218
35541438  218384
35540764  35539493
35541597  218384
12626839  11975869
35541720  35370222
35541684  2081836
35538798  4475991
35534302  33630334
27252185  23351748
35538574  34984282
35542021  600202
3182240  2393179
35536590  9589074
35542126  218384
35536358  171480
35542037  17972020
35535058  4736
35542323  2381544
35542315  25877625
27122456  25877625
35540732  2522380
35542016  6465680
35542281  20507591
35531466  7349073
35542000  11922383
35534967  26331166
35539361  2091465
35542555  19223051
35540385  541487
35542730  3679805
35542693  34706281
35523630  3577641
35538721  34366305
35522166  30780231
35542251  16197216
35537698  101100
35542211  30367547
32645925  31095710
35542615  31095710
35543056  1181246
35543123  513832
35539412  24312900
35489072  1732348
35543423  2274242
35542432  30906228
35501241  5001920
35543625  554063
35543512  11801543
35543714  15267001
35543913  6542719
35542760  10367698
35456922  5031662
35532298  6333623
35543632  9671259
35543632  4154864
35539457  1523126
35543805  12741891
35543999  35492178
35544345  19337955
35543253  35074558
35544224  11036799
35544211  35532001
35544322  29518490
35544577  8067481
35544544  9317022
35544820  2368784
31294880  27550228
33507535  27550228
35544650  4261133
35543651  30461201
34548319  23446377
35400226  2016894
35545243  3784138
35545244  27475978
35545275  14280385
35545160  10014746
35542979  23353173
35543172  22741215
35490012  35486810
35542842  513832
35542511  1688099
35538395  25385173
35542171  25385173
35541113  1671089
35539451  33303167
35538449  3389264
35538505  3481828
35538468  26712935
35537739  218384
35508416  22772379
35537210  1200621
35533905  14139774
35530824  25754454
35531264  32568261
35531264  5554734
35531206  11943948
35529710  12916774
35527820  7421612
35526561  10614718
35526162  13026189
17804969  5258307
35523119  15000143
35523499  218384
35522786  24917917
35520712  18898261
35520150  2411270
35519609  32568261
35519120  18149964
3508311  3468252
21783301  3468252
35516090  35488361
35515865  218384
19129416  26446599
19129416  3059333
35514818  24728586
35513797  218384
27063339  11050202
35511437  3910324
35509403  17443534
35541001  32211649
35545569  11629136
35539905  17677649
35545427  18514188
35545532  11408381
35545747  34366305
35544580  33018250
35545662  218384
35545779  218384
35545793  2047500
17607386  34366305
35545676  9270989
35545901  3577641
35545915  35532001
35541837  573504
35546053  29500227
35546113  3880093
35546197  2714573
35545679  12242111
35546202  11180195
35545998  10464831
35355955  28390574
10701998  8121906
35546481  18050071
35520730  30922245
35545974  23850807
35546885  60174
35546693  2248583
35529964  2532729
35546819  24715864
35547050  8135718
35543574  179123
35547237  14851367
35495342  22277563
35547438  597720
35539832  7625421
35547460  15454220
35547685  24551
35547698  1700081
35483283  34176328
35547781  8819842
35547777  35222553
35547753  4918399
35547763  8612631
35547763  2587345
35547717  35842
35547787  6758196
35547997  27741288
35547922  3124080
35548082  4660142
35548258  3406891
35548555  8028957
35547839  3409053
35544392  9069379
35543051  35541960
35542133  6724238
35548790  27747055
35546728  2386031
35548941  4660142
35544885  6890565
35549056  4660142
35548910  21764826
35548274  18653066
35548104  35547717
35432770  26642770
35549313  218384
35549218  3127429
35549218  8773579
35533390  35079012
35545898  20416828
35546621  15495371
35549797  4135317
35549919  2146862
35549737  11656532
35522909  13716723
35549249  22489398
16877199  2118656
35546820  503093
35546578  3897431
35544904  35543549
35549054  859634
35550571  29276345
10363069  4678797
35549337  4678797
35550475  15280791
35550732  7084112
35291139  246498
35550171  2714822
35550783  30094047
35550773  5214344
35550831  27338573
35550853  12032260
35551171  388242
35550967  2413829
35551284  1345827
35551357  218384
35345685  1397036
35551236  291978
35551532  1440134
35551591  2717032
35547675  21372649
35551487  19452971
35551376  25473394
35551896  14220321
35551981  11223868
35551198  4255472
35551198  5117127
35552070  35550971
35552024  19863838
35552253  10769964
35546307  32970709
35544288  17252848
35552386  22785775
35548468  13821156
35552358  15910231
35552641  35336770
35552774  23078250
35553019  12737826
35545091  9775743
35552866  23992889
35548203  32075498
35552858  3542243
35552999  13917247
35553287  626759
35257060  3800343
35257060  35248357
35553206  35549349
35550254  3890518
35553190  3754478
35552130  15148803
35551349  7216969
35553564  1912434
35553077  34491219
35552091  24644436
35551958  24205691
35551158  20001427
35553932  14480724
35553940  26274207
35549145  849813
35553984  35254893
35554141  30782517
35554186  34046756
35554211  7238450
35552588  5337337
35553266  35443821
35544038  34101715
35554217  6917329
35554545  35552622
35554498  35551721
35554453  4659929
35547826  5210535
35547826  20625660
35554750  16598213
35554303  35542648
35554976  14220321
35552081  1953377
35554896  18093928
35555175  3737139
35555287  513832
35555296  30492227
35553697  3943368
35555406  8724478
35555085  16986422
35555407  16384516
35555427  2115410
35554603  31434885
35548877  32840190
35551045  24298144
35555726  35282042
35555700  8167543
35555718  218384
35555864  8591873
35555348  5642802
35548756  32230611
35555906  23005695
35555698  29993274
35556013  451415
35555290  23316161
35556232  4421706
35551000  28770415
35490325  4088265
35556111  21814825
35556603  23484158
35556353  34004360
35556498  7459939
35554435  20009122
35556747  513832
35546188  33454533
35556686  9600587
35556735  35552622
35553486  2800066
35547181  19684617
35556882  4660142
35556850  35032182
35556994  182287
35556265  2450954
35556836  15852011
34212028  11321491
35510685  14220321
35223322  23619269
35556979  3054315
35557203  27618843
35550342  18974512
35557228  19837672
35557438  203198
19802203  2277430
12036445  192249
35557657  61870
35557382  4600190
12369204  2277430
35556005  10934745
35556962  19366401
35556022  18142148
35557996  2973202
35557603  3287651
35557384  3577641
35557950  35554741
7543978  3602927
35558350  1760221
35557627  1458633
35558467  9589292
35558690  484462
35558673  14220321
35558731  8927727
35558731  6701023
35558813  11819240
35559046  4752501
35558975  20646822
35559052  11321491
35558888  17731154
35557149  749796
35559201  12769982
35559300  1281601
35559400  6520006
35559278  4660142
35559452  4405083
35552603  2236747
35559560  5712881
35559385  5514349
35559674  9331291
35558809  16732399
35552004  12573816
35559459  29645671
35546606  10188414
35558763  10665385
35559805  13205773
35559774  4660142
35558523  1378159
35400392  4433998
35560196  12113699
35550428  11922383
35559934  2793062
35546574  10683349
35552913  1608548
35560191  16295234
35560455  4760215
35560716  11106886
35560716  4134047
35557643  1716296
35560012  5490789
35539611  7803004
35561016  4660142
35559556  400113
35561169  1358400
35558321  31255366
35561389  4086107
35556446  2395251
35557511  3106452
35509955  30013009
35561048  35555614
35561243  15209831
35561713  938733
35429202  34409969
35561742  9876460
35561153  4736
35561650  4425318
35560396  11922383
35561918  3144610
35561789  3940128
35562026  1761744
35562026  10990998
35561617  2354609
35560591  32357344
35554862  29276924
35562075  8701500
35561530  4660142
35561313  33192675
35561313  26174989
35561313  26469457
35562032  15112125
35562368  4261133
35561977  1126726
35562446  6618515
35562446  12814667
35562545  218384
35562541  22937618
35493286  5180382
35545635  35503417
35547683  35545635
35561204  513832
35562682  12732882
35555968  15745042
35555335  35540630
35563047  18050071
35562971  57483
35509684  20288351
35563176  5540701
35563140  7220681
35563138  10879045
10879045  5770341
35563317  21986194
35563120  22697073
35563120  2731542
35563239  35560752
35562765  2422468
33592841  32796001
35563249  3855862
35562464  4172677
35562464  35558076
35562437  2600361
35563522  7027288
35563777  15594780
35563216  628637
35563729  34078104
35563615  20541905
35563172  16074191
35563917  412813
35563917  434761
35564043  7976358
35563891  17759780
35559427  1184123
35561638  10741281
35561638  15740907
35564163  23667086
35564326  26958494
35520647  35511414
35564113  13049732
35564501  34879508
35562361  35535719
35562737  879176
35564570  3411287
35560801  3935001
35564568  17403498
35251606  2973202
35251606  18306038
35564897  11321491
35564933  24900875
35564925  13130257
35565017  6029743
35564993  19851331
35564993  2764017
35565055  2640625
35561397  13564224
35564980  6343166
35564940  149055
35563268  26398952
35565268  24900875
35565258  3076414
35514130  29832037
35565372  35529582
35565372  8865458
35565765  26759768
35565523  347949
35565808  30133490
35564994  28917023
35566019  23058029
35566106  4216745
35529066  12165002
35566104  1785744
35565971  272900
35566097  32275135
35566199  6343166
35541034  31584613
35565478  34041940
35560378  20609485
35566583  5843893
35566589  23569441
35566622  4654388
35544985  35280672
35566478  8019144
35566750  24644436
35566685  584714
35566105  17849522
35566823  309115
35566995  23202272
35566986  12859942
35565476  5598524
1777357  1520429
35567180  11660976
35567023  26337003
35566285  31095422
35567090  28771896
35567589  8282804
35566521  25277037
35427844  3593900
35567990  35566746
35539699  35426255
35568138  4329396
35546378  20587840
35568096  3270680
35567893  11143304
35566918  35560538
35565881  3581258
35565614  8539742
35471579  3728062
35564930  7621920
35564948  513832
35564150  363681
35467349  10734106
35562905  702415
35558661  14279866
35561523  26446599
35559899  11553042
3402735  326390
35557832  218384
35557568  218384
23289760  2277430
22901322  2277430
35568229  207000
20910696  2277430
10972459  2277430
3048515  2277430
5452490  703150
23247443  5642802
8833444  5642802
16813012  5642802
9651842  5642802
35554953  218384
35554874  2636521
35554239  13284535
35553103  24504378
35552719  19125707
35551690  15962709
35550015  11032015
35527009  5457771
35548934  11916308
35546031  5283047
27718194  35545872
35544995  7855666
35480659  3775373
35449679  1966836
35567357  24119599
35568483  9655181
35568329  8694557
35568643  5645949
35567744  33721059
35569032  6438084
35569141  11169445
35566306  25607247
35569315  2982376
35569064  1732348
35568463  1151987
35498045  4373485
35569486  771861
35494148  18676
35570041  10181729
35570166  575196
