35631152  3415582
35631405  218384
35628772  14261632
35630713  17458261
35631474  26323569
35631320  28710379
35630974  18383182
35629981  33897803
35632106  4660142
35631974  3481828
35628318  33088462
35632070  7533849
30025425  9634790
35631293  11731377
35632428  203355
5041589  484137
35336802  16000548
35632822  15112125
35138678  33088462
35632630  3252730
35632918  28109449
5335550  17042785
35612525  35631619
35633196  26508609
35609583  35629798
35633302  4496359
35631371  18228810
35633024  12859942
35623798  2358053
35631589  806000
35632502  9067685
35633620  4660142
35631947  1532693
35633591  22797768
35633565  513084
35633470  35622158
3142260  22797768
35633126  35629094
35633782  10196149
35633837  358196
35633891  24329395
35633835  901115
35633352  35026
35634157  12654631
35632864  6081439
35633847  27967186
35631395  19981771
35633807  29428227
35634356  25854300
35633725  24644436
35634569  6259982
29302120  35585035
35634612  4421706
35483473  7246137
35483473  16081831
35634687  6284524
35634774  218384
35634702  17053063
31889798  9460407
35634989  8228281
35612954  3002499
35634856  9605913
35635335  14220321
35635404  3577641
35634294  29682866
35633647  34493798
35635341  18118528
35635498  276927
35635658  1147359
35635632  1475297
35633996  3311903
35635556  3418128
35635886  477750
35636001  60174
35634299  25141768
35636092  218384
35488865  24392000
35636143  1566595
35635247  5286241
35623247  7836134
35620144  25877835
1179378  437150
35636465  7083545
35636305  5918079
35636711  11321491
35636589  4421706
35636457  14397309
35636734  4333540
35635686  513832
35636636  518000
35636969  5292372
35628994  12650170
35636526  28788583
35637080  218384
35637085  2559527
35636994  16628088
35637272  124336
35636898  5927284
35637306  4651437
35635660  35273805
35634986  8874287
35635735  25254091
35634729  2009694
35627019  5271189
35627019  7611383
35628232  48442
35637696  2320069
35637981  6839616
35637981  8377410
35638061  12573816
35638013  6478536
35638105  8654051
35634513  32888757
35637807  218384
35638191  35364792
35618225  20378045
35638346  588004
35638353  8564532
35599891  35558373
35638467  3963494
35638449  24741502
35638502  4630023
35638565  10581772
35638565  11102358
35637106  4057440
35629842  1109022
35638612  35623534
35639074  31426740
35639338  32496233
35636718  26477744
35639359  770419
35639102  17498216
35639484  2582138
151590  10240694
35639173  35621294
35639604  10344498
35639620  797964
35639752  218384
35635890  15581837
35640049  24644436
35640190  6243638
35640178  24516170
35635914  4334209
35640473  2714573
35640290  24741608
35640505  21895756
35638578  28479394
35640609  15059207
35640604  12573816
35640245  34641200
35640760  767999
35640811  22937618
35640818  3127429
35640927  4244896
35640942  2973202
35640943  513832
35640749  176918
35640047  218384
35641004  25145982
35640997  4244896
35641300  25337676
35640459  6039292
35641427  3312853
35641401  16979858
35641403  355167
35641492  26446599
35595116  35563893
35641189  35638638
35641649  2446764
35640488  35615059
35620284  1440722
35641804  3488703
35640820  2998452
35569071  5329542
35642092  8722195
35641811  35190877
35642274  35640047
35640906  2961656
35641445  746684
35642346  15585869
35642193  20563772
35642469  6776537
35642508  6394812
9677545  2218937
35642134  2158395
35641625  8739203
35641984  1469711
35642755  777261
35642648  513832
35642196  35595738
35631527  6847697
35643149  12573816
35643111  203198
35643111  750486
35643461  2927396
35643504  4976344
35643263  443687
35643731  762011
35643727  7745609
35643859  649614
35643119  1660124
35643965  13779392
35643998  8583106
35644113  22625516
35626230  30515009
35644204  1292862
35644204  3703554
35640648  1014861
35644212  18457975
35643537  20748641
35644792  12573816
35643058  15685181
35644953  513832
35461446  1380463
35532773  1597405
35643922  21567291
35643922  23136487
35644778  4547480
35455274  480214
35644922  4268341
35644954  19161093
35645116  2411062
35645069  30716599
35645191  29529488
35443691  35418582
35645733  1700081
35645733  1873832
35645947  60174
35645449  5726657
35628489  32434592
35646128  30094047
35645991  218384
35646161  12013448
35636184  17683458
35646011  16970982
35169773  10678649
35643669  17891508
35646556  3269459
23300928  18897900
35629860  23276846
35646134  24806943
35646015  218384
35647122  218384
35630966  5904080
35646739  6209730
35647366  5126616
35647187  670693
35647426  21567291
823387  4176520
35647099  30602821
35599081  1252357
35638057  26700924
35647641  1154903
35647663  218384
35647569  15472764
35647908  4395483
35571545  17487255
35648298  4216745
35648204  4765290
35647251  11605917
35648288  22097747
35631087  10347674
35641417  11864373
35647917  24743520
35646108  218384
35627033  26966843
35644966  3577641
35648664  9961292
35648181  660480
35644860  11625048
35648911  3127429
35649382  6729605
35649522  218384
35649534  218384
35646118  18441081
35649904  9549780
35649904  34361379
35649986  9393038
35650127  22937618
35648067  1091372
35649373  4747321
35650350  281045
35636665  35605103
35650650  17441927
35650344  3505701
35650838  7014903
35634624  9760383
24252705  12075725
35650615  32546614
35650257  12371198
35651159  9894013
35649560  26935453
35640169  35635126
35649695  2892931
35651262  3158730
35651786  38960
35651497  218384
35640588  588004
35641250  5767228
35646591  18050071
35591746  35603737
35650493  33823908
35648435  6110660
35651573  19517245
35651058  29710368
35631111  28316600
35651563  20002503
35652033  2262092
35649837  24946575
35640092  5916900
35652196  2814188
35649509  34799202
35622300  32404617
35400719  32404617
34799202  32404617
35652447  12769982
35652248  1299871
35643421  20497499
35652379  4706754
35652805  218384
35652455  19401403
35651451  3112946
35652812  6249095
35652956  204476
35653008  4908122
35653101  19142711
35652068  24644436
35652068  18288007
35652372  11731377
35652244  15016725
35653402  1053467
35653467  4338538
35645400  35599459
35653519  18754685
35653519  14028959
35653648  16551536
35653710  35553500
35652711  7125009
4968089  1031273
35653743  370366
35653685  1878810
35653270  9219712
35635850  1711631
35653973  4482557
35625582  26728289
35654109  225337
35654131  901115
35654119  4709660
35654029  3121746
35653695  20279484
35649570  29441441
35653585  34637105
35654256  218384
35654693  18594963
35654569  22967759
35654203  16591973
35654923  12573816
35652623  24000455
35654927  30071576
35654956  14220321
35654154  34812349
35655240  2559527
35651687  1083701
35655271  13840429
35655052  11209427
35654631  32968648
35655276  35652752
35655310  1162561
35651636  18476588
35648353  11564091
35655482  24820061
35654692  6053620
35655082  8984772
35655598  1154008
35655598  5387643
35654020  138884
35655230  23667086
35640131  24644464
35629916  32085498
35656391  4660142
35645155  20084110
35656554  24944972
35656491  218384
35656700  6953417
35656805  3255993
35656748  3174995
35656978  1101584
35657031  33690697
35642659  13299294
35651437  22892120
35649102  8533432
35657238  1894269
35657212  11461607
35657069  2298242
35655200  35402330
35580242  33838757
35657427  293311
35657716  513832
35657444  18093928
35657785  9498234
35657742  13102045
35657959  1121971
35641115  5168904
35658022  5732030
35658435  2997364
35658682  14220321
35657763  35532216
35658936  203198
35659031  4079280
35659135  6847697
35652926  20530448
35515717  15717754
35590604  11342897
35659359  24119599
35659312  35120454
35659312  1218155
35658854  35637486
35659585  2393345
35659580  21881992
35659517  19060378
35659731  15414347
35659887  24028860
35659889  35656946
35660141  35658609
35659845  5630123
35659845  1133770
35660313  7867723
35660379  3795585
35659678  218384
14254129  17268051
35656414  2118656
35661218  4280221
35660026  10448770
35661128  1985260
35554885  7010547
35660836  11938293
35658518  1296646
35661441  423379
35660969  11135464
35661543  492994
35661426  24715864
35433658  6525059
35647694  7934519
35642493  46898
35661835  1291836
35661624  2114757
35661703  8976627
35649910  22753719
35512176  20756899
35662067  3481828
35660816  218384
35547279  892905
35662245  21919962
35662105  3038901
35662241  35648390
35650648  36901
35650648  287085
35662325  9845011
35644664  5123281
35662244  35160483
35497143  6728259
35626259  35623383
35607273  2804818
35662389  12495345
35662065  35661441
35662218  4465959
35662359  34921008
35661322  26070242
35662444  13445334
35662604  1779438
35662033  588004
35662110  35637816
35662818  1642028
35656591  4660142
35662683  29157
35520018  34827334
35638016  12371524
35662941  12416405
35663102  11563638
35578611  2872840
35663040  35545320
35363111  32585787
35662639  218384
35664040  5890584
35613026  11922383
35663942  15141735
35662047  33638377
35663091  35534959
35664362  2973202
35664304  218384
35664446  109383
35664461  2268104
35664502  6876266
35664785  35640115
35662334  18050071
35664844  16161228
35664802  35664087
35664379  35583395
35664353  1685860
35665175  9273016
35665058  20864823
35663371  27067905
35664009  3808775
35665182  35642593
35418979  4074013
35665235  773442
35665277  22147813
35665364  34706848
35665339  17748994
35664166  7680504
35665494  2303372
35665301  30227219
35661642  5817061
35665656  2843366
35665489  13512203
35665250  29802311
35665900  20842984
35662858  218384
35666566  14160498
35666822  33595021
35666841  35211993
35666421  34688387
35666891  12466493
35664864  35663901
35667033  21895756
35667343  12120802
35667448  513832
35660034  533631
35487418  15112125
35661863  218384
35656965  30071576
35667070  18744910
35665426  12175763
35660853  34798771
35668012  7521306
35668193  336859
35668267  34274861
35668047  16132176
35668337  1320745
35664735  2552130
35668571  2409126
35668758  15479928
35668776  3797528
35668857  8830839
35668990  56867
35669062  24715864
35669168  726334
35669011  5146597
35663615  2133250
35632559  26942434
35669290  218384
35669296  3435595
20201141  1108780
12697709  1082192
35667496  26260790
35669476  40480
35667313  5332999
35669624  5755477
35667579  31500277
35669712  26398952
35669810  9948601
35668964  23276846
35669912  10404348
35670116  33342713
35670179  218384
35670181  508665
35669671  2031362
35670262  23036062
23036062  13102045
35670366  9053175
35670396  11808829
35670537  504103
35669654  11530196
35669930  52550
35669930  54142
35670571  27557692
35657534  3852755
35670947  1154008
35670474  6453723
35671042  1277278
1004128  1915166
1699761  1915166
35652894  1000183
5513180  1915166
241003  1915166
2853066  1915166
35438286  24844250
35670302  22937618
35671459  218384
35658941  33653076
35671406  35668819
35671456  25155624
35671546  279170
35671547  19441730
35671624  18050071
10331926  7816365
35671484  21872366
35669759  2118656
35671564  10025032
35665347  575196
35656704  2118656
35671714  218384
35671581  6343166
35668066  2451154
35669898  19889132
35671969  18050071
35671679  4573535
35671786  17498216
35671786  4633799
35672095  35643385
35672305  12859942
35671138  15638316
30824503  20039765
35672445  9947336
35672588  21455612
35572429  1395174
35615349  33729296
35672628  3681123
35672744  12925063
35672336  23446377
35671466  2422468
24578680  2422468
35672916  25211394
35666065  25706216
35653123  35670812
35673044  218384
35664005  6441218
35673239  21122540
35673255  814878
35673255  1766492
35598848  11887762
35673352  20002503
35661974  16844657
35673499  26369
33573909  11996135
25864681  11996135
35673611  218384
35669496  24552486
35674115  279170
35674160  60174
35674267  6911289
35673338  7451591
35669412  2585403
35674278  14504385
35674603  203198
4496770  3024949
20947806  3024949
35674661  3044580
26824231  17756753
35674820  203198
35674842  28611192
25978057  17756753
35674686  12573816
16283280  17756753
35664518  7885096
35670952  18533080
35675334  18606189
35675362  14220321
35675377  23372550
35675538  151005
7979797  228783
35675404  5224877
35675716  19793221
35478867  35303659
35674272  35479246
35675660  30244910
35675886  14484431
35676116  7519339
35673935  35636997
35673935  28244932
35636997  35563916
35636997  35560430
35563916  35557210
35563916  35560430
35557210  35560430
35675943  1299871
35676245  21982987
35676319  232535
35676208  17392189
35676037  26907185
35676228  30906464
35675986  218384
35673522  4277665
35676746  446594
35676454  218384
35676885  11277432
35677268  18737407
35677439  24644436
35677602  8597114
35677053  35568123
35677205  2390733
35677629  9189172
35677967  15298912
35677963  1555262
35678163  26390480
35677731  4872196
24043752  17180655
35678367  10693845
35677630  30133490
35678571  14220321
35678664  18050071
35645607  1504962
35655606  20427068
35678527  28810096
35399086  35190548
35679007  5801008
35678374  4791555
35607438  34287186
35679239  14220321
3491757  1027395
35679619  513832
35679342  3206344
35679436  373419
35679872  4264304
18950670  5082738
35676687  17257200
35672543  35523819
35680098  21219695
35680180  17280547
35680170  12057333
35680183  4945178
35680287  32770373
35667941  22408776
35675550  2289159
35679352  28909684
35680080  3737139
35679740  2157964
35680412  203198
35680844  218384
11696963  11678324
35281470  406316
35679488  6861355
35670727  24024702
35681054  2725750
35681212  14220321
35680344  5751704
21604044  9380077
35680033  1817792
35678902  19914349
35681722  7390426
35680891  4897080
35681593  218384
35681789  20306223
35681892  18951143
35681907  1855441
35681546  20404573
35583711  31472816
35681689  35395800
35682083  25098021
35671654  35591812
35682080  7571357
35682088  35681212
26635733  31472816
33503110  31472816
35682242  750486
35682116  29947887
35682280  769963
35681159  24477597
35681627  8630625
35681552  8013526
35682418  180172
35682520  4570366
35682498  19026884
35682559  2973202
35682562  7821459
5507869  5493847
35682664  5288434
35682664  17366939
35682703  16184188
35682703  24803460
4023895  314401
35682774  35326630
35682046  4922943
35680990  18625352
35682827  23294658
35682821  240353
35671376  17205873
35682991  600293
35678843  18050071
35683214  11461607
35682612  11885246
35683331  14146148
35683411  35670981
35683444  2808398
35683046  2781357
35683601  22655493
35683670  10820340
35683679  15730770
2342207  13971099
35683658  2409126
35682192  795746
35683944  3575029
35684006  2089590
35680349  3026300
35684065  16810449
35684151  20940979
1232591  2340406
35684207  34109152
35684212  218384
35662526  22571259
35683971  1795808
35684350  221346
35684322  2448843
35684049  2731611
35684391  18889028
35684432  613183
35684470  2079823
35684517  9554636
35684309  32855383
35684570  17160162
35684203  4605206
35535696  32800336
35684804  15112125
35525336  7181192
35684542  400113
35685000  238002
35685093  17996410
35685155  1711990
35685175  1299871
35685136  6244217
35685276  591094
35685343  25652519
35685158  19301458
35685470  4332943
35685418  35534481
35685573  18050071
35685099  203198
31217024  30865233
35685650  17498216
35685677  35681846
35685763  18050071
35685673  19907461
35685849  16110546
35685974  10619048
35686013  3697202
35684864  3775141
35685084  22835430
35685797  1817792
35685736  33798176
35685711  218384
35684573  492384
35683299  34743987
35683299  22097747
35685700  22605050
35686174  18408324
35686342  3384504
35686547  2559527
35686545  2559527
35686592  768431
35686617  9547518
35685749  3462143
35683878  218384
35686506  18418668
35685939  16608135
35679561  474528
35686743  18949122
8600161  474528
35686905  10714251
35686874  703669
35686928  2704521
35686830  2973202
35687030  8047943
35687250  13454295
35685734  17584698
35685734  24799155
35687425  218384
35675872  19420999
35687521  1606797
35687672  21349329
35687732  111102
35686224  4217568
35606564  35624559
35688089  6392739
35688122  363681
35688201  35659024
35685788  3418128
35688235  13840429
35687762  12895374
35688452  1724693
35687489  2118656
35686861  21881992
35688467  5121027
35688005  2422468
35688575  513832
35688524  16375856
35688698  6008241
35658041  8202698
35688798  4172722
35681121  26314077
35688189  35687396
35688682  13547694
35666996  35618998
35688832  14028959
35688922  5117127
27950704  22671245
35688465  402283
35689226  230751
35587603  3844307
35581094  5554734
35689309  12328259
35689367  1972006
35688998  11976503
35689323  13840429
35689702  12573816
35689829  8207069
35689837  12573816
35689418  3577641
35688924  7308627
35660787  35655825
35423755  1568091
35690216  28685584
35690203  21518584
35690356  17548523
35690286  23058029
35690530  26814485
35690576  21899344
35690737  6571451
35690633  21629258
35690281  182287
35690068  22937618
11349964  16383007
35691297  35642260
35691447  16264141
25571878  3775141
35690590  3250034
35679212  3627107
35690496  4678333
35689276  2306744
35689276  2498035
35688376  31418218
35680751  1313120
35688641  12147779
35691591  35418111
35691179  28751637
35691666  9552367
35692142  28310414
35692360  218384
35692435  18050071
35215554  35691656
35692484  18276757
35692567  3302356
35692612  1921279
35685558  604410
35685558  6465526
35669914  16692896
35683130  27616647
35691105  8138673
35693243  12573816
35693067  35023107
35693450  2699086
35693447  418066
35693105  3968973
34296662  32908775
35680393  7571635
35691967  27307835
35693824  28395
35694051  218384
3572307  3570554
35693906  31073497
35648272  658885
35694101  4322367
35693526  35692357
35690354  218384
29710154  35663220
35693648  2422468
35694472  6618515
35693682  6785355
35694558  218384
35690921  32204961
35694711  35693539
35694834  3845718
35694710  9121140
35694819  2281531
35692803  2748725
35692923  35673184
35673184  22889646
29876363  23469712
35693006  24663586
35690483  2269840
35693438  29428227
35621674  13771325
35691351  33618937
35692560  6246159
35695374  12195628
35695333  5121495
35695299  291978
35695077  6403091
35651471  10131045
35695441  9864055
35648540  29567051
35669806  13840429
35692332  4168772
35693138  31353591
35695930  218384
35695708  280243
35695559  423627
35695961  14220321
35696080  31518150
35473980  3577641
35696092  6503586
