35759469  27971180
35759834  13120789
35759234  142003
35759549  17566315
35752702  7094282
35759740  33902068
35760274  1162381
35760220  60174
35760406  15044574
35749151  9938956
35752298  4107683
35760518  11321491
35758336  24405621
35760709  1126726
35749855  20118783
25018653  28686288
35761083  23667086
35761209  513832
35761150  30407843
35758311  5320677
35761166  27149034
35761281  7343833
35740011  18971109
35761332  18050071
35761380  9508518
35761489  203198
35760206  10569438
35761460  25881041
35761852  7831285
35754744  7975093
35718229  13334521
26733515  26260790
35762454  10769964
15175875  9560600
35762499  35761886
35762575  7072989
35762676  151268
35762278  3805863
35760082  28505501
35762916  21576862
35763329  967402
35763249  24960290
35763381  21277900
35763641  34258731
35722085  16824853
35763804  4911577
35763865  22756372
35764359  22502658
35764375  2277430
35764678  16959576
35764270  46155
35764739  218384
35764047  21895756
35764452  19945411
35764537  11922383
35764587  1374660
35764894  3262781
35765006  35262302
35764980  30983197
35765206  203198
35764814  10759334
35765257  16642651
35760756  6503586
35765163  2282397
35765657  12954821
25469952  20856635
35764008  35215279
35764675  32939463
35763078  35739259
35765453  35743197
35757323  35749605
35766250  31786912
35766309  3338642
35765751  35737032
35766473  35765967
35766080  14410332
35766524  8812754
35766524  7373853
35718092  35699901
35763104  5003142
35765626  35718092
35763427  18352682
35720004  35699901
35700811  35720004
35759919  4968406
35766660  513832
35766945  513832
35767061  2075337
35767085  34677282
33729171  2489106
35767315  5534215
35763668  16260095
35767485  27491986
35767598  629667
35767756  11736431
35745623  290215
35767458  26697450
35766337  22553588
35764591  35733219
35767924  21668497
35768170  5767325
35768301  18050071
35768283  22761199
35768326  23932061
35768211  46155
35768289  3547746
35761168  24529808
24529808  16362302
35768576  669742
35768760  13646245
35768654  310870
35748284  33493589
35768628  3725546
35767183  32879038
35769066  11337557
35769241  1077491
35769274  218384
35769380  203198
35769396  12769982
35768789  25703148
35767882  16424394
35767952  11312316
35769712  31226441
35769779  5642315
35769094  18387993
35769094  218384
28722076  4261133
35768795  35763579
35754158  10752055
35769911  8577545
35765398  35757149
35770240  3125296
35756960  2839321
35770520  4649391
35770587  7860822
35770238  12769982
35770556  32477182
35770503  20054047
25559355  20054047
30126406  20054047
14011630  20054047
33717206  20054047
24122447  20054047
35769772  32648371
35720575  33798300
35682931  24018327
35770955  218384
35770910  7344497
35770299  7799077
35736898  24003584
35771083  35736531
35769878  7611023
35770890  6884162
35771143  6863992
35771092  23743326
35771129  26252233
35763430  13840429
35762536  4660142
35769897  12795614
35755290  20518424
35771155  3579172
35771748  279170
35628788  6376492
14925111  1711990
35771615  13768007
35620591  23527218
35772313  4261133
35772166  4350440
35756309  32289175
35769483  7527832
35771614  12573816
35772184  1741820
35706638  3410976
35772609  367192
35771610  2793150
35772851  3491937
35772250  28437613
35743609  24795079
35772883  28213871
35772939  12769982
35772449  16637530
35773062  19937880
35771449  175554
35773218  10225098
35773155  11757304
35773057  14726854
35773487  22937618
35764493  24644436
35759132  24644436
35770574  2167916
35768304  18050071
29304377  2422468
35771812  257795
35773728  13840429
35773728  1917576
35773841  32936215
35771531  34613002
35773983  35749551
35762507  10751271
35759229  5369682
35754432  4958235
35773633  28738943
35639237  3338680
35758181  698223
35774372  10894323
35774973  14913227
35774556  13387742
35774279  3918578
35774815  1996518
35775155  2176861
35773756  3597237
35774348  18050071
35771203  4956844
35775223  1610030
35775211  513832
35773498  34049965
35775097  7479777
35768399  218384
35775322  5320677
35774861  6697753
35766974  3913502
29203338  2161054
35775647  2973202
35761370  14913677
35720094  8519669
35346851  20718931
35775590  273238
35775723  34891904
35707924  2029674
35775825  247483
35775898  201323
35775724  63166
22799055  20718931
6633043  32568261
28892395  32568261
9632387  32568261
17790774  32568261
35706691  3598770
18451227  32568261
33715040  32568261
22920937  32568261
5317406  32568261
35775873  3167154
9602303  32568261
19505430  32568261
30007552  32568261
21062352  32568261
18645441  32568261
33038353  32568261
19200416  32568261
13139964  32568261
10393555  32568261
7601227  32568261
27683512  32568261
1820987  32568261
15489730  32568261
35775986  5421653
22624674  32568261
35776120  2063480
35776254  20279484
35776190  165719
35776219  21349329
35776284  3973204
28311282  609
35774500  28631219
35773834  13955813
35776485  16706231
35776450  60174
35776543  4669178
35774651  8362572
35775080  6841605
35776964  35670550
35776994  1559770
35775849  1126338
35775056  30336274
35775457  23740548
35777180  21696784
35776880  877774
35777095  1378619
35777113  35517341
35640766  218384
35777385  19843506
35639308  1206028
35772280  26701604
35777342  8893687
35776093  23227991
35635687  31188231
35777550  153724
35777593  218384
35739753  25154546
35773402  12113699
35770343  13768007
35777951  30793296
35768370  34738331
35778266  826948
35778281  2612802
35778079  23192644
35778094  21982987
35767330  393554
35665341  13961855
12060620  14848383
35778704  513084
35776767  35745462
35778666  5368862
12408819  8675007
35778726  562894
35773394  420838
35779117  29309329
35463956  35594138
35778470  4052770
35778973  35755297
35778384  35769977
35779224  9210528
35779074  4020796
35779574  14220321
35774421  30960954
35779082  218384
35779200  29380976
35778713  20590449
35779066  21897786
35779057  25254091
35779762  12410908
35779618  4261133
35762108  35338822
35763899  30966124
35778923  21323444
35778906  28302972
35739154  5441394
35758599  35541319
35780223  1402698
35779763  3538858
35743482  8951275
35780221  21181723
35779367  1660124
35779177  28011341
35780869  5288283
27231697  5288283
35779194  35703407
35780867  9855387
35780986  8470070
35781112  10380990
12202802  13004349
35781291  16506357
4315037  24063611
35780021  35082140
35779952  15375528
35781706  19562103
35781207  22287410
35781812  24374062
35781922  4261133
35781983  3458685
35782094  2530663
35782045  6951895
35782151  4261133
35782289  14220321
21338103  2895319
35782409  21653085
35626482  70689
35781164  24644436
35781783  6919025
35592760  10819967
35782985  18050071
35584527  34571
35580035  7756054
35568942  13566983
35566362  34723626
35540494  63150
35783117  7853302
35783168  29293637
35783114  936969
35782400  18994685
35783312  14289635
35783420  15450519
35775171  218384
34790800  19442466
35783464  21510204
35782709  27104815
35609062  35639066
32956815  218384
30168209  18386613
35783754  14220321
35778521  12257398
35753805  24743402
35780609  29722172
35783737  686439
35778221  218384
35784019  17498216
35782378  14432557
35782940  449560
35783086  15012235
3787908  3844801
4752294  3844801
35772848  6375942
35772350  27038016
35771508  2837214
35768471  3418262
35761923  44109
35755626  15481523
35755779  5458048
35783747  5150637
35784368  9733638
35762220  3992928
35784556  12573816
35784633  29722172
35784850  3225891
35784514  29179692
35740771  35742341
35785262  1207406
35785269  7874544
35767436  14064186
35785437  1414215
35760716  14710324
35771228  9803839
35784757  29182244
35785649  1646698
35785491  513832
35785712  6333834
35786137  10947541
35784006  8028957
35784006  2710079
24901830  19839266
24901830  1656969
35786265  23667086
35786367  3307409
35678142  1597405
35786516  588004
35786574  17278858
35786508  19620642
35786788  10034714
35786822  18997724
35786892  14028959
35786960  17125842
16780588  218384
35784716  4660142
35787201  3350247
35787292  24644436
35776560  6847697
31172100  218384
35787576  218384
35772861  7819837
35787691  4754387
35787117  60174
35786981  11321491
35788013  2973202
35788027  390491
35788120  14220321
35774175  35678224
35786708  32770373
35788173  30680938
35780712  8051975
35788224  218384
18844497  1415205
35786865  13553015
35788442  214441
35785104  35785516
35788900  18957125
35789010  11598838
35789033  636932
35757782  4889913
35773540  32502847
35726065  21320363
35785024  14220321
35789265  35771028
35787259  23803743
35719799  3264267
35789491  135443
35789733  22937618
35788981  3802540
35645090  21342443
35789859  4205181
35789971  19148407
35789676  11277796
35790104  19491650
35778182  35340695
35790017  3755111
35785724  18689883
35790502  21883777
35790605  15479928
35790439  187583
35790620  4660142
35790065  30299972
35636504  34417973
35790766  750486
35790358  32648371
35790692  13905741
35789780  10048298
35790447  1023146
35789354  3938036
20719323  9560600
29272550  3079264
35786705  4348802
35791187  19465157
35790912  12111936
35791423  7668507
35791524  13955813
35782810  11433432
35791580  35781177
18798615  335311
35791779  9050917
35791863  18160051
35750032  33704194
35750032  2421595
35780126  35605740
35791840  2679193
35771939  22191167
35792182  34015498
35789765  5683728
35792355  1817792
35792416  630803
35694992  17409216
35792528  14104881
35792329  27651012
35792688  24777496
35792405  10647314
35792562  218384
35792717  2753701
35790205  218384
35604369  35529940
35792679  33349790
35791828  33690697
35789167  218384
35788598  30547323
35793026  19583119
35793213  4226107
35778893  14028959
35793127  21881992
35791923  5003142
35770122  3502267
35774884  35780026
35793229  17217783
35793408  272360
35793561  4935632
35793837  101849
35791065  4112686
35782073  504103
35793941  4034190
35794121  7108668
35793340  12530406
35794159  3561493
35794402  14630076
35794447  3010840
35794426  20279484
35784919  23062179
35794564  218384
35794559  14220321
35794678  371875
35794114  5508993
35794114  2269840
35794788  15101577
35794739  35151309
35699271  14533458
35794070  14220321
35793106  34209329
35794608  14808416
35793296  25524955
6860602  8796618
35794557  6464931
18786881  3179498
1998379  6464931
35795587  23350006
35795832  4856717
35795780  35793948
35795939  145270
35796069  23353173
35796150  9501845
16061859  14213686
35776689  24662289
35791807  10479679
35796018  2063480
35796456  14767530
35789007  35755297
35665638  35642908
35796531  5554734
35793349  2634731
35791038  35792687
35785594  14533458
35796403  35792687
35796146  20279484
35796677  5554734
35796690  1120140
35796629  8480100
35791266  9581064
35794427  7248298
35796564  25994328
35796683  1520429
34487221  25600071
35796593  28043140
35791075  25569836
35796769  13840429
35796844  218384
35796308  3552461
35767868  32831666
35781822  20207519
35795192  2915672
35797038  16242546
14289777  3188384
35797090  2381642
11932231  265192
35797230  47177
35797224  9810471
35797290  588004
35797379  23419560
35796866  23938323
35796832  35793086
35797591  35265441
35770536  35797019
35793280  9508518
35794075  28367950
35583848  35560374
35797982  20892115
35787949  31035491
35798194  13840429
35798194  7165395
35791212  25303335
35798403  8994408
35797521  2299469
35798474  20563772
35798554  20035101
35798195  13840429
35798316  173159
35798513  1079112
35782629  15977126
35798377  5370539
35798619  6429728
35798549  30972288
35798817  15101577
35798526  35753038
35777382  4163579
35798813  72994
35797489  29494073
35798207  31630009
35798792  4524019
35799069  26928907
35798903  12091971
35796023  30493388
35757372  7291731
35799081  18514135
35798277  31123709
35794711  1817300
8793856  1601834
35799545  3468607
35799492  5078239
35799584  1741490
35790508  11292501
35799572  604410
35796560  35792644
35799017  2999936
15336447  17600018
20936050  17600018
10838686  17976140
35800185  9475241
35798550  8708342
35799524  12769982
13693111  17600018
35800361  2669888
35800325  4183506
35798525  35790561
35800597  944483
35778555  16418870
35800626  5078239
35800777  513832
35796508  34688387
35800129  2422468
35800623  8574588
35800513  2041859
35801026  1200188
35795001  199966
35801027  337704
35800670  30566714
35801356  23446377
35801396  21984360
35801465  13460395
29629332  218384
35801580  7093186
35801580  2349488
35801272  2315601
35801578  4686543
35801751  272900
35801821  1002164
35786217  21143333
10460410  16166039
5542623  16166039
28140706  16166039
5457292  16166039
35802173  55984
35802133  7544544
35802267  13356628
35802295  25504149
35801861  1162352
35802801  9579930
14899159  556153
35802667  218384
35802786  20279484
35801361  9068154
35802906  16068047
35802898  29325822
35802956  2364982
35745176  23932924
35803223  35784452
35800660  7126580
35741294  35740753
35803255  515844
35803407  4261133
35803581  23446377
33257185  8153703
35803685  34921008
35803852  7506844
29005833  5312334
35803992  11321491
17650360  556153
35803989  17848207
35803108  3463833
35804075  232535
35804496  6352896
35804014  12573816
35803738  3072307
35802231  12693947
35797511  3233850
35796360  4284313
35793489  4750806
35792825  31138218
35788630  12524994
35502152  31731320
35754068  2158395
35754068  952914
35803246  8367421
35369634  28350759
35803209  11812000
35805046  17498216
35805193  750486
35804697  31073497
35794092  2047367
35745833  3362600
35805229  20789373
35804981  9028369
35805091  13824212
35805334  45135
35805345  35384492
35805387  4941606
35801634  16221599
35805295  1580647
35806767  32805153
35806867  14220321
35805734  2260792
35802622  4935632
35702006  7867723
35807141  5605125
35807091  2904131
35788142  11169445
35807373  25680461
35807459  33975947
35807476  26337003
35807452  4660142
35805990  60208
35807570  513832
35807382  5431351
35807384  4261133
35806925  21862353
35807676  18050071
35807846  14230892
35807613  16158815
35807629  350292
35517220  17068269
35771795  31639198
35806706  5614411
35806706  33047452
35711777  7366035
35807121  6145387
35808404  29457720
35759348  7445437
35808648  23667086
35724229  12599318
35724229  34808741
35808637  3744400
35808586  11488014
35808586  750486
35808617  2485963
35807893  31821084
35808817  495021
35808825  8217419
35808356  35787893
35802552  24936625
35809118  35806804
35809139  13944956
35809233  21567291
35809241  22754315
35809026  4186378
35809213  4710538
35691133  9833522
35808493  35801835
35808493  13558995
35808205  29097921
13218813  9560600
35809239  4436643
35808766  7542517
35808766  20901419
35800974  87950
35809659  5486789
35809704  218384
35810210  495021
35810317  35798981
35810240  8335828
35810007  2167916
35810627  4238345
32232731  32496864
35810755  24644436
35662570  10432677
35804855  10087819
35810991  218384
35805220  7064842
35790334  25968486
35811129  383947
35811087  6783185
35811175  14072058
35811263  688097
35810616  21112832
35810133  12247806
28387623  13292272
35811745  10168066
35811722  22376810
35811466  26102115
35810671  14972199
35803976  4819498
35810635  14109922
35807112  8327514
35809750  1910573
35812271  1978049
35811996  13728485
32741179  33242211
3234508  13728485
35812427  218384
35810619  218384
35806955  16564159
35812384  23593879
35810312  218384
15664530  1776142
35809545  35808685
35807000  35790693
35812799  13944956
35812816  40480
33325938  26197480
35812943  20916109
35813057  4943958
35813029  11788195
32825987  30867852
35801071  218384
35801549  218384
35812987  218384
35812288  24174869
35813479  1063007
35813456  194465
35813481  14220321
35813179  24743215
35813559  40480
35812753  10407159
35813457  218384
35813400  10574363
35813691  367192
35801592  19078461
35801592  218384
35813768  35683813
35813073  31434885
35813100  624581
35813742  4969171
35813905  4660142
35813263  16100626
35809827  30025428
35813865  30577311
35814226  218384
35810948  466726
35814496  218384
35814284  35804227
35791051  10825051
35814505  18580000
35814610  2120255
35814515  16635530
35814643  2717480
35728814  13329154
35814759  10522414
35814878  2167916
35814959  26458974
35814334  60174
35815071  4261133
35815256  1125730
35814806  11138927
35815325  1132941
13342809  13448558
35815372  35805134
35813356  35795001
35813356  4193827
35813356  17670200
35815439  218384
35815698  1680528
35815278  4722835
32415792  218384
35795328  538060
35815961  347920
35815928  25524775
35815994  29049586
35816051  392932
35816000  9967105
35816032  3010840
35816163  14220321
35737080  35695231
35816266  631682
35816111  4805606
35816391  3053062
35816432  1132941
35816445  18050071
35816521  588004
35816643  9322174
35816654  1277278
35816638  4261133
35816830  742764
35816823  4857666
35816772  17315834
35816747  32846971
35817222  3801343
35817263  32551291
35817468  182636
35436591  35463613
35817619  2091465
35803002  3389264
35817223  18160078
35797315  513832
3008541  495021
35817530  1060008
35804482  218384
35817618  14220321
35810330  19532372
35817898  7554125
35817990  2770321
35817436  18961296
35817864  218384
35814909  2260792
35818187  203198
35818124  4706499
35817997  17572220
35818273  10693845
35814687  25881041
35784113  13982870
35818605  513832
35818667  2981836
35818661  35817473
35799402  2400878
35818801  35817265
35818986  2277275
35818987  16887226
35817272  15342546
35819108  218384
35819163  2938502
30896900  17415579
35814192  17415579
35819318  671703
35819272  2063480
35818029  18543169
35819501  2120507
35819588  20420828
35814667  4905554
35813330  13065697
35819580  10845122
10730368  1660124
20096020  1660124
35819518  10632776
35816588  22927818
35819468  472669
35815487  19825481
35819614  14568662
35816214  1005073
35819875  2481511
35819903  218384
35819976  10482772
35820217  680785
35812232  1519736
35820307  2075337
35820423  218384
35820321  5890584
35819431  2393179
35819750  31886144
22567504  20308641
35820092  4186021
35820353  1341104
35820515  14028959
35820550  8571931
35819157  14319732
35698059  487258
35820400  4261133
35820064  4660142
35820798  20279484
35819763  29885220
35814070  16087146
35820795  218384
35821105  218384
35809200  1585525
35820977  513832
35821178  24293376
35820876  21091202
35821342  9050917
35819317  10220510
35821331  21468100
