36002982  34926940
36002108  5857386
36003169  11847021
36003184  2888118
36003335  2508215
35989941  15228812
36000385  35998867
36003760  695050
36000015  4359627
35938339  5815448
36003780  30279096
36004137  10432677
35983473  35887897
36004139  11269224
36004327  5563089
36004421  40480
36002891  35981048
36004322  21515147
36004514  28268145
35926743  32359481
36004495  8023306
35999648  3277998
36002097  5354314
36004945  25969533
36004765  2393179
35642412  9560600
36005139  218384
36004382  218384
36003597  23353173
36002966  14841500
35969442  3991362
35999641  12734721
35923532  33353751
36005673  2207709
36004057  4123455
28140914  27188814
36006099  2013879
36002852  23455614
36005489  35550189
36006191  15681498
31155299  11949250
35819731  33819454
36005836  28710083
36004922  25678373
36006378  12769982
35998925  14738978
36006626  218384
36006867  6018340
36006813  3434278
8126498  1195675
36005275  3127429
36005828  8825219
36006820  7559397
36007215  218384
36007158  5094860
36000651  13319679
36007255  33260093
35984474  12573816
36004764  14028959
36007240  35965740
36007505  15868248
36002818  20678360
36007635  17498216
36007720  4055633
36007661  13454164
36005900  18050071
36005549  19773738
35997637  11142851
36002734  12869373
36007742  14220321
15240994  25339056
36007981  25339056
36007964  468045
36008116  11498068
36003963  32713306
36008136  13840429
36006787  218384
35989905  14219092
36008326  171251
36008245  409784
36008314  218384
36008489  17498216
36008301  8415240
35993033  35865872
36008391  9393532
35942826  35308055
36009141  19019718
36009047  572768
36009227  12665474
36008053  17818428
36008467  17236122
35993908  14211843
36006535  5335273
36009274  28020441
36008599  21174997
36008067  23974831
36002361  3085696
36009130  2422468
36009477  2096259
36009592  32999483
36009450  1151987
36009393  3064106
36009666  21881992
36009771  3546160
36009953  3853726
36010043  14220321
36004077  859111
36007333  17694871
36010117  2056221
36001101  32970709
36006939  2500482
36000912  1496096
36010259  995183
36010539  14220321
35943988  4950252
36010403  11321491
36010608  8146648
36010663  4660142
4904579  345413
36008282  23944465
36010606  2167916
36010763  301809
36010823  1408285
36010909  20391817
36011184  15112125
36011014  554063
36010627  11051307
36011364  2837020
36011309  35973189
36010258  7764309
35898415  26066062
36007844  6977357
36011477  218384
36011095  32081713
36011626  73960
36008964  302393
36011777  20531319
36011995  218384
35988445  6776185
36012165  218384
36012176  5688712
36012303  10107259
36011773  19491989
36012262  1220213
36011919  25711657
36012676  9577047
36012829  13542055
36006181  35993126
36009238  2554609
36013143  36012241
35997382  32359624
36013352  7014903
36012886  11922383
36013377  18932
35999240  24078043
36013357  2172352
27160799  12790462
36013768  17254008
36009310  19002255
36011834  20979062
33035721  11051205
36013803  6404158
36013809  34709472
36012342  12809776
36013398  7597559
17693391  11179706
36013920  4261133
36014219  218384
36014294  20820672
35878957  31687051
36014449  7304980
36012332  23015640
36014695  35849205
36012598  918886
36014731  3676664
36014845  6491463
36014317  1581466
36002572  25943556
36015006  1132941
36014635  22387586
36014779  6500962
36012909  24121684
36015119  308191
36010646  27081942
36015153  1789945
36006458  28420084
36014930  1296646
36015247  6343166
33355155  31847552
36005982  14220321
36013294  15713119
35973851  35892916
35959817  5439321
36015359  1216004
36006780  17632180
36015401  25575030
36015311  3148240
36015435  218384
36014786  11792916
36015587  11074815
36014505  989558
36015698  1885557
36015794  10673585
36015938  14220321
36015593  4261133
36015948  218384
36015796  20613348
36015796  1219749
36015563  12005187
36015298  11321491
36016047  14220321
36016079  35799222
36015552  11787759
35910190  13800180
36015633  15075300
32251300  3888902
36014383  10218946
36015828  34007692
36015679  1520887
36015660  1364917
36009104  10763139
36015497  35983257
13491392  3172470
36001056  9050355
35971413  35951891
35996315  449560
36016437  22894646
36008999  34754366
36016174  3313590
36011201  18715527
36016715  16760900
36014081  28201554
36011282  35689841
36016743  4261133
36016950  26156292
35526110  33605775
36017031  14220321
36017017  18050071
36017123  35289389
35356882  19816294
36015762  10559191
36017164  18050071
36017040  540066
36005362  31054910
36016445  218384
36017558  21600802
36017762  3840784
36017608  22864254
36000166  1624071
36016554  21355770
36017926  19611058
36017938  10403138
36017975  6850380
36017681  17498216
36018149  4261133
35999347  3481828
36017844  2973202
36018205  156503
20116275  3210935
36018261  21895078
36018412  520035
36010011  4261133
36018535  14220321
36018134  12874664
36018421  14220321
36018485  2731500
36018703  14220321
36018860  218384
36018763  5471458
36018763  22057443
36018925  34667740
36018910  6648518
36019032  1034473
36019032  11528898
36018918  1978438
36019266  513832
36018480  36018836
36018948  26423549
36019351  4968406
36002775  24512592
36019501  2973202
36019506  20809113
36019696  261638
35973286  218384
36017329  10419248
36019884  2612802
36019815  28227095
36020301  513832
36020023  1523126
36020398  5187530
36019799  2973202
36020400  19777309
36020421  31788681
36020652  938100
36020434  35950665
36020799  11321491
36019825  12573816
36020743  16876877
36019894  4879377
36020945  25382013
36021026  15189084
36020766  5585779
36014338  4532192
36018972  14084222
36021292  12769982
36021132  31219420
36021335  218384
36019615  27690657
36021332  12943819
35996847  4660142
36021399  3627107
36021434  32880722
35964291  582336
36020568  11996135
36009356  19776571
36021682  16188314
36021753  30211049
15893387  16188314
36007985  9586367
30399440  16188314
36021580  36018872
27485079  16188314
13947927  16188314
36022068  4477127
36014656  35969561
36022116  4410873
36021901  17711211
16409343  4410873
36022003  58670
36022193  484271
36016840  465099
36022290  545957
34872740  14755425
36022264  3577641
36018156  18328800
36018156  16493396
36022351  19075671
36022354  9459691
36022421  34912374
36022526  4261133
36022443  21760962
36022808  18892515
36022800  2591098
36022535  21298179
36022741  7976001
36022741  21982987
36022896  7102413
36023050  370357
36023050  9264763
36022744  3446216
36016302  449410
3871358  3824208
36023097  36012380
36023285  8228281
36023076  3800512
36021996  36020339
36020739  25135598
36023184  218384
36023597  1116641
36023724  23353173
35975998  856845
35973392  11023257
36020018  6118635
36023725  17228487
36019219  10484053
36019219  17740391
35905295  11720880
36023908  32314931
36023929  12573816
36024122  518000
36024204  12573816
36022953  11733481
36024010  2251714
36023787  36013920
36024183  3728655
36023696  36006098
36024667  35881954
36024617  1537964
36024617  4306186
36024249  58649
36020901  296964
36024884  12207483
16475274  16188314
36025151  17018857
36025111  34980551
36025198  2690866
4262240  2690866
36023558  35086962
36025171  31613748
36025432  5366618
36025390  14220321
36025551  5214611
36025551  4176328
36025402  35809253
35866227  591853
36007695  15745042
36025771  89228
36024886  5809951
35905913  1726630
36025838  25628000
36025326  1303333
35841520  1018952
36024988  364253
7747469  153724
36025603  35965047
36025037  153724
36025037  12806278
36026103  2973202
36026104  19590865
36025834  18050071
36019681  36017380
35978015  7479721
36026319  17510569
36026537  1504717
36024644  513832
36024644  1643067
36001632  36007131
36027118  750486
36027174  23667086
36027226  3905946
36005527  693788
36027322  2670356
36027322  750486
36026069  35912452
36024863  28126529
36027607  3888033
36020253  18953144
35452091  9560600
36027431  23026145
33509852  23026145
36028195  25854300
36027511  20646822
36025837  11386147
36028253  4009756
36027977  15100013
36026401  2624744
31213613  28329024
36010143  1115703
25336456  24102044
36026876  15839169
36028491  4151320
36028523  17954118
36024840  4238760
36028509  24051904
36028614  29344988
36028427  21076179
36028742  9875076
35912972  194165
36028871  13057076
36028674  27517111
36028583  31689688
36022154  1441373
36029423  35986285
36029539  1249531
36029797  4205907
36011826  35895327
36027515  2811626
36023236  4261133
36024533  9391838
36030224  513832
36002566  11971225
36015131  30128395
36022727  11604070
36030383  20420828
36016846  8459903
36029200  35178520
36027334  17773979
36030487  3223059
36024491  3330435
36030573  218384
36024321  36023878
36019050  3406891
36030814  16437173
36030821  34366305
36024042  29095897
36018074  4392665
36030829  9508518
36030809  22662488
36030809  27394710
36028198  699968
36028448  25970741
36031384  29293637
36030958  16502467
36030353  4068629
36031397  5620324
36031522  495021
36031562  46155
35987274  8384286
36031986  31770339
36032012  4320587
36031766  5539894
30395398  34883270
36032491  16635200
36031824  5955548
36032743  748062
36032916  28988260
36030362  965967
36030272  2167916
36032794  18664579
36033334  6018340
36033009  279170
36033272  15887900
36033534  2167916
36017072  18764314
36033664  10876844
36028580  25064635
36034019  3052442
36033575  3469885
36032819  436345
36033595  6687630
36032143  35462462
36033526  9293674
36034137  33841234
36033548  18685336
36034495  8085886
36034212  32110321
36025281  279170
35910696  24024549
35910696  24520926
36034731  2745265
36034438  1370976
36035071  949433
36035173  604831
36035114  34699145
36034750  19869145
36035030  36024803
17715274  203198
36035392  11871520
36035446  3466989
36035261  3864179
35985322  35258910
35995884  36003010
36036351  16777885
36034022  16989843
36035826  13840429
36000425  34582370
36036547  4018154
36035918  10404348
36035767  31548311
36036820  15479928
36036482  901115
36026753  21397653
36036955  136782
36025471  7546285
36037090  11029717
36036173  17364127
36037321  36037025
36037306  3659958
36036210  8026917
36036961  15148128
36037479  513832
36037583  12953704
36034620  19250893
36037543  21530779
36037543  19074159
36037564  18189903
35913935  1809494
36038010  13277667
36038043  5113374
36037955  2999600
36038060  13109588
36037174  27336779
35742593  22071984
36038367  2091465
36037939  23989847
36038674  36012768
30621708  5521137
36037608  31764532
36038499  36032683
36037669  14296625
36038702  1299871
35932809  4660142
36029803  10909282
36038945  4198906
36039342  14964035
36038933  34601802
36039363  3853726
36039561  13921910
36039632  4730142
36037787  1601609
36037787  683037
36039715  4244896
36039537  2661536
36039831  20563772
36039896  3143698
36038553  16099398
36039656  17089717
36028231  30975859
36039965  4660142
36040011  180986
36040299  80646
36040428  32439289
36022260  13005433
36040376  908672
36039309  33251264
36040230  14531799
36040561  750486
36040534  14672746
36040796  218384
36036203  3538858
36040625  4112686
36040943  14220321
36041072  17600018
36041261  4736
36041331  4660142
36041211  934577
36041384  11321491
36041054  7132057
36037212  4399528
36038821  9508518
36040426  20744564
36041483  1132941
36041419  203198
36041450  30567244
36041441  218384
36041600  13901048
12087419  428918
36014666  20666073
36014666  30242065
36041637  31732944
36041474  32469269
36041914  982354
36039670  756125
36040248  2481269
36042169  4489548
36038490  29575142
36041854  11037850
36042300  2768054
36042228  164168
36042404  10060589
36042483  35841573
36042184  16033602
36042590  4686543
36042590  12145379
36042753  32061254
36042722  5557641
35993289  27601520
36042827  6365459
36042509  8729566
36040872  36019820
36042503  10266595
36043078  4261133
36042990  15245026
36043204  32516204
36043121  13799789
36043669  17976140
36040594  30040963
36038833  10869603
36043673  2446764
36044093  26584003
36040852  21156093
36043597  588004
36041937  4970235
31844726  218384
36042723  373639
36015390  24052654
36024772  1267869
36014664  24723438
35998156  33404242
35998156  13041178
36043850  5971312
36023758  35899167
36021009  35964059
35409197  2232362
36017628  31444036
36017497  212358
36044358  35454291
36041719  35003926
33344121  35464067
31434942  35454291
36043873  32217764
35824610  2817869
36041296  35464067
36044710  11922383
36044073  7111610
36044963  18227430
36045163  1923273
36042637  21060574
36044680  24643522
36045211  23730092
36045300  218384
29288247  596481
36045102  3822621
36045364  3832792
36045383  971312
36045398  36043243
36040259  12554578
36045440  33289652
36045685  11505522
36045720  14710257
36044502  2395251
36045007  13674118
35814389  1139762
36045534  1195826
36045352  8858008
18640790  13788353
36045892  28388530
35236445  25654772
36044606  25654772
35924537  13788353
36046028  513832
36046042  8367421
36046209  36028565
36039973  34960886
36046529  23446377
36046177  35962717
36046587  24119599
36046715  761804
36046784  5550253
36046876  36026821
36040638  959980
36045932  31654960
36046860  36044364
36047030  588004
36044469  23670345
36046933  16098046
36043837  34366305
36047371  34778041
36047498  218384
35996854  16445243
36047531  513832
36047577  1391548
36045254  8714045
36040850  16155266
36039602  4261133
36039237  24644436
36046622  1555262
36025208  12760394
36047398  3800515
36047398  11925855
36034054  12139624
36036221  635937
36047921  24504582
36020900  26261001
36033380  17772534
36033380  35589085
13389560  36047988
36031330  279170
36048018  2405482
36029642  36013590
36041012  712279
36025514  2156712
36015439  36019508
36018556  279170
33673318  15727257
36012273  6985505
36047394  2693776
36048378  1554546
36048415  23124674
36007785  24972424
36048627  492994
35998072  4742354
35994911  1064243
35994359  136782
35990807  279170
36048744  495021
35988697  19865110
35986108  12769982
35986108  4261133
35984693  10759334
35980559  20563772
35980748  4261133
35979791  24644436
35977289  2699086
36048848  36029581
35968933  5884807
35968933  6768793
35954625  29308898
35935439  2133758
35919903  35686508
36048894  36022894
35866360  15032211
35860295  8830599
35836198  11697756
35835665  29308898
35828843  24644436
36047995  1711078
36048938  5797852
36049072  26943256
36049249  218384
35939051  15243342
36025115  24644436
36047320  24644436
36040185  18050071
36044611  10482150
36042648  16108103
36049696  5121495
36039840  4578574
36044033  11321491
36042694  2317508
36049976  2585650
36049679  1273770
36050073  13169606
36032227  6649363
36049741  14577014
36050118  2973202
36050122  5472668
36050278  10525053
36050334  2145743
36050363  7892622
36050043  4172722
36050434  13169606
36048153  2390733
36050529  7783924
36048387  1276237
36003229  33616094
36050672  15843169
36050304  716477
36050028  21567291
36050758  164926
36050967  8316037
36051053  588004
36051151  2784230
36047700  1019793
14862312  6559636
21378261  6559636
36032879  1005676
36050952  22937618
36047038  7665514
36051033  11521396
36047219  13483408
36050951  1531268
15268953  8247605
36042367  34496508
36051484  7744611
36051741  8745215
5075325  4930176
36051739  18518931
36051558  676312
36015737  371875
36015737  3358209
4930176  9266990
36048737  8004237
36051975  3127404
36032434  13607970
36051811  34649152
36051986  4660142
36051940  4999360
36040878  14012768
36052401  26962701
36041824  5953371
36052404  57483
36052462  20603107
36052430  9397291
36052553  7989864
36051383  17228487
36051561  30441122
35902651  29368616
36052795  29482
3728781  21292586
36052558  1611709
36039087  5697305
36043037  5197226
36052637  1399127
36052964  12231644
36051211  36041436
36053261  7476022
36053334  218384
36051341  4840028
36051341  324015
36053596  30145017
36053576  26495586
36053569  21797118
36039914  4511705
36053432  14028959
36047468  21669202
35650444  593602
36026485  10274056
36053898  16143562
36053913  10824027
36054129  16036572
36052475  17495713
36053705  32362721
36053784  4632322
36054495  180986
36054474  60174
36054367  7206822
36036715  11733981
3328959  3112946
36051481  2118656
36051054  218384
36029246  25437823
36050964  2091465
35948387  6318809
36054858  719546
18548556  12478640
36054511  22902411
15769583  12478640
16834478  12478640
36054269  3384506
36055047  2168831
36054876  268048
36054918  2118656
36050022  34677708
36048890  35588952
36049664  12859942
36055213  6843030
36054733  34414983
2682024  2422468
36055485  462167
36055335  203198
36055457  15479928
36054987  16360860
36055561  9791024
36055618  33359840
36053556  108403
36055746  2487921
36055526  7752347
36054318  32434592
36055933  3076414
36055813  16549742
36038887  12175763
36055975  153152
36056177  2431916
36041269  32735968
36056152  4190949
36056521  4244896
36044020  14220321
36056567  17679399
36056608  6793872
36056506  11438307
36056562  30733607
36056571  12573816
36056716  8885440
36056871  8066592
36039163  19484001
36056037  36047701
36057012  32580946
36056916  20492186
36033751  1299871
36055370  13967063
36042977  18262950
36052581  12830039
36056660  34342417
16670544  419119
36056156  2255430
36057377  13840429
36056533  4156434
36057785  1565600
27297435  26081543
36057855  4498364
36058014  20002503
36058065  24311023
36053534  14159971
36058096  8470070
36052611  20231539
36048941  16035984
36058190  2416483
36058532  6993325
36058532  13456996
36058673  16959576
36057728  24693682
36058652  22221528
36058717  5751977
36058565  27509
36058965  949433
36058709  3778799
36058861  30733607
36058867  1979884
36058920  15968494
36058602  6002256
36057375  4007572
36059352  36056885
36059540  4278916
36059468  16946207
36059629  60174
36059579  3179936
36059128  27746304
36059599  35641714
36059190  2208480
36053921  327895
34719076  27918305
36057421  29055475
36059774  10374320
36060066  8028957
36059944  15669166
36053110  16207581
36060213  4261133
36059530  2619562
36005992  17420332
36060374  4255472
20084462  4935479
36050923  35218882
36039543  2687392
36060168  28402197
36060716  19391415
36060598  27464287
36060895  12859942
36060002  10895343
36061076  36058602
36061326  513832
36061543  14220321
36036682  35989185
36040364  13755628
36061743  19401403
36061480  20279484
36040223  9291129
36054337  3630832
36055019  36053420
36037267  25621972
