35749945  9508518
36092261  10945703
36110087  30423496
36087473  6999144
35804737  31999070
36116905  18050071
2344354  2266789
36117281  23294658
35777418  7549694
36117383  30680938
35747391  5171593
36109806  27690657
36117460  599308
36069257  7201341
36116732  7418624
36117447  218384
36117637  1452721
36107662  10359024
36117722  20470010
36117529  12734721
36117928  218384
36083795  8311320
36116724  3078701
25082774  5003142
36117932  5899683
36117892  2032818
36118070  3468150
36117799  2340406
36117996  5078239
36117896  3503879
36118199  228783
36118179  8336858
36118257  4172722
36117137  27742070
36118139  8908541
23248853  8908541
36117837  34194589
35865065  218384
35897944  3988788
36097474  11004072
36116822  2366734
36116702  330590
36111663  36106151
36105008  3174358
36118806  14028959
36118788  1944481
36118857  15913417
36118891  24448837
36118773  21093136
36119069  1398307
35901602  29997716
36119109  29211309
36118990  513832
36119452  1847789
36116674  33952462
36119451  27979693
36119472  8736995
35836955  218384
36118396  1819522
35986373  6415728
36119860  218384
36118698  11927144
36117882  26292969
36119795  9838119
36119730  31188021
36119911  23944657
36119026  31220078
36118785  5121495
36120388  218384
36119054  3163407
36120478  14220321
36118294  3985214
36117285  1340231
36120492  10499357
36093739  9435898
36120459  33144967
36112091  23105433
33043752  14028959
36120643  14220321
36120524  218384
2723786  14340122
36120605  22937618
36120613  34755630
36120702  11321491
36077292  35680588
36115413  218384
36121153  8275418
4722525  3289465
36120927  218384
36121388  33308121
36119794  15986980
36094468  10615436
36121459  18727022
33079982  34982834
36121506  554063
31135650  33891709
36121600  218384
28882458  33891709
26744648  33891709
35940189  6082189
36121764  409784
36121764  29140402
36121803  15790757
36103686  8204080
36033853  4660142
36120429  496702
36122120  3302356
29174496  17510374
27343296  243712
36122540  5490448
36114747  23415661
36114747  14935722
36122651  513832
36117048  203198
36122914  203198
36121968  661561
36122967  383947
36118105  20630207
36122842  2089590
36123422  1719261
36112352  7244336
36112352  599837
36123639  28250680
36123637  12734721
36123637  5658794
36122774  27335726
36002548  27418668
36118832  22561614
36123851  11067395
35781459  878833
35798891  35782214
35975915  17364127
36123452  21943621
36124389  750486
36124319  5210535
36124325  9701530
36100683  36123507
36124475  22937618
36124480  6948017
36085710  5126512
36124226  2113498
36124422  35836864
36124592  9102422
36121027  26835013
36125114  4844886
36116488  28950627
36076180  26535662
36125197  750486
36125306  451415
36125426  7357256
36125408  4089178
36125573  4660142
36103448  748491
36122574  2118656
36124603  5688712
36126018  15348671
36119854  218384
36124643  6914152
36126080  10268518
36123760  10862550
36126250  60174
36126122  4124307
36126374  6394812
36126384  36124344
36126362  17130382
36126402  30321483
36122537  21881992
19090153  5003142
36115651  2591098
36126524  218384
36126777  166221
36126702  19098952
36126315  32659970
36126428  6315269
2861533  2126607
36123903  18050071
36123798  1483497
36126088  20380792
35984862  12004603
36126444  35777477
36126769  12789396
36125339  7378028
36127463  31044
36127455  12449766
36118715  26245139
36127264  25747499
36125410  32631184
7776448  5978617
36127425  7745609
36127683  11499268
36127897  1234246
36127886  5431351
36126941  22662488
36128019  3260599
36123524  88235
36127356  28889172
36127356  35927148
36120056  8028957
36128341  21751662
36128343  5142729
36128444  36125024
36128474  13341698
36128053  35888860
36128191  504103
35629772  3862800
35629772  20802380
20802380  3862800
36128403  22523131
36128120  24546484
36128773  6942477
36126976  20451719
36125264  2104811
36129055  12789396
36114118  15114884
24494112  10881370
36128684  10863572
36124799  36107503
36129271  22812488
36129153  13475581
36128495  420294
36129518  4681959
36129641  203198
36129647  591769
36129286  12164138
36129408  8028957
36129141  5384914
36129978  936687
36130055  21419530
36127922  35773710
36130116  36127935
35561804  35565346
36126520  18002132
36126682  271067
36129792  13102045
36130553  4261133
36113401  35755297
36130652  35224066
36130741  2759067
36130845  1475297
36130007  25603191
36130367  18050071
36130723  15064462
36120811  27885793
36131085  33697816
36131374  2857077
36131456  5554734
36126695  279170
36131074  5410757
26736876  10483180
7361433  4783810
36131613  4261133
36131627  17498216
36123913  12470412
36131819  11145696
36130852  4216745
36113239  28658520
36130725  8470070
36132049  14663710
36132093  4616202
36131937  7324722
36132239  14220321
33384959  6649363
6376381  6649363
26097143  6649363
21153308  6649363
10759356  6649363
24203071  6649363
36132131  3418128
36123558  25696615
36126278  5193842
36131974  11321491
36132184  4660142
36132398  1036742
36132398  36030754
36098755  9491920
36131532  24644436
36128606  36056528
36132595  3112946
36132527  826948
36132799  2167916
36132740  218384
36132795  1101750
36132627  7852737
36132731  36124191
36132458  321370
36133017  10468969
36133165  421573
36133130  7774428
36133450  1255948
36133465  3751565
36111776  13447554
36133564  5053259
36132414  4722669
36133769  14070086
36133597  18050071
36133587  3443687
36133723  4240080
36116433  25842771
36133831  36120492
36133908  7341865
36133908  6973941
36133964  9229645
36133964  1960473
36133603  12586132
32407746  9881270
36134094  40480
36134218  7375061
36134320  9364400
36131356  36102903
36134590  19669786
36120158  10420129
36134814  7462119
36125152  4841431
35513779  36102903
35493310  36102903
35279971  36102903
36134969  2185252
26212271  36102903
36135093  13593900
35536785  36102903
16492348  36102903
28097481  36102903
7650852  36102903
36134801  220273
624519  220273
16150272  220273
7425665  220273
33385802  36102903
36135372  5294607
34696549  31226185
36132193  25888343
36109835  21922470
36135803  9508518
36136060  907360
36135953  1817792
36132797  13606075
36135818  3462298
36135897  34552116
36135211  35461126
36105478  36093501
36133430  35316583
36136814  240178
36136961  14514589
36137250  750486
36135429  25300447
36137261  27892140
36137111  3571223
36137338  4667651
36136916  35875278
36125137  2256229
36134080  14504817
36137322  16099398
36137541  6343166
36137269  23721867
36137604  17616233
36137694  11961902
36137637  11922383
36136586  218384
36137985  218384
36126779  36123507
36137960  24316189
36138163  1484122
36137972  27479172
36138236  1885324
36138173  11589342
36138407  218384
36138028  26245139
36137161  20646822
36138462  11490485
36137827  4660142
36138268  13228164
36135465  11312239
36138332  16732090
36138714  13341698
36131905  31083669
36138725  17459002
36138457  16475728
36138339  567222
36136019  3084261
36118590  11952037
36138736  11044136
36097923  19859838
36136511  11617410
36128761  3948206
36138888  35772655
36138971  10301907
36139265  3422673
36139277  27975552
36138771  1443704
36139315  1102392
36139585  23446377
36125962  36137791
36139730  18050071
36139032  750486
36139641  10255724
36139909  60174
36139537  25674322
36139788  4608487
36139592  36122965
36139649  22140387
27417964  25674322
36139763  21965484
36140184  218384
36140255  4261133
36130823  476105
36050059  36043213
36140023  279170
36138611  12573816
36140159  20124472
36140256  6725080
36139871  11238828
36114302  36111448
36140505  22350779
36140164  35819911
36140502  2770321
36133814  24877233
36140643  13954517
36140597  17531684
36131394  29133563
36129587  7595989
36128751  9961174
36140745  22955621
36130800  35919254
36140950  11938044
35962812  19131013
36087663  1025313
36141100  18613377
36036606  2801008
36140974  521454
35779100  36141167
36126148  33925012
36141485  34361379
7449873  5541813
8804317  5541813
32442851  5541813
26522483  5541813
26137265  5541813
25462342  5541813
36141200  678822
22240352  5541813
5427766  5541813
36140911  4794435
36141619  1145970
36141620  4663074
36135258  14220321
36141661  12573816
36140429  922544
36141932  5585779
36141445  28754273
36142044  218384
36141999  12573816
36141930  15883416
36123642  240178
36142547  784929
36134988  1546711
36142737  3349332
36139704  218384
36142222  30458681
36142630  8184492
36143030  2612802
36143035  60174
36139292  33749965
521454  33746
36142866  218384
36141545  310426
36142797  7175363
36142669  36106823
36142536  36121239
36143127  36121077
36143368  14220321
36143090  530109
36139887  18907868
36143320  170956
36143617  1014861
36143673  22100853
36143692  1120140
36143554  36143203
36143781  120228
36134398  34318747
36143771  24644436
36013734  28471103
36144006  3200272
36144020  13102045
36143166  750486
36144256  513832
36144199  12573816
36144143  25290275
36143990  34361379
16297430  20449427
36103153  26229728
36144260  34375620
36143164  5089162
36144587  2505681
36144553  4660142
36144580  2100758
36144212  14220321
36142109  19957451
36144724  6441218
36144729  218384
36135408  4079280
36144108  26446599
36142293  12196762
36142293  2849450
36145003  2941596
36144097  32443445
36128894  27513472
36129502  1892339
36145290  36144337
36145324  7293798
36145323  6441218
36145205  35929768
36145308  25152401
36145477  10894135
36145506  1610030
26921261  218384
36145539  10701555
36137091  14220321
36145576  46155
36144917  218384
36145626  3602827
36145757  14220321
36145566  5048849
36142667  9697900
29098893  4643167
36145948  1584370
36143443  20901419
36143724  3173775
36142845  10055158
35462264  20382412
36141462  3811464
5634135  2788611
36137728  21070101
36132837  3571363
36146553  2371118
36146406  32275135
36145916  6845720
36135212  55828
36130660  267724
36130660  13562277
36146504  35914758
36125309  249760
35954159  16934183
36123516  4660142
36114833  17157808
36115288  3672920
36100949  19670380
36115049  987135
15109313  26353710
36147296  8441664
36147412  30146891
36145598  60174
36147451  3450420
36147400  13904745
36145457  34111390
36147686  4660142
36146729  14132847
36147780  7474774
36147780  1675351
36146891  23333834
36139975  19078461
36147876  14439582
36147987  16134910
36147996  18028706
36139221  34877027
36146606  13929838
36147832  14842540
36142846  19287818
36147004  12341086
36148689  4603574
36144004  21881992
36142480  29609039
36148966  3869601
36146837  804466
36148988  3996653
36147779  2118656
36149048  3179385
36149152  6750880
35954884  1190614
36149019  8028957
35972761  13840429
36149740  533905
36149029  2341808
36149029  232691
35981023  27259332
36148692  36125032
36150064  2703984
36150097  4085739
36149965  36140580
36150229  203198
36150131  20077487
36138600  22891148
36150150  10884651
36149390  35866487
36149340  1500835
20130448  2890271
36148286  1041866
36150837  218384
36150617  11488014
36150789  1373164
36145017  7860569
36147741  36123880
36150918  920353
36150961  17364127
36151067  5985661
36150991  313409
36150671  2353141
36149305  25738296
36150829  14376470
36151296  5545283
36151247  1369147
36150750  676824
36151150  6649363
36141411  13047845
36151747  4847296
36149947  27781634
36151485  44715
36151973  14015967
36150972  36150124
36150642  15441745
36150524  36115334
36150325  28284063
36146744  16704032
36152452  6364783
36145804  15513395
36151132  9731327
36104547  36102011
36152790  8865458
36152770  7017143
36145671  28815563
36149559  18050071
36145236  19692157
36153116  1361340
36151949  16490304
36144486  28882954
36153515  3630054
36139929  35429801
36153666  8684712
36123667  10059279
36153096  6499183
36153068  240178
36153742  469695
36040708  11160955
36153697  12895006
36151993  13262548
36150867  31560080
36151270  14509188
36154122  30094047
36150816  4320315
36153758  30128395
36154479  23446377
34479198  18192082
36154493  271440
36154809  1714515
36132212  1245975
36154830  17420595
36148947  3988788
36153743  355062
36144792  218384
36155176  1529002
36155176  10044321
36155167  1032161
36155040  5474871
36155040  7738117
36092206  36085905
36155303  7486012
36155332  42950
36154277  15447864
36154960  11321491
36146896  35879514
36155196  17591490
36155557  23638777
36155958  4244896
12728594  8977957
36156109  3936558
36155731  32763491
36154607  6141708
36156778  9999420
36155035  36128175
34405565  6454146
36156925  14220321
36141570  10100127
36156168  15117030
36156964  513832
36156874  3387622
36157064  23446377
36157198  8540800
32614196  36154189
36155863  36103161
36157245  18867599
36157398  32206737
36146510  218384
36152216  36146738
36157442  31764532
36155369  4912788
36157559  173209
36157108  4637367
36157848  367192
35745282  6277807
36156764  19128870
36157923  12303989
36155647  7348768
36158000  1565388
36158120  4660142
36158253  513832
36158299  18050071
36143369  5643263
36158437  27763089
36158269  4440526
36156671  14220321
36154058  19226816
36158051  4660142
36143838  12462318
36158504  523643
36158875  20180081
36158984  2261079
36149467  36144337
36159146  4660142
36159371  60174
36159374  30513287
36158024  36033443
36159140  31403961
36159504  7168993
36152166  13893127
36158971  22662488
36158971  27394710
32662181  15388748
36159152  175415
36159547  9543805
36159979  32404664
36154707  32766561
36160498  5211961
36160568  3888158
36160558  1686425
36160706  4261133
36160758  32379805
36160927  34021652
36160714  902034
36160988  203198
36160357  1833640
36154242  22998551
36160397  9739518
36161360  31698632
36161405  218384
36160087  7692238
3285229  7692238
36161290  14220321
36161497  36159037
36161329  124167
36161230  36155423
36157354  21242444
36161658  6211274
36161751  218384
36161787  14460518
36161060  11656532
36161297  9808783
36161585  4261133
36161430  4057440
36161803  29974247
36161345  7753448
36161479  303956
36161504  1208961
36161958  4553388
36158873  7414267
36162274  588004
36162077  11148567
36161346  10636194
36155483  35459040
36162132  526074
36162189  5004978
36162630  4261133
33864185  14355165
36162542  5481539
36160866  30181568
36162402  9166437
36162784  18050071
36162716  22252904
36162661  19570536
36162236  9276378
36162320  33106098
36162753  32584850
35878312  35685955
36160361  7759973
36160638  53513
36158243  8687927
36158243  24022558
36157294  6181935
36157553  11033590
36153126  4810537
36146564  6243276
36163178  3736260
36152020  21340801
36145037  4806911
36163290  1277278
36142656  13782269
36163150  10863132
35903339  33131192
36163243  29308898
36135347  13906623
36132780  36119416
36132960  50499
36123586  24923163
36122612  486995
36118061  32299656
36121122  20753364
36163256  1205490
36113747  4056768
36102750  10239965
36107180  6081008
36079911  1101508
36163630  28390553
36163786  2973202
36163768  23223526
36163979  2802055
36142607  31776546
36092241  35068444
36160324  24536044
36154467  2937086
36164190  2745265
36140862  2100758
36144121  12693947
36164112  34849097
36164242  75752
36132847  14220321
36132847  23667086
36163640  4862178
36137515  3674539
36135829  563406
36146702  20673625
36131596  500431
35825847  15466731
36123363  24286506
36164596  4261133
36164640  17850603
36163726  3657424
36143118  10079089
16124032  16696632
36164040  25611356
36163851  1970484
36164646  5554734
36055931  19647916
36163271  24007650
36164756  24007650
35953975  14853779
13859543  16696632
36164461  16424091
36110519  26615966
36164923  5605125
36164932  11321491
36162614  218384
36164959  40480
36165080  3413586
36162545  36153778
36165078  7936734
36164601  41948
36165116  12804277
36165258  9084410
36165363  750486
36163170  1252031
36165213  16108103
36165129  8776953
36157322  12717420
36164148  11112058
36164560  8759868
36164514  1085801
35944266  1458633
35850828  7865023
7770034  826082
36084738  30094047
36166079  4450045
32555230  27507094
36163733  218384
36166207  5767228
36083543  1265525
36165649  32300132
36165624  4261133
36166249  18018435
36166317  10870443
36158416  20256665
36166609  22682870
22857001  11155046
36166671  20279484
36033554  12676924
36165773  36163630
36166385  750486
36166924  3366281
36166658  11703601
36004981  15297365
36166905  17017684
36166767  11321491
7804335  3366281
36167052  36166924
36164375  500027
23588628  21282722
3479130  17139501
25087411  21282722
36162499  19797248
36167330  29311672
36018797  19688424
36167695  12573816
36167064  36149005
36167548  196972
36167682  16207581
36167746  1146202
36166063  28111237
36124936  34779141
36167086  20646822
36167841  4969171
36142951  35011501
36167699  17242142
36164341  9043842
36167007  1560827
36153901  16670209
36164443  15885980
36168323  218384
36168306  36142831
36162857  35756029
36168257  27598078
36162310  18745391
36168421  4261133
36164942  24926164
36168674  10367698
2017895  243865
36168687  18386753
36168865  30680938
36168857  32635704
36169041  18050071
36155828  28479394
36169187  7261619
36165324  6768793
36166743  35755297
36169493  513832
24436260  28921701
36169219  8432134
36169943  14220321
36169990  8710619
36162396  21977704
36170219  9318255
36170225  2973202
36170225  11632902
36169335  1299871
36036942  8768652
36169615  22662488
36170276  14840763
34168380  35491851
35903394  15795648
35379420  24094128
36170662  6394812
36163446  8659382
36170664  2068816
36169830  30954722
35726509  10195102
36169694  17786618
36170553  3406217
36171001  18680735
36134629  5437723
36171109  24760910
36171142  5891840
36170988  10945672
36171172  15133549
36171199  2723397
36171368  4996002
36170570  14967940
36171168  8557105
36170857  29722270
36147392  27608921
36171735  3737139
36123465  7779241
36164521  4531000
36172125  7014903
36159614  35953778
36169697  10465805
36171792  19418427
36166466  30128395
36172260  34244925
36170946  5930698
36171794  26287640
36171959  283375
36172142  25664301
36126788  17498216
36170259  236129
36172204  105007
36169485  23337088
36172998  8312829
36173083  12769982
36172230  17364127
32943606  20516101
36173014  218384
36173578  1151074
36173725  15112125
36173698  4660142
36173751  30639785
36173705  9122078
36171072  4119009
36173995  203198
36173877  2421911
32910948  279170
13464214  17319722
36174234  10333016
36174491  4046342
36173379  36166907
