36239764  8470070
36240460  36193289
36240479  8091303
36240417  2009402
36048385  7368789
36240337  27618843
36240580  8633461
36234671  1894269
36233497  27517924
36231576  16149613
36240650  36180143
36229963  36212614
36188721  3710263
36240720  1699897
36240820  1958636
36237876  8520170
36240924  218384
36240806  22147813
36216933  36240075
11279331  2464959
36234498  27517924
36240913  23353173
36232088  20449427
36230569  26916262
36240239  139592
36241282  36240233
36241488  18050071
36241354  33083772
36241626  588004
36241691  1373164
36240090  1401712
36239962  12087419
36239578  14296625
36241560  36192754
36241871  5679359
36241752  1072308
36242230  129178
36242518  218384
36242751  27174104
36242688  25411892
36242668  12866214
36242910  19457991
36242618  218384
36242800  34624034
36222129  693372
36242759  4314640
36243233  6352587
36243229  2400262
36243218  23418134
36238936  22521288
36243447  32568261
36242720  18050071
36239038  4288014
36242972  30688145
36243640  24230069
36243250  10315551
25643512  10585990
9961231  18844976
36243894  15029843
36243899  218384
36243925  14186565
36243758  4176328
36244158  85992
36244154  23667086
36244154  9430551
36244141  3748
36240749  21347272
36244423  4660142
36244386  11922383
36244441  11832914
36240991  9774901
36244456  19827388
36244265  35419882
36175150  35853578
12530723  6771258
36243930  3296850
36148534  18491429
36245339  27385633
36239364  70324
36241192  17870999
36245330  5525795
36245330  1359761
36245161  588004
36245575  203198
36245235  91368
36245235  20456666
36199534  2894775
36239905  33112559
36245632  218384
36245476  218384
36245806  1299871
36245820  750486
33708636  33558933
36245147  1196991
36245850  8748036
36244072  1496682
36246226  21122540
36236641  22489398
36246163  13212901
36246326  203198
36246344  30680938
36246483  13445688
36246587  7627098
36246590  17153154
36219714  7507953
36240480  22326923
36246263  8588563
36244703  15112125
36242909  859634
36246301  33032377
36245314  35000865
36246505  19896870
36245761  8586812
36246831  3665820
36246475  23941526
36247185  9626115
36243439  218384
36247430  15718392
36247133  25773801
36245082  35708395
36247008  499405
6956831  4455282
36244622  29941662
36244622  2981524
36247542  21668417
36245859  29734954
36246806  4189868
36244711  5335273
36247871  14220321
36247938  218384
36247383  19213789
36242585  218384
35957729  17865546
36150776  3628957
36248139  8638621
36248072  35274894
36248319  218384
36238566  3643939
36238566  8149828
36248432  13638898
36248356  1054631
36246930  5947661
36243750  3833561
36248565  25653996
36247472  7655581
36244543  372885
36242515  9985912
36248556  36239573
36248698  28890585
36248661  31254725
36248784  1291483
36248834  218384
36248859  218384
36248919  22662488
36248949  11321491
36249044  11312737
36249044  182287
36213197  26026819
36249176  218384
36249082  36245769
36223917  3787514
36248867  5983059
36228776  30080810
15626573  3748
36228354  30080810
6139805  7108668
36216249  11866981
36248414  17240694
36249585  513832
36249593  9612315
36228309  8367421
14110527  1013333
36249237  4064444
36249810  218384
36249452  26004370
36243489  7950628
36247885  31698632
36249350  6471689
36236486  4211209
36249648  721802
36244114  2808501
36246046  2118656
36243544  17429508
36220486  13042008
35934420  26534306
36239951  4040888
36250055  15494568
36249471  1975772
36250138  986006
36249958  10104473
36250336  218384
36250275  32933113
36250653  28776038
36250461  10942931
31303719  36250353
25949866  36250353
34233058  32108969
16754044  13998834
36251031  3066863
36250482  371644
36251122  218384
36250682  36185027
36251214  21122540
36250958  7434640
36251284  443980
36247392  36219810
36240963  31222397
36241432  23440251
36251444  6914152
36244585  9761717
36251726  12573816
36249358  8303488
36251789  5554734
36243488  5830179
36251785  24551
35953721  1251692
36247414  31553179
36244451  15171695
28996640  34132203
36251926  218384
36251930  15112125
36243567  18002794
3400965  455612
36251950  5619451
36252026  4244896
36252083  513832
36249507  2800066
36252162  218384
36251553  7666589
16688739  7389382
36252264  218384
36252091  2448380
36252432  12734721
36252541  36139283
36252617  36252318
36250268  8749675
36249043  33820142
26409316  30073684
36252217  13384653
36252729  4660142
36253063  30632908
36252997  3994493
36253189  18068597
36253237  312443
36253294  18937990
36253182  14258984
36253337  36240293
36253399  176918
36253553  2611892
36253558  31423130
36211867  1347791
36253683  218384
36253594  218384
36253764  826948
31458712  24311023
36253767  1776915
36253731  29428227
36253973  24794924
8746908  3348460
36254195  3348460
36254291  5417125
36251940  36235320
36254435  10553597
36254660  29140402
28889334  25721884
36254732  8941569
36231732  4313941
36254804  11672793
36254911  4261133
36252879  2456148
36252752  1085996
36229672  542938
36217094  6341214
36255086  3914557
36255090  383947
36254765  19841204
36255126  29308898
36255037  5963182
36255093  510348
36249445  36247510
36255289  13024453
36255097  4582354
36255360  29140402
36255169  14976331
36255533  5890584
36252583  36243404
36248199  29036287
36246506  29036287
36255617  7189420
36227236  29036287
36206372  29036287
36255650  6261953
36253106  31038611
36221656  34913037
36214051  36002681
36256219  13840429
36212914  585254
36256091  7355085
36235933  20841262
36256553  8028957
36256678  33546980
36252155  30441122
36255186  8061344
36254526  4983456
36251185  1550878
36256868  4186021
36256868  4817791
36256925  2338690
36257032  3127429
36256214  9605913
36257272  7506844
36252972  31015912
36252922  3144610
36254402  36255177
36250859  8513042
36197249  255517
36256481  1248292
36257655  391979
36258003  218384
36257921  17223640
36251912  35853469
36255909  15617512
36258233  388242
36257974  35147845
36258337  10775894
36077264  2457032
36257230  12619759
36255111  22296701
36257335  4669178
36258648  6562449
36258833  6259982
36258941  883365
36256804  218384
36147465  25276725
36147465  34675527
36259098  4660142
36258995  7456477
36258651  11251340
36259142  9294893
36259186  979397
36258381  36251435
36259655  4362911
36259640  2745265
36259629  6847697
36259751  23740548
36256874  24884435
36259921  2722159
36260187  67117
23372724  16544186
36259597  19896870
36260207  6171128
36258754  35529284
36255715  2699086
36255715  1597736
36244327  10694661
36260390  16302941
36257687  13375829
36261094  8631935
36248418  26278730
36248439  36207499
36244624  36147625
36261266  17677649
36261211  585640
36261084  12573816
36260504  14358814
36261337  661561
36260007  371
36261301  15454220
36023438  17643897
36261247  218384
36261155  14187963
36261365  5455794
36261519  421860
36261535  18060667
36261637  26583696
36261637  122102
36261761  18440205
36261507  5473
36261720  15644991
36261934  16613828
36260949  16518555
36262014  2122786
36261976  24644436
36261851  19148407
36261851  26595886
36261311  15568405
36238279  35895730
36261657  279170
36244895  36259175
36262611  24644436
36261563  9605913
36255780  23129468
36261714  7681756
36261969  1635549
36256775  22147959
36262405  20117998
36262779  4854207
36262777  12740079
36262884  18050071
36262116  34951824
26317123  15663510
36254350  3097785
36259323  30128395
36263193  215026
36256586  7722159
36262951  11922383
36263187  31038759
36263032  23667086
36263372  17946221
36263492  13637069
15772031  2441673
36260505  21881992
36262781  14220321
36259980  13976851
36263923  1007981
36263944  4345920
36262560  33640178
29972406  14602062
36263826  14602062
25389880  14602062
36235851  3964681
36264060  12769982
36264066  23740548
36263919  2607657
36263357  8641889
36264308  4359627
36264451  13384510
36263853  1233809
36260334  13096543
36264671  36255321
36264567  25143476
36207058  370357
36207058  291978
36264373  25291115
36264895  11321491
36264897  5431351
36194248  2081640
36265101  24644436
36265070  15292749
36262905  13500368
36264541  218384
36265471  33431680
36265444  23417356
36265359  17261798
36265419  8329103
36265557  31064592
36265643  36262006
36264711  35112165
36265322  16175226
36265722  19737124
36265538  25342940
36265792  375011
1178743  511067
36258872  4124900
36265163  142003
36247009  13611061
36266370  9455271
36266441  18050071
36266404  10152872
2359866  4888377
36266428  8762747
36266721  4736
36264168  6857384
36266754  36266712
36178265  23317777
36267040  12769982
36016143  36030608
36266918  36257370
36263202  8067510
36267101  16597303
36267294  9187616
36267361  16182115
36267512  18203112
36267034  3059044
36266790  172303
36236242  5453267
36236242  16020858
36267663  2067988
36267652  11685305
36267616  444798
36267794  14379753
36265389  2218238
36253682  19223051
36267966  4660142
36263951  8202605
36267943  1532461
36268072  218384
36254802  19254765
36268106  495021
36268112  4660142
36255033  23704361
36259763  33159106
36267976  18971109
36267989  22646463
36268343  588004
36257058  11856493
36267774  8642970
36221897  2671496
36268563  5078239
36268685  218384
36227863  14478653
36268311  11922383
36268420  1373164
36235054  8746908
36266390  26640129
36253420  2125702
36269169  60174
36186513  14127124
36269173  6100148
36269314  2140627
36269314  2830826
36268242  10837946
1418050  498970
36268428  36265610
36269515  4261133
36269627  31880289
36266650  30128395
36269710  17430377
35854591  36163273
36264159  7794149
36266868  9076634
36270005  409784
36270000  2145147
36269502  1494065
36269946  8707226
36249007  899350
36269913  25254091
36253072  218384
36270081  7735647
36270239  9552218
36269888  5131647
36270449  588004
36110291  284662
15437799  1655362
36270592  951021
36270666  36262443
36270936  218384
36271093  14886881
36270928  33156534
36271182  9508518
36270849  1102392
36270516  312443
36268952  3074771
36271330  417142
36271238  4660142
36270758  36258583
36271380  27131899
36271656  409784
36271723  60174
36271868  14220321
8141180  1967119
36272090  35952024
36272199  1132941
36272011  3348460
36272317  17374893
14693646  3348460
36272421  4282151
36272479  2274242
36216650  2860940
36266867  218384
36266810  2073913
36248699  23452097
36272647  18597884
36272223  13255832
36269806  32770321
36272772  31828279
36272741  36271910
36269926  218384
36272933  8631935
36272964  29999024
36273069  17225287
36267965  14909401
36272940  224038
36273009  251464
36268615  15771949
7248211  223918
36273318  513832
36273410  182287
36273077  203198
36270470  3695243
36273595  18050071
36269818  2076299
36271928  3026943
36273634  4261133
36269742  15094834
36273676  27340036
36255928  31038611
36273014  3099219
36273775  21633115
36273804  11806501
36273870  13795789
36267785  279170
36273996  18491777
33291238  32770321
36273616  13105858
36271127  17549212
36274094  291978
36274051  7837456
36274007  5431351
36274247  14220321
36273246  1250846
36274302  24644436
36245455  36245599
36270851  5554734
36245599  36234440
36274461  218384
36274539  4292914
36273693  34743987
36274565  11303294
36274276  16524895
36264427  2148493
36272131  16002659
36134716  14220321
36270726  27023622
36274801  5125907
36244047  27142196
36269049  4088467
36275013  2655925
36275026  24231680
36275181  28735377
36275079  27133102
36271102  3270680
36274867  17735859
36269448  8305809
36269052  5074225
36274482  111102
36255605  18475093
36258974  557742
36275303  33112213
36275303  11301438
36262253  203198
36275563  25339445
36275691  16704290
36275447  6981916
36234033  13511167
36275894  22446500
36275879  1510778
36275627  1881853
36276485  513832
36276239  12426810
36276528  24231680
36006711  36051871
36270969  442747
36275854  7617587
36275225  7280745
36276206  14947986
36276925  6358673
36277032  13102045
36255363  23730882
36276740  19161594
36277106  29975776
36277280  400212
36277226  3559063
36276889  7278779
36277027  22602082
36275755  218384
36277454  2654025
36274925  12524580
36277474  23417356
36272848  218384
36276218  1787322
36270517  24247462
36154677  36149463
36277842  2808535
36278092  451415
36277970  44917
36278077  11888892
36266629  7926224
36276662  13176842
36277138  4660142
36277987  111102
36270962  2118656
36278291  100107
36278346  4736
36278239  3572463
36278449  36265533
36278269  14831200
35998792  2100758
36278230  32323674
36211451  1835177
36278663  135803
36275036  14211843
36279021  5597801
36277913  11731377
36279126  574594
36278715  26285539
21146940  32770321
36270313  218384
36279206  9605913
36279262  1132941
36279360  6658752
36279360  8110934
36279653  24760910
36279447  153724
36275942  24395351
36278964  332289
36278329  8777257
36279751  10619160
36278843  32386895
36279511  60174
36275301  27000708
36279971  33952174
36278920  24944625
36279748  8086584
36280032  14220321
36258088  16207479
36279821  12571329
36272141  26495586
36279527  5524799
36280261  3623420
36280629  2696436
36280026  1145956
36280705  20279484
36280383  11696718
36280697  1067061
36280688  4024403
36280760  14220321
36280906  14220321
36280144  18634087
36280821  2201917
36281064  22937618
36280955  1134237
36281125  2683679
36281161  4453349
36281159  10693845
36281195  30639785
36281471  5168904
36281554  9945409
36280692  36130102
36281704  2663710
36278979  16862079
36282130  12769982
36242830  9685377
36282131  19146354
36282326  1680528
36282309  36238173
36282325  218384
36281515  5766337
36282251  1475297
36282073  12873137
36281154  11932805
36282447  674115
36280842  26335656
36282658  5890584
36270994  13409657
36282811  2394935
36270842  36236066
36283108  218384
36283059  3724822
36280528  21554887
36283206  18337407
36282798  1169539
36283299  4660142
36283384  2631001
36281166  6061880
36283499  3773406
36281106  26838036
36283684  7740693
36274738  22624216
36283597  13840429
36283919  8676605
36283898  12616954
36132815  3788256
36281247  29599309
36281648  13840429
36283805  15660722
36284000  16959576
36283991  5078239
36284461  4660142
36284572  4255472
36284486  8028957
36284641  13840429
36284502  2320356
36283362  36244762
36271743  32635704
36285287  133051
36284610  9661690
36284955  31073497
23305342  7392143
36277461  33104550
36285491  32648371
36281023  23699904
36285834  13102045
36263463  7406961
36285885  6441218
36221692  23549605
36286082  21567291
36286098  3076414
36278912  27132210
36286178  7113363
36285943  2924160
36286328  14841344
36286682  2696436
36286848  4545311
36286642  799981
36280941  5762938
36281871  1669821
36249260  36277269
36286918  32995558
36269767  8476627
36287140  5121495
36287310  1132262
36287071  15738259
36287130  36250353
36287190  27216547
36287189  11489734
36284415  1309989
36287061  36269503
36274717  12790462
36287094  18173482
36287849  24644436
36287969  6689129
36288033  18050071
36288335  949433
36287749  32452889
36288373  2274242
36288373  4968406
36288199  12859942
36285113  9644612
36288277  11620103
36288346  4261133
36288518  9244677
36183377  31642956
36088325  35633995
36288739  492384
36288861  6847697
36282239  36285316
36288828  26473454
36289007  30792529
36289083  4261133
36289116  22875636
36289155  12573816
36287954  5788117
36289150  22252904
36289305  13466205
36289439  33047452
36289512  15432123
36287882  25781422
36265510  6440259
36289770  750486
36289649  32172357
36287951  18070154
36289681  1014861
36289979  14220321
36287033  33454533
36290242  409784
36290214  3446216
12304361  1154242
36290155  29872225
36290392  4843158
36290473  20961287
36272472  35579861
36289991  13888268
36192180  32118072
36290661  7405740
36290710  18234491
36290159  14220321
36290895  18222286
36290926  9122195
36243376  28180695
36285314  23740548
36290916  12573816
36289640  3717519
36290975  2269840
36289941  9121376
36289941  1690400
36290899  32648371
36262297  5366549
36289662  21411497
36289942  30048453
36291219  3800551
36289540  9517960
36291484  4660142
36280943  610995
36291498  23610151
10016261  588004
36291417  401656
36283178  15622846
36242985  23501185
36291078  35903224
36291575  6298566
36291886  14220321
36291605  2693776
36291044  6808801
36292131  495021
36292165  36283852
36292189  33220693
36292213  1625234
36292337  14003330
36292357  12573816
36292328  245607
36291622  5624364
36291622  5554734
36269253  32454238
36290161  457629
36290161  7470861
36292498  36287362
36292751  12177416
36276755  6306975
36293170  218384
36293139  6980218
36291264  2255689
36292886  2422468
21417388  19446232
36293455  7126550
36293487  1057564
36293409  2540129
33825704  26792260
31099259  2540129
36293602  18216716
36292450  18222286
36171061  11728846
36293428  3442090
36293764  1822350
5716641  1822350
36293784  13751807
3734451  1822350
36282441  32584850
36294131  3577641
36294048  588004
36269841  24895170
36290961  266825
36276582  10382929
36294088  698638
36004176  20469317
36292907  10320232
36294303  24302630
36229447  2971315
36291324  664957
23488101  35618880
36273148  3714945
36294424  13392463
36294542  4458970
36227966  11025543
36294862  13686237
36294167  21567291
36294902  1863399
36294061  33134938
36294109  30564053
36295209  17640754
36292290  23583245
36292598  31038611
36295211  2386031
36287519  13274279
36295180  27162332
36240205  9021881
36262057  29956802
36295556  751681
36295584  35869192
36274703  4261133
36286023  686439
36295688  271076
36295859  25706216
36294664  20816919
36296089  2654025
36296212  22937618
36279745  2784514
36296443  6478536
36294494  427477
36296517  218384
36296268  26237939
36147153  2122211
36296639  2764017
36296750  16794275
36296638  7220681
36235525  6928387
36296784  84855
24802398  9339829
36296938  15786949
36219994  33995404
36284703  2056421
36297374  513832
36297366  1575141
36296398  1185252
36297408  7788331
36277407  32525699
36295234  35799247
36297592  34462795
34462795  28770415
36297618  8710619
36297696  11414674
36297877  11321491
36297944  13102045
36297972  598077
36297998  17202363
36298036  1921421
36297535  29734954
36297937  206820
36281682  662421
17693652  223918
36298123  7285714
36295577  18889268
36298303  5953239
36298313  1951375
36298395  2380019
36293320  26028918
36298388  6355300
19074520  13784671
36298646  986006
36298695  122102
