36411206  6142944
36411092  20807148
36410793  8389811
36411682  1108780
36411781  4261133
36411772  27193645
36411764  14141211
36399190  27486164
36399190  27817577
36411903  19219951
2813362  495050
36411991  218384
10089826  2559527
4922145  2559527
36411797  28572746
36411307  687470
36411307  36365839
36412284  451415
36412221  9358983
5622976  1557571
36412391  11321491
36409491  19451296
36407046  11140163
36405283  9698614
36409445  4836710
32226042  4244896
32226042  1920867
36412682  3654295
36410371  3076414
36348559  26285539
36410364  4789859
36410364  5611963
36412930  19695784
30939083  20033293
36367697  16075446
24638450  16075446
14901758  16075446
36400768  17776306
15869708  16075446
36413186  214419
36413095  17330160
36412804  12186698
36413317  95910
36413293  12734721
36412439  32815451
36413704  4969171
36413518  36089909
36413646  24562925
36413710  30564053
36413929  4660142
36413625  4216648
36413509  3505701
36414183  36164973
36414180  3893986
36365195  138981
36414376  4968406
12432113  1846106
36414350  22060239
36415042  18050071
36414310  36319439
36414481  29440349
36415173  5554734
36415186  23667086
36415275  30567802
36410151  7653381
36415329  30578521
36415309  14220321
36415553  17498216
36408911  29384971
36415643  35826217
36395890  7556986
36415694  5202235
36415720  4261133
36393850  4703312
36415772  218384
36413303  23116330
36415739  495021
36415739  12573816
8256686  10328401
36415718  2641326
36411612  19867389
36415948  24644436
36416033  34168266
36397536  12125904
36415913  4208381
19692236  7027469
36415037  218384
36105465  6436944
36416586  291978
36416633  33831269
36415747  1179532
36413744  18898344
36415283  2445242
36416926  17526608
36416892  18731707
36417152  232535
36416969  33004708
36412404  36390868
36417105  33291624
36417921  13979210
36201607  215718
36221071  38493
36390876  29050771
36418178  9416635
36418385  8163746
36418372  2185252
36418463  6439915
36417666  4111594
36418644  18029110
36418823  14219412
36406940  15738608
36418838  35650681
36418966  7561572
36418609  8354417
36419335  27228367
36419192  35521278
36419192  31357188
36419555  1217868
36419355  29143359
36414426  9937713
36417284  1732348
36166470  36159410
36419433  3040894
36407781  5730092
36419800  36023297
36419490  8587341
36415917  218384
36420034  29965992
36415731  2482848
36419693  20563772
36420145  7123794
36419981  23278930
36420239  2973202
36420179  2889871
36420464  22937618
36420421  3371632
36420462  26595
36420462  132988
36420689  14653058
36420614  2889871
36420814  36271899
36419415  4660142
36314280  23441527
36420297  5890584
36421450  9050917
36413559  2121829
36410953  4410959
36421729  24201326
36421768  2115497
36419844  36398709
32348660  36407941
36421716  24815832
36421236  15339006
36421887  17601615
36420979  218384
36422149  36408605
36421862  32628568
36138040  22350779
36422127  15527832
36419139  8269353
36422371  4660142
36408144  36186831
36422320  13247058
36422635  10693845
36422182  31465141
36422299  1740023
36423062  1207404
36400849  22519784
36423402  36180575
36354636  28495938
36423462  2384167
36423487  7925161
36423719  10382929
36423766  6432067
36287156  5643496
36417059  9131026
36420393  6944730
36423887  17025768
36406470  9807382
36424183  24811456
36424189  7360723
36423569  36338661
36424264  4660142
36423905  32197735
36424401  36421914
36424552  3426108
36424686  6386404
36419879  15125480
36424800  22937618
36218306  3432
36420821  36352940
36424947  10769964
36333220  920413
36425170  27882717
36424723  24644436
36425165  1757112
36425131  1292586
36424870  35553500
36425680  15379474
36425570  279170
36425459  18737407
36425676  9226940
36294021  36319071
36425653  806000
36425544  8608176
36426172  26875504
36424956  11321491
36425966  3392032
33681054  19867389
36426479  8668152
36425700  4906799
36425922  10236857
36426697  15017799
6170925  9393532
36426796  494035
36426304  9393532
36426304  6494721
36426878  203198
36426824  6381752
36424996  57599
36426728  24795079
36412134  17534323
36423933  8459903
36426629  11885246
36427124  114543
36427048  5834014
36427198  32571895
36426006  33357346
36426418  2713566
36393228  2632106
36427059  4713131
36427298  4261133
36426401  25614637
36410223  8702704
36427235  36426167
36427531  2596837
36427305  1673530
36420446  5943368
36427620  4800267
36425684  8370675
36417382  8213522
36427794  768634
36427658  30281863
36427745  24644436
36428045  17663820
36426786  32475978
36423713  36292660
36428409  22528967
36428266  19342667
36425125  24244803
36427293  218384
36428794  35644275
36428840  564366
36428853  1139763
36428725  36154126
36429000  6862368
36429136  4261133
36401390  27499057
26592565  6822319
32644893  8532462
36078692  3985214
36428774  17984809
36429215  15032643
36336748  18949746
36420401  7539130
899102  17528749
36414136  6229504
36421626  16813945
36428358  2973202
36428933  1299871
36429375  1126726
36429638  218384
36427580  36094718
36429817  9670075
36396911  29511215
36429823  21021684
36423755  30059704
36429983  22489723
8982934  95988
36430322  15814917
36429830  2105096
36429598  1550878
36430727  35395317
36430600  2973202
36430890  1108780
36272057  16089651
36430815  14023145
36430864  27918584
36431030  19896870
36430934  27588136
36431135  10378690
36405836  1128723
36431275  1660124
36431410  35641558
36431106  1894269
36430174  5491832
36430326  25073292
32679923  3422673
32627306  3422673
32414377  3422673
36431604  20279484
1432245  3422673
36431483  8031921
36431483  3819774
31364499  3422673
36431745  18243515
36431678  8296381
36431759  513832
36431683  396145
36426160  27817577
36417236  27817577
36431930  36431012
36432023  3800512
36432151  22592064
36432274  277055
36431816  2973202
36431816  6081339
36431929  218384
36432397  513832
36432466  15146052
36425618  733384
36432300  625799
36426905  18585852
36432464  4660142
36431042  19591958
36432613  4488035
36432649  32359808
36432576  5057320
36426207  28519997
36432625  33068673
36431481  249760
36432827  30959924
36433039  4172722
36433075  421860
36432992  30321636
36432972  11728846
36433160  6754430
36433229  36429481
36425379  18038468
36415462  36416290
36432810  23116330
36433426  776286
36429913  24480069
36425610  31707347
36427736  8961071
36427608  10768170
36427437  29140402
36426280  6077141
36433966  218384
36424216  218384
36424158  218384
36424094  3323074
36433926  401656
36423220  26551
36404050  5203022
36427041  22662488
36422837  36280181
36422623  5376970
36421325  14947723
36434037  4261133
36428094  9398535
36403048  15939023
36395897  13955813
36416827  13990941
36434028  13417865
36415846  3422673
36415169  1168345
36412192  25871695
36414836  5554734
36414424  19590242
33165191  1239581
36412327  218384
36408042  16540318
36408365  2784514
36433793  17498216
36406165  18800610
36421037  2425721
36434053  3639403
36434235  2386031
36434334  19512210
36415629  35963762
36434450  3127429
36416046  27523979
36434517  12859942
36434452  11731377
36434610  17498216
36434768  5812493
14409084  5812493
8266915  5812493
36434564  9149918
22066911  5812493
36434948  4660142
36432769  15211362
16084642  3159155
36435069  32127228
36413113  533783
16908186  3159155
36421581  1961828
36435480  15576000
36391318  14865134
36435486  6724238
36435302  1461432
28351833  27276011
36435736  10754251
36434924  30235563
36420928  4960208
36434526  10404348
36436198  949098
36436376  1023347
36428108  23047296
36425849  22074909
36436445  1165627
36425655  3037581
36431749  36410125
36432374  36410125
36413882  36410125
36410125  36405665
36436071  2591098
36373549  36300388
36436173  4514751
36433259  6223023
36423867  19070638
36423531  18901018
36422765  12632602
36421027  323972
36421146  7528801
36436662  5893163
36415361  20337489
36414693  4693120
36398020  36401240
36436646  18494689
36436690  36409348
36412720  29824194
36140018  3762763
36435898  30629680
36327880  4357832
36437111  8092248
36434214  34514805
36437408  2134392
36437183  214362
36437493  13846192
36437432  5396119
36346684  11808946
3812746  15368301
36437750  18764619
36430501  5588465
36434161  2802055
36437778  218384
36437660  28828522
36437069  4660142
36436476  33891709
29225296  33891709
36438356  24644436
36438388  218384
36434843  218384
8009068  30686191
35635523  23142734
36438532  18050071
36438581  16552753
36438488  10796160
36431438  2554825
36438509  12076212
36438716  4421706
36438014  24003548
36438878  20279484
36423728  36350987
36438714  11201248
36439320  34847522
36439368  3376763
36439444  4660142
36439598  10722375
36438181  6421356
36439696  588004
36439767  6491463
36439511  36347141
36437559  9106516
36440101  14220321
36439367  33555283
36438822  7797540
35322173  18203915
36440046  2284860
36440196  6736849
36435891  36438615
36440405  18372355
36440470  383947
36440499  3728062
36440476  32866921
36440483  5627179
36440572  22150722
36440659  10693845
36437876  634508
36440830  218384
36440863  14220321
36440983  36436860
36441072  13089944
36441090  2000582
36429573  4669178
36418626  36396961
36441314  36396961
36173914  105770
36441086  16660559
36441381  27905049
36441512  5825165
36441810  3423328
36438611  10769148
36441898  6503824
36434791  31879497
36441761  8228281
36427753  5614941
36441919  20057967
36442437  12183444
36437544  17909294
36442496  16278102
36442506  6434971
36272395  18429977
36442401  5373746
36441957  5097332
36438928  9443617
36442697  218384
36433757  15310140
9061534  35553500
36280538  14697352
36443273  35553500
36443273  5008944
36440908  3572463
36443334  10761508
36443129  16798811
36443252  5431351
36443252  12413968
36437676  5121495
36439853  885009
36443399  26160951
36443515  12735897
36443599  15285626
36427848  26911763
36443578  23294658
36443803  5406858
36427256  36429097
36443809  4660142
35549019  35699154
36443811  218384
36328916  5673620
21602188  14542140
36443560  2371436
7980030  2185252
36443287  10942427
36444325  11012527
19314735  5675017
36444569  3512471
36444589  2784514
36436590  7831371
36439032  7831371
36444553  9673
36444553  30366669
36444491  20389255
36444695  218384
36444687  11291801
36443994  31977310
36444549  4486048
36443660  1812244
36441657  8704587
36443209  16424726
36436687  21683778
36445143  986006
36443642  2354210
36439576  11731377
36444801  1854
36445417  4152365
13947365  4164114
36445573  4445706
36445280  36246124
36444342  885009
36445188  4945178
36445756  3413470
36445858  27095077
36445941  748175
36445869  29115354
36445163  29801247
36437968  20077487
36439112  7776969
36444829  1926089
36446871  218384
36446434  6867388
36445934  33704927
36446542  1014861
36446900  8269048
36446517  5545649
36447233  7399024
36446688  11372190
17746399  357370
36428740  21253523
36447692  36348195
36447851  8543619
36447086  1133365
36447879  19103570
36448116  32075498
36448213  25842168
36448408  29351082
36448408  4306186
36448322  3365551
36443711  35892819
36448511  2411270
36447680  11538532
36448607  36348195
3492051  386039
36448631  36387204
36433350  944678
36448946  96759
36449054  14101380
36449180  513832
36448989  3985214
36447651  4669178
36449362  32431723
36445734  3106452
36449562  7627098
36448414  4660142
36449083  7314682
36449457  30250085
36449666  35833307
36449533  27599535
36449533  12427385
36447890  18487109
36449777  16199227
20853970  10978692
36440972  30736932
36450039  7336298
2683214  2382532
36450188  4196329
36450281  218384
36364117  36340371
36448919  218384
36359731  11343570
36445012  36403010
36445174  16956810
36449675  35699154
36448478  363681
30932278  18153739
36419300  14898357
36449827  35470301
36450603  3148937
36449025  19896870
36449486  36004926
36449655  4832192
36450732  7811163
36446107  35464832
36450514  182287
36450800  4864239
36450984  8781022
36450028  16959576
36449943  24644436
20001325  1685680
36450788  16959576
36451441  588004
27856143  5297842
36451479  5611963
36347725  6824122
36451586  24206732
36438376  7854433
36451585  2275359
36451966  18050071
36451800  4792024
36452307  218384
31390669  20318158
36451783  1815606
36451783  3452086
36447084  19817459
36451986  10664856
36452362  1250455
36452040  1732348
36452488  36251368
36449012  17313450
36402069  10850860
36168460  36172838
36452046  5592531
36452494  14220321
36452929  30460545
36452889  9617348
36453184  5006716
36453175  544993
36453230  23667086
36452469  932653
36448530  24551816
36453445  544993
36453095  7401888
36450402  17871781
31171084  35728731
36453575  10706272
36453701  4123455
36453682  11299284
36446586  323972
36382136  13840429
36451596  35577657
36416638  5493281
36449255  17365384
36453848  5093744
20670911  2398388
11183805  2398388
36449672  343899
36454181  4736
36450556  3800551
36454166  25348617
36453830  16790328
36454276  27817034
36454334  3611635
36443316  36443409
36454600  13784790
36453291  16132341
36448598  1017224
36448598  16001586
9751056  359494
36454605  17147249
36453744  18050071
36435135  36405665
36455053  25968808
36455025  1168345
36455136  16602017
29158406  23430735
36454957  406230
36419175  7313491
36446625  4009013
36453127  10426824
36455370  10765755
36452520  1089662
36450310  22886353
36450850  18204782
35572079  35564347
36432857  35836907
36445068  18958508
36439063  2817869
36440162  11934468
36455475  14220321
36436829  35332797
5168984  304256
36454420  15214346
36400525  36382525
36455146  13192103
36454221  5969630
36455645  12065885
36455790  513832
36455620  20556773
36455767  22824546
36450386  36456345
36456505  4216745
36456790  18050071
36436718  12399560
36456818  1867861
36455160  30053684
36448885  1037471
36456829  3719730
36457034  3925465
36457134  29963129
36456682  2232934
36457507  2338942
36456913  16427510
36457158  1214531
36457405  10247054
36457637  19517794
36457645  10238670
36457652  17870999
36457721  22514072
36457375  18207116
36457397  7321694
36446262  1524138
36457740  11420448
36451167  2353818
36458022  2973202
36458074  140131
36458074  2817752
36458049  610245
36456865  182287
36457479  7706095
36432822  33827024
36458515  23446377
36458433  8710619
36458508  3316083
36458264  3257460
36458288  2528318
36458646  218384
36449541  62289
36447485  21129020
36264597  36171333
36458045  9147981
36457157  4591206
36455777  12386948
36190105  36177396
2019495  7665673
36448298  19379081
36458831  1922677
36458814  13844168
36412317  13556028
13156671  7665673
36456956  2386031
36459181  36456015
36459249  3084261
36447958  13716649
36459122  4244896
36458735  17677649
36459485  513832
36459379  2781357
36459605  11618278
36459519  16539999
36459262  34853219
36454527  2907062
36455836  36454782
36457015  28672883
36457925  8920496
36454008  8818290
36456271  36423633
36455097  7517688
36455243  10953806
36449428  9123075
36450703  21514074
36450874  513832
36447720  8607249
36445878  218384
36445234  322749
36444991  218384
36415514  1260895
36442880  5769669
36442090  218384
36440640  4955635
16602848  882295
25934642  12533885
36441711  203198
36435404  218384
28926335  3976406
36460659  394809
36460680  797251
36447846  20449427
36430561  497094
36460653  36460350
36460941  27588136
36460965  625083
36459606  24936426
36461103  12769982
36460950  32509596
36460533  4176343
36459210  15065400
36459294  25224692
36461241  9767391
36460843  33177669
36461188  3088059
36410794  36410005
36461355  1433204
36460812  16158815
36460942  23446377
36456647  937044
36461852  3059333
36447399  33300592
36461372  36461291
36393229  14220321
36453878  2338942
36454626  6913512
36403936  29050004
36460271  15721407
36462208  30816496
36462483  17498216
34985818  35137085
36462599  6869996
36458416  19944214
36462571  20307443
36462712  14442894
36462806  36412904
36447957  16711051
36460896  5262634
36462909  6811183
36462943  29308898
36462392  29308898
36463192  19524105
36463091  16959576
36463091  13530465
36463083  586370
36462189  4660142
36463498  233673
36463710  85190
36463653  36180575
36463677  2816369
36463822  11321491
36463886  36463746
36463906  21909907
36460741  19490351
36464365  750486
36462319  218384
36464406  33611812
36462016  36350987
36463707  36462463
36464273  19278797
36464130  14018739
36462287  27190774
36463125  11303294
36459212  31237983
36465108  23446377
36465159  465172
36465259  35361028
36187937  7211259
36465362  18050071
36464279  12573816
36465313  36191788
36465416  34853219
36464812  36446114
36465467  613183
36465840  26979303
36465919  14432862
36465750  28471481
36464143  1452871
36391373  16704243
36466193  6941533
36466139  4261133
36466180  24837444
36439679  15590450
36466240  24644436
36466388  24126468
36465777  1176416
36461495  5694933
36466762  1669190
36419113  35706776
36447489  36442011
36464226  4307770
36463239  1624691
18460123  8789729
36450897  7680504
36423249  15135872
24962839  22277892
36467311  12318089
36439678  5566310
36467215  20833295
36467057  14301967
36435192  2581696
36415489  2311228
36415489  20185966
36413099  26717870
36397933  12400217
36392376  4651437
36317186  12199631
36461849  17193365
36467722  36466896
36467102  5369799
36466905  22937618
36456467  1534210
36467974  3737139
36459124  949433
36462371  1419046
36463445  218384
36452378  26911763
36439417  15661969
36460634  36459920
36468445  4660142
36467341  19265191
36468789  1584370
36270872  222413
36468400  13085929
36468358  9507209
36467462  19874743
36466107  9069379
36469157  203198
36469095  14132006
36469280  7364150
36469312  60174
36468932  16207479
36469363  3076414
36468266  28105504
36468943  11786640
36469360  1986896
36448466  4152365
36350843  36422599
36469401  4152365
36467485  4112686
36468234  2429146
36461186  4076601
36469475  3590961
10414093  3590961
36464116  18664579
36469567  11130354
36468998  14508815
36469860  16518566
36469850  6056903
36446331  9076634
36469937  91817
36469959  3035634
36470109  1777210
36468567  33600302
36469130  14829130
36469601  25360450
36469851  24581517
25934155  14829130
36469376  25197194
36469827  290884
36470390  101128
36469885  34685905
36470258  25445118
36468563  36434246
36470173  13888268
36470856  5117127
36467688  18050071
36470422  16893043
36468289  18050071
36470788  22151560
36470354  1504962
36471371  901115
36468726  6396294
