36471469  36470878
36471524  12859942
36471657  3115982
36462933  28568635
36471681  33079455
36471770  5083682
36471609  11782566
36472014  4977367
36472105  35553500
36472154  14220321
36471362  23667086
36472143  218384
36471456  900087
36471993  16037165
36471270  7745609
36472263  36443547
36468435  33481784
36472257  11402731
36472215  218384
36468556  695050
36469594  23105433
36469594  28390104
36469594  218384
36472539  14765155
36472665  4829054
36465876  34738845
36472393  23323179
36472810  1055336
36471358  5335273
36473090  7014903
36472313  10880307
36471014  29240982
36473080  33536284
36473100  1494953
36473177  1818913
36471079  32626330
36472942  13343954
34837040  12090077
36473610  12871263
36474186  4660142
36473770  21667295
36472454  25049116
36474387  650131
36474208  35032465
36474262  36055796
36474129  36474401
36474453  649802
36473974  4261133
36473251  2547402
36474412  32071060
36409458  16424091
36474941  19087811
36474209  18050071
36474879  24102775
36475042  16437173
36474007  16893043
36474765  16265425
36475213  28639692
36474837  6120228
2818281  91817
36474460  36038478
36475357  33904697
36475507  218384
36181460  26889313
36475630  1402227
36475565  3255515
36475730  1517611
36474728  10067680
36474426  24391251
36474268  320921
36469941  17798720
36475709  688336
36475954  28237717
36476238  189645
36476363  11966756
36476210  3371737
14286964  25864092
36476175  17254008
36476444  31647507
36476504  25612262
36476304  8720931
36476566  36468967
36476694  8028957
36474032  29721176
36476923  12321177
36476833  18573016
36475168  36214546
36473815  940707
36476991  6393943
36477078  8397852
36472914  4660142
36472914  779091
36471198  2682626
36477304  1680528
36476383  11844072
36475470  32886546
31041996  20807900
36477475  33970645
36477202  4281910
36477545  1788539
36469758  35591023
36477389  12427385
36477452  2659116
36477753  11947037
36477645  19499891
36476793  12297067
36477794  10728377
28318119  10797808
36477866  12432525
27643810  10797808
36102897  10797808
35240694  35240519
36476264  14680396
36477747  36477453
36465864  2970938
36478088  36465864
31067460  36465017
36478291  14220321
36477738  860656
36477633  19734531
36477633  9479573
36448150  36466717
36478551  4660142
36478089  218384
36478704  14220321
36478684  9030036
36478785  209029
36468846  27907327
36476884  35833116
36479033  3418128
36475347  34624404
36479398  5057267
36479110  19865158
36465941  33332613
36477274  218384
36479774  17147249
36479445  12573816
36474652  21760613
36479968  3309188
36480373  36403278
36474335  31263171
36469933  20568107
36480593  60174
36480588  5689013
36480228  17853636
36480538  18050071
36480650  203198
36480574  34968470
36480519  27139366
36480601  16790174
36481040  23667086
36481256  218384
36481096  23271775
36481210  29577977
36481367  3911595
36481379  35525555
36481428  218384
36481167  24933104
36481429  6129986
36481300  19077585
36481788  218384
36481818  28740572
36474247  34258256
36481989  12573816
36482007  36479857
36479798  918154
36462551  10199233
36473355  12443203
36468287  14494101
36480985  10012944
36460008  1290659
36482141  19256996
36482060  2262988
36482448  14688117
36482569  2716069
36482768  18487109
36481022  5580039
36482910  28687566
36482580  12769982
36483061  3318132
36483154  2450954
36483163  5605125
36482773  34181280
36483172  5376970
36478592  3319075
36483221  20821148
36483248  3270680
36481918  4934806
36481439  22937618
36483306  9160182
36483693  32584850
36483485  15745042
36481871  5618878
36483815  5447771
36483979  10636611
36483942  10136794
36484208  2573135
36484308  5647461
36482257  14944699
36483691  4753823
36484307  36466018
36484405  8146793
36482416  14612196
36435172  36403735
36484471  5757552
36483692  10573485
36363623  7238403
36484556  1660124
36482113  35767649
36484874  13840429
36484807  7571117
36481124  20157175
36485112  20999264
36484737  34853219
36483719  36377420
36485204  218384
36485306  78536
36484259  1894886
36485650  3737139
36485609  22130429
36441553  28295833
36484271  22655031
36485752  36157777
36485343  4753100
36485340  28526738
36485928  14220321
36485952  28494089
36451826  4866721
36486048  14145082
36485792  6828684
36486237  23667086
36483661  497338
36481914  24510188
36479894  218384
36479894  25385173
29347759  27893134
36476986  122105
36477106  15749192
36475879  40480
36473046  3976344
36474338  16098046
36473693  3693626
36484469  3069589
36486353  3663506
36486210  34608282
36467592  8735624
36469053  17898266
36463734  513832
36463618  8704423
36486566  1132941
36460677  218384
36461462  2253750
7040049  4888377
36486705  495021
36486608  32108638
36485147  169511
36486707  898909
36485557  2846301
36486732  15916958
36486964  24900875
36484969  920413
36486735  26847500
36486997  23335845
36486693  1817792
36482995  19000737
36487287  218384
36485422  15997483
36486373  35658334
36486764  814878
36486764  112625
36486767  14220321
36487504  8932431
36480302  373833
36410718  1299871
36487317  12030809
36487630  218384
36487887  21264125
36486602  9847580
36485914  14028959
36482278  7969088
36471081  3717793
36485888  19226816
36484580  35931526
36485096  27978078
36488311  29308898
36488217  1527803
36488277  218384
36488425  588004
8207655  10087819
36488330  40480
36488480  218384
36487693  4261133
36487881  7472752
36457470  7472752
36488516  31325866
36488719  11274904
36488051  5585779
36488747  627435
36488723  23515347
36488900  19876095
36487329  17498216
36488848  8028957
36489157  14220321
36489206  34101715
36488639  35448343
36488639  5619202
36489303  14795145
36489259  5162780
36454876  16213525
36489357  284899
36487866  31755499
36489430  218384
36483983  5086699
36478731  173687
36489636  4261133
2092827  1837261
1965077  1837261
36489858  36466295
36489812  17498216
36490090  29140402
36490110  4213972
36490197  2922954
36490197  3826963
36490194  36470103
36490186  31403040
36490325  33592699
36490481  21626439
36488389  629551
36471411  10126695
36487636  6965107
36490699  24644436
36490685  36207858
36487029  19079143
36490323  29912349
25294518  25170774
36490933  17066636
22133170  12111936
36489579  20279484
36485007  34162392
36490984  154059
25842172  218384
36491472  12859942
36491348  2532729
36491536  36491375
36491564  4261133
36491525  4359627
36491550  336859
36185444  9845762
36106522  21844593
36491965  484635
36492084  13109588
36491251  22662488
36491285  36492141
7368552  260857
36492384  2091465
36492504  513832
34705432  31548311
34980776  31548311
34467000  31548311
36282879  31548311
36492480  23210900
31146472  31548311
36371262  31548311
32309637  23210900
36492745  620858
36268262  48239
36492892  36442356
36493256  492384
36492853  13317536
36493350  12945891
36493415  14784367
36493501  35465106
36006753  35945001
34477746  35945001
36493619  495021
36485462  7031885
33181936  35945001
36008215  35945001
35491608  35945001
36490004  34346802
36493873  30299093
36483184  4114095
31290698  29304584
36494025  22896569
36483937  11051307
36491222  15760109
36490798  2272917
36479635  36433241
36487651  13070537
36493488  33611812
36494150  10583931
36493554  4216745
36493182  8617404
36494622  858836
36471101  1518711
36491849  4589790
36494774  36494874
36494688  1170214
36490218  1755509
36494679  13562429
36494909  9430929
36495265  29058007
36491244  32407455
36495455  1013797
36207234  36245848
36495612  4697882
36487824  13755762
36495692  2731719
36495718  36494898
36495740  22909081
36496250  14220321
36496495  577411
36496123  218384
36496654  1392315
36496574  28840903
36496400  17811936
36482289  27636829
36496966  13443998
36495837  19961239
36497392  218384
36496715  805547
36497296  1794833
36497644  218384
36497437  2391679
36486143  1075534
36478104  26355645
36498029  20279484
36449357  35825069
36497995  3505735
36498024  7158741
36498030  218384
36496744  11121846
5926215  9393532
36495171  28725727
36248173  15879865
36498637  20737426
36498440  750486
36495866  36493990
36498882  1536915
36498862  17622106
36498616  4997907
36498012  13129642
36498962  1555262
36467614  2530
36498832  52550
36498498  218384
36498790  31525868
36487297  31525868
36499259  5804256
2875674  1874132
36499176  17675804
36494766  34612395
36499986  4187146
36499257  28708741
36500061  36498798
36500044  2320069
17229884  30359068
36500108  10119092
36500217  4983392
36500299  3651725
36500285  11976079
36473037  7836313
36500420  22252904
36500392  13029299
36500451  750486
36500433  32555425
36463244  3552260
36500911  9573244
36500404  10312364
36500639  20563772
36494784  19733447
36501205  14220321
36501289  7286532
36500933  2237080
36468111  19302525
36501448  37538
36499139  251694
36499877  14344063
36501802  11321491
36501828  218384
36501546  5289393
36500227  5842654
36500627  5770341
36502242  5926103
36502298  31273991
36502236  19640148
36501810  7450510
36502535  13341698
36502555  1881922
23206580  6166337
36486743  23667086
36502569  16785369
36502291  30558900
36502046  9364410
36502750  30737082
36501135  5593686
36502191  23667086
33376028  24900875
36501863  6209904
36498168  5450519
36502990  36481804
36503110  7537791
36492874  45015
36502280  7520615
36497269  36437107
36503337  10521061
36503046  2610550
36503328  3110921
36503438  4261133
36502931  20278655
36411810  23665264
36503381  2937183
36502056  14454672
36500895  10971149
36503768  23740548
36503385  21263591
36504127  8988855
36504243  8228281
36504023  25257274
36504225  24023412
36504315  35553500
36502682  327043
35934061  34516332
36504356  22875636
36504364  21881992
36464639  28774757
36504674  3418128
36501898  32718360
36504884  2770321
36502470  687470
36504712  22937618
36505032  588004
36505216  2973202
36503270  17723195
36505269  6931510
36505118  14188451
36505267  6111679
36505230  11321491
36494074  2348077
17890758  1258712
36505452  29308898
36494164  34571
36475267  36445442
36505327  35744405
36475144  3886410
36505731  36504172
36505339  20449427
36505643  19797377
36505966  28167528
36503783  31885409
36506197  8336858
36504819  6482235
36506162  36505468
36491108  24794545
36477942  34395477
36506402  7365172
36506064  1390983
36506721  36504206
36506807  3000468
36492316  27817577
36506999  32693150
36507042  1943276
29124902  31853063
36507238  14220321
36507323  2750270
36486454  11408130
36505799  19499366
36507695  32779713
36507617  28667924
36495994  23022586
36505986  261573
36505986  546655
36507758  750486
36507904  513832
36507658  1817792
36496175  18649512
36508123  30329189
36492313  36492868
36492313  19148407
36507025  16351826
36503977  28906535
36507061  3445316
36508019  6443176
36478070  618097
31487297  1988196
36505575  10432543
36505632  19843506
36464714  33245499
36506342  35967638
36508247  1335507
36508441  7102413
36500903  218384
36492197  25589113
36490629  6362037
36487198  36434339
36486635  2091589
36508109  12004603
36506974  13307418
36508612  5890584
36504534  15621970
36508532  21474111
36508772  208016
36508368  12391744
36508799  1101750
36508762  36508675
36508841  2745265
36508866  5890584
36496938  1207406
36496938  1637807
36430132  32133221
36509164  36508243
36507220  695050
36305166  5956934
36506898  18871277
36426323  14654390
19239217  8081701
1441532  1920867
36506915  3907545
36503605  36422599
36495116  19177994
4875689  260857
36506296  1256593
36509490  36467849
36509553  4261133
36509241  8440816
10580129  260857
36502884  34556929
36505303  218384
36510001  2852748
36509999  1716296
36510351  36504955
36507796  1496793
36467234  2973202
36468268  2973202
36446170  2167916
36462140  2834353
36471462  2167916
36459990  18050071
36460322  18050071
36510513  12573816
36510491  27022057
36510486  9544737
36508069  29179528
36510818  750486
36510920  26665499
36510890  16778498
36510811  12573816
36510294  29734954
36511034  36510602
36510693  13896450
36510693  7592129
36500748  6856356
36509723  29560088
36508166  4640404
36492868  36492313
36511678  5528097
36511612  4261133
36511770  21303224
36511769  24900875
36511808  29140402
36511456  31548227
36511917  32669612
36511974  40480
36511073  27322145
36507735  15882499
36512102  8343767
36511990  5052211
36512297  33513004
36511764  36116608
36505720  12475503
36512494  36512361
36512282  12212147
36512459  11321491
36507225  32886546
36512667  30512570
36512874  336859
36511926  3232920
36512714  312443
36512832  14804161
36513325  33157296
36513462  10921809
36506798  339699
36507600  16761458
36513494  6464931
36512263  27677397
36513456  5290342
36506073  6668834
36513705  21568321
36513552  12431523
36513835  513832
36513820  6463372
36513194  178909
36513966  394809
36513336  1195826
36501423  25699187
36514199  670308
36514300  26269564
36514245  5595593
36514213  34579099
36514285  36477542
36511986  35683813
36511986  32170456
36511986  24643522
36514250  21411737
36514514  30129531
36508740  218384
36513922  2738574
36513922  2333285
36514289  12794382
36514878  36504199
36514940  2063480
36512952  218384
36514902  18050071
36512071  218384
36512071  36142894
36514840  7343811
36514840  17646471
36515064  499829
36507549  20563772
36511845  34745396
36514305  3563769
36515173  4660142
36514893  681827
36369217  11699324
36515247  31254725
36514975  2824973
36512225  842585
36506754  16950900
36493198  21971484
36515388  25203556
36515676  1256593
36514737  34420030
36515961  24475792
36515800  13010958
36516023  4172722
36516039  18876274
36400186  588004
36493066  2428572
36516158  24002369
36513321  466345
36514134  28514704
36513760  18828377
36514426  11781260
36515715  6180555
36327631  7852263
36513245  27769662
36516977  27096670
25486891  6402160
36516926  59217
36514012  9685946
29380771  7973690
36517104  2973202
36517064  33726908
36516605  5121495
36517132  588004
36517178  8128168
36491614  33868483
36517063  7143541
36517267  599161
36517391  19366401
36517429  2010892
36517438  954834
36517458  2474018
36514581  5346727
36517568  21090041
36513754  9880279
36513466  3901495
36513122  4851595
36512023  28473736
36517456  218384
36513205  8237251
36512885  18847145
36517814  513832
36513862  19207991
36517876  750486
36517707  7225070
36517987  186857
36518009  218384
36517030  3088059
36518114  1613666
36517869  2160469
26604506  24143925
36514846  27893418
36518189  218384
36516866  2943556
36509621  12234042
36514201  25860108
36517034  9211437
36518462  1102392
36513667  20558410
36478559  8776328
36441437  36441856
36518367  6598649
36518671  240178
36518704  940913
36470436  7674786
36509831  9821919
36512452  16042044
30893225  22983013
36512836  218384
36514562  36514085
27998744  16263158
36497504  11227287
36518952  33041007
36518778  16959576
36518932  18097922
36519089  5622220
36518863  21410045
36512353  826398
36519251  13003828
36514611  15935389
36508565  28394698
36518763  997946
36520006  513832
36520003  218384
36520027  218384
36519983  23334360
36519939  6294179
36519830  24054773
36520112  2587669
36520044  21141580
36520277  4841436
36520242  4106809
36520326  5781043
36519712  2409126
36520015  16781587
36520452  12573816
36520506  25851786
36520419  36503825
36518855  16574189
36520619  1241178
36520491  1632005
36500733  36451413
36520548  2973202
36387037  36383215
36386554  11891335
36386554  355425
36411032  4816683
36520852  25531914
36429771  3022176
36358744  36356325
36521081  23294658
36513420  5598085
36521194  19535644
36512482  5721360
36521664  10934383
36521724  4570366
36521783  5554734
36521430  6921185
36522002  14028959
36521971  1169388
36520884  36511312
36521892  36457577
36521495  10259365
36521943  21906471
36521916  22252904
36522166  588004
36521665  7122609
36522208  14028959
36520948  13851728
36522086  448162
36522317  10031156
36522412  588004
36516271  11252146
36520396  19027022
36503618  11319909
36521021  13292272
36522618  35308274
36522613  23667086
36522540  2218238
36522745  513832
36522501  14492284
36510910  9705123
36522243  1162230
36515419  2122085
36515326  218384
36522509  11027679
36512569  12565587
36522282  16908476
36509195  13102045
19697996  4620601
36513939  24063798
36522495  21033150
36518809  2274242
36522442  7223555
36521909  35521267
36521176  36520811
36522712  26446599
36523065  11816444
36523085  2422468
36517836  16118586
36523154  2422468
36511008  2429477
36523230  28089898
36521925  10656743
36521480  24900875
36523465  4660142
36523407  32899586
36523468  34222588
36521642  13351363
36523673  11321491
36520043  18952587
36449844  12285969
36462081  8481188
10465857  1518711
36520989  4660142
36523890  4534146
10192662  5113374
2673147  5113374
36523483  36518270
36524104  513832
36441638  25129165
36518289  34748176
36518289  5093398
36521891  5071601
36524134  10450348
36524182  6216643
36524274  1373164
36523596  218384
36523933  24070408
36520287  22397289
36524457  495021
36524494  24639335
36524546  8995503
36524507  11530862
36524609  16953897
36524321  26098920
36524676  5654989
36523375  379906
36524741  12573816
36524774  8932074
36524685  22937618
36524836  3653298
36524836  2022031
36524962  4660142
36524868  14828217
36525001  11296361
36465063  6081439
36525288  13077304
36524817  6612385
36524827  16125389
36519838  273313
36524972  2943222
36525510  36525393
36525502  12573816
36525438  797251
36525654  35553375
36525699  1336055
36525086  17495841
20108915  1743985
36525919  60174
36521198  5539955
36514765  9048424
36526109  30680938
36526131  18050071
36526166  36526124
36526190  30214531
36526233  19063652
36525487  10962379
36526231  23461152
36525693  11563638
36526265  11303294
36526325  25210916
36520370  20385767
36526878  4014535
36526664  3512471
36526664  11530862
36526073  2484980
36526958  13611062
384189  5003142
36520957  5051111
36526246  16302554
36511235  18050071
36512203  24644436
36521312  24644436
36527003  5335273
36526628  15366374
36527213  36524496
36527123  30739460
36527300  854406
36526645  4049342
36523178  4421706
36527438  4392446
36525511  36508694
36527513  5535863
9424173  5791400
36523074  4672682
36504833  18727964
36527715  12066739
36527518  30597110
36527805  11731377
36527645  14092922
36527973  513832
36527962  2351148
36527259  218384
36527140  27313352
36525595  11625194
36496372  1327544
36527885  4261133
36527998  10699532
