36585500  36358047
36586572  11058211
36587179  5756136
36587623  4734108
36587586  14217746
36587421  14220321
36587641  36587549
36587893  218384
36587870  137487
36575824  371018
36575824  14242281
36587991  1168036
36586549  28614078
36588154  805107
36588182  922476
36588427  36588214
36588480  1230233
36588530  10972166
36586287  2612802
36588758  290884
36588778  203198
36588829  5722700
36577933  14408123
36589010  15454220
36589010  19245205
36588880  60174
36583940  19591458
36585137  34412103
36588609  15680629
36541723  5946135
36589243  8302674
36589449  11365212
36589428  24083842
36321113  8999776
36585584  28035369
36589439  8927315
36589439  15526805
36585667  2630013
36590237  3384504
36590065  29308898
36590272  7268302
36590517  336859
36590490  18397498
36590462  36508132
36590380  2483572
36590434  2500592
36590647  4538338
36590200  10067266
36589747  33396376
36590932  6234961
36589719  5890584
36587904  29050474
36591146  218384
36591126  218384
36590342  26963927
36591205  513832
36590383  2129794
36591212  5931900
36573861  2311228
36590797  17484764
36591461  218384
14815274  3583353
36582336  15521451
36590007  36588365
36578370  924494
36531795  10267852
36527194  9581064
36588533  15657367
36591700  25666269
36585666  25898865
36591777  18723596
36592114  16018831
36592098  3366281
36591404  18332474
36472425  3811908
36592464  2802341
36564629  34752754
29556984  12573816
36592887  14220321
36592941  18050071
36592926  8305793
36593128  36589963
36593385  114543
36593596  36592184
36591128  2872743
36230550  17408769
36584546  7459166
36186396  14555263
36592604  4261133
36593953  32745480
36593914  218384
36593496  572723
36593496  19128507
36593892  2335888
36594247  19288652
36589687  8904782
36594253  13387742
36594134  19512785
36594326  35439578
36594824  36594604
36580704  19138706
36589887  18515471
36594951  28380921
36594629  356809
36594910  7895105
36594771  18487109
36595378  512166
36595005  20187700
36594783  31682310
36595573  1262695
36595436  1631959
36595620  36591918
36594875  6917180
36594181  936684
36595933  4035638
36587156  20563729
36595510  18251399
36595036  11707056
36596195  13674948
36594674  12859942
36595047  60174
36596190  6848970
36590411  428918
36596175  18050071
36596173  14220321
36596378  21455131
36596692  12423614
36595379  36438034
36596591  4813307
36596250  9343594
36569860  14094684
36597311  203198
36595479  2292578
36597342  4261133
36597368  26674388
36591228  34406925
36592597  10843297
36596495  28066941
36597756  625799
36597811  4736
36597875  575196
36597776  16748438
36596993  7627098
36037033  5200234
36597879  23446377
36598015  9887534
36570082  36597538
36598161  5225130
36598215  85190
35018291  30798906
36340434  35680702
36596563  12530406
36595244  154184
36598488  6494591
3496518  2600191
36598366  16642861
36598272  2255771
36598508  11240660
36598549  2274242
36598514  25195565
36594857  24623120
36588994  21881992
36598765  21265598
36598881  3496971
36598861  60174
36598923  2655925
36598835  8613237
36599102  8611313
36599083  11886954
36599092  19735250
36599162  1685190
36578700  32666453
36599189  234075
36599091  4056682
36599103  2875238
36596530  28702960
36599491  2637087
36599603  1120140
36599300  42294
36599203  33058004
36599649  4012998
36598202  16377215
36599951  12732309
36596852  36583349
36599807  3918203
36599343  24514717
36498023  19896870
36596989  9758457
36597246  454854
36592461  17426386
36600201  3173610
36600280  18050071
36600291  36582997
3173610  4616202
36594707  16296145
36600275  9630707
36600275  4533847
36599810  8511901
36589923  31048953
36594300  18378633
36600615  6183139
36599735  34952638
36577642  34032323
36600713  483091
36599154  35797839
36600966  977796
36527493  5619202
36601129  1408289
36595669  31652475
36598939  22603291
36595805  9109890
36551739  7263282
36595686  4216745
36594429  18207248
36594656  3481828
36601348  25647470
36591447  18037576
36597936  3482312
7884993  36577020
36591053  18127534
36590579  2878867
36590274  5868439
22450645  12324464
36586752  1592876
36601426  8579657
36584940  16085286
36601091  36271899
36587615  20898805
36587447  19652778
36601139  35826325
36585766  2591098
36585234  218384
36601363  36601144
36582456  18852059
36600010  21342293
36601553  5564418
36582129  513832
36601763  18050071
36581814  2305966
36580065  62289
36579790  125557
36577124  2213340
36601347  22150722
233579  5443510
22886030  22150722
36600378  32260
36600345  36589263
36601030  14383736
36602083  16930473
36602273  36390967
36602456  11249850
36602262  25367502
36602301  505566
36591839  14347340
36602565  30731785
36602325  33010190
36601475  20279484
36587307  25905086
36602738  33010190
36602760  36180575
36598033  12475850
36524001  36597981
36603108  218384
36578724  593964
36602495  8578109
36603158  1207406
36602689  2269840
36598709  3935791
36603260  32591985
36602996  24479700
36603429  24013410
36584089  16827262
36603350  12396740
36602353  8567743
36603808  10261731
36603840  14492422
36603971  4660142
36603899  29140402
36603895  8933491
36601482  36600787
36604112  3128205
36603060  1729054
36604184  7125936
36604234  36583538
21103334  36603950
6433246  36603950
36592437  35999627
36603589  2923272
36604885  3418128
36603904  36602353
306139  254385
36588071  21262424
36605156  5096620
36603123  21833537
36605183  2139715
36603867  28512394
36601707  1930499
36605405  336859
36600704  6422700
36605449  499405
36604910  6673936
36605253  31424561
36605328  14145877
36605812  11625415
36605908  27494227
36605617  31280327
36589706  32584850
36605523  35907038
36606255  14327647
36605897  14220321
36606167  5210535
36597313  24880671
36606306  36605103
36606260  479329
36606310  720208
36606727  291978
36606790  34522306
35769975  34522306
36606955  10536030
36606767  218384
36607012  4897215
36606954  218384
36607161  9206618
36607457  6441218
36606820  36172972
36510741  36350987
36607748  218384
36607613  1625234
36607779  1395897
36603202  17573190
36606327  5577727
36607936  33703573
36608014  19843506
36608050  798545
36608219  31511598
36608352  513832
36608292  10981570
36608445  495021
36608187  32171692
36608548  12573816
36608366  24463689
36608774  6441218
36607581  10987318
36608619  4843212
36585945  5687600
36608879  247483
36608867  22089319
36608973  1458633
36574296  2381336
36608942  34936019
36609142  12062481
36608683  10598940
36609232  36608645
36609133  24644436
36609348  29745853
36609392  35105374
36609225  32192682
36609526  1014203
36609608  5287538
36609639  409784
36609379  5937701
36609658  218384
36603313  22358
36609463  2697383
36609463  25850230
36609834  946418
36609916  5187530
36610000  17333
36609198  23808514
36610130  18050071
36610160  4446203
36610232  3988788
36609745  10297124
36603682  13367868
36610214  8450472
36610261  21014618
9126105  6018611
36610323  203198
36610428  5890584
36610284  60174
34816008  2168475
36610598  4399794
36610648  29504516
36609668  34743987
36609668  9972049
36609924  15632215
36609078  10470590
36610885  3127429
36610868  9605232
36610675  36610772
36611064  513832
36611084  1278705
36611113  36610914
35146429  19022773
36610914  9508518
36611194  394809
36611263  218384
36610890  218384
36611285  2356501
36610172  35056760
36611604  13489065
36611453  25463523
36611562  18408324
36518942  9531375
36611722  409784
36610947  4261133
36611840  5133580
36601635  36583399
36607650  36565295
31458974  25126295
36610866  15491894
36596864  12512691
36612374  21044798
36612272  36610915
36612658  36611994
36612635  18110397
36607924  9889492
36610705  30094047
36612420  10301907
36612193  5390033
36613260  6120375
36613331  7748071
36613242  2770321
36612045  36603904
36613466  4244896
36613469  14031569
12374399  3848786
12374399  2469767
36613668  197986
36613220  5502761
36610018  24301986
36613776  14410693
36613765  2091570
36613818  2400955
36613902  60174
36613910  743806
36613844  12003222
36612983  21030391
36613623  2839321
36614327  791328
36605688  21805868
36614344  3905658
36614119  35326630
36610270  7735267
36593491  218384
36615156  1102891
36615545  14446677
36568295  19695658
36614364  7738219
36615823  5163144
36598096  28783964
36612295  15425406
36616000  8724045
17708657  15425406
33840652  17708657
36604622  5952344
36615833  36164973
36614806  36614663
36616303  30680938
36613855  23417356
36616128  351409
36290839  895171
36559159  14692560
36614782  23353173
36616442  15996596
36616442  952914
36616332  27050820
36616992  164194
36616783  243919
36528425  36520409
36611182  9303257
33148097  4734580
36610211  36510016
36605192  4194207
36602479  36353549
36617169  2174362
36613775  14809310
36608895  8875818
36579264  5615648
36617568  18050071
36598254  36598728
36600430  2973202
36617632  18050071
36605011  18050071
36617118  24644436
36610882  24644436
36617396  1076013
36616186  36175930
36617889  26173565
36618002  218384
36618011  3985214
36617868  16940101
36586405  1703546
36586405  4770297
36617572  36513009
36610112  36421974
36618469  23294658
36617824  17836525
36618625  518000
36605229  6787329
22824190  6162401
36565386  12281975
36617329  9536257
36618275  3033407
36618727  4114167
15970527  14642779
36618543  218384
36613931  16108103
36616230  6045307
36619570  23377108
36616754  7020961
36610100  21509045
36620271  16072709
36620499  218384
36595367  34451932
36618502  218384
36620414  588004
36620240  25314336
36620677  34485393
36620962  734689
36620719  26615658
36621071  4660142
36613485  5767228
36613042  5767228
36619107  11840318
36621050  3366529
36621032  18014403
36621200  10775894
36621546  18525671
36620623  35936870
36621431  21880730
36621592  3669970
36621501  4731011
36621797  2066428
36621865  80646
36621441  9713294
36621957  218384
36622057  4660142
36622031  36620806
36622102  8798403
36622130  8188548
36622096  17498216
36622446  24644436
36622605  9707600
36621552  36622508
36622608  5121495
36620853  3570191
36620853  19807156
36623271  383947
36623153  2992451
36623287  13016379
36622116  25373991
36623274  4261133
36622697  218384
36623399  36020280
36618769  21211916
36623694  14220321
36623861  68160
36623395  36486990
36624134  69913
36608108  35599873
36624303  36623911
36624489  1150381
36613187  12206935
36613693  31283175
36624761  5554734
36624466  16233425
36625049  6857468
36623588  201323
36625159  7911776
36624896  6827222
36625123  5711272
36625311  11179406
36625241  364114
36624890  5752246
36567861  12004603
36624980  27116221
36621234  19242709
36625626  24311023
36623508  35989895
36623911  6521245
35671637  36180575
36625991  6521572
36625701  24735311
36626123  30739460
36626139  12769982
36624644  14950482
36625839  477486
36616744  19377172
36625726  32584850
36599600  33611523
36617400  7271647
36612414  252519
36614845  1516122
36626304  588004
36626799  8269048
36626493  15423405
36626747  218384
36627003  218384
36626931  22937618
36625703  32015133
36627243  3217842
36627243  3602827
36626501  34995417
36627281  203198
36622660  1372317
36618544  3225251
36618363  20597545
36626821  17089717
36627260  14220321
36627044  19843506
36627376  35772655
20055515  3422673
15117125  3422673
36627412  17498216
36627795  36619882
36617275  25034609
220387  59217
36627760  8169636
16413599  3422673
11381554  3422673
31059761  26464326
36626868  15682665
7983651  3422673
11810735  3422673
21572202  3422673
28528025  1454425
36614015  14404884
24052101  153724
36626445  9280965
36628314  4261133
22840770  3422673
36628512  2973202
25134178  3422673
36628047  1200266
22666861  2902458
33457810  2902458
20234947  2902458
36626632  22629568
36624460  14950422
36624307  218384
36628397  29828345
32153804  2902458
34087053  3422673
36243449  3422673
36625880  2862617
36620595  7085539
36620277  2410304
36616680  19896870
36618189  32635704
36618369  33147339
36617719  13102045
36628664  513832
36614556  22807328
36614556  2762093
36614080  19816407
36613332  36603411
36614160  6096940
36629144  35819264
36629101  451415
36605574  17898266
36604832  15039222
36606109  16295942
36606109  7799940
36603483  24239426
36604378  12062481
11974251  537174
36628963  5554734
4169699  537174
10530102  537174
36602894  676097
36626794  4660142
36629243  36180575
36623889  35218882
36629030  17146347
36629398  13723174
36553466  23667086
36629731  13521833
36629733  27096277
36629527  12991758
36630391  28446626
36627319  29497391
36628261  17411991
16317396  2385332
36625384  36625671
36630683  2973202
36630241  16938480
36601664  34366305
36630471  11321491
36630012  7767218
36626926  8891858
36631281  3402841
36631167  36557349
36631267  1572003
25034123  18211942
36629546  3225891
17867701  26112497
36631449  218384
36626520  467793
36631353  12734721
36628991  11980087
32988933  25895634
36631584  14220321
36631315  19261833
36630123  21058935
36631380  747470
36631831  36271899
36631803  237104
36631803  1181575
36631757  36629542
1181575  237104
2514961  4211209
36617995  29308898
36631674  36631262
36632359  2365272
36632144  35218882
36632477  9612758
36632648  3299972
36632654  2973202
36632775  4767971
36632779  495021
36618210  26573394
36632270  12941984
36632393  1685860
36632915  4343624
36632867  1011557
9437726  1373164
36633382  29828447
36627352  29947245
36633016  34950184
36620272  2267476
36633715  4261133
36619959  10063380
36531857  2274242
36633790  9393038
36609369  34503751
25700671  23742141
36632592  23742141
36626710  23581291
36629400  3334619
36628408  36607415
36629639  33602708
36634141  25430677
36634142  5076710
36633686  2349633
36634373  203198
36634410  4060538
36634046  36611258
36634627  11332422
36633978  36483245
36634769  18050071
36634784  3501382
36634821  7969949
36634694  11591174
36634996  218384
36630981  29028072
36635014  4194207
36635098  6343166
36635200  218384
36635250  1866770
36635300  30094047
36635270  1582285
11853602  4343624
36635385  27883427
36629141  12180981
5882497  4343624
36634337  18967441
36635509  36613972
36635715  218384
36635065  218384
36635522  10057651
36635759  36613163
36635376  7816585
36635840  25706216
8402798  7822514
36635833  7777505
36635867  13102045
36629863  26366417
36635989  36635840
36636248  12573816
36636156  18050071
36636311  24644436
32957553  29658240
24136040  15696416
36459171  2591098
36636352  21895756
36629325  3985214
36634973  11321491
36636544  6112482
36636712  9272585
3641274  4343624
36636874  1451009
29121887  2902458
26223465  3422673
14412252  2902458
12437172  3422673
36636858  13319492
36631439  451415
9556880  3422673
36636854  12921713
6559885  3422673
36616240  24730636
27262453  3422673
13132135  3422673
4387419  3854748
36636857  11816424
36637200  218384
36637081  11321491
36636161  4108313
36637117  36635164
29252057  3422673
36636610  5708514
36637324  8647080
36637340  218384
36637251  36636971
13662001  3422673
36637218  6688223
36637655  7102413
36637772  2037203
36637757  17357226
36631681  11321491
36638047  513832
36637762  36637136
36636622  60174
36627678  11303294
36638102  33013868
36638447  5841161
36632529  36573664
36638522  9997048
36638550  36638476
36638631  27831597
36638729  14330713
36636423  401656
36638890  1107220
36638906  22444
36638760  17619871
36639069  218384
36592456  35978025
36634155  36503825
36639009  21343262
36638405  20968746
36639358  218384
36639043  750486
36639410  949433
36639390  20828907
36636866  23667086
36639219  655891
36639382  7127896
36639655  9809213
36639285  5431351
36625689  750486
36639971  28317911
36639753  30487085
36640075  20279484
36640140  949433
36640147  6851660
36640195  14220321
36640195  23667086
36631494  7108668
36639616  18525474
36640099  2661722
36640405  832059
36640434  25104537
36556637  6495030
36638463  218384
36640478  513832
36638002  36548683
36640646  285061
36640784  4660142
36619076  134099
36640859  228288
36640859  6012219
36637187  218384
36640302  279170
36639579  29938338
36640465  36304289
36639823  25791533
36641160  12799931
36641195  4660142
36640794  16869737
36641242  22625785
36641101  2592501
36640945  4657545
36641273  2783803
36626965  30395349
36641566  1205490
36629992  16367436
36640493  22214843
36637759  2596837
36639001  6464931
36641259  9362639
36638394  3655316
13502475  4343624
36639860  36635491
36640401  218384
36635174  11008047
36642203  22937618
36641634  27448485
36642158  3127429
36642007  7368621
36641635  4660142
36642302  18093928
36642442  21986362
36642580  18227375
36641254  3272541
36623391  671118
36642104  22678141
36637462  1319461
36641811  15142902
36642772  492994
36642848  14633607
36642820  588004
36634378  3695224
36643089  7591240
36643101  7930139
36638112  12319809
36642692  2977023
36643473  8746519
36643560  3987428
36634219  13950496
35658736  4139288
35658736  6645537
36643846  218384
36643807  8754444
36642543  20017026
36643986  14220321
36643952  3410464
36643529  29845018
36644191  20194722
36428798  30963879
36644394  30429956
36644147  6337431
36643628  7930139
36643810  35313710
36642734  11187582
36644646  35553500
36643964  383947
36644258  4569123
36644843  247483
36644449  492384
36078472  36079404
36596066  354070
36645275  4616202
36643856  8206810
36645532  10710345
36645329  10787766
36645746  4660142
36645395  12126932
36645544  13241668
36642887  17107206
36645643  60174
5694282  13241668
23026452  13241668
26817347  13241668
36645085  1475297
36645928  19190866
36642425  4736
36645078  32477182
36646030  13185670
36646136  36547963
36646124  4113731
36646276  4421706
36579317  2734270
36645093  17096011
36632042  33258543
36646308  36550192
36646308  5442096
36644729  12766166
36645974  33090626
36646505  4261133
36646588  2338102
36646796  35985564
36646928  4660142
36646874  4261133
36646690  218384
36647008  36214546
36646214  218384
36637747  561447
36647164  15077966
36647141  12573816
36647310  23294658
36644567  9155684
36646190  30441122
36647446  21553327
36647397  4261133
36647607  14220321
36647633  25215476
36647178  1521921
36647723  11405493
36647335  203198
36602436  36586465
36647823  17262170
36648105  363681
36647632  20563772
36648064  33242940
36647904  36637018
36628568  29782982
36648523  2229757
36648325  574594
36648466  11928199
