8826505  8078403
8836699  5124743
8838971  1326570
8840928  612097
8849250  8819738
8853577  8853544
7727109  7718256
7727607  6551089
7731504  949433
7739356  320295
7676002  4829844
7678691  50532
7681150  4605206
7681618  138449
7681618  249087
7682452  3695566
8359635  5612486
8359635  6756931
8363354  6026645
8363397  8362795
8368813  2807135
8372071  324486
8379423  8379416
8381645  134956
8488588  725717
8499645  24772
8506797  199080
8506797  4564666
8508078  1120706
9408307  113547
9411566  1090458
9411801  9081736
9415609  9421708
8726555  4104134
8730500  795746
8730500  3698740
8730500  11674312
7151057  2697025
7152386  1162381
7157352  7164782
7157759  7156907
7165147  2241367
9420557  4302019
9424752  7373023
9425488  4210612
9428577  4421706
9428696  222557
9428696  7576303
8553199  1505783
8555421  338206
8563781  60455
8567121  1116886
8567764  870697
8569729  8630233
7876795  5183251
7878024  5183251
7880232  7499438
7880296  7879733
7687566  183918
7688600  2598658
7692093  2024294
7695837  115703
8509371  1152140
8522450  1018952
8522752  5027147
8640031  8639825
8643546  3247358
8644575  6312448
8651259  3459566
7698611  7700828
7703227  2817166
7704512  7518180
7708992  4691782
7709073  2682582
8482020  8461140
8485734  1968320
8488708  2763318
8492686  7031411
7887984  2808796
7896058  7895736
7896994  6356421
7897301  7210286
9199954  215252
9204191  9204052
9208135  2106132
8494245  181780
8494245  8475433
8496353  2973202
8496587  1822350
8500940  2009228
8504482  8475647
7673651  182742
7674102  102558
7712081  4657928
7714591  7680097
7720122  1920864
7723649  7723364
7723666  7721314
7723981  2167916
7724585  1944656
7727640  366980
7727640  1632113
7727742  7715366
9212924  5342822
9216625  9214464
7901831  853813
7904632  662220
7919136  1565600
7920222  5844465
7920308  212734
7739575  7739164
7740713  7726115
7741913  7732723
8382517  2150014
8383903  1864840
8383903  2863347
8856487  2715654
8857772  2593139
8857857  57483
8860780  1613341
8861865  1447287
8862350  2479402
8866145  2060346
8881002  5324647
8887018  56011
8300430  659013
8300594  15486
8302502  2973202
8302502  11674312
8303238  4165131
8303238  4480788
7171120  4488727
7171163  92471
7171163  1662473
7172042  7159636
7172585  128478
7172835  6968042
9430767  842
9433308  3136783
9442200  8087610
9442399  6339945
7178451  7177683
7178701  5051007
7186939  6242976
7191626  4559925
7193641  20363
8504918  8324463
8520887  2144406
8530854  460739
8536463  2073537
8544451  1939
8733807  7143343
8735594  3436398
8739488  1450393
8753813  1496411
8753813  7051289
8755300  3183857
8303923  2726551
8306312  4274895
8307131  5902705
8307131  6120071
8319363  1140358
8575795  949433
8575795  4176328
8583615  3389574
8595583  3247285
8595665  242718
7920501  941010
7922830  7892950
8320299  2036890
8320501  1780386
8330510  8325196
8331212  5564074
8333018  8322311
8654033  8653065
8654837  433895
8654978  4100450
8656348  8287242
9216659  5283071
9221941  5808057
9223813  9223628
9230406  784929
9234643  279038
7730150  6234335
7738387  3897680
7740561  5380568
7740659  1478201
7755201  6962403
7757341  388461
8390205  5389512
8390723  1792217
8392852  8393165
8393770  98124
8393770  4754938
8395803  437150
8395953  712392
8395953  6097333
8532044  183831
8532635  2973202
8533069  8488705
8537022  2023046
9442400  7897026
9447697  1410563
9449938  9441282
7743319  5792574
7747780  2834153
7749988  7657304
7750724  7158951
9455435  8028957
9457640  8496980
9459379  55859
9463991  5764782
9465745  9390445
9465813  9452354
8335675  764976
8348509  70689
8349715  1296646
8355648  8355422
8770476  7898503
8775220  8775133
8778163  7743189
8779585  1283640
8787088  1542189
8658454  1016847
8659951  1060090
8661632  8659732
7679485  2167916
7681926  447543
7682293  7682447
7682458  1032161
7682561  2139750
7750807  520237
7751807  560084
7754481  4347730
7754481  4421306
8661823  1365793
8661823  2118932
8664665  8666402
8666108  1410311
8666108  8660209
8670345  8668174
8400140  1789945
8400140  3480771
8405163  69761
8411086  6260489
8412040  52353
8413383  2585384
7762705  2721546
7762720  7751849
7764292  104599
7764292  7567646
7765647  1143194
8418038  2778109
8418038  8417718
8424347  8421635
8424672  8424303
8427155  8413034
8427416  5117132
9239889  4675728
9250619  9155453
9252793  9253027
9256735  5353164
9259952  600293
9262730  3451906
9265738  9263541
9272211  241339
8887286  956508
8890528  6422114
8892085  1454363
8892851  97018
8892851  1421737
8892851  3956471
8901326  908188
8908376  527676
8912337  791181
7202472  7189484
7207045  400212
7212332  6241716
7220206  7220076
7221335  3155761
9272520  7823990
9282514  4944621
9285115  9270935
9287194  9288127
9289859  610245
9309815  3075866
8544467  3883788
8545539  8499739
8547416  202463
8547416  500580
8551453  3333934
8545723  4656814
8545889  1715697
8546166  3900564
8552975  8881040
8556737  3552000
8559277  8558597
8559677  3317854
7925038  5185230
7927896  806739
7929232  7364
7929975  6706461
7931704  2282051
7931704  5781360
9466331  1615215
9466481  6329632
9469139  8218693
9474070  5040565
8598209  8585294
8601949  856823
8602042  8556982
8608862  1066829
8609623  793983
7777179  2590233
7781623  13049
7781623  7781635
7782574  7781348
7784831  7784277
8554920  839178
8557762  4126029
8557762  8544585
8558498  4126029
8558498  8544585
8566343  5307787
8567081  587797
8570196  5122570
8571089  1001307
7759013  6492038
7762085  92859
7765897  5452550
7765897  7480000
7776142  1132941
7779652  161177
8571266  584734
8571266  5061877
8574376  391979
8581162  201323
8581662  8581312
8585029  8583397
8590143  602168
8914562  31840
8915264  715650
8922399  1388467
8925560  201323
8938779  5029409
8355782  8355315
8369601  1064901
8372173  1249392
8372979  525212
8375232  7201100
8788773  8788730
8791917  14453089
9317376  248562
9318548  1610030
9325491  1945989
9325491  6142705
9326463  10912901
9481321  9412618
9487124  826398
9487124  1361965
9488059  2180698
9488459  4685563
9489664  9487496
9490349  180172
7790700  2752783
7799888  7775195
7809518  236129
7810618  610245
8564264  1132941
8569203  1953530
8570505  142003
8572318  4607684
8572318  8568924
8574985  654342
8428416  8657894
8431024  8430243
8437758  56908
8438451  8403205
8440030  2448964
8443660  588004
8457639  8457118
8458389  7856916
8464609  8412338
8466170  8465730
8467213  1998544
7932340  199333
7935491  965614
7936734  7936067
7943979  4481951
7946230  4347143
9330173  3158730
9330816  388436
9339295  9327233
9340533  9159202
9342946  9174514
9349793  6881596
9350136  9348561
9352508  2388423
7779818  6771406
7780503  7780297
7783898  2048309
7786136  7730948
7789527  4138364
7789680  5081025
9356216  1201261
9358315  729197
9361289  7662548
9363631  2768688
9366010  793571
9372621  35185
7794760  1968304
7798487  2080731
7814782  2802055
7816352  5328325
7837127  3058401
7837127  6339790
8610909  1473143
8610909  3002067
8612177  2700311
8614342  6352208
8617168  7696884
8619065  8618851
7812005  1732348
7820080  3465707
7822437  2841719
7829523  5090103
7830523  2321064
7832312  141720
9373634  9293891
9375770  1379553
9378771  8577330
9379080  4831741
7954268  7924961
7966293  2235794
7968122  7967825
7968408  7638773
7968515  147468
7968515  3356113
7683130  5480235
7686823  5242291
7695779  6869343
7695979  7696670
7700595  3783007
8673396  2244836
8682011  8353049
8684585  8684049
8690044  1420045
7846202  51786
7847338  6485586
7849678  4642822
7853903  612189
7855860  1490573
7855860  3903987
7869581  7869078
7226115  2641822
7226758  2877567
7228194  7204671
7230109  6581279
7230323  7223345
7231245  6757031
7870232  7869092
7878805  311165
7878805  321370
7883668  7870309
7887314  1744665
7887314  6642865
8692214  4140065
8692818  8458392
8693711  3577641
8695817  8641478
8480492  8480231
8486090  60174
8486090  7214280
8486090  8178913
8490731  1795025
8494132  8581643
9498352  9495356
9513110  9512805
9515549  3922606
9518726  9505714
9522202  9522265
7887548  97279
7903409  7902145
7905813  3019696
7907017  5385651
9387361  5093166
9396362  751254
9396555  186640
9406045  6907409
9416977  8752220
8949424  2940508
8963413  2007425
8963413  4031390
8964400  106347
8964583  2973202
8376953  8204595
8378110  8378404
8385428  8395750
7833648  479207
7836341  19035
7849307  2064692
7858733  6133090
7858733  7859963
7866572  7758533
8594530  950518
8596025  654754
8596025  5612095
8596461  155609
8605492  3028693
8605619  1231198
7971023  4906073
7971716  3558119
7974274  7924624
7974274  7946927
7975131  1532461
8975092  330215
8975343  4594733
8975343  8821306
8976313  2937227
8976313  3090284
8978202  4421706
8981610  3764212
8981610  7355501
7701127  586202
7703718  1289644
7706025  4025605
7707229  62540
7707229  5926357
7707361  6199011
8495407  2135081
8498526  4646788
8499351  5360628
8500891  252785
8504367  337704
8508861  4643998
7914556  7917493
7915190  774587
7920321  7920081
7921274  7915695
9524041  227820
9538613  7181534
9542089  4901728
9542089  5473981
9542790  9542536
9423136  2866380
9423693  336859
9423693  1925976
9427480  9414955
9431258  2454056
9451437  180172
8982533  2548018
8989919  400135
8991774  6950536
8994331  4096962
8995348  436159
8995348  2393697
8697898  373328
8704007  1238377
8705250  2224814
8705352  3410520
8706377  401656
7882633  306671
7882633  4628771
7883369  918886
7885841  7864433
8511187  8275131
8511312  2475652
8511312  2909451
8511919  8505997
8514209  518530
8514209  3431776
7980797  3401136
7984527  392981
7990050  5927633
7991050  2350657
7991236  7963459
7991279  7976474
9549342  385975
9549342  8116480
9554572  5957341
9557065  9557056
9562846  9562783
9567893  9359239
8624663  1100343
8631054  3638540
8632369  55677
8632394  2902427
8634841  4153186
8647659  1374720
7235482  7234306
7249686  1316518
7259203  242813
8792317  3276546
8793590  5446316
8794189  4424374
8795325  538609
8795576  1704407
8389806  999066
8389806  2859633
8390708  8353049
8706879  1021102
8707722  60174
8708449  2368605
8711066  8711612
8712797  5493281
9464005  2428186
9465877  1407020
9467347  4410704
9469728  367761
9472627  306400
9501073  537573
8607264  7178001
8609127  1643067
8612514  25637
8613016  3868506
8653182  8652639
8656683  4806150
8660084  3695243
8663053  5486789
8664303  8666021
8997905  8982172
8998811  3889687
9004223  9003859
9004610  3521254
9004610  8545363
9004725  3772290
9010843  5539316
9010843  5722378
9021620  388242
9025015  4174080
9025015  8671366
7710569  7560922
7713696  2973202
7714649  43500
7714649  50098
7721719  7729294
7887698  1138769
7887964  2239490
7888434  7888132
7891491  7888628
9575045  2371408
9577585  9596739
9584370  7117935
9586345  3482941
9586796  7198431
8516399  8500051
8518203  740954
8523501  5661015
8530746  1352078
7991336  634201
7991429  1569
7996116  2432857
7998188  1143706
7999081  4371181
8008584  32586
7931800  6889367
7933540  241339
7937969  4663448
7944704  7942269
7949669  13211
7950286  151777
9027670  661561
9027670  983289
9030146  9029762
9030397  94935
8614945  5160352
8621138  8581643
8622497  3664077
8623612  7496727
7899732  81584
7899932  673523
7905546  7897342
7907218  7830240
7923394  7922943
7263883  7263448
7265812  6660512
7270928  7330592
8624205  8623649
8625112  552336
8797934  4372197
8799170  3431160
8799455  8813645
8799555  8799749
8811887  2454019
8543289  8234297
8543289  8271578
8547144  515428
8547144  8538245
8547612  4672239
8548169  144254
8558154  7051038
7285032  3577641
7286740  147468
7286790  6227504
7290548  39771
8565778  8566184
8566796  798545
8578453  8565527
8584137  8524998
8586391  8586153
9501650  734561
9506196  993112
9514182  1014861
9517662  2997495
9520829  1324466
9525171  7367664
7294006  4994109
7311140  680562
7312769  7312279
7313762  3009477
7317906  5531258
7317999  7308299
7735287  7729991
7735356  4575698
7737746  7736748
7747069  81656
7755761  7752352
7762546  7762369
8011592  1452418
8011849  7426290
8013471  288739
8013471  4270382
8017522  3864102
8017522  5633086
8023467  5005319
7764249  4096169
7768043  7756741
7770519  1613863
7770519  6097119
7779411  1518711
7784105  3227176
9032350  2816715
9036379  1972964
9038468  1028285
9045837  4967669
8595483  8605710
8595726  506366
8597623  50801
8598441  8605458
9588332  9585463
9594633  136458
9595538  180887
9597542  3645247
8602160  2407563
8605418  562894
7791039  6117254
7793048  7364150
7793048  7740241
7793248  905654
7793780  569603
7799863  6505033
8816717  827294
8820212  6180006
8823905  8820778
8832294  1438270
9051870  7933596
8833665  8566
8833716  202463
8843476  430590
8845061  328356
8846669  8834441
8863246  1972006
8394588  1660728
8400687  3682748
8401523  147454
8402276  3495109
8406618  8403999
8407705  8401851
8409962  5250412
8420307  967443
8429484  513056
7802271  244758
7805429  2810911
7808138  6667860
7811632  746525
7811632  1628485
7812849  2736862
7928074  588004
7928074  2100490
7928325  2577496
7928574  650894
7934141  3034861
7940257  3284498
7940608  1717701
7952273  610406
7952375  656224
7967066  2939023
7968402  7886116
7971878  2348819
7976541  1138827
8606486  206717
8607022  8600097
8608962  1534812
8612881  7825448
8614928  279170
8618404  8617212
8619522  8603029
8623066  1089018
9541283  4581791
9541826  1134290
9542585  3992790
9548471  71328
9549178  2818179
8627296  55218
8629575  472966
8629636  2754865
8631583  521298
8632826  8630233
8637331  3123776
8639042  8149747
8642468  1275798
8648134  4726040
8648134  8043026
8653100  8645431
8656958  1644317
8724663  7281758
8725472  201323
8727212  8726681
8741516  6311968
8665707  2501002
8673599  1180860
8673599  7967579
8677225  5594139
8700778  754294
8701607  8700874
8702268  4003634
8705215  4156585
8705419  998247
8709956  8709881
7318385  850341
7318385  1545164
7319335  11
7322379  2216666
7324358  1138460
7986182  4534404
7990011  1970160
7990394  7976440
7994742  7992368
7994925  652460
8009582  201323
9599028  1852319
9611345  3405369
9615071  2966855
9629447  3652714
9633073  4563651
9551888  3150035
9553651  1921941
9557704  7534453
9558974  1193524
9577617  1221447
8023881  446594
8030140  3922958
8034956  4375982
8036492  477748
8625305  7521891
8628756  5294305
8633527  1245662
8634801  2246571
8637907  8637779
8641751  7143120
8864032  3423671
8864832  1156975
8866839  772988
8867725  58976
8868826  8862058
7814975  1259585
7816980  3051402
7817665  488963
7821323  929364
7822395  4626418
7829211  804951
9056048  7970128
9066761  2442407
9075351  654057
9079716  336859
9079716  4141437
7325244  7162369
7325294  915170
7326666  1464291
7326780  3552700
7326780  7324265
8042851  6376390
8043687  3437410
8043687  5199630
8044023  553611
8044023  583414
8044673  7984753
8047281  4096582
8576666  7602038
8585422  3318902
8594871  600202
8596509  3766827
8598824  253834
7832955  2810459
7833606  7833105
7837232  337704
7837971  1331769
8430767  4497810
8432056  8416767
8434813  8085269
8434864  4312147
8435313  2832380
8435583  8435420
8437455  4546698
8746791  1885181
8748468  1164635
8753709  8753678
8755045  8028957
8756692  8755866
8756692  8756609
8757258  8756147
8437736  399332
8439191  8410713
8441350  982953
8452312  949433
9638454  9653375
9641662  3698200
9647245  9300555
9647363  492384
8710581  2443811
8710581  6399493
8725596  3577641
8730662  394767
8737096  1793800
8010301  563153
8011586  8004920
8012875  8008738
9578796  840653
9581268  4864522
9592893  3219383
9599307  2781505
9607404  9607082
7941680  400794
7943216  711940
7946794  1158777
7947294  1189416
7947294  2611409
7950989  7950570
7954848  7916855
8013526  2546314
8018538  513832
8022516  388242
8023167  6205808
8035871  562303
8039028  8037684
8044512  5320375
8045699  4419383
8046967  8036850
8748485  296182
8749003  8380805
8750075  6434663
8751200  164194
8760810  8657666
8757360  6756931
8757726  845355
8758160  586547
8763976  7263490
8766545  4736417
7838504  2517484
7842983  6064707
7846191  253492
7853126  7852043
7856352  947362
7859963  6133090
7328545  1150321
7328545  6655887
7331053  4551660
7333568  685156
9611039  8982087
9612177  3726376
9613556  2080401
9618327  9614693
9619565  9372073
9621878  104420
8872405  8865850
8877736  8877460
9629432  6184223
9629432  7500760
9636384  4172722
9642929  448919
9642929  2100907
9643070  8665309
9079780  4269
9079780  1939689
9082707  2502201
9089740  9045701
9095390  461203
9097696  9007599
8054376  8054058
8054769  8014965
8056841  160118
8058620  6475394
8062271  3534070
8062271  3776750
8657269  3095612
8659009  8658770
8661999  7627519
9654984  9583203
9661736  8096657
9678766  9626562
