36755781  86653
36756448  2745265
36756407  2641653
36756626  7220681
36750343  131803
36756602  30987329
36756294  7871019
36756709  23294658
36756534  16008978
36755594  14960126
36756711  14063564
36756855  9273016
36757293  36732209
36757313  513832
36756010  31861239
36756822  10432677
36755093  4286299
36757374  21142923
36744822  30423776
36755976  5050265
36757802  14220321
36755036  2943222
36757886  218384
36749732  10921645
36757927  25706216
36747351  1043598
36758868  60000
36758227  4213656
36731006  21807987
36468217  30031649
36759077  9936289
36759067  3300839
36750734  17171771
36758209  15273042
36757269  7255444
36754843  17155916
36749755  9273298
36543207  359494
36746570  6059246
36744189  2614862
36743810  9781245
36759389  23379081
36741633  8519070
36739115  16015459
36686481  220149
36734865  3595515
36730396  24853686
36720066  5180382
28797266  28754189
36720730  21919962
36704082  21265814
36716594  122102
28141168  20055593
36715426  22010012
36759452  2851327
36759557  25564831
36759640  1520800
36759717  1597405
36758922  5004233
36759858  18050071
36758896  15887116
36759711  36675891
36759223  9201239
36760110  14220321
36760314  20508628
36760723  14607142
36719656  21015452
36684122  31257321
36680413  3231580
36760940  15666048
36760665  36760782
36761251  36271899
36483007  32475832
36754724  29860667
36480479  255341
36480479  9438060
36761199  572897
36495054  183353
36761451  36761203
36761427  32688808
36761133  4020786
36761398  14186179
36761184  12859942
36761203  2885173
36761221  6788018
36761077  2091465
36683359  35146157
36762053  13401563
32868405  30983982
36762269  13840429
36762101  7301825
36759844  3342140
36762703  1751301
36762691  1625234
36762772  2435216
36762845  17489250
36763271  2933
36763263  201724
36758709  513832
36763302  513832
36763467  7122609
12340871  14028959
11792794  14028959
36763516  2773265
36762592  14028959
36734195  32878380
36763379  18050071
36763689  12004603
36763899  513832
36763221  513832
26746618  13241668
36755390  32170456
36690353  35315996
36762439  36764264
36720087  29848530
36764333  2198379
36758017  35264230
36764389  5306860
36764307  23058029
36762343  26345678
36764638  464864
36764573  18050071
36761240  8470070
36758502  218384
36756434  4660142
36764714  35683537
36764881  22516331
36764957  17498216
36765203  30466905
36763945  14975341
36765300  218384
36742907  8486294
36765400  223918
36765439  6343166
36765407  6538203
9691771  6538203
36764073  1055299
36764073  28538169
36765653  23481262
36765583  16836731
36765482  7712167
36765670  32010735
36765835  3220005
36766068  7218760
36766048  1751301
36746093  3834301
35609017  36766061
36766272  36763293
36766656  14453495
36744146  36765146
36766633  15458876
36766728  8012003
36766728  3755606
36761489  7389035
36766831  29979713
19129089  8255653
36766970  10178547
36766590  26248299
36767119  14220321
36767149  3678869
36766849  6521572
36766849  46155
36767334  29480452
36767491  2610497
36767299  17498216
36752041  8967843
10309968  5864146
36766347  29965398
36688425  21659637
36767124  18928112
36767294  16865151
36767264  6850874
36767500  27302281
36767800  2378728
36766962  32648371
36761120  18050071
36767454  2973202
36768097  218384
36768121  29140402
36768140  2422468
36768147  1510803
36764269  10759334
36761008  5121495
36768658  218384
36768882  13060313
36758223  2630440
36768830  13373702
36769071  2973202
36769134  17498216
36769275  1944302
36769290  1206019
36769290  4135317
36769114  14220321
36769201  138884
36769284  17288439
36769460  35703005
36769374  21255138
36768636  31445087
36768483  10703426
36768483  60174
36769302  203198
36769302  17120844
36769975  22937618
36765650  20962980
36766264  4145888
36770258  752
36770352  10299148
18925063  29448193
36770251  20420828
36770445  2025282
36770532  3076414
36646929  36767971
36770633  28727919
36770080  31885409
36770938  218384
36770924  9498700
36770883  443967
36771382  2745265
36660895  6181935
36771414  14220321
36771496  14220321
36770399  27664166
36769321  884289
36770998  10668111
36771945  3384504
36771990  10892463
36771036  4261133
36772061  18050071
36772080  5554734
36771247  417632
36769803  33486522
36766591  20843486
36770405  218384
36772204  1533568
36771835  32664481
26488787  26483671
36763226  36745107
36772324  9510790
36772850  42294
36772623  14499043
36773010  27431249
36772976  5229809
36773104  748062
36772107  1373164
36772921  14960563
36773182  203198
25295261  3150035
36773422  2897619
36772840  195207
36773488  495021
36742885  36736413
36773132  19408581
36772576  16443260
36773697  218384
24665499  1817792
36773843  308122
29533250  2973202
36773862  20279484
36773183  4911186
36774027  4144778
36774178  30603178
28709964  11251340
36774102  16238714
36774437  4261133
36774421  35970232
36774014  8588301
36774457  34828379
36774507  365191
36774458  127704
36774744  218384
36774615  36250353
36774826  17498216
36774913  218384
36774600  4343596
36775071  296755
36773577  23221025
36775380  5121495
36775428  15666048
36767259  27690657
36775241  23785076
36775606  218384
36775681  10695139
36775700  1179175
36775267  513832
36775267  36747075
36767370  26152633
36767370  26503826
36772489  6687433
36773957  383947
36772606  5554734
36773723  36217768
36772117  218384
36769883  218384
21696784  1005073
36766093  7342035
36225934  31201338
4620045  2125293
2661698  2125293
36763909  218384
31135054  14829258
36759977  5554734
36760373  473282
36756665  5397432
36759417  12928393
36758592  17691162
36755227  5554734
36756460  12558231
36755783  3179216
36753878  8631652
36753878  21506465
36752505  2835090
36753749  2885173
36752127  218384
36767315  12573816
36776170  949433
36761722  9413341
36735843  36676585
36776510  13102045
36776491  11399439
36776305  23988328
36730461  30249920
36776508  199418
36776669  4261133
36776753  2201113
36776836  22937618
36752452  218156
36776869  513832
36760845  29720489
36776891  4261133
36776430  36422524
36776997  15155814
36755048  1101750
36776670  11884965
36776670  5771047
36777736  901712
36777798  8854457
36775457  26215324
36777895  878833
36777368  7181699
36777964  4421706
36777994  492994
36777755  5418292
36762310  6637574
36776549  1116175
36767589  11691583
36774843  11691583
36777398  653524
36778059  32648371
36778314  23223526
36778169  8028957
36777252  650162
36777252  3683602
36778088  1917576
36777439  10571630
36778468  14220321
36778468  23667086
36778618  6802573
36778684  4660142
36778709  4670417
36778723  36704745
36778692  22146094
36778752  3930210
36778879  32513812
36778697  4736
36778808  5554734
36778964  14220321
36778636  2909451
36778641  218384
36776860  5618925
36779134  16703798
36760100  30839733
36767296  5866129
36778298  6697753
36779310  36236644
36634609  24495039
36779070  279170
36769026  7912973
36779637  180172
36779753  1252529
36779459  337704
36778032  547791
36779138  28639692
36779203  31455008
36780051  117293
36780133  2822002
36779354  25008513
36779856  11838335
36779190  22337065
36777890  23417941
36777011  599837
36777603  19440952
36765679  186431
24838629  4265546
36765663  5599872
36780304  27096670
36780030  23740548
36762467  306313
36762467  2123925
36780455  14241133
13312043  23177439
36759447  510357
36780453  1132941
13994594  7065164
36753913  12375173
36753685  1347791
36751122  7079241
36779676  5319840
36592068  4789837
36745991  1132941
36743118  13028120
7742752  9919342
36741424  920910
36672073  5608702
36735055  323972
36780524  36775059
36734488  10629815
36779797  1449805
36780671  13102045
33509579  30972123
36780012  34366305
36780705  750486
36780487  28006673
36780835  642542
36781095  20361432
36779941  22146749
36781177  218384
36780800  29874499
36781328  14220321
36781321  180172
3495260  92720
36781036  33346677
36769898  26657398
36781531  18898039
36781453  5142002
36607820  6807180
36781059  797530
36763605  687470
36695205  33805003
36782019  12722095
36781910  57483
36777686  23288789
36781836  17498216
36782213  4261133
36782335  279170
36782231  46898
36782253  6927763
27540203  20575946
36782611  10874317
36777542  5121495
36779322  5163265
36768568  24719797
36782715  36780255
36782714  7482360
36764525  4071602
36686162  12154062
36782686  6535754
36782907  27556504
36728454  370357
36750121  8496580
36782940  237104
36782923  16494669
36783153  1516876
36767718  10367698
36783161  7743582
36775461  8957338
36766709  4648772
36783257  6607550
36783179  12328259
36783477  215497
36783190  33502702
36783620  1200621
36783387  2426671
36782337  31316339
36783118  33344773
36780564  27899911
36784162  21122540
36784214  218384
36784222  3976344
36783062  11536848
36784201  332030
36784457  4660142
36772112  9349108
36784234  11552963
36783887  588004
31833903  34157104
36586064  20912371
452613  4660142
4732856  4660142
18849325  4660142
34113698  4660142
33031528  4660142
10193519  4660142
21970026  4660142
4101179  4660142
36784888  36772574
36785117  2577172
36780111  18185738
36785362  2925153
36767498  35153302
36758854  36186627
36785464  10723458
36784996  8454448
36785677  3507042
36523324  30197548
36785824  218384
35634057  15961119
36785349  1537116
36782712  36425345
36785918  27944781
36785748  13773770
7016014  2167916
36786509  7391877
36786616  10096388
36786225  4736
36785063  36643516
36786069  18664579
36786951  1083701
36786691  10432677
36775297  33603856
36781953  9391838
36779085  3971638
36787252  35077658
36783500  21731439
36787408  14220321
12625417  33062044
36784760  8577545
36780769  31606437
36787649  9973955
36779934  11731377
36787642  23353173
36787509  30731785
36787918  218384
36766335  21453199
36784585  218384
36788050  21122540
36788128  7287652
36757864  17648762
36785663  17198311
36788038  8029584
36787579  4660142
36788119  2588502
36788195  750486
36744248  23531301
36784754  36768091
36788431  1409734
36744049  3950168
36788379  4261133
36788379  12769982
36782048  30161395
36781591  6979524
36781591  12127833
36744060  35341207
36780301  2139134
36785484  6262310
36726096  9581064
36722572  17615881
20731851  30337240
36788912  18198176
36788920  881085
36788998  13344387
36788819  6045307
36788900  13840429
36788716  3937624
36788959  9313769
36786038  8028957
36789179  48239
36788880  8470070
36779882  27327067
36789264  31180608
36770609  10382929
8448314  10382929
12770622  10382929
2906026  10382929
8567858  10382929
36789684  383947
36789704  1394020
36789705  5777210
36779339  203198
36765339  16549382
36789901  4660142
36790056  36701378
36790117  3930335
36780158  31657715
36543210  36496042
36790367  24142829
36719830  7362504
36790205  15601917
36790078  26233730
36790418  2793150
36778833  24382118
27971420  36762098
36527201  15637336
36728268  11090289
36787370  36788589
36722670  29523313
36716304  575196
36717654  32213163
36716068  28107123
36706939  17716624
36702150  27629130
36702879  509211
36701284  4706499
36695597  14886881
36687351  36668768
36635567  5362613
36314705  31029560
36791152  12307369
36791285  16959576
36791246  36790919
36791042  8244110
36790929  17410168
36790420  218384
36788626  11345746
36791445  15748040
36791585  4176328
36791760  7031885
36784239  28090357
36792023  5767325
36792214  3144135
36792253  218384
36792287  5704712
36792495  805107
36792552  2707401
36792622  5269856
36792637  17498216
36790775  32404617
36792612  13212987
36792829  18050071
4487849  1678067
36792821  5078239
36793023  218384
36792735  448981
36793102  11321491
36792841  30128395
36790546  35924226
36793141  36628418
36786407  28514346
36793342  8028957
36793354  14220321
36790214  29282313
36789401  34469447
36793459  4261133
36793274  19004783
36793450  34378490
36793520  232535
36793575  218384
36793618  218384
36793695  27876923
36782462  5349718
36793807  1686699
36793807  3598707
36793513  2942426
36792808  36793534
36792633  21253755
36794156  10223143
36794151  12573816
36793943  28090119
36794141  18516317
36778842  14500576
36794055  1555503
36780765  36778525
36794365  16320403
36794578  22937618
36791669  558686
36794674  22015179
20777238  1898829
36774004  31799518
36794763  218384
36794968  9597052
36794590  218384
36795156  4663927
36461432  31893559
36793321  13302323
36795033  6840803
36792490  18050071
36781182  18050071
36795443  2240348
36779626  13640076
36773250  25925556
36795221  14691795
36795810  27503292
27153974  7963393
36795923  166221
36748732  15063287
36796124  12179271
36765976  19964897
36787023  7726219
35062448  34456205
36764370  25698297
36796546  218384
36793281  1122942
36796738  9163940
36794587  4124102
36796302  11207183
36796453  16605967
36794955  24109075
36796968  13295735
36797206  27172762
36795646  4832056
36797316  4958235
36797169  11321491
36797308  20563772
36797354  4261133
36786870  32467029
36797491  10683215
36797372  33480735
36797237  9508518
36797445  2973202
36797706  4018849
36797641  17503398
36797936  20705399
36798096  4261133
36798261  5731193
36797770  27866909
36798149  1248081
36798304  2063480
36797860  19758028
36798392  18050071
36798363  11199791
36798372  7943525
36798379  11078423
36798528  4660142
36798757  6349232
36798091  34193175
36798817  25388747
36798354  8069717
36794691  31968697
36792887  34702284
36798582  4110664
1651030  933447
36799178  15608026
36798150  19245205
36793148  218384
36792702  6495898
36799261  25426594
36796384  1234912
36799416  356950
36786803  10197784
36794506  218384
36799018  218384
36798807  218384
36781227  11289166
36799275  28570627
36799485  355167
36799691  4038125
36793914  3744178
36795068  610245
36794849  40480
15754094  3693626
36793076  36047637
20679237  3479128
36773033  15666048
36786689  218384
36785476  4142046
36785476  23520208
36781001  13042008
36784172  513832
36777021  218384
36782193  473282
36779769  5554734
32879482  1463284
36799840  195655
36799981  19375089
36800163  2228430
36800176  34487625
36800167  9780717
36799094  9447216
36800810  218384
9130564  3313784
36792544  14330411
36799906  18050071
36800790  218384
36797546  4280535
36799591  30082590
36791825  31919260
36801308  513832
36776436  36175368
36801163  25555024
36792038  36620419
36801341  5750203
36799664  36792631
36801665  936687
36801719  36713451
36801529  60174
36801782  21371877
36801550  3481828
36801550  2206378
36801675  16600708
36780937  504103
36801729  36796555
36540445  36504411
36800476  32364185
36800476  20444600
36801902  2501936
36801923  2973202
36802295  12573816
36802306  6365565
36798731  3538858
36799015  15414259
36802433  1451009
36798903  6343166
36800823  3314140
36794470  5096834
36802510  28708574
36801078  3562358
36802408  3853767
36802776  7352254
36801935  13955813
36802293  13840429
36802677  36802268
36801910  6252678
36801910  27989498
36799561  3276040
36803159  8028957
36803281  1256593
36800931  322938
36803379  17410168
36803528  4083658
36802994  25254091
36629081  7319984
36795702  7928348
36803881  2591098
36803680  3403909
36803732  29308898
36804077  8028957
36801515  13383840
36804338  1127738
36798622  14220321
36804515  24644436
36803879  15513395
36804472  25685595
36804547  60174
36804639  22863783
36804697  7379679
36804508  2593154
36804519  27182023
36771163  32805234
36804754  218384
36804712  36803601
36800648  30905060
36803413  23256536
36805054  2429511
36804317  158706
36802455  16002659
36805356  13457237
36805418  14837608
36805369  26473681
36805730  14220321
36805476  16784419
24851823  10787942
36804423  10415240
12653103  10787942
36805406  2785485
36806026  218384
36770269  6121094
36806043  21389796
36806087  5554734
36795513  5244693
36806064  9792664
36806267  7888004
36806313  9194475
36806374  20563772
36800655  2033063
36806676  33422569
36805688  22662488
32754371  24299427
36806866  613183
36735262  32648371
36806802  1895110
36807032  5971312
25614749  3518778
36807168  36807119
36807130  1164004
36807275  22662488
36807252  11673322
36792570  25963697
36806814  18050071
36807512  26894769
36806399  2559527
36806873  13523060
36807653  496440
36793823  36577020
36805521  4637774
36807658  6406056
36807662  1711990
36807662  926752
36807561  24036393
36807587  5189968
36807727  218384
36807788  12769982
36807522  6296313
36807889  12769982
36807334  32801013
36802497  20631634
36805274  3988788
36807905  24562925
36806464  36806305
36808217  60174
36751581  9508518
36801432  35945001
36807966  8720931
36808592  82831
36808764  10693845
36808096  4576330
36807689  8814758
36799854  4605206
36800233  115983
36804119  36803746
36801089  14781688
36800783  19779635
36809035  9032856
36801629  8262852
36809112  80646
36806706  610245
36809260  6373564
36809231  858980
36809279  26469457
36808657  28639692
4996852  11269575
36809615  3342651
36808984  8321096
35246218  29659942
36800899  8644783
36799891  12170496
36809818  28561487
36810027  218384
36764087  30479069
36810105  3301482
36779116  434597
36810058  554063
36809727  13550662
36810479  14220321
36810093  31038759
36809311  5234117
36808443  8470070
36809008  19608978
36781735  29516339
36800733  275411
36810764  1267869
36734572  1218149
36810628  4736
36809566  7352254
36810589  19075671
36810883  13414164
36810791  218384
36787248  14014989
36800161  34413
36807721  218384
36811111  19136835
36804505  29308898
36806976  19935404
36811290  15723294
36801157  27220783
36811361  878309
36811436  18706732
36811443  9862165
36811573  26549482
36809843  218384
36810277  36810376
36811778  13651117
36809856  3727662
36811395  11321491
36811894  1696300
36811746  17907833
36778471  26353431
36811872  1154008
36811968  18050071
36812139  4261133
36811602  1318347
36811069  4156518
36808954  16117365
36807280  36806696
36805574  36734363
36805757  1200621
36804977  1000876
36789383  36323240
36599291  6445917
36812606  4216745
36812531  5432139
36812619  27645202
36812424  3445953
36581239  872996
36812759  28135987
36588418  3811908
36812609  21403996
36812967  34361379
36812970  6101084
30808392  1014861
36812915  30249493
36811350  35990995
36812644  2276271
36802021  25297812
36813102  36813042
36813203  28324879
36813281  23353173
36813318  1686569
36813260  1024143
36813463  218384
36776265  22937618
36812177  31975205
