36813567  34904564
36813665  21435339
36805991  20057790
36813767  218384
36813830  25126471
36813922  8710619
27187389  25126471
36813853  31597416
36814056  4851811
36814066  1711990
36781668  36668551
36811349  27037662
36784874  36711644
36810190  26123859
36559959  7489742
36559959  23420548
36549878  4261133
36814202  23452097
36814272  1854556
36814318  8707906
36814286  3422673
36814351  10961714
36814507  5554734
36813024  36737955
36814490  9102761
36814490  25168062
36814663  5728274
36813565  12136948
28986281  32648371
36806091  2152461
36804261  787932
36814788  34859884
36814829  4829054
36764708  4184409
36746487  4231382
24577639  3829483
36702167  10006459
36694814  4736
36648826  36631867
36641491  22937618
36814837  598077
36814720  218384
36811583  36792990
36814746  766893
36814146  11425103
36812325  8049872
36814834  10184156
36814959  27516482
36813835  33268545
36813835  11589342
36814919  27664158
36815098  495021
36814748  4629662
36815241  4985507
36813981  18909395
36815340  13182075
36804943  11596693
36813110  14433935
11649255  5667888
36810478  10393886
36806118  23738598
36811953  16981921
36810113  10722415
36805609  20770138
36815523  9289917
36802120  4917006
36799111  4979542
36795462  36770744
36815688  13840429
36811823  4182131
36812119  36678505
36816086  60174
36815914  1169248
36808024  16019389
36816131  3052280
36816135  11321491
36816171  8321956
36816168  176011
36810215  14834520
36813152  2717480
36815863  36781987
36791031  6451120
36815659  21875356
36808330  2194992
36807234  13575077
36816577  1390607
36816394  28727240
36816613  11321491
36816644  2745265
36815610  28006521
36790510  5916900
36815197  36805031
36816721  16075890
36814880  3099219
36814880  36754891
36814841  29168496
36816908  20865241
36814068  13547921
36816898  30761996
36816757  2184513
36816694  642154
36813153  34418027
36816880  35137085
36815061  4979889
36817109  19191859
36817198  9393532
36817044  36756936
36817226  23294658
36816897  2509679
36817420  187583
36817405  17777545
36817565  8634700
36817505  1504717
36772864  12004603
36747494  7603896
36806511  174664
36795783  1080411
36817787  36795783
36809549  30389771
36817890  151199
36817935  1183872
36818152  5287538
36697965  28119255
36806321  3062804
36686235  24228157
36709323  34440395
36616286  12004603
36685533  35868214
36818065  10083447
36818312  18408324
36818323  13042008
36818054  10008118
36818054  21532143
36818218  8028957
28077040  5667888
36809885  24644436
36818414  146576
36818550  336859
36818549  529085
36818566  30792196
36818634  60174
36818659  2079127
36818723  218384
36818743  1132941
36818809  2505328
36815902  36804575
36819025  4660142
36818944  29428227
36818527  13699784
36819118  986006
36817814  36754524
36817840  3298597
36819352  18050071
36819244  18926839
36816293  31450846
36819451  20563772
36819664  8548030
36819693  29806446
36819659  14364937
36818977  218384
36819839  29305018
36819951  21881992
36820124  1761377
36817997  8884058
36819816  2393386
36820359  3775274
36805194  19202450
36820521  13654168
36820198  2973202
36820313  144261
36820612  24728235
36820612  24018327
36820727  2386031
36820783  14446447
36820761  23294658
36820773  35091557
36819004  36809231
36820846  30362600
36816173  2839321
36820327  20279484
36818498  35990995
36821188  1553235
36821216  1975702
36794090  2852748
36821109  17182544
36821178  2266234
36821331  4926622
36811522  32091593
36821397  203198
36821441  3434581
36821508  4660142
36821324  3909267
36820306  4736
36820888  13879042
36821610  40480
36821661  12205171
36821857  36813714
36821680  2180391
36821896  17426386
36821915  495021
36821505  9605913
36821148  6343166
36821846  9939835
36821861  35639806
36821981  14883569
36822128  9959727
36821699  4343202
36799927  16348489
36822151  1911281
36822177  886955
19569513  11731377
21782791  11731377
36821669  28518072
36816818  3862310
21487644  11731377
30942505  11731377
14747749  11731377
36822265  383947
2577107  2386031
25618707  11731377
36822240  3177733
36822299  2906582
17771802  11731377
36822458  3055515
36821014  31316395
36821029  36817481
36822598  218384
36822602  495021
36822537  30816793
36822805  4584541
34200506  35983960
36822830  36821795
36818482  22780430
36822931  2789450
36809998  13851462
24342453  34549304
36822753  32942810
35492903  29383107
36823189  218384
27591863  11731377
28495960  11731377
23910387  11731377
36822816  29595642
13889694  11731377
17020620  11731377
18837189  11731377
30702478  11731377
24795864  11731377
29250101  11731377
31175315  11731377
10291681  11731377
32285509  2386031
25225876  11731377
23597008  11731377
36818247  2042813
17992116  11731377
17562079  11731377
36822781  13588149
36823518  18050071
36820182  24644436
36823028  4261133
36822874  4261133
36823572  7055393
14476873  11731377
36813647  19617996
21664719  11731377
21940090  11731377
11136045  11293325
20443449  11731377
36614903  11731377
19353671  11731377
36823373  1052818
36823618  21514260
36823805  36126505
36820212  5844465
36824164  1680528
36824126  1680528
36824149  4708248
36824228  4660142
7317179  259140
36824182  6343166
36823810  10835355
36824551  5554734
36824484  10969521
36824582  4933958
36824435  2861042
36823782  2566010
36824780  504103
36824774  2973202
36824805  750486
36824814  310870
36820890  1991697
36614174  310870
36822378  3088059
36824269  36250353
36819443  4259885
36825143  21197410
36825182  14220321
36824967  32396926
36825193  5563000
36825279  612328
36824957  7538444
36825003  218384
36825317  8573890
36823938  10574355
36825441  4660142
36824708  165767
36825417  2033997
36825574  7165395
36825553  4085906
36823895  19280796
36823895  1299837
36823514  15040427
36822361  218384
36822109  5229809
36825785  16665281
36825785  36603855
36818277  30564735
36825813  5078239
36818184  2186931
36818370  15417254
36822974  4040616
36818185  10382929
36810482  4031845
35233777  34208495
36782449  34519665
36825906  3718383
36825739  30239
36825638  17845005
36825982  214741
36815652  2457792
36816594  10370047
36826005  8865458
36818306  320542
36804711  1391808
36825227  5235142
36825973  31094820
36826058  17147249
36826058  31604951
36630001  3695497
10970270  13664615
36682472  36678116
36718525  30378946
36824289  22937618
36786801  417658
36819413  36807279
36819877  2213923
36818845  29140402
36826165  23318875
36826233  1056728
36826458  36823150
36826534  40480
36826125  7843765
36826537  153724
36825854  31300036
36813285  13381640
21180680  2937797
36820634  401656
36826610  40480
36819093  2558977
36826529  13296340
36826529  1827458
36826786  16665281
36826624  33870684
36826784  9781218
36827138  218384
36827177  218384
36827196  4660142
36827392  18050071
36827391  14220321
36773469  27195128
36825350  14630288
36746285  7283134
36826260  2553354
36827133  89228
36825686  5596911
36823739  13750797
36827410  24352962
32698114  28782940
36572776  5942759
36661356  36773503
36813030  459083
36827390  14245029
36827148  12573816
36826938  56107
36826938  659887
36827551  24123201
36827334  36775611
36827684  26416727
36827657  2618059
36827768  18050071
25342883  11538431
36827797  7910623
36827976  8150745
36828061  18672456
36827925  1411125
36828086  2602612
36828084  1968328
36822277  13911993
36828171  613183
36828186  6728143
36828125  10989238
36828398  7911776
36828199  36791679
36827570  19606159
36828525  3577641
34132693  8828639
36612209  25800527
36819854  1758219
36820133  19298048
36816221  3363398
36828324  388242
36828137  35504890
32459859  13630229
36828688  3523051
36790654  16577120
36827468  7794349
36828860  79693
36828839  13228835
36828870  6978241
36828954  513832
36828953  7425318
36828939  16525413
36828625  17498216
36828822  6578913
36828691  18679102
36828864  36104758
36829178  8421103
36829334  218384
36803346  28255419
36829192  33192675
36829429  326390
36829239  12573816
36828000  12095784
36829516  14415787
36828792  36827259
36829848  2693776
36811071  10367698
36829846  29720489
36829608  23294658
36830067  4940032
36829817  22252904
36830040  2381336
36830007  5563152
36823390  9087603
36829998  29789057
36830385  31776949
36830386  1413445
36830480  14187963
36830729  36818037
36825728  4336637
36830960  28921701
36827456  15802827
36830943  14432816
36831093  36830506
36831195  610245
36827083  18093928
36831466  218384
36831583  12573816
36831619  1894269
36831651  5554734
35636677  4743845
36831826  10775894
36831930  27263070
36832019  14220321
36829578  883365
36831202  3959438
36830689  18782324
36832263  513832
36831810  23455614
36832312  4660142
36828388  2118656
36832674  15111127
36832380  3802542
36829952  18940644
36832569  15646288
36832728  588004
36832850  225337
36832882  18050071
36832894  70324
36832872  10439666
36832923  4646572
36832948  2698372
36832315  24438010
36829877  5003142
36833155  9196501
36824117  25668796
36833374  32434753
36634257  2158395
36834073  20563772
36834136  25147454
36832841  6696692
36830238  20764911
36833847  12769982
36827639  36818493
36834541  13840429
36601266  12573816
36834260  1239938
36832855  35633932
36784120  14476200
36766995  16188058
36834444  17445099
36834844  432493
36834953  153724
36754818  8503636
36835037  3612659
36835037  7520432
36834955  36787023
36834975  25205161
36835145  3559559
36835167  6521572
36835121  16214064
36824097  24611640
36833629  28929637
36833103  26515058
36835409  1632792
36821008  8028957
36835052  15807845
36835612  34707577
36835434  12953127
36835714  19955260
36835752  20940979
36829517  8941377
36835031  656155
36835812  29998419
36835054  609203
36835054  612097
36835839  4669178
36832565  8091303
36835898  9059445
36836248  3994493
36813711  4718554
36836169  31379404
36836230  16694731
36836417  1029318
36836578  949433
36836131  35841356
36836805  3021
36836917  153724
36837075  153724
36836484  16959576
36837140  3076414
36837238  5396894
36836557  5015316
36837272  520611
36835327  26697989
36836949  6886776
36837422  1494953
36837376  5554734
36837413  901115
10770929  2317880
36836460  1239938
36835534  5121495
36836522  21102413
36837108  8645365
36837567  13573676
36837846  335311
36837795  495021
36837945  10880813
36838094  2354329
36837184  7333584
36837471  7430343
36838303  9670469
36838148  15408394
36838148  16068047
36833204  24944925
36836886  750172
36838467  14220321
36838412  27211012
36838233  30680938
36838698  4669178
36836708  4669178
36838888  26634497
36838919  1014861
36838949  36766614
36838996  1700081
36832980  36821379
34768781  33558755
36838108  1268552
36839087  206323
36839107  1722964
36839196  10043022
36839260  1220411
36839358  218384
36839319  36829707
36838163  33062644
36822897  36775591
36839139  22130429
36839345  4739483
36820560  3194610
36820326  35954500
36839595  34366305
36819802  9891708
36838922  218384
36839517  17996339
36839517  218384
36839634  3722841
36839513  7539282
36839700  1817792
36839817  750486
36839786  22358
36839075  1568091
36831150  36757912
36839964  23059118
36816414  36816002
36816002  36804891
36835725  10087819
36840051  5033836
36840016  15757036
36840236  17731419
36839791  1064977
36840376  14379753
36839958  10287298
36840528  36835943
36829698  29308898
36840607  5117127
36840358  20279484
36836932  12573816
36838555  21556853
36840287  6850368
36840815  4956844
36840771  5163144
36840812  5187530
36839290  13366249
3585585  5163144
36839419  20729172
36710491  6850368
36840124  3796266
36841058  24644436
36841132  12666489
36840565  14790014
36841049  60174
36810274  8634156
36770412  36718269
36841385  919244
36840586  4728342
36829905  36248694
36841717  28327876
36841912  36841501
36841683  18295538
36841888  36754896
36841921  2559527
36841465  8312459
36842109  20857773
36841905  750486
36842034  2231227
36839098  1045845
36842409  746809
36841204  33034660
36838831  12573816
36842281  1936857
36843133  18763168
36842679  34530852
36840045  17815327
36818507  2965411
36843261  4057489
36843200  4324133
36842978  218384
36843037  9183041
36843338  2802055
36843225  31997685
36843060  3448485
36842080  36825021
36828769  24819717
36842377  437882
36843127  29915192
36843535  194852
36842886  17498216
36841652  2734270
36839480  223952
36839480  11107536
36843022  24263007
36835870  32108969
36843916  5554734
36843892  7667654
36843845  14951251
36833989  20698816
36844092  2343608
36844092  1335851
36844124  27345645
36838089  2475008
36844316  513832
36844324  8321096
36843512  34167516
36843506  28502337
36844557  5888172
36844524  1834632
36844756  31849494
36843878  23547200
36844881  23453833
36844859  4290108
36844022  13323391
36845204  383947
36845206  7486085
36845280  3047375
36845279  8537916
36845372  4660142
36843237  8601831
36843488  5354314
36845190  4933958
36845430  5154970
36846003  30933965
36845844  1840909
36845825  36282037
36845578  4229422
36845896  32664
36846263  1158091
36846498  20279484
36845255  11851318
36846527  13029299
36846376  19919159
36846430  279170
36846605  4261133
36842839  10363295
36835320  30330860
33647765  1178831
36846855  14220321
36845265  218384
36846557  36801696
36728373  29063968
36846094  5800918
36846069  588623
36846950  12936120
36846878  36792305
36827838  15264893
36844946  36844957
36847182  17498216
36846592  2591098
36847112  11461773
36845545  716153
14124328  3131865
36841834  30913037
36845805  12701259
29913237  15693169
36843471  218384
36847287  33157296
36841068  19896870
36847276  2225600
34341527  36306170
36847232  18703841
36837600  218384
36837600  20011604
35102972  2042813
36830654  218384
36829650  34413
36847482  5271782
36829130  218384
36846669  27263762
36835601  26792186
36847591  60174
36847610  3418128
36847818  5229809
36847837  2784514
36848112  54142
36848084  750486
36847520  3642919
36848215  6618150
36848218  5616822
36848072  279170
36847863  668907
36848224  14946167
36847915  35062665
36848392  3705318
36848208  32365542
36841884  3604310
437150  2384107
36848474  22267865
36839127  22005698
36848700  13451605
36847986  33321670
36848745  12769982
36848801  4660142
36847627  13383840
36848858  6589636
36764923  14149431
36848920  6080943
36849027  29055710
36849105  30118842
36849157  25706216
26823594  30128395
19149174  30128395
36848785  15946953
36849190  342990
26201261  30128395
36849023  750486
36849193  7058779
36849193  12573816
36845699  623172
34387323  30128395
36849200  272900
27261659  30128395
36849392  36792990
36849482  295104
36849490  5124232
36849493  25706216
36849537  299495
10026150  2324658
36847549  624581
36848298  2817869
36849348  36849216
36833010  12530406
36847582  32167593
36807110  17503398
36849816  12573816
36849669  58207
14231668  16128608
36850101  19095796
36850037  22146749
11054922  5484673
36844004  26024100
16177596  4523959
36849436  6498264
36850262  2671496
36850493  218384
36850443  20179767
36850637  14220321
36850539  11321491
18193205  17707002
36846553  7868936
36850842  6441218
6871165  359788
36838613  1634748
36842718  6638517
36801885  19674633
36851273  36846504
36851261  4261133
36847829  16953425
36851092  4035966
36851171  34212898
36851518  2029976
36851427  4446366
36851700  5986860
36851807  11114622
36838663  35043022
36851909  34748893
36851947  218384
36850549  36805333
36852002  1451009
36852002  750486
36851794  1373164
36847973  36846912
36852444  3577641
25661234  24022728
17099644  24022728
36852371  218384
36852555  3330522
36852526  21450095
36852565  21012580
36852181  12639948
36852901  14432816
36852851  3601602
36851856  17417607
36852941  35281797
36853069  218384
36853057  5212983
36853089  11174425
36853387  24182623
36853695  2277352
36853670  23667086
36853736  10938483
36853615  19671667
36853982  35857519
36853213  29777342
36854053  11356168
36835311  28068168
36854197  36854042
36854121  18050071
36854172  28193626
36854212  32615861
36847797  29248727
36847797  23590885
36853667  15117030
36854104  36853803
36854427  2274242
36854398  36853916
36854490  8689964
36854353  32904910
36854654  1115001
36850038  7601315
36854667  625799
36843917  29073145
36843718  7857451
36843254  3879463
36841458  12831742
36840944  7268302
36854697  15403909
24398187  10166288
36838460  10745900
36827314  1536739
36848862  25385173
36854872  184710
36855021  921262
36855167  513832
36854072  34996295
36855051  2109472
30628976  36818939
36191385  35914758
36836925  25283198
36855622  15067309
36854579  6764197
36851230  22662488
36855657  17379277
36855806  12051012
36855624  24102775
36854210  15479928
36850731  31205386
36849445  21881992
36856029  23653778
36855413  3627107
36577348  19480916
36856282  34835951
36850655  35170462
36856228  20194496
36856394  36856136
36856328  14220321
36855439  4736
36856614  218732
36856247  261638
36846084  25058694
36853931  36827755
36850575  2184513
36856965  1536054
36857249  694397
36857063  20940979
36857432  1373164
36857222  3068378
36856743  2245664
36857721  36855839
36857828  4261133
36849830  12218112
36858032  27665744
36858080  7627049
36858104  218384
36843194  3543454
36849522  4113890
36857919  625799
36818633  9154388
36856747  65427
5455426  57854
36852819  14338416
36853493  503093
19601630  12351339
36858388  5003142
36858351  100732
36841016  3029321
36845615  14334188
36856539  8676
36854873  33772047
36853775  6102948
36856728  218384
1159731  3274875
36858392  20070402
36858392  3388109
3274875  1532193
36858557  759321
36854826  1732348
36855389  161738
36858625  18966798
36858645  1373164
36858645  36857432
36858833  5625436
36858454  3246804
36854571  20809184
36859056  3068534
36824539  36825234
36842140  36825234
36832385  36825234
36819627  10921395
36858508  979975
36849208  2091465
36799090  218384
36859355  5693259
36848515  4522056
36859726  21524642
36859721  4261133
36859812  36837727
36859737  35903991
36859906  2118656
36856572  9245805
36860029  2802341
36859272  876239
36860146  3523036
36860398  19280245
36849211  31280209
36860413  218384
36859062  15317156
36860691  621616
36860700  19761241
36860823  1559770
36860823  1665533
36860978  6091194
36860950  6343166
36773174  36757842
36860784  14070285
36859610  36513669
36860373  6867211
36861162  30987986
36861532  1436703
36828450  35219407
36857896  1839668
