36861658  36717188
36859685  4660142
36762784  35219407
36860106  36347
36846189  36852906
36745272  35219407
36850335  15522521
36861737  5371261
36861437  7573957
36834142  36833380
36862140  24063014
36860804  24644436
36861701  5254553
36859687  2973202
36862889  6626397
36863067  22718744
36862424  28708741
36862877  3441396
36863181  5748216
36861490  36753294
36853441  17106089
36863364  3106452
36863755  203198
36861721  33545249
36863683  8405180
36854436  15209414
36864035  10809937
10809937  4261133
12643973  9450864
36838724  600012
36864025  12990164
36864138  513832
36861082  36847166
36864402  218384
36863477  247483
36862076  9038160
36863180  36860961
36864654  57483
36857280  22128800
36864895  2167916
36864704  2960066
36456225  22885995
36865133  4255472
36865125  949433
36865121  7048313
36863715  218384
36847193  15356717
36858588  10277994
36865281  4421706
36863719  20195296
36849544  5629111
36862544  36806262
36865274  32578707
36674588  6312710
36864663  13122790
36865663  14220321
36865512  12713187
36865329  4608902
36859397  17862078
36865037  1568091
36865736  1303667
36865889  21388216
36865356  698638
36865298  24815832
36865015  11731377
36865168  518000
36866124  4782914
36866124  22594958
36866227  16813220
36866115  24644436
36866318  513832
36866233  36712071
36853114  31948285
36866110  604831
36863992  28065963
36866589  31783402
36863907  35438687
3466289  4870462
36866663  2419805
36866505  218384
36866641  3710204
36866106  36863484
36866367  218384
36866886  4669178
36866918  5008804
36865141  1014861
36866200  36862953
36866597  27509344
36862953  18144377
36867211  25907031
36867050  218384
36867154  8367421
36867539  36235608
36866627  36704965
36867904  6447045
36868028  17879743
36851840  3398882
36854186  36853239
36868142  4261133
36867448  6862770
36867448  24069197
36868109  5489987
36868227  4026021
36868174  460755
36868214  7837456
36868315  588004
36868153  27313242
36867998  8533432
36868203  20820596
36868565  10938176
36868681  9508518
36868634  5963847
36868782  465172
36868631  3243348
36868657  15346605
36859921  9515327
36868637  23060906
36868611  20334355
36866718  33611812
36868762  6907751
36867378  34033484
36867706  279170
36869016  223918
36869085  13766209
36869138  4172722
36869017  36626957
36869346  273964
36855264  19832189
36869227  4086107
36867648  20015996
36869412  409784
36869484  20279484
36869500  10553597
36869526  16689449
36869636  34293875
36855555  28831765
36869453  22487368
36861679  36853586
36869771  20747929
36869256  36786883
36870183  11864443
36870230  36559822
36870367  6441218
36870428  2115497
36852771  36746285
36870389  30675480
36867401  5125919
36870509  13840429
36815563  3132889
36870830  3280353
36870987  7674786
36869237  36869062
36870979  13150075
36871038  203198
36871084  70579
36870922  175415
36871155  36740527
36726916  36726609
36869609  13105373
36871324  4660142
36871127  56860
36870684  17499013
36858214  18012191
36870794  27663976
36871518  15112125
36870707  6303964
36871308  22937618
36871461  7962858
36870049  22650016
36869377  18518454
36805092  34480760
36871818  8794940
36871856  11074970
36835920  36856004
36872208  5554734
36872426  29308898
36872502  2599149
36872346  5436824
36869898  17336227
36872503  12573816
36872054  36799575
36872570  36872297
36834158  1450132
36872727  5036700
15844567  759707
36868713  32635704
36628493  335849
36872679  11701399
36872595  2706500
36872828  451415
36872892  36872346
36872745  18158797
36872810  2247045
36873127  513832
36873113  40480
36873028  26524794
36873155  14220321
36873194  36871518
36873171  684672
36866734  13901819
36872751  28647383
36873227  543306
36873363  409784
36813311  36783190
36869863  13706286
36872401  29809811
36873026  3391104
36873571  6999726
36729540  451415
36873731  6477762
36859788  6523886
36873748  3413544
36844993  36844506
28346798  2258100
36873815  218384
36842460  19666626
36873239  36430727
36873853  1239938
36873694  13817562
36873743  14869321
36873797  36872678
36844387  14655913
36873719  591094
36873302  218384
36870665  36805651
36873983  3849361
36874031  16588750
36830933  27718382
36830652  25753632
36872599  31735138
36849887  29062094
36827428  101754
36874142  5208679
30647263  15450647
5204022  22937618
36827831  36110406
36828302  72852
5449547  4736
5159937  1732348
36874314  24644436
9048087  1732348
36874066  23389098
36874308  24007650
36874299  21567291
36874367  6775168
36757822  32771796
36874645  513832
36856443  27817577
36873504  26744743
36874716  1583219
36874574  11479816
36871489  3451670
36874525  6863182
36873117  218384
36874712  15420618
36874829  21522341
36869448  30128395
36315310  4081858
2163644  1264709
36872114  6535648
36874537  19896870
36869188  2118656
36871168  2340406
36874750  48239
36869828  5554217
36865903  15768645
36870531  11731377
36870271  9708765
36874843  25254091
36875004  23667086
36875215  23294658
36864889  3059333
36861580  36862922
36874958  16690326
36859156  2406975
36875118  2400828
36859894  3499214
36858439  36742231
36856842  17973970
36854711  218384
36851686  2448843
36851226  513832
36849475  5895829
36847595  419021
36867920  4060004
36849342  21487066
32769777  8486147
36875144  3571084
36848303  19896870
25827004  2371118
128039  1662185
36823702  218384
36875569  18050071
17837165  2371118
36875285  16704290
36875608  10315120
36875644  26916664
36875782  3428014
36875803  18825950
36874582  36847090
36874790  36868436
36804365  36776949
36876003  22937618
36876049  6154772
36871047  2602013
36869793  26689006
36865457  513832
36865457  9305632
36875598  1036347
36875939  203198
36876416  5832891
36817894  27629571
25903354  6118922
36874938  588004
36876601  24900875
36876660  7074
36876660  3893143
36876711  588004
36876688  27464287
36876865  6606572
36876961  21390035
36876903  19245205
36877010  7419665
36876583  36698286
36876109  25824862
36876358  30249493
36877305  36876938
36877337  24046898
36877590  3577641
36876268  588004
36877441  4819312
36759694  7227413
36759694  733378
36877589  18408324
36877821  4261133
36877990  12604062
36877766  36877536
36878028  4261133
36864777  9558549
36877968  40480
36877835  7001320
36878138  1144783
36878225  1604968
36878553  1732348
36878376  16737910
36864830  136975
36878722  25230171
36878322  17997228
36863031  25553910
36878456  14028959
36878381  5606541
36711363  3088059
36872915  31954416
36879044  7601823
36878849  20279484
36878732  12039695
36878975  2745265
36760600  14903572
36876021  36873132
36878689  20389255
36879258  14220321
36879092  5568229
36879570  36877426
36877426  3251550
36822544  12083605
36547727  23017716
36876387  28390481
36876501  11477821
36879662  32707088
36856283  8657908
36879962  8028957
36879997  18050071
36878518  24358567
36878206  2276271
36880229  2091465
36872116  841509
36880906  6056124
36880480  5251846
36880248  21862327
36854217  36643088
36857996  21287794
36874331  21222375
36879847  26398952
36881449  218384
36864870  30443297
36596270  1291942
36602269  22423717
36877226  36108771
36873532  34228971
35530748  34228971
35939950  34228971
36880555  761361
36881516  2770321
36880967  30361864
36880961  222195
36881655  31401669
36882058  21502332
36876804  218384
36882036  18289152
36881645  3446170
36882517  8279859
5063044  11731377
36882438  36859508
36881104  6464080
36882596  7014903
36876412  25511351
36879241  218384
36882787  684672
36882793  363681
36882519  18646756
36882825  19109960
36876905  19078461
36876379  218384
36882928  17364127
36882764  13092715
36879632  1056728
36880499  5439774
36883370  33159106
36865653  4958235
36883265  218384
36883277  23324169
36877819  218384
36883515  14069737
36880840  17085717
36883142  4241798
36826681  5866129
36883785  22662488
36883532  1701839
36882559  7660651
36882559  4067628
36883266  2301285
36883833  750486
36884019  132988
36877558  5121495
36849378  5033012
36884284  28394127
36884292  6802463
36872206  30299093
36873711  30441122
36865807  30441122
36884518  3029244
36884518  513832
36879937  1910832
1465010  1369147
5796215  1369147
36884555  1369147
36884338  5529718
36884713  6294914
36884815  105034
36883002  26563213
36885162  2784514
36885255  2545532
36880866  36869929
19968427  36872959
36862748  1126726
36884794  11562656
36885603  2167916
36885654  2361426
36877186  36876613
36885152  35683813
10367790  2167916
2487921  2167916
15676344  2167916
36882936  1570262
36883182  2800739
36885483  23189376
36885876  16384109
36885726  3319016
36877858  21107505
36886406  986006
19676024  1084741
36886570  36859922
36886615  18050071
36885299  12645647
36885988  36886163
36886691  203198
36886698  114543
36886040  33193028
36886736  575196
36886732  571394
36882411  2513988
36886731  218384
36882581  14220321
21540959  14245644
36887305  8581924
36886807  14973963
36887311  6690501
36887507  513832
34672810  12279438
36886834  142317
36887611  5389507
36885279  3204330
36883578  2563918
36887861  22984000
36887867  676824
36887920  1656914
36886941  19376648
36885485  19622198
36888023  16943482
36887941  9891407
36888102  3773890
35783970  15009672
36887970  23648059
36875891  1346765
36888290  23294658
36875054  15523597
36888321  4261133
36887722  7220681
36888573  574594
36888467  6165472
26927144  36885909
36888617  17229350
36888740  1458633
36888594  30988586
36888897  1436703
36888843  31388240
12373586  791765
36887905  33393077
36888899  5804256
36888946  11278870
36875419  16854280
36889338  36888248
36889252  11077885
36889035  4244896
36888966  1299814
36889715  3845018
36850456  3617486
36887122  171924
36884681  46155
36751335  36884830
36890091  1746613
36890286  37628
36890132  3818193
36880399  14028959
36890373  218384
36881038  11996394
36889959  28065963
36890662  18903304
36872653  4064277
36890834  8842504
36890921  9830506
36884086  4436087
36890972  7971001
36890350  36798572
36890701  4094335
36889178  27677236
36890624  17389009
36891226  1299871
36891198  15254817
36876072  9535954
36891305  3600853
36891739  6279022
36891834  3061
36891107  14220321
36883479  36592248
36892078  7735647
36891279  20524060
36892197  7502243
36892311  5863833
36892125  9313769
36892558  513832
36892492  15112125
36892560  588004
36889988  7296594
36873644  31833897
36892655  24463202
36892387  8237906
36892875  151005
36892929  22662488
36892670  13230480
36893025  1867861
33956365  36436020
36891274  36271899
36876285  2715847
36893493  9393532
36893480  34927057
36893352  553548
36891750  3505701
36891750  14924731
36893552  5435228
36893555  36835465
36892327  36727446
36893705  3996904
36893538  5545649
10921809  5545649
36891437  4276259
36893229  32008088
36893896  24662289
36893958  20769723
36894166  588004
36894293  5125076
36894335  9000388
36893957  12925063
36894726  1373164
36893336  7508605
36892116  16800696
36894942  500431
36894407  36526972
36880571  11871973
36895013  10194728
36884622  30544033
36894939  1817792
36895046  18453566
36895162  2517727
16405551  36885909
36894628  34835951
36894976  29308898
36895029  22937192
36895301  18050071
36841666  18744164
36890422  7605953
36895370  13241738
36895507  12998542
36895549  2021279
36895551  24657386
36895495  30148740
18487109  12925063
36895699  584826
36895028  7903325
28647954  12925063
32247414  12925063
14616630  2016894
36895715  767657
36895832  6642901
36895923  21567291
36895962  60174
36895934  19620667
36895886  28749164
36896100  190967
36895352  9551634
27318017  10106345
36896188  9515013
36896344  6491463
36896198  14784620
36875586  10893443
36887256  23727683
36896282  6702705
36888681  34169276
36896534  509211
36874766  7538318
36896625  951021
36893436  165042
36896397  25501062
36896594  36852889
36896445  111933
36896665  21122540
36896643  676451
36895380  12347775
36896865  24189428
36892947  27561041
36897081  3407256
36897042  36560522
36872111  21999138
36897112  33573929
36896858  15030033
36896577  8533432
36897367  25192108
36897357  8378587
36894267  36829168
36895976  33314388
36896756  17676802
36897462  750486
36893207  11588337
36891455  30841981
36893544  16616162
36887938  9898499
36897394  11148320
36892773  218384
36891769  218384
36897733  8111589
36897733  1847789
36890667  8765211
36890379  218384
36888942  1327355
36897316  31862412
36888943  4608470
36888943  10893443
36888427  9123075
36897804  22447374
36886811  34287186
36892901  7448589
36885341  18441313
28890426  5784895
36879865  5161951
36897450  34199584
36878264  1625234
25944608  218384
36877853  18775024
36897288  28639692
36876600  5554734
36876600  11301825
36785921  36785757
36869956  30223079
36898027  7556591
35205627  7556591
36898009  24533938
32972023  7556591
32385788  7556591
36791290  36791470
36898180  15657367
36796469  36795969
36897206  4144961
36898168  5391973
36888934  2340406
36797096  36793780
36898261  25706216
36897533  171251
36897533  9713323
36894304  4691132
36898186  11433432
36898678  14220321
36869585  8341391
36877289  11830351
36898342  21018654
36898850  4713825
36898267  36671453
36898878  153724
36887558  4347374
35683813  32170456
36893616  13292395
36899015  14083308
36898919  29679486
36898485  218384
36898924  4488035
36898924  12769982
36897030  35009590
36898891  9437726
36897211  4589348
36899322  22671315
36899462  30128395
36899508  33470086
36897208  2518415
36898224  25676961
36896349  1978933
36899602  1673514
36886175  2399954
2591918  2047122
24773306  18994673
36888591  2047122
36899608  25254091
36789227  24528523
36899893  3422458
36899867  31548925
36900022  26867321
32279610  30128395
23320828  30128395
15240273  30128395
29667705  30128395
18383390  30128395
27473589  30128395
36899656  36898355
17771353  30128395
36898355  16704290
36878966  285015
24360427  30128395
27771412  30128395
36900334  1122483
18669106  30128395
20713813  30128395
36900149  10333016
15365118  30128395
36900392  4244896
36899643  4989483
36900459  512166
36900256  8273410
36898817  30659545
36900057  11996218
36900468  10924127
36900579  25776805
36900610  6613952
36900566  1373164
36878942  1047454
36900905  195951
36900860  29140402
36900950  21895756
36899040  29140402
36703043  142003
36900852  2789481
36901015  309892
36901015  1572322
36901060  10233374
36901212  20844144
36893081  12555011
36892860  9638339
36901365  11808573
36900980  5189560
36901518  3507453
36901546  104420
36901285  16458026
36901596  2100907
36901596  36735283
36901618  8784396
36901655  730764
36900868  7619319
36899270  19174467
36901720  17089717
36901666  14220321
36902208  8767166
36902290  2705793
36902278  262427
36899748  36897690
36900894  31877296
36902494  757684
36902554  4244896
36902704  24644436
36902723  24644436
36902710  16753842
36902795  29184358
36902821  8023306
36902600  3844557
36902315  24364117
36902834  492184
36902840  610245
36902194  19245205
36902827  32635704
36902997  19801506
36903137  218384
36896561  203198
32086578  33102727
36901385  16487258
36903477  1452721
36902641  5663980
36903510  13102045
36903594  4660142
36903465  3359414
36903501  14596861
36903060  32882737
36903904  921384
36895776  218384
36903936  9639368
36904281  2077897
36904281  1546226
36904420  28511557
36903392  36849325
16658038  14459078
36904628  13805141
36904653  10514236
36904531  11246758
36872245  8002252
36903315  9168432
36901997  1860159
36903987  22662488
36904754  4660142
36893432  5630855
36904467  36903392
36900133  7454159
36905275  13720430
36905250  1363310
36903509  35879563
36903509  3253257
36905419  13748124
36869917  22026393
36905808  9092160
36905699  4660142
36897713  17569679
29500079  38960
36906347  9454866
36906418  444798
36906419  5161193
36900645  32170456
36906610  1215881
36906522  166340
36904487  36878517
36904061  12300622
36901416  3695497
36906840  213761
36906323  34213566
36906811  4660142
36907175  513832
36906115  2095826
36907275  4261133
36907147  2909645
36907108  31854330
36907331  519520
36907372  203198
36893830  30680938
36903871  15454220
36907097  13272717
36906859  36638329
36907489  24027380
36907448  6395621
36904915  2118656
36908032  34407482
36908200  21901368
36905355  34101646
36908442  36906832
36908282  1163667
13370770  4697100
36908512  15641492
36908713  18050071
36908497  11731377
36904437  4112686
36902361  2161054
36762514  36721948
36875355  8933054
36909335  14220321
36905853  36765957
36909203  35553500
36785311  36765957
36908856  6491463
36707805  36690749
36908542  23079003
36908716  5042309
36909727  23605210
36909044  7331310
36909044  4191136
36907389  16871367
36879025  8716769
36901344  218384
36887836  17461175
36909983  9869150
36910006  29380844
36909938  6805026
36910000  588004
36910074  211383
36908083  4261133
36910392  513832
36910287  3269809
36910552  2784514
36910270  12578507
36910335  16000196
36910478  3939273
36910380  36521048
36908709  32584850
36910597  13332549
36910694  12558311
36910863  8060170
36909316  3220660
36911014  500508
36619819  10242115
36911352  3076414
36911406  4660142
36910105  2513988
36910960  3748
36911435  32011230
36911617  5292303
36866435  29938338
36910713  29308898
36898726  22974924
36905792  21024759
36909644  3630153
36911838  20836115
21944445  11029717
36911542  3731172
36911609  13033258
36911408  19292438
36912302  3446216
36912386  60174
36912053  247483
36912292  18626022
36912419  2591098
36912419  32683363
36900076  9347121
36911902  36756276
36912261  25508510
36912096  10804039
36911712  31681732
36912214  31224886
36856678  36713282
36912820  8028957
36909984  1420752
36912988  1335507
36913153  3851002
36912078  6796492
36913062  2434530
34151127  33891054
36913421  732130
36913332  1014861
36898318  36897690
36913936  2610497
36913676  11321491
36914038  7624755
36907529  11643810
36914099  36912133
36912133  36911700
36914483  13386107
36914193  22130429
36913483  12769982
36914333  7146435
36914151  1043339
36909586  71944
36898525  2859180
36914924  4531560
36915118  4261133
36915361  24644436
36915081  38549
36915135  4660142
36909665  24058157
36915777  13840429
36908660  9859903
36908397  36907372
36915788  504103
36915516  18725945
36915739  4106809
36915947  3130787
36916100  36915788
36911662  32564406
36916166  4616202
36905641  11773702
36916191  9062988
