36915815  14220321
36916180  11170215
36916331  413898
28816947  18317896
36904767  27210551
36915402  431391
36916581  4680431
36904862  21881992
36916432  885597
36914790  8207325
36913861  2185252
36917133  24105356
36903949  4810841
36917336  310870
36917120  25384052
36917072  4669178
36917481  2063480
36917503  203198
36880334  36179149
36917757  518000
36915986  2509679
36916529  19948598
36917501  5154880
36917644  7074246
36917989  13518296
36918002  60174
36917855  14220321
36915883  7454159
36851693  14907772
36918263  11740231
36918415  1303347
36918453  4660142
36917765  26472289
36614184  31169247
36918400  5739937
36918722  218384
36918807  6992830
36918766  218384
36918936  17484354
36918727  25175223
36918937  24699327
36919007  27859435
36910894  923822
36918583  31059728
36918885  434287
36919334  18050071
36919352  23250
36916618  3548453
36905234  25129743
36919603  8300963
36919599  8269048
36919568  4968406
36919930  13796451
36919738  7657633
36919959  14220321
36917826  36772710
36920126  25706216
36919998  7343833
36920200  2631001
36920055  12209628
36920244  461203
36919223  29728753
36917550  35905830
36916853  812342
36920207  5947742
36920791  11321491
36920883  20550132
36920878  11321491
36920922  5689517
36920889  6726589
36920894  2080660
36921107  15698239
36921018  33711273
36614532  36257922
36920548  18807276
36916953  28250680
36921284  1323410
36920960  10553597
36921455  5605125
36921592  10358583
36921516  12996234
30275403  25952243
36921506  5316697
36921814  8021321
36921770  33990677
36920871  16351826
36895931  216616
36920331  1498969
36921753  25721884
36922241  319426
36921395  15402770
36921964  4261133
36919345  23699904
36922222  18050071
36922068  2063480
36921821  2310561
36922420  2081418
36450958  35397198
36922021  14220321
36922439  22937618
36919187  32584850
36922632  35313710
36922655  19843506
36922666  27494227
36922732  588004
36922663  5918079
36922959  15697600
36915600  36890779
36921499  4261133
36923090  21899818
36922716  6178883
36923200  1817792
36923367  10637788
36923423  9754600
15574848  13674835
36921851  33738467
36921690  21881992
36911900  9581692
36923615  28087948
36923669  24644436
36923714  25706216
36909461  36814804
36906002  28548581
36923408  18050071
36922062  18310888
36924011  36918415
36911161  4425198
36924044  22811651
36921950  30680938
36924008  2613903
36924179  1069666
36921327  36900667
36923084  4968323
36922165  17465045
36924485  4199298
2881068  2199642
36920505  5890584
36924498  3076414
36924062  31059718
36924626  25324927
36923963  30455556
36923963  588004
36914080  7190618
36924725  203198
36911421  30109231
36908758  34413
36908670  6865538
36904090  409784
36902667  16889775
36903422  4525733
36902784  7220681
36901703  116053
10904911  29140402
36898620  992019
36921619  18269556
36924971  28371982
36924885  4384638
14020117  6906725
36924054  35736531
36923726  7698834
36925031  6402812
36921424  32170456
36923225  31424561
36924931  36917928
36922498  3482346
36925535  218384
36925715  4660142
36925375  20547819
36925207  14684697
36924770  10696067
36924727  16704290
36924704  7467381
36925865  23667086
36925913  1373164
36914946  7520980
36925875  920910
36920897  22937618
36924268  15951214
36925801  10014147
36925506  11093326
36925887  3455312
36926114  8710619
36926039  3577641
36926167  18050071
36926289  2745265
36926300  5938802
36926403  7816585
36926586  25706216
36831949  36831827
36682430  588004
36926395  1023902
36699621  626759
36923341  25360411
36924320  8483080
36918092  13303008
36920826  2321676
3805852  6139107
36916280  1917576
36926769  22951107
36926746  1936857
36786596  15491445
36926811  1558385
36926848  240178
36926929  495021
36927159  31979592
36927194  1908387
36926482  30798906
36927253  3646113
36920959  36894384
36927366  3577641
36927400  1373164
18033141  926227
36923738  6620165
36927133  17498216
36927600  3577641
36927616  2121548
36926867  7567097
36919078  19476530
36916441  16728338
36926710  661561
36925093  5395957
36928151  23549699
36928252  5139724
23285558  11875770
36928517  588004
36897752  388483
36928490  8620885
36928200  513832
36897901  33689768
36896256  30936791
36890464  11624298
36928743  4325854
36928791  36180575
36883531  4018114
36882217  1391503
36882051  43021
36676022  7470689
36913859  35527206
36928746  4277665
36928826  33011369
36876675  1636280
3675710  111345
36867744  28544557
36860111  11399439
36859023  4351258
36788773  4463363
36582534  24797485
36751799  31576860
36928602  19473185
36928602  132988
36929108  1208320
36928718  29363321
36929112  2115497
36929410  4660142
36926276  195951
36922000  19928257
36929650  1144783
36929671  21766052
36929743  4176328
36928364  13840429
36925740  15442220
36927176  24491260
36929923  36822748
36929459  18145172
36929984  2464959
36929984  22270981
35680445  35845554
36930144  16854280
36930251  3552461
36919306  10177679
36930657  3692042
36930643  3783950
36930610  14907863
28909039  17863732
36930586  5683728
36889845  3442033
36916168  5283501
36887144  2338641
36875385  43116
36866623  36854686
36829533  138028
36820425  4401912
36795164  24241292
36930801  36469753
36930801  36173379
36927893  35983960
36931415  18989362
36930426  11625194
36931534  3645242
36931587  7008632
36931763  5901378
36926529  17529860
36932201  70855
36932294  25356593
36929382  10899384
36932322  23353173
36929994  11078487
36930143  218384
36929687  10850726
36911418  32446978
36932566  6921105
36927473  8708058
36932689  11894820
36903546  4076601
36931784  31210175
36932777  907170
36932775  822323
36932866  240178
36932903  4660142
36932091  18057669
36931293  25092900
36922098  3787514
36929453  1957396
36933154  5652027
1803233  645943
36929073  6639385
36929536  5351919
36933008  2014671
36933194  1324053
36933031  6534633
36932914  18050071
36929151  2973202
36933422  18376708
36933705  1233290
36649886  8399389
36651497  4289345
36659752  4758175
36931702  17567624
36933906  2053830
36934047  16917623
36933242  36932078
36933824  286921
36933153  18960689
36934109  1062988
36934010  17802242
36934398  32562436
36934256  30680938
788150  36933428
36914928  2785
36933889  9508518
36930898  36773822
36934852  14220321
36934921  10722110
36933496  36932775
36935055  2050859
36935015  8720931
36935137  20838344
36935253  36935045
36934520  3381614
36935301  8028957
36934933  18050071
36933916  34738845
36933327  818287
36931084  25943556
36931084  1990817
36932695  26674880
36935585  40480
36935583  218384
36935420  10264947
36934818  15086054
36935918  34991316
36933460  4660142
36934008  25553910
36934387  4688693
36936340  8683505
36936329  2818179
36935399  11972084
36933338  24644436
36935616  24644436
36932354  2973202
36932535  2973202
36936752  31765638
36936688  9884213
36936760  11695618
17569322  1495407
36935362  24024376
23789143  26438388
36929093  7221495
36936285  7668507
36929911  7253448
36936079  644714
36937309  588004
36937345  2268104
36937448  36937244
36937423  5564410
36937566  36535629
36937287  10967656
17950344  11613371
36937753  3577641
36938089  13102045
36938109  26543807
36937082  31629627
36937680  11782114
36938298  513832
36938282  7592630
36938400  128923
36938490  3130311
36937826  218384
36938640  24644436
36938821  24644436
36938543  5576500
36938272  2120255
36932785  11884581
36938832  14127529
36929811  7337824
36938694  96428
36881469  1169534
36924486  11638705
36938890  4660142
36928711  4228658
36927872  22770856
36939096  12239166
36939443  588004
36937605  1804474
36939828  1663807
36940065  6967297
36938514  17698138
36939702  15108285
36933985  6338217
36920341  2441061
36928288  1383126
36931651  3292038
36939410  16332092
36939594  19244268
36935116  3059044
36930141  9605913
36929672  16709373
36939888  218384
36940109  32679172
36940686  23294658
36940785  3391462
36940605  8184167
36940892  218384
36940328  3059044
36941000  104184
36940779  7943751
36940800  35142364
36941096  21999178
36941155  2591098
36941068  5136295
36941069  10714233
36941232  6546193
36940566  36913262
36941286  2243993
36940237  218384
36935623  33203379
36941037  29640290
36941671  5061721
36938319  36426911
36941808  1585611
36936389  29632430
36937157  14018982
36926719  27690657
36941930  4598164
36942159  25706216
36938772  34996295
36942102  3371503
36942203  218384
36935602  4888277
36942191  4261133
36515893  686439
36942087  13915081
36942327  2713710
36942532  3147911
36942423  8641251
36942601  17974998
36942517  20151556
36941805  27592710
36942263  36942087
36942577  15137849
36942502  26262235
36942784  1922677
36942845  33136772
36942832  25706216
36942940  218384
36942624  36143283
36933081  10483180
36942834  36942399
36943046  4244896
36943023  23696876
36940937  25134024
36943209  14112515
36943114  1035657
36943175  1508203
36943150  18791645
36943315  23821792
36943349  1128723
36943400  8777257
36942669  35473174
36943270  8623126
36943497  10796160
36936219  5767228
36943371  4216745
36943613  541749
36943344  793812
36943495  21641070
36943658  1239938
36943658  19062631
36931666  696782
36943661  36943107
24001501  12933279
36943794  1129216
36943049  324486
36942782  11455515
36927318  30362298
36919489  32312876
36942540  734689
36944307  33458865
36943788  36671453
36943410  12769982
36937394  28325553
36943827  11681815
36944029  33460420
36944126  737005
36943056  5746544
36943056  21558129
36944748  4261133
36945170  27757246
36803342  2201696
36937033  2632882
36935142  218384
17064018  11681815
36944910  18050071
36934528  21430207
36931603  15754523
36945461  11270453
36931206  8115722
36931143  10839131
36848632  8814260
36928687  218384
36909827  14006040
6521270  7991522
36921678  999489
36945323  31885409
36945589  4261133
36926686  24617016
36945689  2631001
36945830  18050071
36946053  8203700
36941884  5890584
33638475  7427101
36946002  36942897
36932602  1186789
36921811  16241297
36944585  36880832
36926077  2086556
36919807  22391433
36903725  26597286
36945928  16959576
10086572  3462784
35074955  36269935
36946354  826948
9716489  2699086
36946269  23242533
36946364  2514429
36946391  826948
36936575  3888902
36946344  36938705
36946450  23821792
36946491  826948
36946141  5777210
36945477  218384
36946564  27210646
36935730  926172
27237346  27210646
36946893  31382531
36940258  22428667
36946478  33047452
36935279  218384
36945563  23062537
36946972  500431
36947019  6942624
36812886  16287547
36947132  11321491
36804238  36804326
36946969  4021322
36947261  2612802
36947110  28724850
36947513  2973202
36945030  12466493
36945030  5890584
36648666  36829150
36947523  273313
36743962  21309760
36835675  35093869
36947417  17237181
36848666  11225912
36944537  7975093
36920932  36780794
36945184  11913841
36948051  8028957
36948067  25643348
36948287  997482
36948206  27007763
36926356  132971
36948314  218384
36948270  218384
36917560  36947198
36947933  218384
36948201  75752
36948642  2770321
36948653  218384
36948624  3494593
36948521  16716525
36947636  8343531
36948914  2770321
36948997  13788738
36949131  513832
36949176  4736
36949197  8028957
36949021  16013364
23821792  2806360
36947336  28985704
36948904  22316348
17733049  767999
36934333  4412147
36949303  36949211
36949247  218384
1629906  203844
36926523  15825768
36946765  9347282
36948618  2167916
36938135  13145777
36698333  35184048
36796034  599953
36939644  4946334
36924567  4461597
36950087  2709821
36949908  24743753
36948134  4060405
32757998  18133155
36949659  6386098
36937700  22496045
36813883  3053561
36950425  18050071
36950523  248830
36950535  1922677
36950572  4277665
36950915  4261133
36822189  34657821
36928897  16902716
36927598  2139134
36951002  3598770
36805026  36244660
36951134  218384
36951061  19387552
36951195  4660142
36942418  13009174
36951338  1500342
36951401  218384
36951399  5765853
36951298  7294651
36948663  4971877
36951591  34863894
36951709  10327390
36935851  240178
36948739  2030064
36882130  23682236
36951708  4660142
36947773  7556564
36952045  29308898
36746112  34224096
36946378  325933
36951879  15890503
36952211  24816
36951125  18013912
36952066  36720134
10186620  17458803
36947758  5086800
36952279  4609405
36942886  20390923
36951584  1004478
36948509  17458803
36952432  20253267
36952000  33612956
36952303  22732013
36952719  14220321
36952346  13359327
36952234  4498482
36951905  578202
36952811  3737139
36952974  6240139
36952897  10790359
36953094  240178
36953064  142003
36953103  1915166
36948580  31599400
36952758  779875
36953510  661028
36953754  17809517
36953723  36950408
36952316  26028918
36953586  8751020
36954023  513832
36954023  5554734
36951424  4937634
36952735  36950408
36954103  6574858
36953783  4660142
29536041  30798561
36954304  3958955
36954276  10623913
36950427  18050071
36953911  36948413
36954444  5524632
36954248  409784
36954735  949433
36942092  17361714
36954390  218384
36954187  11321491
36954115  4261133
36954948  15196451
36952938  1751844
36955041  21567291
36955047  218384
36954827  1281641
36955005  218384
23800145  16947337
24741486  7111610
36955234  15112125
36941173  15228273
36955283  4650462
36955376  218384
36955287  21110612
36955069  2150108
36955485  19843506
36954482  1243614
36955610  34512
36948922  21747136
36955625  12573816
36948953  3577641
36948953  1732348
36955665  13925164
36955729  268929
36950130  26563390
36955025  25493625
36956054  13573653
36956062  610245
36955462  908672
36954711  32011862
36956145  336859
13516623  31572
36953706  4734580
36953117  3502267
36956242  18050071
36956272  21881992
27971241  5989201
36944179  6884616
36956521  1207406
1735676  2770573
36740790  6874112
36910888  36910448
36956738  2411487
36956660  4278106
36956697  36927479
36956705  513832
36956662  4244896
36956069  35741379
36953016  218384
36950751  13102045
36956938  23079003
36957001  22042948
36957049  24681553
36957135  6068266
36957108  18093928
36713661  1139762
36713661  6535362
36954966  3577641
36955213  29168433
36957261  1053424
36919744  2901102
36957407  4406348
36957552  29140402
36957472  1124788
36957408  4450045
36957487  5554734
36954967  3417636
36957692  3474318
36957738  218384
36957317  36064907
36957827  218384
36957906  4216745
36957913  3784996
36957964  40480
36957997  1225146
36958022  5554734
36957998  1251192
36958058  26263054
36957575  35759099
36958106  12599965
36958140  25706216
36958116  8098601
36957805  30279321
36955169  2467844
36958144  20174353
36958247  20162145
36958223  8115722
36958117  24002369
36958261  6343166
36958345  29664126
36957669  17976140
36958579  11347779
36958620  13157101
36958670  1972006
36958601  9864267
36958791  24231680
36958807  24239426
36957020  5515310
36959051  218384
36959046  17566249
36958163  25368083
36958920  32170456
36959201  10775522
36959167  1296843
36959425  8783667
36959220  33464813
36959488  36958493
36959155  36487409
36959560  7488643
36959685  9629328
36959758  218384
36959752  5554734
36958999  10636611
36958976  1169456
36959712  25239900
36959854  36950408
36959852  15572462
36959923  32000865
36894134  35082691
25260645  8340809
25772273  8340809
9696698  8340809
35145957  30972123
36960042  16404575
36959707  8258102
36960075  21358240
36959338  34159105
36960115  29610585
36959958  6643030
36730191  11169445
36957450  25798156
36952900  34495675
36862227  513832
36957744  3624797
36960619  22358
27611269  33019429
36960679  35132976
36864169  473282
36958995  4660142
36960890  826948
36960087  44153
36960936  23061794
36960590  218384
36957151  952914
36961247  25441628
36957115  365826
36960891  36936466
36852650  30818192
36961368  495021
36961514  23011080
36961666  28938079
36961825  36961851
36961851  5993779
36961853  1067789
36961769  19859383
36954443  1738020
36961878  2973202
36962059  4261133
36962275  18050071
36946004  34469459
36958766  9757456
36961210  46898
36961210  1066589
36735468  26245139
36962426  18050071
36962340  14220321
36962633  8934283
36962552  163162
36962867  14220321
36962804  2633483
24750713  2633483
36904443  28234096
36963034  8004237
36962866  218384
36963261  1186789
36963091  21344842
36963204  7424155
36963389  321068
36963427  13354230
36956465  15519749
36962438  7583038
36962652  2422468
36963508  32689753
36963814  33162149
36962669  36961967
36963844  9690801
36958368  16048347
36957909  3760631
36962172  10367698
36964314  36958658
36964221  218384
36962814  142003
36961556  24949676
36964784  20177003
36964762  218384
36959277  36956983
36965002  36964710
36963981  1985941
36964920  7591240
36964695  218384
36965247  3446216
36965258  30680938
36965272  218384
36965088  9605913
36965220  20881213
36962562  11406311
36965420  12573816
36965273  2161054
36943068  8772947
36929992  15366374
36930547  3533843
36918341  8061344
36912732  32555509
36889861  14441142
25020660  6343166
36950151  11972084
36965470  23740548
36960678  26152642
36965829  218384
36965801  32434592
36965969  24393495
36935646  23185096
36957500  36129764
36965460  3076414
36963718  4571423
36965924  7668200
36965669  218384
36966335  6878761
36966321  18203112
36966533  5554734
36966486  21881992
36966588  29986657
36966664  1299837
36964096  218384
36966628  18573998
36966753  396164
36965166  9501604
36966423  6213336
36966995  12954821
36967088  2685977
36965868  9276040
36914236  36945287
36965354  218384
36967212  7198144
36967130  588004
36967115  9116924
36967314  13840429
36967344  10871898
36967333  22493723
34988345  35377600
35377600  34515173
36967197  34515173
36967279  32520160
36967343  24481472
36945499  36416988
36966394  36271899
36962049  413898
36967389  20035101
36967403  3705318
36967540  317760
36967618  7368789
36967654  1535327
36967488  30680938
36967652  12062481
36967698  10187668
36967663  28740572
36967804  10996028
36967926  18050071
36967840  4570366
36967840  20063617
36957099  34773497
36967997  19570536
36968014  3519664
36967691  29110950
36967832  4980525
36967832  114543
36952933  36945773
36967272  30128395
36967853  7354521
36968126  218384
36815943  845021
36967233  60174
36964175  16835753
36968207  23366401
18648824  36917042
36968428  4261133
36968460  18050071
36968527  8110934
36968616  14182091
36968852  36941870
