36968831  19429667
36968715  24536154
36968855  276927
36947820  36043047
36969080  218384
36969038  30865233
36968972  24044499
36966488  30866197
36967478  19138781
36969198  2818179
36651347  35464859
36969222  29765961
36965976  9334166
36969524  16854280
36969704  17968469
36964230  563198
36969795  10443050
36969660  2705163
36969252  4086107
36969799  2844507
36967903  23962512
36913482  15526996
36970068  2115114
36875921  22787209
36969519  36969193
36946333  17457028
36969926  7273014
36970273  2414478
36970282  7746505
36969479  15479928
36970363  11321491
36970360  20342596
36969806  7519419
36962233  1520608
36969912  4261133
36970583  24644436
36969496  5121495
36970589  18050071
36969384  4261133
36970598  20039980
36970451  32587622
36970532  7294651
36970731  21322353
36970856  12062481
36970843  2019089
36970648  36924981
36970810  17390792
36960531  17390792
36968185  17390792
36970904  7312693
36970693  1101750
36970991  36967888
36971028  34658888
36880675  19147
36971114  10205437
12215979  4347374
36970927  36662186
36969581  35734026
36971110  21078959
36971095  12859942
36971154  2857077
36757213  28885939
36757213  36387160
36971305  12223133
32829592  26233227
36970365  36970256
36971768  18050071
36971726  5121495
36971168  17976889
36971980  4660142
36972015  36162688
36972066  4120539
36972031  14608013
36972060  12574853
36972050  21353169
36971372  36953918
36972037  2843987
36968531  30441122
36972207  36969367
36972225  279561
36972293  634210
36972326  1066318
36972120  3150942
36971606  4660142
36972355  2833257
36971392  20027769
36971392  32892712
36960767  7880936
36972562  3528420
36971182  36958893
36972673  20956352
36972757  513832
36972717  32551177
36963572  12769982
36963572  4463441
36972728  17598134
36973010  218384
36973011  11416024
36972723  4810299
36972665  4261133
36973061  40480
36973102  32170456
36973164  32170456
36973079  14049729
36973247  40480
36973044  3127429
36973155  2559527
36973330  6202726
36973354  5175268
36884722  3800512
36969676  7165395
8294101  5175268
36836119  3800512
36973488  15112125
36967165  36886117
36973362  24644436
36973259  694102
36959211  16015841
36973574  18050071
36970568  29036287
36973682  25706216
36973594  4261133
36973691  35880846
36969493  36947667
36973608  3510395
36973730  9238038
36973841  35329845
36973862  495021
36961077  15045640
36973837  8748654
36973853  13566862
36974094  15712358
36974257  2973202
36974309  29140402
36972535  15483019
36959749  5800649
36974419  10299148
36972599  36971872
36974563  21122540
36974576  7349689
36933677  36910946
9043765  4335804
428364  4335804
13785364  4335804
36973736  4335804
36974612  4815785
36974755  11535844
36974881  203198
36974928  17385961
36974939  3233379
36791470  31792932
36791470  36791290
36975042  1313390
36974495  4660142
36975575  2217955
36975572  26025570
36975586  18609213
36665277  21918574
36975787  218384
36972774  779875
36685121  13840429
36973920  34362904
36971394  24227816
36968055  4227994
36973960  18827081
7233905  2932421
2350893  460935
36962369  12145390
36968024  1932208
36976203  513832
36974978  1332269
36972226  36973344
36973650  14273252
36975870  18467799
36976423  3277503
36976266  19590865
36972443  36953408
36972527  36953408
36955966  1170383
36940570  36866460
36976623  6343166
36976698  4082204
36976685  15667125
36976812  36976276
36953615  3606416
36976895  6605640
36976855  11589385
36963589  14665713
36965310  12336239
36975686  25813752
36975191  7735647
36976513  7058339
36976513  334856
36975273  12152626
36235510  34561168
36977317  894263
36977106  2113662
36973541  18664579
36974452  2559527
36974452  290884
36977462  16394693
36976095  8480100
36911649  11731377
36975739  3737139
36975451  29308898
36976927  1509977
36977630  3707749
36968343  18025425
36977223  36519086
36971395  13274279
36977269  9775342
36978059  8164460
36978071  157944
36978233  12199353
36476788  32124640
36978145  32124640
36978430  218384
36978628  218384
36978567  164194
36978644  35073664
36976358  12409299
30335987  32853167
36978823  218384
36978691  11237971
36977473  21841834
36977473  22927634
16030434  11564137
36977489  27693240
36965779  36962678
36938132  32300158
36979141  5554734
36974722  14857159
36976101  26561235
36979053  4540649
36765780  35945001
36979093  5168904
36979215  13888926
36979442  6064993
36979464  3005433
36723173  35945001
36978046  34366305
36979564  1461598
36979615  7364150
36952602  11462033
36979771  457629
36979758  6734849
36979821  12583371
36977047  14146148
36979923  35186
36979550  34995740
36980045  8207325
36978125  5078239
36979914  1195826
36972577  25566581
36978290  26100182
36980470  2788159
36980594  11410722
36980523  216119
36978910  7772001
36980973  6611412
36766634  14220321
36980976  21819905
36981070  16959576
36980992  34766677
34528943  34228971
36979194  2973202
36976038  4660142
36957630  18050071
36973082  18050071
36981349  30304506
36981223  33964967
36971689  218384
36981408  3394899
36981457  8470070
36981674  218384
36979633  36979154
36981575  12160639
36982083  588004
36982216  1826688
36982270  6441218
36982327  12840849
36982471  123263
36982471  466345
36982558  14924935
36980638  218384
36980495  27791532
36982582  25401505
10417730  9380077
36982680  1343749
36982695  5067785
36982465  218384
13560061  9380077
12272581  9380077
36982480  9380077
36974645  15120472
36982828  36778114
36981547  24309685
36982865  36982527
36974451  5006716
36965464  18062778
36980156  34051316
36955044  4708549
36982933  10188774
36981109  8838777
36982920  4261133
36982825  14935016
36981380  11605917
36954999  1250079
36983097  9936132
36982603  33047452
36983271  218384
36983508  4829631
36983422  16109471
36982349  10924127
36983402  2335888
36983732  11716268
15883997  218384
36984071  23640983
36984042  49547
36984244  1503579
36975867  19254765
36984300  588004
36978087  33495070
36983984  731365
36982701  160970
36984409  28609536
36984330  1524356
36984659  3436526
36946683  7657903
36983894  14254382
36985020  3577641
36984684  218384
36985042  11656532
36975843  34542004
36985098  22463062
36985201  3076414
36981741  18568875
36981741  9544737
36985367  280759
36985289  218384
36980682  12309509
36978427  21729085
36985407  3027755
36985647  36985516
36098680  34208745
36985799  203198
4413178  3027755
36980833  538661
36985854  1711990
36985854  926752
36986031  59294
36985946  438844
36984827  20246567
36986138  19896870
36986062  24016142
36982187  36721216
36986056  7202157
36986319  34407482
36986356  1424510
36986268  10343632
36986367  10641144
36986447  2063480
36986447  80646
36985423  28197923
36986586  18050071
36986611  176745
36986359  6924067
36986671  16573629
36985464  2837020
36923795  15170259
36982512  22937618
36986251  13099406
36986946  4172722
36986635  1754491
36969730  6104037
36864118  31986475
36987109  218384
36987176  7487977
36986959  36901470
36986069  13730554
36987133  4261133
36987350  2292662
36987301  11041405
36987391  954834
36987373  737240
36987544  52550
36987162  12062481
36986779  14220321
36987591  8141440
36987775  949433
36987704  19859388
36987866  7948494
36986471  3681123
36971036  4855645
36966990  8622336
36966990  36966914
36985949  5562149
36987440  18209233
36985023  19372658
36984510  33979732
36987950  4935479
36976900  28542802
36987582  128389
36988269  4660142
36988145  36984539
36988215  36986807
36988424  4261133
36988406  33454533
36988183  34480760
36987997  17575790
36988160  728360
36984987  11479064
36988677  1373164
36959703  4717118
36985733  36324113
36989351  750486
36989422  3053833
36989485  14838474
36987660  36718457
36989875  19366401
36989796  12573816
36989969  19412
36989545  4893816
36982775  29053696
36990269  36989503
36967977  1757740
36990363  11108559
36990317  513832
36982359  36982227
36990046  13257043
36990687  30680938
36984137  12620369
36985585  4276061
36981563  36848307
36980252  156503
36978611  218384
36977066  2591098
36920918  4047667
36983147  7611169
36974337  23414090
19497025  5142070
36961733  32244851
36972253  5554734
36738535  3840582
36989576  513832
36990472  2839321
36930005  21911733
36991553  16953425
36990723  36989703
36991548  13778650
36991388  25879705
28655308  2547061
36989109  20077487
36980386  1208796
36991837  35313710
36847583  23385843
36991907  20279484
36991895  236129
36991888  21122540
36991958  588004
36974024  13419569
36991987  409784
36991343  10675360
36991975  3409053
36992027  29140402
36991867  35809253
36992110  1585513
36946982  5121495
36563788  20516271
36991936  33652153
36992202  513832
36992216  5309471
36992158  32496864
36986711  4660142
36992398  14455293
36992545  5489987
36992600  11871520
36992511  36979606
36993009  588004
36990844  26763974
36989313  7549561
36992024  1334012
36993234  19896870
36992710  199333
36993116  31362292
19015283  6229131
36993375  80646
36993375  6843030
36988142  241789
36986727  32675411
685378  398518
36993499  4660142
36978863  1738020
36993526  14735630
36993176  71257
36993444  3342651
36993691  2923600
36993758  218384
36993890  36993390
36993815  24644436
36991947  28227095
36993448  36963065
36994115  5187530
36994174  3665247
36994207  5554734
36994254  36993460
36994109  677561
36994422  218384
36994493  198199
36994529  3446216
36994645  788433
36994645  2721546
36994617  3127429
36994747  383947
36989218  19896870
36975071  36861628
36986476  34704488
36994877  27777254
36994731  11034377
36942571  10358547
36994065  4167651
36994475  858980
36995081  13730924
36994437  36993390
36995291  383947
36995327  109383
36995224  773814
36980885  1992364
36980885  34519665
36981419  36861628
36994581  27050919
36995803  9076494
36996113  23250
36989899  32142375
36996165  30287531
36996164  29740884
36985016  24650500
32432591  359494
36996754  32600478
36996755  4176328
36996755  2129230
36996734  273313
36997100  70689
36996757  30377354
36996698  1026069
36996320  10333016
36977734  36099006
36995783  4971877
36996657  2591098
36994408  6146808
24200390  6146808
36997054  19640766
36986197  36279778
36997350  4764768
36986011  5766521
36997584  10564222
36997317  36995931
36981426  8985520
36997970  25126148
36985611  36990700
36997777  6308687
36998015  21740359
1485672  10511581
36994705  4526779
36996228  11659495
36673140  27320240
36998202  9266632
36976851  35475619
36998800  28033312
36998968  14220321
36999262  401656
36999331  6918796
36999015  22102061
36999346  1784782
36999393  25880500
36995042  8640594
36999322  84882
28202158  28075479
36995080  36612184
36999692  218384
36999745  11023753
36999790  33484312
37000001  14220321
36999939  4846978
36987850  4400678
37000211  5936734
25049671  7575267
36996709  7575267
36999937  1526794
37000262  1725855
36989582  11476670
37000510  1659749
37000191  11731377
36999952  11731377
37000319  6765630
37000771  3386039
37000968  4244896
37000795  25406064
37001163  2904560
26530346  6871996
37000976  6182964
36999591  7294651
36981210  29822181
37001758  8208289
37001797  847185
37000295  15785175
37001220  513832
37001780  4112686
37001990  164194
37002111  2973202
37002219  34756900
37002225  1599409
35111046  15123515
37002487  13214809
37002245  27673013
36993302  2957094
37002549  2555816
37002712  1179532
37003102  218384
36939481  22049212
37001408  5643635
37001408  1335252
37003282  8545590
36992252  7253448
37003316  15698790
36993784  28494089
37003255  12769982
37003477  36915001
37003530  6269765
37003201  10106345
37003446  7238929
37003379  22021401
36999301  24644436
37003712  12769982
36996439  17522327
37004270  10143093
37003372  21805868
37004069  36880115
36998131  8651695
37004353  32170456
37003795  812571
37004414  31953852
37003689  18050071
37004232  3479744
37004784  22372336
37004834  25715022
37004968  10040069
37004786  4261133
37004972  14220321
36999996  6690117
37005262  37003645
37005401  4870769
37004407  4052770
37005330  8900652
37005664  18050071
37003987  28387221
37005361  8115722
37005454  2131965
37002658  5641769
37005880  21053477
36894820  19285962
37001243  8116261
37005760  4261133
37005828  1374126
37006041  3010840
37005996  495021
37006004  6137986
37005359  5928225
37002804  28627908
37006023  17498216
37006214  513832
36970097  6947587
37006429  588004
37006402  36817873
37005936  9207620
37006511  4825683
37006446  5121495
37006649  13250349
37006841  24644436
37005773  206384
37006994  218384
36989050  18028706
37000468  2290611
37000127  25709306
36983828  24231680
37006577  14686573
37007143  16188122
37007143  1031273
36936230  27467366
37006293  7403129
37006956  3446216
37007245  3525997
29442260  29327825
36998472  33078221
37007475  203198
36902945  36921787
36898233  36921787
37007218  37003472
37007203  21074223
37007558  2210309
36929871  36929697
36926197  11498794
37007683  5078239
36974517  1164213
37007887  218384
36948444  12277461
37003490  37007149
37007953  218384
37008078  4796872
37007192  4166616
37002797  16238714
37007819  18487109
37008478  2528318
37007554  14185584
37008593  17953590
37008788  23667086
37008870  25706216
37008857  3076414
37007966  17597201
37003569  1825794
37009047  23154665
37008820  45135
37008855  218384
37008614  32030113
37008166  11835217
37009455  20279484
37009398  24034668
37009498  6260038
37009525  28335814
37009598  610245
37009607  36385023
37009531  10693845
37009570  4261133
37009575  24644436
37008864  27895860
37009802  16155592
37009943  24363503
37010033  24076330
37010179  30642883
37010229  29140402
37010164  37005195
37009720  6242955
37007444  674479
36972721  6282466
37010478  12996871
37010430  263400
37010657  23667086
37004648  11893996
37007312  15925980
37009676  6862770
37010780  2936782
37010780  23506064
37011212  218384
37004728  16987203
20602635  14900850
37010668  36083247
37005661  509211
37011312  5577727
37011409  3991905
37011519  12784216
37011626  2247949
37011643  1075656
36948214  30573872
36883984  4386675
37009253  18387993
37011536  2899699
36879174  32170456
36879174  35683813
37010804  35994641
37009649  37011852
37009324  7331214
37011375  2422468
36994341  7572652
37004470  27083091
37010634  2111384
37008085  513832
36922579  36922431
37012280  394809
37012272  15663918
37012340  2770321
37010147  31719887
37011388  2531221
37012265  4736
33135019  2941491
36999237  14508437
36917023  5543490
37012689  10947768
37007270  1014861
37012860  919244
37012824  8161836
37012175  28352072
37013019  1082453
37012792  218384
37009947  28402521
37013111  7223359
37012353  2711001
37013266  223918
37013269  11842416
37013269  10240161
37013319  8028957
37011863  5876914
37012844  12969971
37013147  1212964
37013530  22171558
37011766  24539521
37010439  34413
37008698  35186
37013558  6952363
37013558  10897470
37008251  604424
37008299  20592397
37006448  2784514
37004321  8197639
37013729  5943726
37004683  5554734
37000239  15965869
36995123  35421392
12670284  6239142
36992722  5141788
36991770  123559
37013783  203844
37013904  11051307
37013503  2942052
37013933  2422468
37013517  35425488
37014193  11321491
37013087  3753687
37013980  12573816
37014194  1912434
33744954  6199417
37003786  22641306
37013504  19695439
37014376  25706216
37014383  18615263
37014136  17084839
37014644  31795106
37014627  1296646
37014481  588004
37014655  19839952
37015025  11993077
37014991  2557834
37015015  15371918
37015217  6666423
37015500  17364127
37015684  12142172
37015646  4261133
37015873  218384
37015878  19108902
37015958  17498216
36999446  32263254
37016033  11922383
37015738  8669833
37016037  27390656
37016164  20897020
37016229  218384
37014703  30610387
37016204  3371326
37016386  8589874
37007545  3125395
36925809  2368811
37016198  19357965
37016344  29130898
37016096  14220321
37016737  218384
37016772  27624402
37016720  2965411
37016862  36988336
37016881  11321491
37016879  7165395
37017167  506105
37017232  23315521
37017042  34891481
37017193  36994959
37017334  5121495
37017382  4261133
37017268  24644436
37017453  24644436
37017077  33092017
37017605  5078239
37017559  34119319
37017390  972
37017390  30294458
37017699  201183
37017719  829174
37016258  8638621
37017525  37013619
37014493  36358047
36974737  36861903
37014359  12672006
22098194  14828185
37007540  5980389
37005530  57615
21108585  9110472
37001439  9755263
3529160  150544
35231899  31037577
36998051  5685568
36997246  14072331
36996815  4447794
12946073  8640594
32602414  4923131
37008536  29792199
37018469  24797419
37018469  3871650
37018242  22937618
37017310  14957450
37018491  36978750
37005798  3142212
37018520  6989965
37018745  4260723
37018747  797251
37016450  11749742
37018951  29308898
37018539  11301295
37018709  8321514
37016513  30148999
37013715  19162853
36930195  23333815
37016209  34418027
37015072  24102024
37019829  12573816
37016743  795286
37019972  19286403
37015867  4422293
37015867  17411991
37020343  20035101
36996538  218384
36867774  9605913
37017062  4734580
37020778  9
37013881  10404116
37020280  31488931
37015780  5104094
37020885  33049460
37020927  25268264
4833011  5232756
37021465  218384
37021328  218384
36974334  12183096
37016973  3802304
37021585  7201231
37018612  18012052
37021015  15615136
37021590  4244896
37021713  1043034
37021885  22853066
37021810  409784
37003674  36846818
37021997  7149802
37020486  5027160
36923849  36922738
36985325  11349378
37022300  3106452
37022045  30680938
37021873  30680938
37021873  29308898
37022318  885009
37021936  6248404
37022464  9103336
37022602  9329446
36742745  7314901
36786112  36783214
36800463  18347682
36804577  6609778
37022707  16015656
37015102  40480
37022979  14220321
37001572  36250353
36605539  3177733
37022277  21982987
35351744  35476150
37023187  18474727
37022248  218384
37023295  218384
37023464  4166966
37023444  18151641
37023124  3681123
37023719  203198
37023547  22493294
37023664  25471114
37023594  34366305
37023253  16607704
36996630  33225994
37023961  4732544
37022839  15730146
37022806  1917576
37024133  685300
37024209  17382587
37023987  7416204
37006224  5853014
36940744  936197
37024733  218384
37022761  18050071
37018183  32806827
37025012  1069621
37024980  18050071
37024125  22506253
37025233  890128
37025069  36996118
37025317  20279484
