37024390  36978750
37025073  18743124
37005968  21208031
37025558  826948
37016841  9501604
37025680  18050071
37025733  3939715
37025836  19109131
37019145  371
37025333  19896870
37023963  37020959
37020648  3737139
37026233  4261133
37025707  22235580
37025928  218384
37026467  4261133
37026663  7372551
37026673  23784370
37024940  30541399
37026781  11091623
37022039  32000646
37026700  16729574
37026621  1680528
37026575  7952147
37026744  9835070
37018596  36996794
16157602  4112686
37027221  3777633
37003609  8773579
37027315  218384
37027506  12831101
37027063  5555408
37009965  37005662
37027759  37024941
37020721  5144862
37028115  218384
37028260  218384
37028335  12769982
37028390  13102045
37024536  4660142
37028544  31512970
37028651  4261133
37028640  26851490
37028480  4660142
37028881  29378566
37028895  1267869
37028348  37025023
37029030  4403726
37029202  4660142
37028121  1014861
37029112  27554765
37029541  6471019
36972591  10832440
37029273  17772040
36509367  12524035
36509367  12445154
37029676  8598214
37021949  15772975
37029764  218384
37029758  218384
37029951  153724
37029880  4669178
37029484  36199473
37029957  306313
37029226  504103
36712283  2454067
37029172  814433
36961331  36813098
37029792  31446341
37030177  4660142
37030069  10000338
37030446  495021
37030579  12573816
37030523  6111298
37030701  285177
37030814  40480
37030651  24070714
36734328  28895274
36943942  36447135
37030979  18613839
37031076  5203792
37030857  1233651
37024946  36967943
37028187  8867040
37031290  271561
37031290  18937560
37031116  4261133
37031510  6888570
23314447  4734580
14781051  11321491
24044015  4734580
12704227  11321491
37031724  22937618
37031759  2036970
37030762  36519086
10047629  4734580
27345201  4734580
37031885  23446377
37024124  3689714
37024124  31562023
37031930  6019562
37031866  2564258
37031782  27250284
37031342  35630585
37032076  5650171
37016654  36993990
37031549  3398568
37032196  23446377
37032133  4945178
37015233  11321491
37032011  3155542
37032317  27854937
37026219  35100716
37032458  12084040
37032475  12503527
37032333  218384
37032518  5790921
37032573  21279564
37032584  5187530
37029037  2059431
37032754  18672135
37031875  3530328
37032852  25706216
37032871  218384
37032958  89228
37030729  22950642
37033125  36644438
37032792  35301998
37033322  21279564
37029893  4216745
37033054  32970709
37032053  10489895
37033449  15181670
37033297  16962639
37021335  1724255
37033653  18050071
37033159  8211304
37033588  1101750
37033938  1991380
37034005  363681
37034079  13505274
37034102  25706216
37034121  9884132
37032845  15295004
37031117  4971877
37034002  6932369
13746966  3295496
4592079  3295496
37034021  9957544
35721130  4216745
37033168  23855587
37034644  111102
37027674  18467624
37034063  20279484
37033508  28898636
37034751  15759223
37034824  4728295
37033513  3141716
36750865  33787115
13445027  11731377
37025118  2422468
37034962  17821601
37019467  4105331
37019467  5071040
37028625  37031289
10357734  7723746
37035043  513832
37031763  7070209
37030511  9711173
37034698  2671518
37034266  750486
37035243  218384
37035222  26406152
37027107  668952
37020922  4918399
37035338  3389574
37026214  13875978
37020971  1585811
37034817  203198
13875978  9997048
4053519  2324937
37034912  32740573
37034887  218384
37020576  7930351
37035093  4460331
36918650  10694397
32867372  17139501
36967297  327916
37033380  24644436
37035264  18573117
37035871  513832
37035826  33737501
37021619  2385829
37021619  12271196
37035866  1927029
26476973  26373409
37035488  2934914
36996002  4871656
37036358  32621988
37036413  18050071
57701  686412
37035388  30286814
37033015  11312737
37035584  1599962
37035584  2829329
37036604  8393004
37027275  25615571
37036579  33965425
37036549  13840429
37036820  610245
37036974  4421706
37036138  12169717
37037015  22516331
37037067  218384
37037079  240178
37037347  15171266
28998990  15933958
37036752  33959998
37037729  28714298
37036407  10748253
37034511  7047752
37037547  979975
37000972  10389672
37033335  10524188
37038037  24644436
37036708  18050071
37037799  16607557
37035218  37025174
37036929  27360102
37038479  2371118
37037753  12950479
37037787  12769982
37038521  11836436
37034421  16482949
37038650  15806703
37038579  24603721
37038339  17364127
37037570  31769937
37036190  30094047
37036567  14152575
37036118  3194143
37039185  13102045
37031362  36996021
37038764  17003823
37039379  420843
37038786  4921566
37039429  21122540
37039527  7452040
37039549  218384
37039264  18050071
37037981  12199353
37037214  12466188
37037214  3556144
37032680  21633637
37034263  1552225
37034685  4340362
37039967  5388584
37040074  36317381
37040136  12692067
37039232  25698297
37026024  8952043
37040229  14220321
37024086  10851283
37040234  30680938
37040381  17260417
37040359  22252904
36993988  9464844
37025255  6150289
37040506  25706216
37040310  24202473
37039682  18880654
37040618  15511282
14228282  19365940
37040693  625799
37034809  451415
37040815  383947
37040942  4969171
37040894  27484353
37040991  20563772
37041028  6883646
37040889  3339136
37038739  13415916
12607146  3480382
37038781  2183541
37032781  592248
10308453  13513932
37021362  1582285
37019131  11237378
37041073  3481828
37041291  6281322
37040953  14220321
37040695  26063637
37018130  12594208
37041539  15112125
37041569  4736
37041419  2068084
37041235  24644436
37041891  14413020
37041979  25824269
37039642  1494953
37042157  3637936
37041881  33871575
37042221  4446542
37042202  15844443
37042364  951021
37042402  35881685
37042431  1481405
37042392  2268104
37042540  21558
37042383  18050071
37042621  6048710
37041160  37038446
37042683  660205
37042781  3572463
37042808  4114095
37003128  22581432
37029461  34577064
37042997  9605913
37041062  34578770
37042899  1169238
37043495  22937618
37040553  27676867
37043470  36544223
37043255  2176922
37043616  592620
36980306  4261133
37043610  4726441
37042160  1966817
37041691  2118656
37043856  2370960
37044146  32568261
30121715  5541813
37042967  2091465
37044241  5566970
37040810  18907195
37024255  13612643
37029040  31572653
37043552  6514649
37044744  218384
37044765  11117134
37044860  10590026
37045099  9622122
37045192  20078816
37043026  35053651
36931182  36920171
37030851  36211035
37045081  5550627
37037513  513084
37038365  1053424
37045118  23665064
36612299  9849950
37043860  20469258
37032194  35667438
37045865  218384
37045871  9202495
37045974  10240587
37045768  2846283
37045734  3112946
37046132  36886311
37046091  37042815
37046156  25339056
37046060  16184188
37044454  30480672
37044454  33224702
37045858  21923281
36881766  24197777
37046607  52550
37044060  8053095
22496418  8053095
37043855  668788
37046806  18414012
37038358  24034174
37046830  28917893
37046860  2905229
37046875  18585380
37046323  3761473
37046959  4172722
37046959  14063791
37046847  1030661
37047023  28768709
37030315  19112922
37046946  12017693
37047155  15233340
37044136  2573834
37045987  1036742
37045987  1296358
37047338  2428186
37037496  18050071
37045411  5681851
36930398  8486294
36856285  8110310
37047169  1809347
37046694  5845990
37048088  1207406
37037090  2818697
34732245  37045548
37048351  28376290
37048521  614671
37048240  14220321
37047817  31274895
37048777  35994521
37048444  218384
37048784  17398019
37037812  2500436
37048984  22625119
37048458  2167916
37049013  4643074
37040249  2167916
37049182  12417843
37049279  1206019
37048569  4999991
37049080  25873566
37049080  36958227
37049019  8667766
36998453  29308898
37038780  25513755
37049299  16432909
37049328  6271237
37049490  14280385
37049513  18551277
37049583  1704407
37042486  4605206
37049711  2896727
37049160  398518
37049672  21747921
37048155  8821673
37050193  16584663
37050200  3914557
37047729  20456146
37050773  25981890
37006602  180741
37050914  513832
37050903  1147615
37051013  1063347
37051087  7274680
37051057  28564629
37051204  29350504
37051150  14441619
37051192  16596515
37051342  1033156
37050380  33918243
37048188  4112686
37051352  12086298
37051409  4713680
17211928  261963
37051448  12573816
37051377  4999991
37051273  22391423
37051656  28719088
37051721  4732544
37043722  5554734
2006161  22391423
37051562  17609425
37052228  2958684
37039564  19242275
37052194  11321491
37051852  5767228
37037540  645312
37047950  28871172
37051714  218384
37050591  8832470
37044298  7674786
37052277  401656
37052277  615704
37052020  750486
37052682  7257588
37052720  5589807
37052746  30798522
37051442  31571217
37052936  1520800
5589807  20705399
37045275  1746213
37052979  6109847
37053225  29140402
37050019  33048435
37053270  1394791
37053221  7147273
37052376  218384
37053341  2776829
37049009  37046696
37052946  37046696
37053442  4261133
37052347  13138990
37053296  451415
37053189  24282414
37052378  33944163
37053127  308683
37053832  23983916
37053833  26348643
37053808  3350215
37053026  35666903
37053173  9950814
37053677  185844
24119599  13566562
37054390  13102045
37054179  9847564
37054412  1796619
37054386  23210834
37054444  13293888
37054191  23773024
37052059  10776139
37054341  13275491
36888014  8278377
20276583  36455490
37054728  18812098
37053699  16546326
37054639  17197068
37046592  30039717
37050806  17023712
37053342  17293115
37052888  12427385
37055099  2973202
37055097  14220321
37055244  7084557
36232418  36223766
36289219  3084155
37055216  12172791
37054380  423172
37055204  49925
37055251  2333285
37055564  36920356
37055502  37053928
37055234  32601932
37054571  5391069
37055557  7163069
37055592  10559539
37055242  3963494
37055243  7372038
36941266  18081845
36772942  31370564
37055915  36876964
37055992  495021
37003556  37045486
36915473  35243492
37022735  37022614
37056283  24006975
37055166  218384
37055444  30473958
37055552  21624545
37054267  3598770
37052812  13102045
37052308  8716217
37049551  7486012
37048666  218384
37047386  21923361
37056581  215497
37056576  2275004
37048631  9089675
37047931  9605913
7298782  4548816
25215564  8488433
37041384  34319771
15779510  1525385
37040456  8607707
37056705  203198
37056705  6537323
37039184  3284236
36606557  25733843
37038326  218384
37053332  17177748
37034250  218384
37056812  5164404
37056954  185844
37056192  592620
36986807  22358
37057126  11467066
37046357  14667766
37055706  6488752
37057377  26367457
37057376  4126030
37057337  2885173
37057419  280713
37057211  4602141
37057038  31088803
37057488  2528318
37056990  1462719
37048813  46155
32376491  28221405
37057390  473758
37057849  7823990
37057973  34613065
37057831  24087518
37055714  7537989
33910229  32680244
37057577  32170456
37058117  1908010
37024451  22413009
37058161  35464067
17992358  15651488
2529561  6191678
7717851  283956
37008511  37018619
36983305  36984573
37058185  25616141
37057900  34816849
37058589  218384
2734007  15142
37053848  35833150
37058216  21881992
37058685  17693652
37056511  18915331
37058677  9508518
37058795  18579590
37055392  18301817
37054854  14220321
37058680  22937618
37058807  3233278
37056904  4736
37058914  14220321
37047521  9886337
37047521  33504507
37058890  21881992
37050574  21881992
37050574  20240249
37059133  37038446
37059217  492519
37059167  7520432
37059233  180741
37059391  25430757
37059263  21025609
37059707  513832
37059948  240178
37060025  7996695
37042060  24644436
37045812  2973202
37049185  18050071
37060199  12769982
37059121  18050071
37060325  4261133
37036105  36783977
37060347  32776705
37060365  37058608
37060033  4560890
37060400  17392857
37060467  16086962
37060523  3784657
37060499  37059588
37060283  218384
37056763  20960407
37059122  5713110
37060764  34511142
37060858  37059484
37060866  11853256
37061200  146576
37061233  218384
37060945  25894587
37060932  495021
37061384  33921329
37060429  3088059
37061708  11200843
37057499  1116123
37061288  35710536
37027331  284899
37028524  271526
37061654  37059603
37061819  28151073
37061656  8122611
37062003  18050071
37062040  218384
37061804  7571326
37062056  28012943
37061925  9958825
37060777  6984368
37056072  13930975
37040660  29898873
37051519  33420631
37062344  513832
37062467  2529617
37062354  4421706
36981749  28610372
37062588  218384
37062544  4620601
37062284  28639692
37062733  1988196
23021894  1988196
37062814  12573816
37062829  2185320
37062819  2761723
37063141  17686596
37050589  2431333
37061648  23392111
37063414  23294658
36883085  15298912
37060915  8951275
37063580  3481828
37063626  2559527
36898615  19446465
37063917  16682939
37063751  279170
37061240  23312711
37062779  36970707
37064294  248603
37064359  15576000
37064561  383947
37062916  7067966
37061508  12769982
37064655  9605913
37064062  5864146
37063545  3049790
37065072  3910736
37065174  34210702
37065251  599405
37065202  5328518
37064124  218384
37065493  513832
37065701  207000
37065701  8609153
37065853  36938028
34490606  35879900
37065974  4909999
37066200  4736
37061815  2091465
37058862  31101967
37045070  37022779
37066440  2149680
37066418  61151
37065636  10612660
37066469  33538944
36606275  36606646
37066646  129677
36673713  2397984
37066285  22662488
37066285  2973202
37056161  1341644
37063321  8875818
37067130  8609170
37066088  2340406
37067167  3076414
37065728  29308898
37065641  2407912
37067290  373419
37056167  9250630
37065677  21567291
37067392  11635528
37067204  979759
37004439  29915192
37067578  495021
37065111  20361432
37064544  18877437
37067674  114543
37028587  9994045
37067912  3047506
37064953  13264274
37067877  12575990
36983246  9043565
37068148  3333623
37068318  14220321
37067061  31371166
37068360  5217246
37067731  7537791
37068699  218384
37068744  3257460
37068421  19816701
37068198  9979194
37068777  13296789
37068933  513832
37068560  614671
37068724  26736876
37063241  29897637
37069341  5187530
37069341  5871040
37069562  31415052
37069176  15117030
37069622  34860772
37069678  10779422
37070184  1630631
37069776  2031824
37069883  11904159
37070036  7599533
37070347  40480
37070463  15078840
37070653  30899612
37064017  12748786
37070482  17885855
37070760  2587345
37070760  20519783
37070925  29140402
37070706  31424396
37069716  6389143
37069905  5767228
37070953  583753
37071174  12895006
37071174  10182714
37071296  36356041
37071408  5589807
37070806  1120140
37071640  223918
37071739  26736876
37071676  18027811
37071904  4261133
37069442  32733074
37071731  37068197
37071648  4811229
37071648  23255322
37071919  3721390
37071888  237061
37064080  1144783
37071957  829870
37070511  34390966
37066091  29383918
37067374  27033823
37071878  18050071
37066430  13895867
37071867  1073999
37071752  37069537
37072030  29734954
37072381  5121495
37072339  14792616
37072601  16638181
37072677  2453353
37072700  3887005
37072673  609517
37072986  1014861
37056084  37037311
37072475  218384
37045613  952914
37073228  23199349
37071343  11172207
37073643  16641119
37073820  5554734
37073816  218384
37073662  35107211
37073968  18050071
37073644  24815625
37074051  24097456
37074268  12573816
37074300  1744073
37074425  10687270
37074458  209383
37074445  5446316
37074542  31009357
37074608  37051935
37074625  142003
37074625  6092519
37074675  4086107
37074266  13970950
37069543  14296625
37075196  6978156
37067871  2550281
37075433  1892765
35552015  35322638
37075458  35322638
37075173  36180702
37075656  35553500
37075627  4261133
37073770  579445
37073885  513832
37075357  14189162
37075243  23342345
37075672  40480
37075711  588004
37075649  513832
37075923  986006
36915276  12052819
37075743  21747136
37061469  5554734
37060767  185697
37057117  37004791
37073026  6033220
37071762  2700256
37076576  247483
37076374  32170456
37036125  13545792
37076179  30259676
37076481  1951506
37076312  20835905
37076627  6242955
37070045  15112125
37076416  24400308
37076937  1814095
37068058  30224826
37076836  1373164
37077013  20888867
37076252  4930939
37077014  16504084
37073258  5850901
37077119  14220321
37074760  12078366
37077017  28981359
37077223  11054305
37076126  32069063
37073726  18862743
37077218  17548425
37077339  513832
37077384  279170
37076395  73663
37077491  17498216
37074884  4660142
37077125  29654401
37076710  36813913
37077209  6153466
37077379  14765155
37077534  805066
37067491  34526905
37077044  18253885
37077800  20768972
37077460  17024685
37077856  905222
15891389  19033909
37077961  19033909
37077204  34743987
37078048  20027207
37078049  1911281
37071224  36043047
37071224  9936637
37078319  1418193
37077545  18550270
37078379  2054598
37078431  11145696
37078445  32338496
37078582  14351669
37078691  20279484
37064924  18050071
37078187  31780893
37078949  218384
37079202  2723397
37078511  10407159
37076306  6784463
37024793  12062481
37079455  142003
37079399  3066421
37078388  16596515
37079182  5178452
37078757  35532987
36521334  23318109
22318375  22163722
36936864  29777164
37080156  29335050
37080179  12062481
37080206  218384
37079583  6491463
37079766  218384
20532035  10950828
37080421  2837676
33557506  33114535
37080046  24342375
26818694  16324831
37080493  11863423
37080626  10292163
37080667  7187569
37080778  24644436
37080708  3819398
37080908  18050071
37080759  10973766
37080935  10263782
37080700  1137557
37055149  30934611
37079135  2436004
37081257  189559
37081271  740642
37077683  16946054
37079412  9370264
37081283  1184123
37081601  24644436
37081706  20563772
37081644  4348478
37081707  3573586
37081763  218384
37081950  7220681
37081177  12399170
37082044  36947910
37082172  8091303
37082207  13851743
37082207  5762836
37082326  10430582
37082345  409784
37081772  23740548
37074773  27513472
37066065  37069574
37082143  17947971
37079762  26056370
37082353  3748592
37082575  6270004
37082542  7662902
37082678  18050071
37082597  183853
37080687  4870963
37071435  37075534
37082944  29308898
37082706  36292591
37083059  743806
37083056  238036
37083119  18050071
5940112  627838
37083161  9007741
37082783  12719859
37083242  6127648
37063534  26700924
37080944  15076820
37083443  11922383
37076143  35323412
37083569  1056728
37081364  6149006
37081364  8885663
37070275  24644436
37083713  20336996
37083041  8026281
37073791  249392
37083586  14220321
37084002  12573816
