37084026  19162331
37083862  17203454
37084090  976441
37084106  27083415
37071599  2987433
37084055  26446599
37084312  1894269
37084347  218384
5551427  10950828
37084497  513832
37083916  20680722
37084527  3506678
37084639  15914658
37083990  37083715
37082951  8480100
37085036  218384
37083410  6149919
37085221  218384
37078060  21881992
37084565  2299469
37077808  11731377
37083022  2353141
37082066  15679411
37081484  2793150
37084873  1461598
8830772  1568091
4156820  1568091
8983709  1568091
1461598  1568091
12926180  12934997
37081086  851926
37050273  4112686
37085464  3032856
37078781  30456901
37077703  8577545
37077246  4969171
37082863  21847941
37085563  9455271
37070043  15631890
37082501  29308898
37085783  6909896
37085700  1839422
37085816  26742221
37085816  822323
37086215  17441925
37086316  30441122
37085839  33319959
37086351  4090834
37086352  2904131
37084024  37083686
37085566  6343166
37082958  5696386
37085482  5446565
37082695  37062784
37086469  400257
37085041  4958235
37084792  13330654
37086510  27659656
37086699  14220321
37086732  16380966
37086790  373419
37086848  1239938
37040733  1420381
37086685  20563772
36874141  28569755
37087087  1532693
36882655  360037
37087238  3577641
37087482  494035
37080664  35260354
37087305  35204884
37087563  9605913
37080963  4947548
37087665  2973202
37087650  2464959
37087419  40480
37087726  31156441
37087823  5554734
37085092  24376817
37073886  6925733
37088114  14220321
37088159  4488716
37087595  6025998
37086442  8168735
37086442  1809347
27159037  25607247
37083232  24231680
37087382  10520048
37083406  3991362
37086836  9216138
37088568  10006171
37088568  5931900
37088568  965687
37088700  18259232
37081749  218384
37080461  37036695
37089013  9698260
37089062  9554636
37088984  4660142
37089251  21817816
37088815  218384
37049363  504103
37086000  218384
37087366  9171963
37089494  19590810
37089034  8435183
37089449  28937369
37089630  1625234
37089699  18050071
37079209  37083804
37083804  37076788
37089774  1535697
37089329  11731377
37089965  218384
37089685  18050071
37089193  279170
37090095  23024831
37090137  67631
13765127  7977392
37089426  15815105
37089736  11453617
37090411  6343166
37090168  31971022
37069513  1643931
32668478  30761996
37090461  29308898
37090021  1277278
37090505  16970982
37087405  11739317
37089786  30077379
37090116  14051807
37086198  5454322
37090645  1277684
37088843  36166907
37090669  17619724
37080174  2913236
37080619  13278590
37090582  8337252
37087982  4662412
37089580  18838805
37090949  409784
37083973  4044275
37091022  4083221
37091073  4660142
37091229  10456113
37090193  24127313
37091331  495021
37091310  1913343
37091377  5210535
37091357  10845109
37091380  218384
37091159  22265593
37084359  36898917
37084359  1504717
37091491  4660142
37091527  4660142
37091564  218384
37091628  7014903
37091648  2271926
37091390  1246439
37091695  19176781
37091569  15092504
37091827  23185162
37091674  12916352
19253627  8487048
3761249  8487048
11047607  8487048
37086405  20766139
37091826  4112686
10558354  25596737
37091768  2832010
10142543  25596737
37091928  4261133
37092014  8464620
37092042  5577003
37092206  218384
37090361  4779027
37083084  36157810
37091558  14220321
37092475  5735841
37092087  4971877
37086952  6794000
37092610  17850191
35556837  12565277
37092824  4264127
37091650  135474
37092944  3297867
37092941  34410430
37093155  4261133
37093107  23353173
37091368  2206378
37091473  611760
37089328  12123516
37088166  218384
37088166  25385173
37093244  37092633
37085173  12427725
37080772  1580647
37077631  6507695
37092883  218384
37093163  218384
37093039  13140606
37086001  24644436
37075540  4421020
37093343  12088103
24699270  12088103
23195317  3655316
37093536  3127429
30848129  3127429
37093616  1132941
36636243  35137085
37092915  35137085
37093694  1660124
37093059  4721376
37092607  5579309
37093966  3246928
37094013  218384
37094103  218384
37094196  396145
37026494  37078570
37094139  23584120
37094077  10919240
37094045  4576330
37094111  3348950
37094263  625799
37094400  8905613
37094569  767372
37094590  513832
37094657  3330989
37094657  3948206
37094747  742764
37094369  218384
37094369  13282270
37094665  27023819
37094940  423994
37094219  37092976
37094856  32218954
37095064  1118183
37095043  26951643
37095038  5890584
37092342  9397137
37095346  12062481
37085029  37018606
36990330  21577782
37089143  4660142
37095698  11156159
37095029  14220321
37095629  3278895
37095805  2612802
37095852  31378607
37095809  13872318
37095938  10876491
16903788  495021
37095383  9215588
37095706  33621808
37096115  7053652
37096080  4660142
37096169  240178
37095877  20563772
37095835  23966290
37096409  14220321
37096602  1155617
37096498  25624927
37096718  32568261
37096012  32496864
37093702  4974816
37097064  5865937
37097142  2076299
37097313  28639692
37094071  16798796
37096521  16841382
37097234  19447376
37097644  1892765
37097664  9605683
37093544  4389232
37094085  36941709
37097677  28272271
37072644  12870109
37098121  13685295
37098174  958170
37092289  1208442
37097481  3422673
37095560  218384
37098095  30456901
37098353  10663184
37098549  4172722
37098042  218384
37098737  4660951
37098761  1627596
37098498  34742161
37098785  312443
37099098  9257505
37097458  20561254
37099259  1431885
37099239  218384
37099226  11839881
37099099  1101750
37094520  19516600
37099088  22444
37099307  5121495
37099297  31458051
37099255  4660142
37099471  14538547
37099767  18050071
37098684  29308898
37099608  1597007
37099993  5229809
37098128  24345384
37100132  18050071
37098076  20722756
37100128  2664045
37099884  218384
37092016  3061135
37100310  370357
37093902  15965376
37094070  24644436
37100353  4660142
37100294  2992938
37100460  625799
37100494  218384
37080355  35814866
37100392  2973202
8806148  2973202
37100611  10820340
37100628  1155617
37100729  5554734
37099570  6072931
37100758  5982517
37100739  4084402
37100754  26562719
37080649  37056050
37099771  32807587
37074650  9314078
11712531  1131712
37100853  36917169
37098148  4907683
37097610  109383
37096955  218384
37096626  504904
37096616  23863040
37100890  11871520
37093515  2373213
37098136  601503
37100923  218384
37099487  33112560
37100802  9551058
37100715  25163785
37100911  5830721
37100133  3755606
37100927  6623161
37099632  27590039
37077198  36959083
37098124  27495612
37096461  4383571
37092515  12509888
32161216  3348460
37086451  17869101
37086843  2532053
37101018  3602827
37100571  36186627
37084059  6667201
37083687  16508539
37100665  22444
37073195  1917958
37091322  24198896
37071907  37069871
36725621  28190534
37069358  36760773
37040723  31541758
37100410  1132941
37061052  1596552
37055977  3121979
37056496  988228
37056354  4897359
37053643  21784641
37049579  19530528
37045268  3121979
37040302  2671118
37001934  1912434
37101079  21638451
37100887  37099799
37100714  19896870
37101288  414068
37101276  26196254
37101149  2382532
37100573  20447872
37101151  4687680
37101395  3538649
37101447  19109390
37096382  6302954
37101335  7485493
37101514  1409225
37100316  7651953
37101548  36992006
37101563  8629234
37101188  12741843
8629234  3738919
37101424  7502204
37101643  12345451
37101687  7861886
37101681  588004
37101765  218384
37101482  37100043
37101816  1817792
37101846  24644436
37102000  25706216
37101942  5150637
37093103  34361379
37102077  30219246
6820109  6628476
37102159  11828368
37102098  32404617
37102206  644981
37102208  36901
37102228  1892765
37102378  1628768
37102436  1537116
37102465  13825108
37102357  4261133
37102158  10367698
37102585  11989261
37102713  3047564
37102618  203198
37103023  6067612
37103041  6151218
37102840  30162877
37103064  8002603
37103114  218384
37103154  6601015
37103197  2745265
37103109  10847127
37049500  19214735
37097799  28363186
32062612  13228185
37103163  8423873
37103424  37102510
37103552  5490789
37102634  2100595
37103682  18791882
37103599  60174
35705424  35647365
37103720  3730019
37103740  12573816
37103838  2745265
37098520  415677
37098755  20353402
37103615  16680302
37103725  37102790
37103664  25877498
37102433  7647912
18251472  10896151
15617426  10896151
30712683  10896151
29096480  10896151
18652703  10896151
17919249  10896151
5891313  10896151
37103781  10896151
37104108  2277430
37103828  32081713
37103828  218384
37103713  6471959
37073939  37073017
37104215  223918
37104369  513832
37104222  20954231
37099821  7353407
37104534  4261133
37104462  24199105
37101854  1604471
37104638  11321491
37103303  2689379
37103705  1504717
37103705  36936065
37104878  588004
37103650  3179136
37104484  12573816
37105157  5554734
37105241  3624280
37101652  31971836
37105244  2893297
37105068  8759868
37105404  3097866
37105378  8028957
37105383  155188
37105301  2476523
37105292  37102024
37105544  6658752
37105611  1485668
37104922  218384
37105582  218384
37103907  23740548
37105751  1143262
31022541  36126635
37105878  5555938
37104808  3244063
37106002  1066318
37105696  5931291
37105228  10440667
37106081  37105429
37099363  36397954
37106227  1560081
37105274  33514636
37098896  1328025
37106280  20279484
37106287  23022532
37106339  3577641
37104268  22662488
10559826  60174
37106415  34413
37106419  2465593
37106440  4261133
37105939  2837020
37103606  35931526
37106346  5578871
37106726  12573816
37106683  19463602
37106683  19618926
37106487  36610952
37106724  18264578
37106411  11356601
37107201  60174
37107168  22736122
37105524  16518131
37107213  34250207
37107269  19843506
37107292  5886936
37107275  5681481
37107304  37105889
37107324  16813376
37104768  32167593
37069483  6529276
37107558  37107269
37107573  14220321
37103689  6483807
37107683  4261133
37107498  818327
37101657  3243348
37101657  18269583
37101373  463299
37097339  2858202
37097339  4387244
37086291  4996876
37028436  16492892
424830  1304
626058  876473
9759697  4400517
4340108  4400517
4117647  4400517
1304  876473
16031145  876473
3709104  4400517
17475889  876473
2340607  876473
2987559  876473
23559452  4400517
26376668  6182151
37108279  1036662
37108311  6440259
36884469  10253219
37107983  12573816
37105427  37093576
37108140  1758576
37107307  26082444
37108740  4660142
37107808  7767037
37107766  9959727
37109008  203198
37109119  5431941
37109107  9767952
37108530  218384
37109175  218384
37109245  11234757
37109098  2597083
37097170  18897070
37109204  9880279
37108877  218384
37109458  32244851
37049377  36354584
37108575  3815269
37109484  14220321
37107938  24196890
37109521  32170456
37107415  1393486
37109278  3342726
37109310  14583761
37109403  1267869
37101201  30451470
37109854  218384
37109921  6239647
37109827  17721541
37109995  203198
10543470  14943044
37103490  4257394
37103554  18050071
37104093  4906977
29291624  15377338
37109980  12439649
37109980  2501023
37109767  14220321
37108241  9381926
37110245  32170456
36931362  2322621
37110603  36486950
37097253  5765853
37110624  37010380
37106492  27570295
37110311  19075671
37111106  3836825
37111328  218384
37108581  18050071
37111501  11563638
37111617  12228859
37105604  20177003
37111123  37109708
37109334  5215459
37112224  164926
37112007  679915
37107019  8010823
37110876  218384
37112457  26346647
37111757  1529068
37112461  588004
37112721  36901
37112829  7395542
37112759  12831294
37113024  8607960
37112868  37109908
4670783  2414473
20185400  3468150
37106275  19128540
37110320  3277367
37107485  10517268
37110113  3173915
37107755  4655526
37113124  33562731
24557809  10880813
438684  44778
37103005  33053641
6646400  2867213
4780088  2081640
27131881  5597836
32407365  6628476
7153113  6628476
37000213  691045
36947202  3800846
37113521  13449874
37113582  1452066
37113803  20065352
37113750  5150637
37113819  34222588
37113986  1055336
37113926  18425386
37110664  37020842
37113766  23190280
37113188  6051302
37113814  218384
37113830  37112780
37114173  35868439
37114205  682904
37114258  4005378
37114276  16006630
37097360  25445118
37114425  35236782
37109800  2422468
37113668  4261133
37114431  2535515
37114512  588004
37114512  1458633
37114582  34311600
27040389  2349633
37114770  7479520
37114269  218384
37114835  10152904
37115005  236129
37114650  30956959
36892413  29041212
37112700  29567819
20362660  10896151
23216992  10896151
32684783  10896151
21498716  10896151
20278904  10896151
37114527  31090616
37114931  804297
37115252  664601
37108955  18050071
37110895  18050071
37115202  8470070
37115499  10167266
37115616  17498216
14112318  6483807
24070067  6483807
37115628  3131319
23584388  6483807
13365705  6483807
36278620  37020099
37114285  5307548
37106292  20414151
37115863  6555194
37101053  21000256
37116215  7536988
37116263  21069668
37116416  36533967
37116392  1867861
37116580  8754444
37029234  37070319
36979384  37070319
37049794  37070319
37116677  4831918
37116760  141525
37116996  3481828
37117120  218384
37116907  23985018
37116907  20255903
37115112  37060793
37114673  29754714
37117395  9410688
37115886  23392111
37108013  37110555
37111961  37110555
24231967  5965812
37117608  9680037
37117848  3215120
37118057  5554734
37117918  5230297
37117690  4705814
37118024  2839321
37116498  19075671
37115752  14307341
37118254  4660142
37117881  274626
37115686  5843495
37118233  73667
37118030  4216745
37118079  1976433
37118535  4216745
37116148  11579208
37117610  32634530
37118375  5041494
37108768  34361379
37118472  19440990
37118657  14220321
37118673  1103765
37112995  1750865
37116835  25674322
18359034  285177
37115228  1806286
37115306  15926960
37118933  10254180
37116581  27443510
37118974  7591240
37118843  14188545
37118486  22378422
37119074  750486
37105990  32283853
37117662  5369682
37119163  32623568
37103232  15982215
37118494  31805045
32933576  218384
37100521  15913150
37113466  7670355
37119486  409784
37119573  37100340
37119666  18409551
37119058  1337419
37119627  2619543
37118218  6506873
37118462  32555145
8701870  6483807
37119624  2900023
37119945  3286991
37102549  5321698
37110372  24977996
37111998  22187279
37044166  37120107
37116830  1474115
37120194  34614490
37120300  2167916
37034103  18577521
37120416  60174
37120394  5004943
37120394  3183626
37120470  5818303
37119236  10856016
37119519  37041300
37119691  19834854
24324062  19778832
37120013  2182597
37120847  13217246
37121026  16981232
37120497  218384
37117226  1357853
37121104  20279484
37120816  7003416
37120347  12790880
37115492  14975608
37109115  18728052
37121266  32411321
37121435  6674327
37120052  25713445
37121569  20875113
37121430  2382831
37121603  798545
37121679  16164902
37121679  215497
37121690  12598120
37121705  4186320
37121834  2770321
37121321  12787947
37121321  2316220
37121671  5961000
37121971  11888496
37121978  17498216
37118733  24963729
37122161  750486
37122017  860339
37122175  4660142
37122122  47981
37122158  28750048
37121956  18275596
37122328  11312986
37122309  3352670
37122438  14220321
37122186  4812869
37102427  37074209
37122582  15510916
37122701  4176328
37122491  2770321
37122745  513832
37122678  218384
37122864  218384
37122867  25706216
37122912  1289712
37122727  541749
37122951  31909896
37123049  4261133
37122421  31264172
37122421  25203556
37123223  950087
37119185  18157083
37123111  5164930
37123012  9466265
37123492  13748124
37123274  215497
37123449  598077
37123591  15559254
35753726  37076711
37123731  16790793
37118507  33885059
37123607  218384
37123815  35532987
37123972  22954093
37124196  4660142
37123189  2881445
37124459  3737139
37124459  1032161
5148480  3550790
37116773  2729614
37124640  762011
37124649  3216013
37118381  1219860
37123403  14694691
37124803  5493281
37119180  218384
29897661  32606023
37124829  24310971
1524139  32606023
37124956  9862167
37121133  1903590
37118681  21028578
37125114  32735494
37125028  34413
37123032  3326650
37125154  2634552
37124826  169330
37124738  8201186
37121262  5856895
2827585  4343202
37125365  451415
37125417  4794244
37125432  2448964
37125008  2587345
37122806  1490942
37113165  16432
37113165  919034
37125347  6273404
37104336  30564053
37078769  26197390
37125782  279170
37125395  14220321
37124273  12769982
37121131  17541614
37125913  20439583
37119739  34629313
37119710  34629313
37088041  4660142
37125986  6667201
37126134  2042813
37126225  218384
37126135  810515
37079229  5101948
32149809  25631123
37124670  30441122
37124182  3614389
37126754  14220321
36123653  15262770
37126061  2262386
37121036  16449644
37124142  25765043
37126839  35715972
37126237  29152706
9149368  32606023
37123128  495021
37121995  6349822
37126645  19567127
37125806  4071690
7811181  279472
37123810  2885173
37123810  19000737
37120564  37090591
37126408  26088567
37124658  8747561
37127344  18904081
37123222  968573
37107139  6870180
37074660  22989202
37127585  285793
37127441  16590651
37125549  9490397
37127442  27505420
37127740  18227938
37127757  25248855
37127718  25674322
37121709  4411057
37121709  409046
37127853  7784620
31902185  25674322
35204133  25674322
37121750  31351149
37128022  3127429
37107580  218384
37128109  24644436
37127829  14329310
37128122  2661489
37127203  5621338
37119680  2141029
37128304  12556982
37128325  3577641
37128502  383692
37128245  26260950
37128597  12787947
37128615  29140402
37128606  409784
37125732  31159006
37127968  7173494
37058198  4824342
37106592  16804093
37129292  1711990
37129292  120876
37129281  4660142
37129346  31073497
37129464  687470
37067208  3108425
37129721  98650
37129750  37128321
37123537  16594837
37129178  12034424
37129907  27736186
37129510  3295496
37122627  19679842
37129932  3451670
37130259  23409939
37129824  218384
37130376  33861295
37130140  116139
37129652  22785775
37123681  1475297
37130559  24364504
37128153  943398
37125868  4660142
37124399  356100
37124399  36316040
36316040  356100
849693  4748655
37111406  3365480
37121746  31255366
37125293  37123364
37108023  1743013
37123916  3106452
37130791  24690974
37128069  1103994
37129783  10349857
37130266  19068654
36965239  4379450
20613769  2327118
7483615  2327118
23680634  2327118
36132298  2327118
