37014191  28824339
37189689  13300463
22190279  12853752
37177123  6429725
37190126  14112515
37190158  35553500
37187867  4660142
37174003  33621808
37189993  23713664
37189210  35254128
37190206  18619371
37175173  25329654
37189882  6799955
37189957  4211209
37189957  6486450
37190415  1108780
37190345  60174
37185077  1718903
37182819  6483807
37190043  2849341
37190464  5554734
37190398  2553354
37172661  3067491
37190749  8215308
37190914  40480
37189237  21732123
37190949  37189985
37190626  16214480
37191013  4836710
37190961  7105890
37190141  3543833
37188942  7163069
37191126  18996202
37190230  31140551
37085407  1575141
37191269  33753561
37187234  4421706
37014687  16178416
37190979  17055863
37182808  4895294
37181851  588004
37191510  1660124
24628011  10409032
37191692  24644436
36663506  30163092
37159779  24522696
37191668  30441122
37173457  7367976
35770800  2237803
10514597  7685458
37173381  1450393
36861462  8489993
37191888  4261133
35688519  30691904
37191937  4261133
37023250  37191100
37189771  14220321
37176193  8220463
36949194  12573816
36170306  15496422
37165979  4289331
37192323  21181723
37187517  26620670
37192050  31204068
37192268  495021
36299621  25174183
37192478  11321491
37192537  2299469
37192505  201323
37192594  669452
37192641  37189866
37192545  133051
28851048  661503
37192786  9581530
14973205  7685458
2467750  12662851
1629887  12662851
7442584  12662851
5263453  12662851
37192891  2091465
2008250  12662851
10517200  12662851
21201273  30128395
37192719  3871451
37192988  538060
37192735  29738637
37192965  10866825
37191967  396164
37193088  2411864
37193088  11781639
37145625  34716746
13023509  7685458
37193054  6177202
37193457  7206801
37193846  5554734
37193800  5554734
37193885  8573211
37194049  3589311
37194178  564392
37193807  218384
37188159  14271408
37185493  3572626
37186515  27126839
37185235  19418500
37182191  10017381
37073470  22949411
37182965  1126684
37180227  22628298
37194117  218384
37192928  1649435
37194422  11085930
37194325  6921699
37175004  1719594
37155911  36199758
18999493  3132021
37194582  6456137
37194625  7220681
37194706  15009194
37194505  34480760
37194690  36198513
37194848  32170456
37191793  2063480
37194929  4261133
37194920  22067409
37195060  29140402
37193666  218384
37195154  3737139
37195115  9508518
37195165  20646022
37195256  2327220
37194104  767999
37195158  26873627
37191319  3765604
37195280  513832
37167145  642293
37167145  1732348
37187312  9244694
37186362  4660142
37194154  14187963
37195018  7745609
37195321  21409513
37195249  20642328
37195309  30944577
31512032  24059327
37195447  2973202
37195544  26111397
37195122  21958534
37195480  18138397
37194091  492387
37195840  5649407
33641969  23446377
37195922  1672774
37195761  8470070
37195270  11033615
37195913  20646822
37174390  7865432
37194747  16086962
37196186  7069076
37153021  3934016
37195785  18050071
37193923  8436841
37193809  18729444
37196655  13104494
37196797  20268262
37196899  510348
37196750  18093735
37196985  22606556
37195951  40480
37195951  4790050
37067726  13840429
37196986  588004
37196694  19934248
37190502  5257923
8417373  11528267
16750464  4870619
11933361  5315100
37197287  218384
2127937  2882490
25368020  12490172
37196641  14732465
37193853  17541044
11781639  5471158
11781639  2411864
37192247  3437059
37191459  19810228
37191632  855493
22721998  1120148
37187176  1373164
37185494  37164186
37185325  6190331
37183645  29464234
37183388  6159900
37176559  14201504
37194075  29308898
22556052  7791531
37197061  11248073
23104449  3068843
37197300  647236
37165403  18491777
37162801  34479375
37163034  12423614
37157633  8302928
37194107  33454533
37197483  4261133
37197634  22252904
37153514  29867419
37197722  5240755
37007435  27596483
37197452  32722143
37197930  366237
37197202  1495407
37197945  5237211
37198054  1470488
37197854  26184322
37198115  4261133
37197846  20449427
37196982  228783
37197788  27591350
37198136  18379238
37198145  218384
37198168  16981921
37196584  2193820
37198245  6231253
37198399  9713058
37198218  12427385
37175768  27986339
37197815  13241940
37194086  15060292
37196190  22505674
37195955  34776248
37197772  7918923
37198098  513832
37190143  10696986
37198749  588004
37196001  1355728
37198678  5036700
37198266  3085696
37180968  34865522
37198915  29107470
37197765  18422140
37198925  901115
37199076  2799643
37199361  9602901
37199371  27702814
37199153  13365553
37199462  500431
37199336  35831983
37199336  10160664
37199529  7436709
37195593  2889871
37195593  4488035
37199338  27718382
37194665  34361379
37199843  177506
37192406  27378288
37198802  31377474
37199987  218384
37200041  37200060
37184576  16084081
37197768  153724
37200196  2042813
37197809  6620165
37200100  13800225
36776403  363681
36368976  26446599
35807524  26446599
35808954  35807524
36369533  26446599
36758421  36776403
37198539  1497539
37200460  14220321
37200527  218384
37200474  16669422
37200160  37198627
19754883  9204423
37200876  5579793
37199412  2661063
8253262  2661063
37200967  4975037
4975037  29483123
37051741  31484535
37200671  4660142
37197823  37137455
37156760  14677696
37201312  10869459
37201278  34361379
37198316  2120248
37195954  1599205
37201506  13279582
37201322  505928
37201144  218384
37201780  30235840
37201830  218384
37195844  9445223
37189201  779091
37178177  31832215
37201886  20614631
36872376  4457506
37200817  20646822
36809342  34323227
37202173  503093
37199424  2334824
37187631  9886266
37202387  10871755
37195685  4686543
37202523  31657306
37201315  32616290
35684506  8916360
37200181  21693685
37202137  6347503
37202836  22853116
37202974  22581345
37202636  33913725
37198274  8091303
37203270  610245
37203355  11922383
37201186  4047833
37203253  885009
37203401  2596837
37202822  20568107
37201165  7418849
4895454  12662851
37197886  22662488
37199878  36222117
37194506  2935759
37203426  1513485
37203853  2459326
3242236  8933054
37204376  30118735
37199958  31546639
32947812  18122336
11966763  1568091
37198397  12329756
20755258  32783706
37196244  2395251
37201934  11922964
37201048  6216547
37204770  1867861
37114645  3606530
37204857  5585779
11805227  8851067
37204566  8851067
37204775  11959758
37202845  28129215
37204926  14636536
37204871  17374893
37195282  2340406
37197001  8634156
37204477  34863167
37205223  203198
37164891  35143055
37205355  4317760
37205339  10235694
37188937  9949674
37203504  16056645
37205561  19148407
37202365  11769958
37205516  5350088
37204366  5393824
37205667  5361145
37195021  18664579
7782067  23030837
37203884  37090135
37205546  23030837
37206151  218384
37206338  37204909
37205736  13840429
37205348  15454220
37205758  2256884
35827615  16799755
37204958  218384
37206708  9998402
37206759  5753597
37206687  34864270
37206952  4238921
37206999  2785485
37206885  18410956
37206981  495021
37206755  546433
37206041  21732069
37207004  16132905
37206863  2699284
37207127  14034180
37207373  16437173
37202469  34576468
37207129  3917250
37207664  14640351
37207946  24900875
37207778  347248
37208111  3571084
37208311  22470985
37208428  3486689
37208456  3807606
37208456  1401159
37208577  5554734
37207306  35941674
37205136  499294
37208177  3363106
37208518  3916857
37206723  32648371
37208708  1565600
37208445  369602
37208247  2294551
37208613  1891857
37208297  12379059
37208297  24056205
37207546  14731304
37209010  1424510
37200901  32551177
37207085  27298426
37208703  218384
37209210  190229
37209366  166221
37205633  31885409
37209061  4261133
37208641  60174
37206923  15504370
37206495  18752594
37209500  281640
37204965  32648371
37209671  3195668
37209805  25414963
37209774  14220321
37209874  1867861
37209944  4660142
37209993  1470488
37210181  37143197
37210334  203198
37210334  8110934
37207632  31147460
37210476  668952
37210464  4969243
7271385  209840
13537595  209840
37210607  24644436
37210715  31303877
37210550  1165107
37210003  1662351
37210389  16253631
37210732  5554734
37210678  26458436
37209482  27124456
37201697  23665064
37210952  7931332
5673358  4779954
37210871  5028717
37211035  31751554
37211160  14831830
37194021  17245310
37211158  15717240
37211213  2770321
37205870  27151701
37211162  34407482
37211126  37196324
37211113  12481430
37211380  26570912
37211462  218384
37211495  5953634
37211193  12573816
37211581  37192324
37211371  750486
37207192  12596199
37211876  630453
37211678  6848705
37212006  218384
37211675  12719859
37211931  6439778
37212179  3272127
37081325  5291427
37212080  27726236
37212393  6088660
37174500  30405740
37212549  4660142
37211457  11731377
37212669  180986
37100500  4789155
37209451  2905556
16930410  1510124
37211212  2973202
37212745  2833951
37212654  36347570
37207088  19044871
37212746  901115
37213120  19602407
37213097  7499534
37212671  19468978
37213271  31296545
37213271  33692926
37213278  8988780
37213350  14220321
37208991  448919
37213280  22797418
37213283  5580986
37213543  750486
37213606  240178
37213252  16946878
24180387  19044871
37213475  34460814
37187777  35568770
37213311  2203943
37213666  2573521
25394998  21839182
37213958  5265692
37176089  28189437
37211330  24523499
37214021  10899384
37213869  1143262
37214158  14446174
37214198  27610675
37214212  24688131
37214337  19860393
37214543  3505701
37214034  28021409
37211693  33511544
37214612  13807493
37214702  15928545
37213703  16424091
37214711  218384
37214716  4266311
37209879  6094575
37214807  3731172
37214816  20552681
37214942  2035798
37215269  19843506
37214826  3472430
37215375  17498216
37215400  12722095
37215404  439301
37215553  4458837
25815729  22281616
37215927  218384
33585514  28641902
37205319  35986037
37216060  285666
37216133  9955714
37216563  16133881
37216106  26566773
37216448  34376323
37212621  4756039
37216560  13924931
37206210  11871042
37215298  35258408
37203959  2389156
37216598  6369737
37203557  20656211
37216386  1843451
37202455  16729023
37202639  2389156
37207378  12577630
37184010  7467568
37168894  34413
37168894  35797731
37216592  15266840
37216702  23446377
37215701  27056967
37151040  4151631
37215970  12244274
37215847  19208987
37216919  25345748
37148502  37063020
37217086  383947
37217146  19425221
37217134  20449427
37214838  37090861
37216507  24666515
37217475  26377023
37217677  14639892
37216040  218384
37215240  2190737
37217915  18379238
36965586  12573816
37217911  36201624
37212668  26152642
37069584  35529940
37217867  24819921
37216645  363681
37218177  588004
37218067  14220321
37216070  6201529
37217658  14220321
37214559  27966721
37218562  14677889
37218646  3408985
37218691  60174
37218556  3397161
37171210  13468286
37218878  2736389
37218830  23058029
37219009  5121495
37218832  29483498
37207942  28190534
37219001  562392
37205938  521298
37196908  35704911
37219258  4461942
37215760  30360439
37218665  16959576
37210285  20958513
37218821  9985013
37219815  9704230
7922306  283956
37218331  4535963
37219219  104420
37219219  464864
37219859  14527020
37219880  25841617
37219923  37217051
37219992  7122609
37220096  24133157
37196102  32398754
37219901  218384
37219661  23353173
37220272  4386449
37220206  11370113
37220239  22371720
37220126  29775461
37220126  5890584
37219567  18021218
37219716  8028957
37220548  1451009
37215203  27285458
37220363  740577
37220363  9938679
37220861  5554734
37217685  26067692
37221007  3029079
37221044  35270168
37211994  17425742
37221300  4010674
37218207  37171426
37221469  215497
37213522  33621808
37216692  10636611
37221707  12547499
37220688  1061101
37221400  171480
37221307  22469766
37221082  24892035
37175161  37105981
604240  209513
37210064  5450463
37204088  911209
37204088  21897398
37221880  14535983
37222139  19843506
37222041  16217333
37220554  14220321
13128159  8684770
37222237  14229072
37208931  1228871
37218787  36231872
37222591  383947
36975072  23846493
37222748  28592374
37222047  12573816
37222722  4532721
37222381  35473174
37223044  9229645
37222986  14220321
37222408  13973644
37223047  4055355
37223257  14465447
37223335  14220321
37223429  30167848
37222262  8466744
37221611  600293
37223564  1132941
37223518  3822648
37216605  37212348
37223306  5161502
37218734  1606559
37210742  17652773
37223849  18222926
37223625  11610076
37223905  2709821
37210085  16152634
37224265  7660449
37224170  20604773
37223989  19394980
37223375  12769982
37224324  3442394
37223225  218384
37188602  27745
37167726  11428526
37201242  37186929
37215099  1448849
37215099  667362
37222002  23667086
37224431  35553500
37207011  16287073
37224443  3691693
37224674  1024847
37203284  8933054
37203284  19896870
24980492  14811579
37224651  24592834
37222221  5847385
37224610  5325797
37222825  3681123
28569000  7435039
37223749  7435039
37223115  31424396
37224691  218384
37222715  28782940
37225098  24235401
37224613  9807469
37224425  981619
37097693  37088304
37225185  6441218
37225341  8412694
37225341  1461432
37224514  13586475
37222503  24425987
36581489  13586475
12574041  11731377
37225491  203198
37225606  4660142
37225487  4643074
37225649  513832
27966111  21954101
37225769  27290161
37225772  218384
37225842  16592430
37226174  238343
37226152  7980456
37220157  36293481
37220157  30521079
37226032  13070706
37226106  35553500
37209464  25999664
37226312  1535327
37091356  37083114
37225429  4261133
37225429  18050071
37092646  19063365
37092646  27124214
37226466  2269840
37226544  18532481
37118069  1900874
37151468  1296646
37184584  1299871
37226717  22219004
37226858  21412173
37189716  33229623
37226033  37102291
37201232  24357687
21102775  5635483
16298021  5635483
37226969  13670991
28715383  5635483
21901881  5635483
37227035  37215644
37226436  18050071
37226142  29923879
37227184  22171558
37227050  7043372
37221860  18390574
37227334  18050071
37219851  18390574
37227370  4261133
37225494  24696044
37227561  3577641
37227577  19877306
36110598  19877306
37227244  2703648
37227073  25275694
21563320  14146148
19596566  14146148
37034688  708114
37005681  16498969
37227655  3446216
37008533  10479108
32110120  32204184
34447183  34213951
37227829  10299148
37207545  32332920
37227841  23047052
37227977  8028957
37226960  25655567
37147312  14527387
37228150  3238482
37227936  32010172
37228062  30680938
37226855  32997219
37225393  22525857
37225393  5369682
37218093  8028957
37226394  185697
37227701  4512465
37228310  218384
37228230  35235794
36546351  36543729
37227540  37224453
37227309  33404552
37225259  4261133
37228495  218384
37228534  5121495
37228576  4261133
37228454  18239205
37002750  28963598
37227921  17171010
37229082  7911776
37229010  5187530
20641748  2893267
37229107  5518345
37224902  32750526
37229019  24153058
37229389  18050071
37229439  15616660
37222159  30197405
37229551  2559527
37229551  290884
37229610  1066589
37229661  30739626
37229093  15102122
37229887  2912817
37229977  27570295
37229900  682504
37230042  7281352
37230062  5658622
37230091  4660142
37230211  2784514
37230245  207000
37228842  37227156
37230267  12769982
34098149  33933118
37229517  11252392
37230203  14427077
37230301  12575990
37230574  279038
37230339  1520800
37229909  2400262
37230734  17498216
37032601  36114571
37227817  13194081
37230777  2447132
37227114  19430500
37230967  19759247
37231008  5467129
37231133  2077771
37042509  7146217
37231351  14685149
37231311  109383
37231180  240294
37231558  173868
37231301  4261133
37226047  16842912
37018026  12694137
37196729  7031885
37231986  3459098
37232086  4261133
37232116  218384
21235634  9432912
37232105  7357256
37232164  18837735
37232238  20279484
26678162  20279484
2130241  20279484
37232311  25569426
37232372  23667086
37232011  19387708
37227260  13527247
37218673  28019793
37232653  31226441
37232713  218384
37177325  12573816
37227015  25360893
37232813  11321491
37232623  203198
37169650  19392212
37232851  17498216
37231244  36656667
37232887  495021
37230642  10219781
36989284  1144783
37232833  1682567
37228084  26106833
37232220  12851352
37209462  36983053
37223177  18571223
37232704  37227887
37232646  4660142
37220059  26743314
37187243  2915471
37233213  9508518
37233251  9381926
37222207  8811603
23290143  10656743
37233439  36940275
37222886  822323
37233512  22489398
37233520  4660142
37233549  3789528
37233498  15278128
37233620  215581
37233360  5554734
37233370  31186125
37233784  5767228
37233897  37233260
37233878  18050071
37230193  2877262
37234117  11922383
37234108  16908476
37233934  32647138
37234160  1225667
37234185  16974901
37234200  9619030
37233260  3412180
37234388  32583749
37234265  32648371
37234627  26403391
37234698  15194051
37227420  3996651
37230607  14580120
37234089  1923273
37232371  6847697
37232589  8028497
37234828  11778477
37170089  18060667
37235039  14220321
37234228  7767218
37235089  218384
37235242  3501382
37235238  312443
37232414  2185252
37235399  2507808
37233361  14220321
37231653  17364127
37225760  29964345
13970824  21216359
15336610  8309258
37235724  34997981
37235745  16338281
37235759  1299871
37221467  4260467
37232650  4935632
37233587  587917
37233457  5206466
37234609  17462884
37224269  4330951
37233896  10636611
37235360  60174
37236158  36352260
37228412  29161481
37236124  1704407
37236120  8856664
36736966  36738963
37234055  12769982
37232795  1676551
37235266  25581780
37236491  18041697
37236687  29293637
37232480  37236589
37236693  28006976
37235289  30761986
37236875  9180001
37236940  1832617
37122055  6404992
37237047  27125672
37236762  4147277
37237095  31032829
37237311  22185683
37237113  13840429
37237532  279170
37237478  23383375
37237577  1183971
37237592  629017
37237754  35039294
37183299  36842119
37224400  6495898
37237836  9809166
37237968  495021
37237743  19493020
36493685  11137714
37229671  34706848
37236887  16744652
37236887  19089793
37237988  19212179
37237944  3940213
37237944  25617680
37237519  859634
37238277  40471
37238263  1144783
37238305  588004
37236194  35532987
37238492  20210464
37053854  9986734
37238440  24877467
37238060  23446377
37238875  3329691
37236503  1139160
37237545  1962525
37238914  4660142
37238998  7744611
37238185  27213381
37227676  32300132
37239115  10796160
37228220  19548838
37239050  23353173
37238363  33592699
