37353782  27806315
37345750  20574113
37352323  1637019
37354117  4942023
37353063  14958981
37354029  1265665
37354188  11922383
37354415  6853865
37347819  2006482
37354452  1443704
37354741  494035
37350950  13063691
37340470  26976462
37339204  25678863
37354970  37538
37355117  3905946
37355171  565634
37355038  371875
37354894  36901
37348501  5864146
37348501  10309968
37355211  218384
37355167  636561
37348173  31455805
37355161  218384
37354801  2440337
37355356  1225102
37355356  20487472
37355608  3769607
37355600  5309926
37354751  1369035
37355895  3092006
37355744  950087
37348542  7260195
37355546  36899093
37338619  15484156
37336285  31450304
37351247  16602877
37345271  2236747
37355510  4660142
37356448  17531362
37356353  4781100
37352644  37148567
37356586  10490344
37356562  25399600
37356606  26989493
37356204  15488350
37356665  141348
37356732  218384
37356783  13728392
37311927  13312906
37311927  6904401
37321820  9823039
37356349  25513357
37356844  21991694
37356428  2314402
37356367  22683419
37357327  12020886
37356776  1732348
37357423  3361187
37357478  1179532
37354743  13627308
37357711  39476
37357322  14612196
37335094  588004
37357856  513832
37357889  25706216
37358104  25483676
37332307  7884185
37309639  31273520
37358418  29964729
37358433  5890584
37358470  12573816
37358524  18050071
37358536  24900875
37358543  18960689
37358569  15556929
37356127  34281933
37355140  3681123
37350864  79923
37356305  10601635
37331919  3106452
37351890  11731377
37358684  14460772
37351617  16336643
37354985  8028957
37358321  24337813
37357486  21862327
37358748  203198
37351842  28223580
37359011  4308649
37359207  588004
37358840  798545
37359426  13102045
37359377  1741820
37359443  2059431
37359685  1410563
37359853  2839321
37359399  37245640
1281012  210564
37248437  18948180
37360550  30349412
37354685  11466673
37359716  15457619
37360660  4660142
37349503  7236782
37355752  1972100
37353093  285015
37360496  8598579
37361137  2612802
37361133  16259014
37360463  218384
37347910  37206629
37331086  32283619
37360626  14061342
37361582  130794
37362129  1143262
37362174  18880890
37359185  4194207
37361652  1537116
37346739  25081757
37356541  8028957
37362529  37359253
37362576  123559
37348157  6188907
37362750  31073497
37362759  11174129
37362598  11321491
37362832  588004
37362876  986006
37362417  3603249
37363319  9581064
37363392  495021
37362519  24644436
37356093  18050071
37357272  35134155
37363461  1623914
37363516  414981
37363158  22937618
37362820  21796209
37361185  18208536
37358581  15889131
37362658  12876177
37363388  14220321
30886757  21406057
37361615  21406057
37363807  240178
37363807  6688223
37363817  513832
37362130  29008127
37363480  26381495
37363816  21843946
37363882  24644436
37364043  2463417
37364115  218384
37364030  12020886
37363254  218384
37364119  16909715
37364276  4261133
37364374  17498216
37364401  28383638
37364398  218384
37364239  2451184
37364617  23667086
37364700  32784514
37359899  37347991
37364734  20261517
37364606  19390810
37364865  6194950
37364361  3088059
37364892  20845144
37365023  20853451
37364941  14220321
37365028  27523501
37365094  40480
37364616  24394615
37365040  35560068
37365156  16206322
37365319  3044620
37365351  5067906
37364473  12573816
37364963  15773349
37364878  6347356
37364092  23858879
37365038  36957440
37365565  13115141
37365601  2626163
37364671  36271899
37365715  10697015
37365675  240178
37365675  32261967
37365660  26533510
37365829  31199745
37365600  3552461
37364800  10379134
37365812  495021
37365581  25951980
37365954  23433980
37365980  7766636
37366070  1597405
37324969  489340
37365934  13249415
37366111  22812488
37365672  218384
37366258  2647
37366061  4685173
37366198  26778701
37366424  1200621
37364318  3802054
37362138  1094872
37363907  885009
37361967  4685450
37361539  31602960
37365455  6138127
36168616  16903866
37366235  10160664
37366469  1682567
37355138  33381252
37353671  4154239
37366229  2973202
37348226  933447
37346385  218384
37342289  3923904
37366841  530012
37366654  3069589
37365877  2541425
37366733  28964926
37366760  4081858
37367064  24644436
37366742  18050071
37367296  28638603
37367355  1686204
37366962  35033172
37367363  1499049
37367553  2411270
37367622  16503266
37367441  218384
37367305  4144030
37366204  8864239
37367574  9733638
37364708  18664579
37367710  4172722
37367805  7911776
37367828  18448671
37367638  17700179
37367986  3156674
37367539  29378566
37368110  29140402
6116933  20522887
37367752  20522887
37368284  21839182
37368394  13102045
37368323  14574617
37363181  8866652
37367892  35663342
37368488  513832
37368328  2683442
37368444  28498555
37368485  17485297
37368560  25706216
37368388  19058766
37368567  21122540
37368626  3577641
37368312  205059
37368758  207000
37368618  31640729
37368272  13726894
37368847  218384
37368898  285061
37369044  8899905
37365339  218384
37366574  37171426
37357955  37171426
37369128  3915024
37367629  14307341
37369390  66837
12189221  11238593
37369182  11321491
37364600  2808501
37364600  9024882
37354686  28417140
37369214  2063480
37369262  18050071
37369535  11321491
2527700  1926264
13220856  1926264
37113109  17498216
37319224  2768688
37369640  28364496
37369689  2973202
37369572  4261133
37369615  16790793
37369577  1014849
37369985  12780670
37355375  36117583
37369894  588004
37369894  21895756
37361554  10379134
37369558  3800551
37370130  210590
37369892  26746732
37370338  5853380
37370503  37335102
37318561  35914565
37370494  22884028
37362843  2079691
37370665  2612483
37338927  31521570
29561768  31521570
37117915  36998218
37370976  14220321
37368715  34743987
37371279  7380156
37371345  5554734
37371604  36827900
37371547  9745389
37371630  12462079
37341821  2939865
37371759  9708902
37367477  2331177
37371823  9110487
37371501  23850807
37368670  10827242
37370967  8294400
37368652  1597736
37371923  1373164
37362701  5353254
37371891  15784729
37371932  37361145
37368570  22937618
37369085  33112439
37371986  4889601
37365975  16048347
37371341  22358
27092630  27090653
37372136  240178
37302859  27655014
37372654  949433
37372672  1382026
37372605  2709821
35433281  35405651
37369281  26193347
37362445  37361411
37373107  218384
37372732  17896266
37373376  767999
37370235  37077094
37373352  14630288
37372097  3085696
37368092  10468509
37372730  33592699
37373899  218384
37374194  23446377
37374222  218384
37374013  13915081
37374289  37372859
37374336  20389255
37374462  40480
37374526  625799
37374240  17217766
37374463  1625208
37373213  17498216
37373213  4261133
37371819  11321491
37374529  1340402
37370120  27994509
37374406  218384
37374663  34523003
37374689  5502761
37374818  2084508
37374891  4421706
37374967  2888558
2888558  7081339
37374902  17905827
37375080  2973202
37375121  218384
37375151  19473638
37372608  14193816
37375629  12573816
37375706  12529682
37375790  4337304
37375897  14220321
37375921  1908492
37374896  32141291
37376127  14220321
37375604  13553015
37376188  34361379
37374777  3069748
37374658  495647
37376473  1041620
37376423  218384
37376374  11656532
37376525  1636201
37376681  11487369
37269623  37269526
37376723  2409126
37376674  36901
37374128  5503091
37376124  36822669
37372387  457629
37374705  27126197
18102082  27126197
37358699  3109978
37376910  5554734
37369473  13102045
37366567  5554734
30906206  5554734
37366828  15749192
37376952  19351759
36308690  7939257
37376582  30163763
37376985  218384
37376853  14220321
37136831  774587
37377155  37238691
37377233  218384
37376979  10748253
37346766  23755390
37377616  7010913
37377641  218384
37377684  4061440
37376826  15956000
37368268  232535
37376190  7674318
37376190  15301643
37377612  15171695
37350384  18664579
37350384  218384
37372607  3177733
36854328  24293134
37378015  80646
37378015  3737139
37376906  12958612
37378083  218384
37377861  15864082
37378045  541390
37368941  218384
37378061  24900875
37377899  35553500
37375662  27971223
37378195  1048481
37378195  3737139
37377723  12062481
37378611  17494176
37372303  2474604
37378762  12573816
37378675  8907835
37221619  14220321
37221619  16336367
16453446  4517979
37366618  750136
2016186  390532
37379117  18171739
37379140  11922383
37379243  37378076
37379262  9466265
37379218  29075753
37378273  2032818
37378702  218384
37379409  359494
37379441  12573816
37379487  6277760
37379336  6536715
37379270  10011302
37290895  1817792
37379566  1568091
37379437  37379262
25425916  15582944
37377634  15582944
37377947  37367949
37379677  36901
37379554  959063
37379920  21107329
37377440  37355240
37379137  9195304
37379137  3749231
37379344  1470488
37380050  530526
37374821  18050071
37379369  18050071
37376101  18050071
37376503  2945862
37371063  37372859
37380409  23446377
37379770  8028957
37380553  1098643
37376161  37358125
37378019  37366130
37378546  14773271
37379422  26286339
37378180  37199391
37376976  12415850
37381173  18680028
37381287  37380982
37372225  15857027
37377649  33533148
37380942  3384204
37381328  19452132
37316118  21403496
37381351  29025379
37381411  6520192
37381385  7144702
37381449  11238953
37381494  218384
29065918  11321491
37381578  8028957
37381525  206717
37379099  3040415
37381550  15290981
37381679  27970483
37381645  2518421
37365104  25603439
37370924  24795079
37381786  29874499
37381574  28727439
37381831  383947
37381585  218384
37348775  5984949
37381880  4261133
37347103  28136087
37381984  19776768
37381861  218384
37381902  8228411
37381106  31704411
37381272  29206465
37381272  29636633
37382267  29489951
37382328  12769982
37381834  17793690
37382385  1005153
37381570  37369657
37382257  35167463
37382408  35742229
37380289  21881992
37382614  218384
37382743  1555262
37382797  4009013
37382797  1814953
37382987  351565
37383016  24021093
37382990  267033
37376860  10855461
37382965  1188129
37383200  32170456
37383385  36901
37382389  826971
37383573  37381734
37380747  29668885
37383537  35312259
37383766  28321921
37383772  13532784
37380513  16214800
37383854  18167390
37383854  5929711
37383906  35102011
37377726  23417356
37384030  22059329
37384012  976669
37382907  37313183
37384120  20279484
37380719  25736470
37383239  20279484
37383757  3306007
37383864  8148156
37384250  15699192
37383837  2422468
37384387  10865025
37384409  18885968
37384837  177762
37384590  25426780
37381883  4112686
37385086  1830347
37385086  2678133
37385469  1041344
37385443  218384
37381254  23353173
37380973  5967232
37385677  5883282
37382466  19166687
37381822  32280260
37385226  4878159
37346264  14904139
37385946  15839169
37386002  4928745
37385498  11498508
37386336  218384
37382930  4609825
37382931  33367769
37380752  26458436
37386514  2048026
37384947  31386382
37384947  20939299
37386634  4660142
37386232  4258593
37386583  18029110
37383685  4736
37386781  1147615
37386935  16375856
37376654  3577641
37359727  1313922
37386422  14183121
37387269  14663602
37386357  659025
37381140  2217878
37385876  37361124
37387606  131803
37387600  201183
37387730  9327437
37291873  860638
37387187  2340406
37387892  4503001
37385324  2225564
37374729  37366847
37388253  949433
37387307  30094047
37388489  30445048
37388118  27637948
37388356  218384
37387022  14631597
37388610  8940737
37388192  4933958
37388770  301586
37388797  218384
37383326  13264274
37388879  27358966
37389112  689173
37388688  18050071
37385521  8974088
37389422  10143093
37389278  10568327
37389526  2705583
37389445  7602271
37389611  22252904
37389643  6201671
37376586  919645
37389505  7793009
37383717  14220321
37389621  4957685
37389736  21759417
37389458  3937624
37388197  1101750
37388422  37324641
37390284  25770119
37390123  37198325
37390421  3230133
37390505  17498216
37390638  18050071
37388007  12532339
37389503  1425892
37391050  9
37391036  14056300
37391288  223918
37390313  29432656
37382193  218384
37391450  2562248
37390642  25203556
37391689  16369726
37385763  19696107
37391154  20869061
37391724  11923457
37391793  24378882
37391946  12553238
37391858  22910700
37392075  8336858
37391781  12495345
37392096  20035101
37391924  4864508
37390459  6743849
37392152  5201149
37392135  23308193
37391710  276927
37392120  845021
37391680  31353335
37392354  218384
37392115  7735647
37392491  588004
37392718  1014861
37384055  8028957
37384055  12769982
37392671  14220321
37392771  20563772
37392557  17237320
37392702  8660732
37387872  1219909
37391215  2839321
37392924  10572420
37388525  10184086
37392615  12173802
37380536  88235
37393252  3076414
37382828  3112946
37393668  218384
37393143  37335102
37393714  34933210
37389087  17498216
37393747  6539879
24337385  29378566
37394009  14220321
37269495  3752742
37383465  20853142
37393877  9733638
37388358  23740747
37358037  24352208
37394478  896724
37393790  60174
37394523  37376871
18253129  7775209
37394455  18736250
37394567  449775
37394597  308122
37394271  14220321
37394955  7569335
37394099  198716
37394381  4453006
37395132  14220321
37394906  3757229
37394883  20279484
37395238  4010158
37395114  16383795
37395224  36908407
37395412  21700364
37391738  37193839
37395593  22813853
37395479  24294457
37395479  5471158
37395564  588004
37395786  10738634
37395847  19896870
37347329  20858769
37394922  30574303
37395935  689677
37392592  17128781
37386663  3661548
37386663  1513206
37395926  19458104
37395906  902780
37396149  10581772
37388945  29489468
37395369  3610319
37395960  287373
37396315  4261133
37396261  4172722
37395907  37393178
37396370  1014861
37396225  18099320
34412103  34542619
37396340  10382929
37394228  23691645
37396642  32170456
37395602  4530428
37391653  21548336
37396598  28012620
902780  421860
37385385  1819142
37397081  18351951
37397158  10693845
37380310  2022336
37397170  236129
37396877  34995740
37396805  3462298
37396293  17173034
37396740  4660142
37397306  12769982
37397047  11268501
37397445  383947
37397270  31297246
37372923  662918
37396996  37395691
37395325  20227170
36438055  36378190
37397474  2973202
37397785  15112125
37217028  8724866
37397452  2075337
37377460  28870084
37397964  14220321
37397561  218384
37398204  588004
37398121  34071091
37398318  5361999
37398372  8028957
37397944  232535
37398254  6405127
37379493  9835762
37397908  610245
37394429  13880022
37398820  28372727
37398949  6803322
37399003  16554801
37398152  10533421
37398258  4724938
37385704  27113633
37381022  9230053
37398920  37684
37398060  14257373
37399151  12535513
37399361  3537848
37399532  13387742
37399660  2274242
37397989  32442608
37399667  27443627
37397937  36188202
37399022  2211915
37399913  4343596
37399823  24318051
37400007  4643074
37400029  3558119
37399997  4211209
37399980  16854280
37399743  13102045
37399006  218384
37379616  37281226
37398697  4732544
37397062  11067426
37394869  6899019
37400271  29227858
37399288  19166426
12105253  2062020
37362654  32662189
37400340  9736833
37392559  34413
37400408  12573816
37399474  37395977
37400521  37400428
37400437  12578507
24700120  2983248
37399853  27285458
37399853  5966244
37388981  7118178
30932882  218384
37400753  17328445
37382850  9682646
3368549  6056977
5720524  782178
37377065  3294196
37376033  2626835
37400926  1874728
37392935  34235077
37386500  6259515
37401328  12573816
37401408  12692067
37399707  4467816
37401484  1584293
37401356  10289182
37401332  23446377
37390923  7901056
37401689  33621808
37400199  31757501
37401806  4926622
37401981  14220321
37401792  16959576
37402084  4182015
37335986  22885116
37402273  9259411
37402210  25798231
37402451  218384
37402324  21662190
37401260  7935958
37402598  4295782
37402730  20279484
37402808  20940979
37402808  24812679
37402790  31691433
37402860  18050071
37402499  19157530
37398977  11728846
37402757  585599
37402079  321429
37398626  9139075
37388109  30349412
37388109  16248732
37403087  11922383
37403097  29140402
37398473  9372210
37402502  829080
37403312  383947
37403467  6729605
37403424  4660142
37402741  2346253
37403659  10212445
37370304  2781383
37403767  37373038
37403975  1230233
37403577  36230005
15702770  15891330
37404459  100003
37403950  26861118
37389211  6622454
37396754  3552461
37387656  9831728
37404821  23667086
37404821  500431
37404834  17299581
37401073  31903082
37405066  37383784
37405083  7343833
37404743  24085665
37405065  13585588
37405335  23294658
37405461  15707872
37403357  949433
37403976  21369006
37390041  922358
37405904  17364127
37401346  8884910
37401621  6947689
37405925  29616096
37406363  23616226
37406173  34104638
37400545  3078701
37406449  18060667
37285764  7181673
37371303  11189155
37406649  218384
37406802  513832
37400384  29116738
37406932  14379274
37407091  814878
37407189  4736
37406776  2329168
37405285  16344583
37407372  18677585
37407058  25806608
37407058  25801410
37407371  28814918
37407006  21651067
37407006  1867861
37405799  26543131
37407639  18246053
37407695  11001458
37407695  18983185
37407767  3441947
37406765  8739417
37136633  10219554
37407781  1848464
37406935  4543506
37407819  415403
37408075  401656
37397447  22937618
37407738  46898
37408282  227459
37408282  209513
37407216  1536054
37402982  5797661
37408775  23667086
37408992  27582233
37408734  2118656
37409066  13313675
37407821  37310684
37409015  11644267
37404162  16948937
37400649  15014001
37409248  10891405
37400129  37258774
37409452  27882839
37409418  4651437
37409467  676824
37407547  26386010
37409449  4205181
37409408  151505
37398943  33019106
37409716  4750806
37387390  17060725
37409429  59895
37410273  16944947
37410512  7927716
37410474  10922231
37410411  2019417
37410563  23515347
37410055  31643036
37410746  2232934
37410746  447250
37411042  15112125
37411045  9609394
37411123  1545501
37411349  37076867
36968109  504103
37411666  101265
37411904  5727
37412013  432493
37400955  2118656
37404343  34612395
37412126  990904
37399189  33900884
37411930  6731017
37411797  34368897
37412141  5007352
37411788  9341635
37412376  779910
37409107  5353241
37412552  37407621
37412567  24761082
37412853  6138127
37410913  750486
37381905  37408033
37413003  15213211
37412981  24115066
37413208  19096275
37333450  12596501
37413202  22662488
