37412508  35553500
37408882  4660142
37413256  19613494
37411518  4660142
37411967  35863305
37413821  588004
37412257  23219033
37410453  36874096
37413364  32300132
37414051  24886
37405069  19419374
37404575  2478079
37412576  31254455
37414243  218384
37413774  22930838
37413914  37411462
37414092  32568261
37414493  33054930
37414322  10553597
37414402  2167916
37414275  5364062
37400515  10402813
10553597  21567291
37413833  16069728
37414843  17498216
37415192  20279484
37414718  31255366
37415154  463642
37414778  518000
37415125  930147
37415139  14220321
37414828  7230713
37414359  30480672
37415461  23130320
37413038  7351049
37413038  5404393
37415636  4836710
37415589  14087598
37415688  4968406
37415751  2795575
37407450  15930454
37415816  4643074
37403085  37405782
37283692  2191316
37282450  13543218
37416096  20793082
37414945  36710701
37416298  10390010
25435798  7172784
37416373  4660142
37416621  1014861
37416682  4356289
37416836  20001229
37416762  28592400
37416823  7220681
37416823  366237
37411961  263276
37416712  22148063
37398260  37416228
37415524  679298
37376212  3061811
37416435  4804798
37417544  4660142
37417223  4588303
37363909  21128363
37417237  2661536
37416290  37408697
37417576  3753869
19430902  5074063
37326422  8109866
37417650  13940688
37415729  306313
37413733  332872
37415692  11150155
37409373  319426
37408654  23294658
37417876  460293
37408127  406121
37403991  12670585
37403520  1602934
37401701  20352120
37400592  15845563
13940688  1474081
37399200  20449427
37398975  19680980
37398394  4071396
37418171  18852059
37417823  44715
37416543  5179854
37417358  29334404
37418113  14220321
37418351  2770321
37418477  14220321
37418431  35061284
37418355  1158076
37409606  4660142
37418643  2063480
37418315  33301591
37418682  322715
37418705  229554
37418609  19521320
37418690  2382137
37416234  27842329
37418835  11479392
37418835  20953143
37416188  31981592
37419058  4660142
37418833  9744682
37419066  7027799
37419242  7559121
37393532  15160149
37400881  11922383
37419263  37377861
37418278  17731419
37414949  36847829
37386644  4275955
37385023  17297048
37418936  8563970
37418936  2710300
37418539  5031204
37415382  19843506
37415382  15455735
37411083  3941384
37410809  3280353
37410163  878573
37409018  25967559
37408615  22431153
37419424  21294997
37408230  1606255
37419098  1207406
34999593  16053357
37408022  43157
37406583  8783307
37402299  363681
37401698  218384
37419702  29378566
37419823  4288253
37419923  2591098
37419576  7943525
37419895  33007840
37400629  28480843
37419181  2123514
37420230  4660142
37397357  4971877
37420334  24900875
22317434  11731377
37418352  11731377
37416720  37373038
37420470  36160075
37420488  24946027
37420491  32170456
37420513  8556816
3254803  3177585
37420711  4261133
37413484  2185951
37420791  3748
37420482  31764532
37420734  6354265
37420720  29577977
37420874  122641
37420955  4261133
37420871  728164
37420679  4261133
37421066  7224675
37420975  19891637
37421178  3902947
37419466  5690864
37419466  22126412
37412977  17418108
37392566  9931624
37421584  3462298
37421710  18379238
37421567  33198225
37421840  8567114
37421735  2910276
37420300  218384
37421921  4294579
37421971  209840
26827718  9581064
37420642  927358
37181936  15621325
37422305  23740548
37422344  3106452
37422093  19843506
37422339  18012222
37421823  6146808
37304953  19276013
37422300  3832792
37324370  12552863
37324370  24565292
37363586  14643617
37422840  4172722
37422888  18744092
37394275  3842614
37422965  6074018
37418576  34630847
37423188  34361379
37422901  10827160
37423284  7665
37422793  1091710
37423191  775049
37423248  20001229
37420090  29363321
37423246  149055
37423092  2654834
37423615  9192027
37423492  2118656
37423854  22926412
37423425  32379805
37424159  8982163
37414086  5338716
37424444  23600052
37424511  25035691
37424564  11922383
37424479  36076658
963873  588004
37424618  31615066
37423790  203844
37424753  32170456
37424726  761588
37405471  19837916
37408071  32764989
34051076  33492797
37403945  20035101
37424767  6065826
17835309  84278
37424851  21090733
37424982  2085323
37424358  6667201
37425217  1955505
37425279  5554734
37423960  8028957
37425342  37418751
37425349  16789832
37425288  619767
37425466  2788080
37425583  40480
37424297  25935600
37425648  1474894
37425768  218384
37425637  495021
37425095  12573816
37425748  4159620
37425877  35553500
37425844  123198
37425861  31442009
37425605  18050071
37426046  36618494
37426070  14924926
37423172  2654834
37423172  89228
37426120  2612802
37426243  218384
37426330  17973116
37426335  218384
37426368  29887392
37426489  218384
37426473  8482842
37331088  37346289
37426572  11149759
37426673  495021
37426732  400212
37426662  24577087
37427039  28331233
37425853  218384
37403743  37292820
37402711  123559
37408816  13524293
37427540  16935562
37418125  10636667
37424179  2045736
37427725  1207406
37427694  30140103
37427837  7313178
37183071  22016149
37427809  37373038
37427597  30740359
37413670  7674786
37428121  4261133
37428215  3660209
37426516  2591098
37360597  13151366
37428379  14220321
37428467  28993551
37428282  8927727
37426317  3913592
37427722  4780203
37427722  5410757
37428625  9458739
37428632  22550849
37428604  27395614
37428752  1042110
37427322  11838597
37428556  13494841
37428436  13503929
37428982  29049699
37429134  1085709
37429253  218384
37339467  16102809
37429555  27276610
37429555  5119709
37427102  203198
37320487  3917250
37427847  4768969
37429502  739682
37422336  2973202
37427117  6835980
37429603  32404617
37428006  37382413
37429980  201323
37429969  10360030
23421278  13968559
37430267  17364127
37429004  15020865
23740747  17364127
37430451  12810123
37430172  24900595
37415090  11448789
37430250  28693863
37429171  1033026
37424899  4810664
37430567  14220321
37431018  6134039
37429871  370357
37429871  9264763
20079247  18387258
37431088  37256964
37426802  20177003
37425202  13422689
37423081  1626326
37431154  901115
37420180  1626326
37423803  37427620
37414356  11055303
37413723  5583401
37431440  28642729
30844304  15584541
37425019  29463495
37426549  8863683
37431512  19429089
37426552  30203079
37431788  1516889
37428464  32615013
37424389  19758611
37428675  11866981
37431696  32584850
37432410  3917250
37431505  37428636
37432603  3142262
37431920  9714902
37432633  63150
37380277  10066018
37432710  4206612
37432900  70579
35616031  37386255
37433004  218384
37429362  6432970
37432386  37429380
37405506  21878560
37433455  18409639
37431771  22949979
37433305  4660142
37415578  1101380
37431737  18567072
37371324  6343166
37429158  36901
37433193  26028918
37433583  4375410
37433731  6211613
37433557  3061
37427529  30692221
37430883  18326292
24643522  32170456
37431037  30547283
37434516  23294658
37432806  23741762
37432806  11764713
37434529  13102045
37434553  17878632
37432140  1936466
37434630  8716674
37434161  15925617
37431571  9264763
761588  2658922
37431445  10037742
37429732  3655316
37434807  386083
37435269  14220321
37435370  14220321
37430661  29469747
37434454  23446377
37435701  22242172
37435419  4724938
37140147  9199378
37436024  2527657
37434420  20672490
37435177  15429775
37431312  4660142
37436470  14220321
37436586  860339
37436649  24034043
37405482  33389660
37421134  12573816
37426972  5539249
37436931  320588
37436694  8263371
37436811  6843030
37437116  11135053
37437321  383947
37437328  17622106
37432873  9119032
37436736  19768620
36427318  15736370
37437215  2167916
37434865  128478
37436806  11469062
37437460  2591098
37436766  6241906
37437536  13246597
37437736  2063480
37434549  14853243
37431646  32760888
37437046  218384
37437941  20279484
37438113  26868796
37438031  504103
37438003  19591652
37437993  853740
37437958  35555383
37436547  3085696
37438689  16418870
37438775  19896870
37438860  21920561
37428913  16086962
37439048  40480
37439060  588004
37438636  28231628
37434317  35486628
21550692  5117539
37437295  21895756
37439260  18050071
37438645  19885845
37439556  8028957
18588346  4338538
37430082  37369657
37422495  37369657
37429688  37362715
37438642  31096597
37439409  28539322
37439138  7017281
37439788  218384
37439788  5554734
37439891  5554734
37432361  16322150
37439082  28307814
37431134  12957590
37439527  17498216
37439918  4216745
5914263  4971877
37429401  21839182
37439235  763691
37439182  1660124
37439314  2909367
37438547  2385840
37440027  7131670
37440442  21612365
37440185  2686147
37440380  3311903
37440530  10693845
37436521  33640178
37440946  7498058
37440823  13411544
37326204  161813
37440538  6654975
37431670  16697791
37441149  218384
37441312  513832
37441387  26078106
37441427  513832
37435621  28590832
37439702  4929717
37441556  16238182
37432827  36958414
37441228  2085302
37422832  5868439
37433611  15285331
37440768  31231609
37439964  5554734
37439964  3132302
37441539  4365129
37439234  4348676
37439695  21231149
37442009  4643074
37439388  20812698
37442047  766956
37436203  15717376
37438965  32177690
37434011  11473721
37437926  31231609
37437926  32774757
37437018  18369356
37436784  218384
37441994  5503362
37436183  27443510
37433160  4938626
37442223  4261133
37442288  1321137
37442097  21081454
37428189  1980567
37442103  13613754
37424284  908672
37417997  15731297
37442322  4746041
37442464  451415
23303206  11618277
37441988  2202703
37440030  6698646
37441272  3280353
37442571  1379934
37439360  676824
37442754  1132941
37442793  3583724
37440744  2081418
31360764  32170456
37442335  31467732
37442646  7617639
37443228  1373164
37442944  176918
37442037  15112125
37442032  6118922
37443309  10143093
37407252  23667086
37442740  18050071
37443387  16274963
36170638  5434891
37443513  11321491
37443490  606234
37443695  4316710
37443704  18421891
37443887  2974519
37442437  12397723
37425713  37122166
37443024  8168302
37444126  7070346
37443787  31415052
37442629  1145704
37424651  11731377
37444087  36628418
37444235  2770321
37441207  10562722
37443552  10896151
37444254  5554734
37444247  5931291
37443838  9379489
37441754  2730029
37444223  6390706
37444430  18050071
37444408  17405165
37427019  14667766
37444498  949433
37378037  16236504
37444298  7254837
37444094  400314
37444252  2284610
37443257  26280418
36279655  1457863
37444845  1319903
37429874  1995080
37444807  35240191
37423701  37425898
37418885  136505
21740729  14958643
37444849  29675601
18720896  8645965
37405628  1053467
37404441  513832
37444963  750486
37444963  111102
37398523  6729605
37392748  37394992
37354568  37351927
37444889  5793414
37425307  28876228
8334974  1811730
4500305  1811730
37444283  17457028
24262921  32170456
37444676  36959253
37443917  218384
37445114  291978
37441410  218384
37441134  13300463
37445285  1546226
37443626  7291461
37445384  109383
37443870  2793324
37443641  37440059
37445534  11195295
37413518  10507230
37445609  14220321
37445515  6781976
37445591  15040427
37445298  36829168
37445740  29741378
37445839  2559527
13656925  3510846
37444815  11066400
37445994  588004
37442041  37418946
37445904  10210338
37444342  6116978
37445542  18050071
37446117  5387643
37446184  2770321
37446169  49002
37431238  30459260
37446272  5929107
37446399  3024197
12382546  21925671
37446627  4106809
37444942  912479
37445105  31622347
37446745  504103
37446745  180158
37446917  32663382
37446987  1197575
37445258  36745171
37446791  26283639
37447134  35417914
34238903  26283639
26485138  26283639
25901218  26283639
30423402  26283639
37447198  492384
37447238  18050071
37446988  21592630
37447120  495021
37446483  1883321
37446976  37445381
37446976  5202403
37447399  2100490
37447314  27194558
37445381  3583724
37447164  2232
37439766  28534695
37446461  25395797
37447663  2158347
37446220  13856734
37445814  1051379
37401522  26656680
37447863  4216745
37447868  23555302
37448046  24644436
37447061  17498216
37124150  27734090
37258018  32209293
37446947  18184096
37448208  11283961
37432307  2317849
37280082  18277233
37447031  218384
37448550  36733557
37447361  8745233
37448493  26192284
37448531  159590
37440733  182287
37440733  2722136
37448851  1771786
37315942  7355187
37444111  35528966
37449315  610245
37446288  323689
37449374  11321491
37449412  5450748
37449208  706336
37449204  10375633
27312522  37425891
37435149  6346046
37411220  10390479
37448655  6066103
37449175  7201341
37447313  13310941
37444979  24014919
37449959  1335507
37179257  2647430
37450031  28876300
37450099  18050071
37449950  31886144
37446918  21887856
35077991  35075885
37450342  1200621
37449836  15223812
37450429  16877422
6092963  3758023
37450661  1080247
37450301  8329103
37450483  15739390
37450855  218384
37444237  15281848
37450653  3870298
37451073  33479229
37451088  2371118
37414085  32374582
37450920  2298153
37451148  14220321
37451559  356809
37450093  3311903
37446719  5311349
37451735  37290940
37316636  37211274
23920757  9198799
37451695  2094239
37451939  18262595
37451962  60174
37451842  19621773
37451812  29448715
37451898  1075207
37452264  4643074
37452443  218384
37452244  8832071
37452040  279170
37448227  6245626
37448047  21862327
15676363  12851352
37412352  18388124
37381215  33923
37443852  19896870
37452755  30938620
37452864  218384
37452881  6440259
37452654  37450179
37452916  4570366
37293599  13505833
37453256  22392328
37453093  35178520
37451601  22813625
37448256  28415995
37453483  7301110
37453401  218384
37453615  12251325
37453085  1896449
24849700  11731377
37453881  1041866
37453865  3655316
37444030  30383383
37454056  29012270
37450474  10404348
37448555  23667086
37454041  1814270
37454530  218384
37454488  15479928
37453187  395256
37454374  22662488
37454520  2250770
37454812  2695743
37453819  25632242
37454646  8466744
37454343  3917250
37454343  576265
37454988  218384
37455053  18380663
37446115  8587474
37454941  680785
37455217  218384
37454999  67631
37454326  6938634
37452315  32539285
37455571  4824573
37455605  32441617
37454223  6873020
37453403  20969835
37456058  14116003
37453649  37445069
37456432  5121495
37456603  9393532
37415360  37412281
37456607  16498286
37456729  32383544
37456715  28937562
37456968  218384
37455178  17231683
37456910  19014213
37441021  37442571
37457102  14220321
37456952  24648229
37457047  14817816
37456180  22727403
37454960  13510849
37457444  6910641
36965727  307352
37457446  206564
37457179  1177872
37457543  4366730
37457072  14724672
37456950  1528298
37457921  8028957
37452613  15112125
37454278  10632776
37458041  2206378
37456316  953481
37458343  14220321
37458144  9329446
37458035  37448166
37458539  1197575
37458624  513832
37458773  236129
37458648  5140645
37458290  25657123
37457821  3295496
37458076  34101646
37453995  25604555
37459498  4261133
37459292  870697
37459456  218384
37457347  14088221
37452739  7503194
37459408  2409126
37459295  60174
37456122  3763526
37459684  32383544
37459932  9862761
37460015  8254077
37460121  7619058
37460175  12994342
37460116  1597405
37453845  3177302
37001711  37002930
37459913  27226606
37460626  769731
37451897  21881992
37460826  4203646
37460728  388242
37461013  60174
37460967  2269840
37448120  3371326
37461188  8668591
37461265  3010840
37461208  418006
37460877  1343145
37459916  40480
37305576  36885909
37447667  13750323
37461727  493296
37403982  32656621
37461989  28129401
37461954  2973202
37462118  30092474
37462103  12769982
37462034  4091831
37461948  32648371
37462368  13840429
37462311  17046582
37462311  423994
37462402  5743863
37462402  3007336
37462494  2063480
37459820  15913417
37459820  10225098
37456722  2315366
37461662  32019733
37462572  693691
37459885  3476782
37461274  4074585
37462732  2959161
37462668  1597007
37462936  1928909
37416489  1910275
37462598  14946091
37460529  9251326
37463273  24434555
37452885  37403954
37463436  16940293
37460552  34643009
37463540  7349851
37463100  6395288
37462235  20515679
37463539  52550
37457746  4273252
37463721  919244
37463229  2591505
37463229  10951306
37462333  5683728
37463795  10312963
37463133  24644436
37456380  2541752
37454067  23294658
37449952  31300690
37448181  15112125
37463980  4033723
37463577  24225786
37464224  5308816
37464159  7827504
37464159  1930459
37464159  6441218
37464307  12452109
37464413  7520432
37464388  7571635
37464131  25330700
37464560  2745265
37462058  1012742
37464503  14933771
37464739  7015693
37462516  7128110
37210198  25700894
37464763  10689224
37464787  171251
37464917  473782
37464984  37415250
37464992  138884
37465061  12953127
37464703  15973182
37465137  424292
37464967  25854300
37461943  36618494
37465320  501194
37465000  11708092
37465522  18050071
37465508  22955621
37465459  3754180
37464688  16617408
37460517  3342896
37465466  30577375
37461811  14862425
37465507  14763722
37465584  1053467
37465426  218384
37465708  21317476
37461506  500431
37465939  10873590
37466073  218384
37459385  6244217
37466220  37461067
26665319  22353633
37465574  33047452
37466231  11321491
37452379  29157300
37461651  7225070
9622264  25184932
37459657  20353245
37306369  28630159
37466777  5619202
37466572  13967063
37462378  7165353
37466967  2353211
37466919  7556851
37467021  306583
37463752  4748964
37463385  2591098
37462262  2601978
37462160  218384
37461849  13360675
37461559  504103
37461238  40480
37460913  218384
37459143  2277430
37456797  6109369
37467111  26671557
37467060  9508518
37467686  218384
37466301  7615214
37467644  26906621
33251220  30705607
37466610  31233063
37465154  10382929
37457209  10278067
27807663  27807614
37465941  20279484
8420668  17933493
37467849  10377030
37437357  37432121
37455222  6440010
37456861  215497
37355842  8189466
37453614  13102045
37453543  1393486
37468056  16228887
37468010  2184419
37467782  218384
37468068  37465967
37468138  495021
10932677  2811626
37468061  7414573
23720767  2811626
20845554  1463597
37466215  11452185
37466146  24119897
37462470  8258260
37467675  19109064
37465719  14191278
37468531  23294658
37468376  14805547
37468648  2316610
37462135  4015324
37459673  8556291
37469090  23667086
37469268  171251
37469293  37464323
8471945  13840429
37469251  24538100
37469269  15112125
