37517412  32290126
37517803  218384
9190455  1041866
37517718  2979383
37518348  36901
37518392  2275443
37236160  2507330
37518495  110923
1410801  31083669
37518400  20119474
37518344  400135
37518796  35914565
37515506  10733581
37500613  1897777
37518771  1726630
37410833  37403017
37516368  31786912
37490275  26721785
37518842  1905877
37519492  25717740
37517653  32359455
37518365  218384
37519817  32730296
37517140  218384
37519984  610245
37519975  36347570
19656805  1814517
37517092  1814517
37520393  5098397
37520393  10260720
37520872  3674930
37519684  15613187
37520921  10941229
37520879  5926103
37520999  4244896
37520908  27790670
37520408  35132557
37519910  29625133
37521103  267843
37517328  30504124
37519223  11435354
37521535  4327392
37358855  37338186
37521482  4261133
37520436  11273001
37513461  3588293
37491485  4924701
37474274  4261133
37519049  4261133
37512727  1449035
37512727  37066230
37521845  32501627
37521998  12238517
37522139  18651039
37517758  3359911
37520667  2943292
37521837  1643320
37521953  3294889
37521152  8144891
37522336  4194207
37522947  29844144
37517423  33157296
37523181  4775722
37523145  3387622
37523127  17921697
37521549  18050071
37523271  10268798
37521598  588004
37521598  3726721
37523379  4261133
37523552  5253256
37523103  19069835
37510155  2150194
5333244  1413540
37523888  4120119
12175933  8001400
37522285  218384
37524229  7021725
37524216  5027309
37524582  4885143
37524643  3453257
37524676  9168737
37514424  8608350
37524011  5003142
37524471  8819842
37524914  20001427
37521661  26554814
37523648  9391838
37524776  3611760
37522618  18301898
37524510  34954771
37525185  25706216
37524673  18050071
37525191  33064031
37523363  29756188
37525087  10636201
37525327  14220321
37525316  30120230
37524566  22229609
37525221  28518072
13358887  7403472
37525573  33108900
37525200  33779159
37525683  5554734
37525474  15058663
37525591  12169839
37525441  8293426
37525870  111102
37525969  733314
37043254  37515397
37526102  12953127
37526058  6964011
37526175  17400664
37526237  2745265
37524849  37451696
37525811  33094981
37525897  1101750
37526142  3480389
37526382  37513151
37526548  1762427
37526171  2740164
37498683  18026578
37494663  23384244
37526688  4261133
37527090  8403908
37526789  495021
37497428  36442444
37517356  3163407
37527340  17498216
37525253  37522877
37526240  18157305
37512123  1931364
37527652  14028959
37527099  5812493
37518317  10354857
37517372  7070968
37513893  1093322
37528082  17744226
20716722  1182189
37317120  37341506
37275691  37341506
37526453  18146614
37517451  36119022
37524766  4176328
37528051  3150400
37518802  17211811
37528630  21715590
37519770  2167916
37502667  2973202
37510221  2973202
37514568  2973202
37499362  18050071
37505568  18050071
37522390  32584850
37527023  9983263
37527510  32471220
37529056  3470098
37528810  21881992
37529118  1359018
37529171  37113364
37518311  31228103
37527201  15585632
37514950  28479394
37528151  33900846
37529694  5554734
37529659  9646407
37529690  37527049
37519838  36620428
37529886  20449427
37494437  2570972
37529927  2612802
37527159  9816603
37522744  6859386
37519579  2785755
37519579  7881794
37530129  8312459
37513887  3203286
37513887  5189699
37530272  218384
37530256  10004987
37528803  18575006
37521748  2160421
37530370  7459939
37530420  8563970
37530297  9769166
37529238  4958600
37530054  32170456
37390681  1343044
37526373  3911966
37522583  17121213
37522612  17973970
37522612  17408769
37521550  7380626
37521419  12767367
26973218  8001400
37521106  3737579
37519139  34814659
37530678  29893121
37518427  21421150
37517036  337268
37517367  938926
37530767  204784
37530889  4216745
37530381  7410723
37530396  1550130
37530971  25776082
37531005  18093928
37530931  27974654
37527131  8634156
37529879  25721884
37521685  2422468
37531077  1367070
37529953  30080810
37513143  7527832
37529819  26410021
37523720  36175391
37531233  11731377
28969147  20860984
37530823  5890584
27448131  24991791
37531319  7383121
37531421  2973202
37531445  1958808
37527428  10876105
37523268  32523288
37531596  218384
37531651  23446377
37531743  32799282
37531617  111102
37530528  7208096
37531052  23638610
37531794  14250880
20536112  8467424
37532010  14220321
37531962  1130560
37206223  37158160
37522682  18724391
28657056  28650149
37532254  3533589
37532345  218384
37532299  456634
37532321  1364440
37532351  22534183
37532112  6441218
37532563  4519739
37532444  4897349
37532696  588004
37532795  29140402
37530386  14501337
37532274  11045025
37532837  1732348
37532854  1452777
37533070  34289313
37521615  4013933
37532987  218384
37530768  37529428
37532721  19557920
37532490  5767228
37532580  6594620
37533064  1239938
37533064  9137157
37533174  14220321
37533171  6201253
37533417  8028957
37533019  23294658
15853112  8396870
37533529  1239938
37533512  8724478
37532494  18050071
37529143  3284680
37532733  24615005
37533658  1279476
37533588  1429860
37531607  12722095
37533781  14220321
37533961  18415104
37534070  35777797
37533908  816071
37533848  24644436
37533848  5335273
37534286  976882
37534355  14220321
37534392  13584153
37534414  40480
37532162  11422845
28522802  11422845
37534503  12573816
37534340  14220321
37534266  218384
37533719  7248080
37529922  15589517
37520083  18953509
37525189  5613898
37525189  744589
37534753  10550307
37439348  28594805
37534689  27591061
37534816  22685930
37535010  11321491
26454947  13479357
37520128  4526829
37535373  17288859
37535346  8028957
37535364  32075498
37535506  8777724
37535459  37534269
37535520  37516192
37473609  120797
3067808  988363
3331037  988363
37536029  988363
37535957  19261987
37524215  4679352
37536336  2591098
37531898  11107112
37536629  23335845
37531664  8554463
37522686  3014940
37536375  17364127
37536375  2699086
37536913  5710485
37492447  17262553
37492447  32476261
37534260  14387690
37536795  9520911
37535125  33190318
37537289  14220321
37537289  34959257
37537881  1858569
37537881  513832
37537125  1207406
37537891  8442644
37537501  2720972
37538269  12573816
37538273  513832
37538257  4660142
37538552  8230257
37292541  31867803
37538462  5554734
37538554  14220321
37537117  218384
37538818  14220321
37538799  34523816
37538200  2274336
37537672  32170456
37537641  7927716
37535363  415602
37535367  473282
37538931  19771412
37535004  5063266
37534935  36446114
37531529  37503760
37539186  4244896
37527930  3254268
37539161  6298566
37538220  1140358
37537646  2532729
37536204  25799107
37539352  31415052
37536048  27042419
37539247  2442358
37538951  23402303
37537608  31875469
37505884  19355026
37531399  8024440
37539619  6896504
37539504  5320288
37539674  25706216
37462313  24003291
37462313  27269923
37495160  24131323
37534045  9969844
37535864  3411749
37539843  6332392
27312057  23685507
37536082  1283045
37509147  22530607
37515788  16825216
37539960  8260881
37504894  5251507
37539759  4660142
37539987  35884447
37539986  11866719
37540088  36671832
37540029  8229638
37497070  24191728
37540267  3670136
37540128  1313063
37540296  5490789
37540194  3414279
37540318  8775303
37540383  1518528
37540356  6869312
37540491  218384
37540537  34413
37536508  36925183
37540712  21522341
37540738  218384
37540828  25192108
37540587  34413
37540836  31875825
37541014  4216745
37532699  10358745
37530361  31517156
37541171  1457863
37541099  2279662
37541201  1751301
37541217  588004
37536276  2701817
37540625  2973202
37541192  714108
37541293  15699192
37536246  30680938
37541423  2770321
37536736  4261133
37487478  32601941
37541604  37317172
37541595  4216745
37535605  14700965
37541827  218384
37541719  4074569
37541421  9524457
37541939  29140402
37538962  31113614
37542142  5455794
37541807  1570917
37506112  32189311
37540401  940905
37542504  4034190
37542531  2714573
37541774  36844968
37542600  22657783
37542603  1528903
37542496  218384
7428383  7392296
37507901  7392296
37542703  29293637
37540601  821396
37541821  9605913
37542762  16098046
37542722  1046656
37542805  6285833
37542699  5943330
37542625  301134
37542621  218384
37540843  32170456
37543224  14220321
37242923  35832183
37515785  1433204
37542999  3832792
37543031  4764932
37543607  1132941
37541975  14539072
37543724  7633274
37541256  9990788
37543840  19544452
37543865  4187146
37543755  32648371
37543313  20005278
37537618  24644436
37536609  2973202
37536609  15439919
37538009  8120085
37529621  24658011
37522318  31663560
37543374  27085782
37543929  12276001
37541451  28090854
37544112  14220321
37544175  36293394
37536318  25719620
37544256  15452874
37539902  18024298
37543836  24652753
37544500  17364127
37543178  7569335
37544549  11722400
37543407  1653340
37544052  5395948
37544772  223918
37540635  36315571
37545076  1381097
37544916  2269840
37518628  36850109
37455345  10107831
37539600  16435945
37543112  16044828
37545569  2559527
37539810  37520473
37545692  1555262
37545028  15184267
37522621  36335951
37545836  18050071
37249307  22688713
37545854  4261133
37545829  30680938
37534748  24022728
37545864  5500078
37489820  359302
37545999  1518528
37544788  23884256
37543986  11279441
37544077  1661369
34016112  21135873
37546209  4059515
37546297  34366305
37546131  20166749
37546347  32554357
37546514  11321491
37546676  26537541
37452762  1315251
37547062  4897368
37542047  38987
37542047  5946236
37545354  9845019
37544504  30862988
37540565  32170456
37540565  24643522
37538229  2100353
37537244  354883
37547023  36132451
37544977  7627049
37535955  5903720
37534771  27608987
37539997  30719638
37547419  1917576
37547535  35280582
37531217  37510845
3624525  2393906
37547102  7035466
37542194  8336090
37547581  6669846
37545407  24184810
37547604  5554734
37547152  37507594
37546808  5102222
37547599  79968
37547677  25919213
37538835  37545397
37544299  27994045
37548031  3488934
37548043  37528222
37548151  24034483
37548192  208105
37548239  4237914
37543671  5185480
37547824  1532640
37548364  18050071
37548145  5875414
37546434  9192389
37545562  89228
37548485  3219758
37535694  8056130
37548637  18050071
37548868  6768793
37548832  36913730
37547321  2689329
37547173  21268558
37548527  3954216
37548098  37507750
37549235  24378375
37549235  21824402
37549237  2973202
37549207  19896870
37549295  21181233
37498799  37525910
24365959  24755246
37549579  2370388
20264571  19059308
36799796  4736
35262151  7574502
37549614  30167848
34808244  6717814
37539942  14694691
37401643  30335749
37549967  13916400
37549965  12783217
34656730  16767732
37550075  25706216
37549862  14220321
37550191  34222588
37549121  24553761
37549439  199099
37550196  37310539
37537395  3441555
31622185  9474090
27072861  18151570
26129627  21190392
37550438  3404975
37550465  1129216
25732525  20345206
37550651  4827622
37550642  901115
37549949  6572119
37550654  5767325
21902131  10372004
37020892  37017724
21752272  8551735
37550482  11173532
20198880  26043090
37550809  1769403
17282899  13661462
36482403  35556500
34859509  25533092
33705322  33643393
37540590  26332591
33288244  11085403
33089548  10059511
32362757  27711692
31985864  11995591
37550999  14074955
37535688  2150108
28296206  28103799
37535545  14028959
37551177  2973202
27951070  17146970
27241099  8951275
37550864  18422140
26054373  9440639
24564497  9081846
37551272  4945178
37551246  36901
32638559  18115888
37551460  10276133
37551399  2012589
37551399  5319710
37551448  37189795
37551130  2459851
37551602  409784
37549222  36612867
37490482  7807066
37551707  37548099
37548099  27561041
37548099  37551707
37538308  22519784
37546838  6278152
37546838  18575006
37552034  10829511
37551394  6422562
37552032  17772103
37547467  21065250
37552156  27038889
37550127  10728104
37552354  7215411
37471992  9368900
14737420  32572081
37511360  6923707
37552491  24644436
37552491  8803994
37552437  92396
37552341  14220321
37548088  25525209
37552670  2682397
37552721  2367381
37552263  885009
37552372  28828957
26609251  8536529
37552688  21916503
37541856  1355150
37541856  5240670
37552841  3795986
37546034  2260325
37427625  36187624
37161863  17334759
37161863  27445452
37551855  24166320
37541753  3681647
37552987  12769982
37552986  25706216
37538400  23662895
37553130  23294658
37553144  2540438
37553332  13102045
37553114  7856808
37553392  344380
37553421  17498216
37553458  16491758
37504796  35728179
37553546  4261133
37553438  20120693
37553663  588004
37553745  9884132
37553633  25933209
37553654  4505093
37553754  307674
37553833  5554217
37551733  12573816
37554066  4261133
37544323  6952755
37552350  218384
37546094  12609110
37554182  18050071
37553470  249927
37554388  14220321
37554527  12573816
37554378  19244268
37554563  4079795
37554513  18887636
37554642  33194594
37554793  447898
29515202  14861720
37554192  14861720
37554780  35330215
37554965  29153703
37554209  37551680
37356303  3522361
37368439  20940979
37368439  24812679
37551680  24511153
37551680  1590799
37555061  14257373
37514509  22571202
37555129  12573816
37555296  37447697
37554435  2592764
37555340  8407487
37555298  2063480
37553877  15933958
37552763  34139450
2399507  3746649
37555447  24644436
37555562  326699
37394151  4660142
37555454  10569663
37555741  40480
37555019  28776079
37555884  750486
37555883  7935512
37556173  15112125
37556012  218384
37555518  19837820
37556337  12027770
37555142  40480
37549054  6580677
37556020  24630963
37555441  26765311
37556881  513832
37549285  6961356
37549285  3823398
37556257  5688082
37556965  1373164
37557181  8526279
37538067  7360602
37557566  32717850
37557585  500504
37555136  1332510
37549869  18929483
37535750  5768274
37557758  4685450
37557672  11088365
37557522  20723643
37555301  3021578
37544014  4968406
37544014  7027051
37557712  4594698
37557988  11043026
37558027  513832
37557459  12573816
37558107  10829511
37558270  24644436
37558295  26375932
37558362  3469507
37557163  218384
37481316  3511169
37555112  8189466
37554665  37553183
37558580  14220321
37558560  26446599
37558171  22613272
37555091  10299148
37555091  6445917
37409723  32793703
37558830  12188921
37558865  37124006
37558984  11406823
37559262  3458553
37559038  15140847
37558817  860966
37557643  8654327
37547017  11609821
37559474  32170456
37559515  28747743
37559686  5448653
36032836  37525003
37559141  4660142
37559869  521146
37560016  684672
37559851  22651082
37559936  6993438
37559975  3893885
37560284  2061897
37316364  24754588
37560324  1068071
37353608  388180
37361511  36868318
37299899  37076867
37555240  37310539
37560465  37310539
37560308  1848474
37560068  37124588
37560614  2800463
37551010  22226529
37535802  15824401
37524631  37479916
37525011  37312763
37560629  10735282
37560457  4343202
37559662  7255463
37560613  4176326
37560346  19616205
37559086  37551040
37559557  37559517
37553085  6919025
37557920  37553183
37558223  4945178
37560215  218384
37559591  19038799
37541188  37561630
37558948  30128395
37559929  3226495
37559335  218384
37558245  20053919
37548435  2118656
37561488  31191548
37561372  3746678
37561591  2370960
37561715  22150235
37559563  13724063
32374375  4971877
37539107  182287
37562196  7192088
37561652  46155
37562523  218384
37526400  26333269
37562010  5794072
37562760  8135614
37556136  31208594
37563116  769621
32950191  14220321
37561059  3518504
37562989  5392344
37563478  17888610
37549240  37547132
37562762  32789027
37563408  31846788
37563849  988228
37563618  21240865
37563874  20393373
37562415  27339317
37563924  80646
37564194  20442694
37564194  767999
37561682  31294979
37564062  5387174
37563977  24310324
37564222  13102045
37564300  30479105
37564347  37526448
37560405  36738040
37559832  734930
37559016  7788331
37550625  5932513
37564508  37471346
37564360  6692031
37556863  37188580
37560482  6516967
37550449  6482641
37546681  28816501
37540418  25854300
37565167  32354453
37534896  8040065
37531444  26887563
37529618  7102552
37527425  18503604
37526163  29707622
37524392  37337262
37510849  32170456
37564763  14611226
37505636  13043197
37565222  22866336
37502126  433907
37495046  37494283
37565408  16758346
37561734  11920898
37563633  3728062
37563633  6598649
37565162  826782
37565695  4660142
37565756  3477292
37565505  6202818
34906802  34381438
37564898  16909689
37560101  16873889
37566059  4660142
37565839  5306835
37566032  34366305
37566282  16287706
37566348  3901754
37566326  3076414
37566387  1958636
37566088  5890584
37566102  19219635
37566152  34306631
37565863  8729410
37560695  3145264
37563097  5335273
37566262  37179897
37566697  218384
37566381  10132749
37566594  18093928
37567119  290884
37566636  10380553
37566543  25869428
37561224  36930086
37567344  18050071
37566982  1276082
37566848  23137393
37567456  8370114
37567248  1065435
37566799  7666509
37562982  20440915
37562982  19417674
37567178  5119327
37567417  22937618
37567534  767999
37549509  163542
37567131  26284198
37567667  11742299
37567422  30476493
37567712  7058843
37567948  5770341
37566961  25721884
37567941  4958235
37547232  22077881
37555802  3552461
37555802  23593052
37566064  13258123
37568144  12803768
37566265  32837808
37568339  24483645
37568001  218384
37568392  5893163
37568100  342990
37568244  7321896
37568187  74162
37568651  2081640
37568716  5675580
37568804  6166337
37568590  4240620
37568859  3202120
37568767  9871762
37567393  27976683
37568758  10908534
37569061  29168433
37448485  26554814
37569448  218384
37563092  7226603
37568239  4253660
37569816  3276005
37570097  19259029
37569270  2443324
37567635  6533285
37567724  16482914
37232976  37441128
37570558  25785873
37569518  30754166
37569868  588004
37569351  10492817
37570394  8775303
37570394  320542
37570451  16021571
37489387  11055569
37570069  233507
37568161  369495
37570994  21118394
37553084  13102045
37553084  7056749
37571154  7854433
37564221  23417356
37567589  34361379
37570695  25706216
37569382  2973202
37565300  218384
37569158  218384
37568011  12573816
37571278  11238953
37571631  6470428
37571639  4194310
37571508  2451138
37516330  302460
37556312  218384
37571440  31415052
37571492  2793062
37571706  21170608
37568631  6421282
37569864  4379620
37571762  664331
37570289  3158730
37571136  209513
37571981  12396066
