37617265  15112125
37617071  8028957
37617332  12573816
37617381  34835951
37617157  1196074
37617157  546017
37617499  4090491
37613370  17307938
37616729  14220321
37616497  5804256
37617575  4172722
37617528  306313
37617584  6797415
37608837  218384
37611125  8841422
37617950  13049050
37579367  36919300
37617671  5206120
37618147  613183
37618224  18351951
37618224  30121541
37603401  30948376
37618186  14945199
37616849  11264918
37617830  4118875
37617658  29300280
37618333  3462298
37618333  13691699
37618115  7362504
37616924  26809485
37481662  30327651
37617586  218384
37581503  1562721
37607738  33352673
37617879  9963691
37618916  6392739
37618925  218384
37618576  10689898
37618973  30680938
37618511  37603836
37619084  949433
37619003  8122700
37619236  14220321
37619162  25706216
37548837  4450592
37619296  7338826
37619354  11296739
37619101  19695784
37486143  14234646
37619598  18050071
37601992  2770321
37601312  9568512
37619635  1359689
37617457  1576904
37617457  31840176
37619813  12455737
37619889  8790511
37619909  9192673
37619805  23145425
37619902  16254575
37619435  2039229
37610886  4261133
37620228  10043583
37620260  24869323
37619510  3059333
37620252  116292
37620150  1632367
37620055  23294658
37620302  6338217
37620452  4576352
37620436  12769982
37620451  3660901
37620144  24644436
37619429  26345884
37620377  11719044
37620377  4834973
37620549  19976487
37620559  203984
37620121  4068414
37617287  8204405
37613695  12498304
37620814  12400985
37618548  37088517
37612039  24485308
37620799  30124348
37578571  12573816
37577700  11658915
37577700  16200997
3217603  1526826
37576492  18877437
37621007  14220321
37560356  12573816
37557448  8362572
37556774  962132
37620667  8163746
37553581  272900
37553581  185844
37619996  29881621
37531265  939778
12534238  171251
37621361  33248704
37621421  4839898
37604409  3112946
37621339  3777580
37617709  1169456
37617010  4543936
37621653  2185252
37621692  9924603
37611663  1413129
16606880  2132242
5402763  2370960
37621805  4660142
37621969  279170
37617849  2395251
8503844  11731377
37621917  8998717
37621686  6786862
37621998  16959576
37622067  7655127
20108941  7655127
37622121  218384
37621811  18511645
37622152  5687600
37622359  3330864
37622376  6343166
37622433  4261133
37622325  6613317
4798343  3418128
37618537  34967482
37375725  2652261
37622548  3510964
37622706  1520429
37622368  451415
37622656  7674786
1529496  1441005
1441005  994143
37622381  218384
37612568  25566146
37622271  6525538
37622579  994041
37623153  29364262
37198219  31581242
13273317  982568
2321052  982568
29364262  19233283
37602238  23131227
37623104  2525
34172279  4393092
5145324  2029441
37567932  36294091
37623051  6928387
37621759  29719299
37623577  6841605
37623854  7274310
37623796  35994945
37622883  2755795
37623993  826948
37624038  4343596
37211961  34413
37624163  218384
37623534  2733255
37624342  23373990
37623934  11676331
37620013  33633370
37624300  2591098
37623981  31711671
37606168  1270514
37623552  5822421
37624596  14112515
37614555  17714705
37621367  11728846
18167812  9005572
37624842  1732348
37624362  3777121
37624559  37618430
37624797  3646113
37625169  111102
37624143  10215341
37625305  12734721
37621535  12769982
37621535  18050071
37625358  85190
37620056  9581064
37625400  37448235
37534757  11724765
37625440  3304705
37398261  30746663
37625545  513832
37620711  15107714
37602789  1816559
37609024  9963147
37625425  7766277
37606541  416266
37622403  5750068
37625814  30622809
37625844  45135
37625876  3508605
37625975  1651244
37624199  30418886
37626116  19843506
4453692  30418886
37626002  1350630
37624025  3365025
37626579  37611143
37625855  3540570
37626745  18393230
37626710  2580322
37626138  14967485
37626816  3777146
37626824  664700
37626233  37561653
37627172  240178
37590057  3097982
37615708  27629596
37617025  9730243
37627465  24542385
37627445  26665499
37627671  3768565
37627601  203198
37627788  21895756
37627788  588004
37627757  3041069
37625611  4958235
37627940  12488836
37622598  218384
37628005  24002092
37627766  168963
37628231  5708784
37626144  4905416
37628411  2440420
37625064  4747404
37614519  2012589
37628272  20390547
37619167  37584501
36677778  6532273
37628556  3568222
37627607  18530258
37628576  23824505
37628672  572897
37628483  22085316
37628761  34835951
20390547  19878056
37621655  23612105
37627744  218384
37628783  4109414
37627213  11243856
36018478  32693061
27242690  29140476
37628978  203198
31247229  29140476
37628706  3080563
37629090  7580277
37629121  8392374
37628924  218384
37629172  518000
37629149  45494
37628968  9387267
37629114  1085638
37629156  6719630
35049262  32551291
37629349  218384
37629503  4660142
37629490  4660142
37629605  4660142
37629753  18053500
37629821  60208
37629790  18050071
37629879  513832
37629740  39476
37628657  26657334
37628657  7496547
37620224  4710067
37629803  32170456
37629810  15678153
37630021  513832
37629998  595808
37629701  28082581
37629974  33407257
37629974  32830879
37627145  19928802
37625164  548487
37630215  2081640
37630245  1132941
37630312  17498216
37630091  32940965
37630253  10177146
37630253  21076750
37629375  218384
37629375  31327276
37630375  588004
37630427  23667086
37630166  3004095
37630323  28709666
37630540  13410464
37629991  29716653
37630517  3207728
37630308  17972496
37630655  5306240
37630745  495021
37630466  27394710
37630924  1196074
37630595  89228
37631191  40480
37630615  4261133
37630485  12550135
37627041  313584
37627041  2770321
31419428  218384
37631264  4172722
37556504  1719594
37556504  714108
37631306  17105618
37631307  750486
37631104  2197741
37629013  32179476
37610824  17398019
37631419  22879928
37631490  7220681
37573473  23339298
37630723  156275
37630547  8044309
37628477  12348932
37631664  10899384
37631414  24330467
37631751  5046853
37631618  37608547
37630269  27338573
37628243  3088059
37631483  513832
37631945  5554734
37621545  4921164
37474097  21750591
37631924  218384
37632154  513832
37632169  2342162
37632149  14220321
37632229  5413548
37632003  21218346
37632259  4636166
37632266  25449279
37632058  19108737
37632379  22042948
37632385  5501810
37632502  1059559
37632191  949098
37632511  919056
37632400  23803743
37632410  28328890
37632564  18085383
37632559  9042303
3204302  7680504
37632398  34243731
36804608  21878974
37622699  37169401
37622699  19078249
6120902  12332975
37602335  7446187
37574362  6545023
3020179  2448978
37632952  171952
2372992  2187448
37617981  24665649
37632857  2221304
37632809  8470070
37633086  11769866
37633107  17485297
37633083  14689805
37633043  24785019
37633190  25706216
37633095  35843040
37633487  14578703
37633514  513832
37632678  32017169
37633547  4269302
37633575  744676
37633605  218384
37633597  949433
37633671  878577
37633625  20565644
37633525  3903477
37633739  8028957
37633761  17616643
37633800  214741
37633748  513832
37633815  218384
37632977  11321491
37633881  4261133
37634025  25706216
37633957  19843506
37634069  34413
37634024  11965818
32382686  14284269
16508197  25706216
37630865  10520294
31166725  14112515
18549116  9757299
37631835  18649106
16884741  14220321
37634304  25706216
37633773  14220321
18275107  14220321
33573033  14220321
37634434  574594
37634126  28084965
37620702  4238433
37634489  8819842
37634273  9959727
37634528  218384
37621397  2024506
37621397  16147714
37634410  37633804
37630270  1363605
37634711  14028959
37634757  1359018
37634707  32626524
37633767  1751301
37634415  4800419
37634904  34413
37623218  214741
37634638  957573
37635046  18050071
37635185  575336
21231137  19635188
37635173  49002
37635208  25706216
37635221  1862130
37635212  9755990
37635284  12710039
37632532  4261133
37635388  11064897
37634965  15048223
37635395  32170456
37635497  166221
37635074  218384
37633032  17996771
37635725  218384
37635657  9394291
37635743  409784
37635755  2591098
7832479  8473826
37635455  36487303
37629566  11218498
37633392  37597236
37635143  12573816
37635434  4508096
37622581  4660142
37635795  513832
37635807  33652091
37635852  14836560
37635952  14220321
37635975  8028957
37624092  689355
37501959  31664071
37635861  37589361
37629834  6521148
33407297  198577
33542508  27817034
33544772  26800827
37589461  24925037
34118195  5647713
37632933  371
37634802  24644436
37635227  2709821
37636193  218384
37636194  2973202
37635234  737257
37636195  14896856
37636532  37635975
37636696  6802601
37636259  30148827
37637785  737257
37636648  18379238
8973715  6612632
37637841  6441218
37636743  5028670
37636230  9380077
37637842  11998593
37637887  986006
37637884  36162941
37633630  36800665
37638198  37477460
37638080  177323
37638336  30817107
37638515  37638199
37638589  190396
37638620  4935479
37638778  4660142
37638285  3552461
3260259  3832792
37628728  4543936
37638958  4261133
37639061  1108780
37639061  7343833
37630735  13014770
37629654  2308188
22965822  18664579
37580489  3832792
26555844  3832792
37639132  9069379
37639121  26641744
37638967  364802
37639149  2591098
37639328  513832
37639299  203198
37634560  37308235
37636635  15954838
37639413  218384
37638093  588623
37638093  22881616
37639594  4969171
37638633  37625285
37639777  9137157
37639776  23068676
37636433  4594519
37629626  27213381
37639778  750136
37635376  26606347
37634926  35703159
37634926  30928296
37522180  1441207
37639354  1608204
37640235  23996118
37640199  1762539
37640339  14833326
37622680  32931757
37640379  1179937
37639453  37443643
37634285  7703697
37594343  656297
37640513  5158735
37640534  7793009
37640600  13723174
37639540  6555098
37638538  14146148
37640381  11322801
37640748  16959576
37640842  8028957
37640139  4298678
37640405  25112978
37640950  26569828
30367541  26569828
37640133  34668878
37640046  12096016
37639564  21785931
37640456  27526753
37641157  2997767
37640877  8207325
37640196  448963
37634446  10929453
37640249  2591098
37639633  5064733
37638115  3422673
25062653  1393004
37588923  4780203
37641515  1822695
37638020  11712535
37641592  36658624
37641655  1754352
37640772  12589274
37636317  23382627
37641817  14220321
37641879  4539406
37641850  5864540
37641341  3368969
37641977  19894686
37641958  37393570
37641951  30401486
37642115  240178
37642118  4477850
37639644  9014058
37639644  31948528
37638270  4500462
37638058  20031734
20031734  12032214
37636708  2105611
37641419  3183582
37636507  2231227
37635582  37425961
37633208  16705274
37642303  4660142
37642456  4261133
37642544  9990654
37632356  7371903
37641055  18050071
12175788  6718340
37638152  533008
37642187  6925733
37636498  9123075
37642865  34413
37642652  1527803
37642523  14296625
37643067  218384
37642012  6921792
37643016  21881992
37643287  10118327
37643251  16959576
37643241  524658
37643169  31095710
37641101  12505491
37641101  20987214
37643309  4261133
37643426  29552700
37640426  22900388
37643478  8187447
37643500  218384
37643060  2118656
37643627  4261133
37639943  10913201
37643533  37623956
37643593  223918
37643522  20940979
37643779  218384
37643738  27239265
37643073  14370972
37643847  13326861
37632798  35590348
37643848  218384
37643648  6917198
37643672  214741
37643696  18050071
37643422  37063685
37644151  588623
37632711  4200407
37643880  1299871
37644191  1847789
37644176  25039334
37638440  4484167
37643215  574594
37644335  30692921
37644354  164194
37644292  166221
37644140  7717527
37642979  123559
37644490  218384
37641011  68633
37618476  17109465
37644537  5287538
37644566  2467544
37644665  2807127
37644532  36514045
37644803  17498216
37644366  37522657
37644882  23674046
37644734  6869339
37644959  1182189
37644946  4421706
37643861  32496864
37625355  16959848
37644698  4871484
37645039  35664572
37645305  17810130
37645222  7181759
37642769  3689581
37645274  29729063
37644944  12694635
37645087  36888453
37645123  11043026
37645672  12573816
37645669  218384
37645539  29403952
37645668  24510188
37642378  37610079
37635978  30811107
37645861  24510188
37645898  625799
37642331  23353173
37646075  1068834
37646046  20165564
36953051  36392228
7827815  5890584
36102961  29216588
37646168  15933958
36008296  28466925
37646232  2279030
35401556  23318109
34999568  12736887
34982972  20001427
34929316  504103
34921130  34413
37645180  22575662
37646326  28649952
37646392  1124788
37646380  1019793
37642684  2804991
21202763  4076601
37646385  30383736
37634235  2946327
37646466  218384
37646504  1305947
37645704  2113662
37640721  21242401
37627969  29478905
37642730  14331411
37646594  4660142
37411372  1468384
37610611  29035960
37646767  16959576
37643420  35993895
37646762  1677099
37646798  5142103
37646854  17225628
37646013  7410641
37646839  40480
37646940  513832
37646930  19104216
37645978  30369529
37646863  1139762
37642463  19098143
37647156  180986
37647218  4033351
37647148  2368539
37647283  5665156
37647254  11321491
1675351  252780
37647354  13840429
37647436  16564505
37647485  28660320
37647477  1700508
37641058  35843119
37647632  4424216
37647642  15769246
37646872  32641240
37647726  2376448
37644914  11609376
37647850  20545301
37647860  9012261
37647930  766893
37647398  26446599
37648176  28250680
37648199  218155
37648311  4660142
37580075  3653065
37646768  34614753
37648417  218384
37645206  18229279
37648493  847892
37648507  533905
37646552  35355627
37648210  218384
37646742  5818513
37648671  1494953
37648614  9792664
37648722  22937618
37648778  588004
37629575  36898339
37648309  24779893
37639999  13721571
37633161  4660142
37648958  4660142
37648044  15201071
37649077  6685396
37648702  14246443
37649028  806725
37649134  979256
37644631  17408769
37648755  37626637
37628627  1274057
37628627  1139762
37649214  14825503
37648370  10330215
30027752  10330215
37649303  4289331
37648587  34228971
7431462  10330215
37648536  7837456
37649444  24237129
37646575  3424588
37649663  17498216
37649952  7563310
37649522  95492
37650058  29742427
37648972  10367698
37650098  3127429
37650094  282451
37650152  37335
37650293  18050071
37613927  56708
37649413  37123242
37650375  3003145
37650512  6958689
37351709  292357
37371530  10434326
37400815  3148863
37649014  7105433
37650746  4686543
37650824  2745265
37651099  33269148
37650687  29021346
37651094  3466425
37647846  21881992
37651298  207000
37650967  11321491
37651469  2597268
37651367  3076414
37651114  8459903
37468842  37310188
37648633  2970244
37651678  21186104
18066530  30080810
37651750  513832
37632171  3204302
37632171  7680504
37612832  28504887
37647508  2689245
37650586  4669178
37643330  33111968
21803010  14438068
37649644  13849434
37642354  1219779
37642223  34215522
37630907  28813339
37630205  6732333
37628199  34633274
37652083  12135498
37651007  31472816
37652155  25430552
37652262  14220321
37627841  32668810
37627526  32362934
37607414  35150247
37601083  276907
37595224  31610896
37592037  15054016
37652339  14220321
37652229  18712338
37652229  9466265
37651858  32920814
37652494  3061387
37651259  22214843
37652559  4660142
37652724  14692560
37652591  2839321
37652663  17772791
37653015  166221
37653105  28905647
37652734  24350509
37653124  455580
37652925  13840429
37653132  2612802
37653192  5185983
37652490  2973202
37652854  30206773
37653454  8499633
37652909  218384
37653375  26799298
37653417  6043847
33817825  16357959
37653706  4574912
37653948  218384
37650041  12468526
37653760  19226816
37653953  218384
37647377  12573816
37654078  9723208
37654289  23665064
37654041  34603242
37654228  4837190
37654483  3552461
37654451  1207406
37654518  30441122
37654628  4660142
37654237  24180805
37654716  218384
37652880  685995
37654736  932328
37654567  22119264
37655085  2011142
37655136  30441122
37655001  28954091
37654062  26720847
37655236  218384
37655267  13539493
37655305  26350808
37654667  3642919
37655262  10324596
37655378  3801557
37652651  2118656
37644565  35553500
37655587  4901508
37655669  10610282
37655718  14770312
37655887  4660142
37655334  2469451
37655379  30692221
37655704  22267865
37655584  35654154
37655865  18050071
37654379  12459086
37651654  24611789
37656027  4660142
37655151  1221985
37655863  17717570
37654968  7298731
37329290  31029792
37653627  31309536
37656452  3481828
37656528  380813
37656525  9547291
37655457  15591966
37653468  16694907
37656741  20458720
37656008  22791150
37649339  2332681
37657174  5229809
37657137  19676538
37655988  2167916
37657142  18050071
37595742  4261133
37656802  750486
37513643  1436328
37656840  2784262
37657354  10750057
37653991  5335273
37592708  35166085
37652832  11479064
37657210  4840410
37657045  1791359
37657592  9547291
37650812  1688545
37656563  1425892
14534417  20695877
37657631  21895756
37581105  19988842
37656520  4660142
37657944  36901
37657768  279170
36527336  13439166
37619552  9195025
37657454  12543704
37654208  2937227
37656853  26831041
24533686  9195025
37353540  17252409
37655243  23803743
37654577  8958357
36868904  14221264
36726719  31126181
37658322  2464959
37658249  24714651
37657819  36201624
37658388  2056445
37658527  14220321
37656696  10919287
37650456  37607880
37658708  1355810
37658720  36901
8331325  7267789
37657264  3335162
37658978  2241447
37554047  19563199
37659059  610245
37508895  28894664
37658151  2811001
37649761  16749885
37659325  29308898
37659106  15132659
37658792  2424343
37659449  9210514
37659596  9723912
37659435  37658559
37659668  19135492
37659098  6162401
37659273  2615417
37648880  571876
37660113  409784
37659851  32998902
37653707  24185744
37660023  114543
37660023  2939914
37660244  4660142
37660321  33239107
37660221  218384
37653428  9920634
37651721  370357
37659775  9545472
37650112  23079388
37650080  7498658
37601000  37598441
37659877  5041494
37660516  11030532
37286741  17808511
37659885  19582340
37660565  11321491
37660361  22898927
37660481  5493281
37660481  492384
37660750  940913
37660174  37547399
37533967  17404787
37659872  26997240
37650494  2591098
37656589  32591007
37658150  14535983
37652609  3011726
37652609  34413
37657032  2091465
37660976  10320351
37651769  22797964
37651417  40480
37661080  1028668
