37650230  22489398
37650230  10382929
34247049  18672456
37661213  17353802
37661166  30862988
37642775  9519841
37661297  23667086
37661345  3496532
37660902  4224476
35574937  285523
37661068  16780002
37661432  8334684
37661399  1991380
37659258  2797162
37661646  2591098
37661671  24074479
37661752  17850969
37661836  2608394
37660889  4669178
37661704  161738
37661950  35553500
37661812  5078239
37661947  37583909
37623417  1894967
37662026  457316
37662281  35553500
37661726  26248001
37662455  4660142
37654750  37658438
37662555  8421922
37661480  37659400
37449026  1543614
37661137  31680941
37662788  22458575
37662784  1216958
37662784  9842917
37662745  32906887
37662874  33621808
37662704  37657506
37662904  649900
1396527  33666617
1135679  33666617
37662831  36526791
37663165  4021826
37500529  6817595
37663005  22159026
37662879  16184188
37647947  12573816
37651416  37612740
37662120  23524262
37663073  11209600
37662905  9373104
37662971  8141125
37663458  513832
37663468  13748124
37663515  37658508
37663353  35411871
8253789  588004
37628766  34780331
37662688  6101311
37663513  322749
37663513  588004
37663667  16000196
37662712  14684077
37663724  28696605
37663754  2602682
37663807  218155
19132479  17519528
37663792  4174941
37663785  19281716
37663913  7220681
37663869  3737139
37661786  33549261
37664179  2185320
37664183  1207406
37663953  9210528
37663939  2068372
37662468  24095909
37664290  9605913
37664348  25254091
37664519  10873590
37664792  4261133
37664793  742764
37664623  8028957
37664838  4660142
37664028  4988226
37663858  6725451
37664704  1885557
37662181  16274345
37664917  8354108
37662158  16982720
37664775  975050
37664780  9965708
37664687  10021603
37664895  24002369
37664389  949433
37665100  1780687
37665108  32170456
37664879  16821435
37665144  203198
37660539  13130013
37665212  744319
37665205  44917
37665480  1235179
37645013  8772713
37665475  123559
37665346  7666098
37665556  4968406
37665656  9476219
37665048  1017224
37665081  3720222
37665751  8984287
37665279  25881041
37664876  13286323
37651942  505928
37633746  22411260
37011267  29383578
34668825  26708091
37665888  18708087
37665831  1005685
37663579  19627192
37665361  24622918
37662699  3832792
2797162  2161054
37665426  14872081
37666422  15271202
37666349  2274242
37666443  11408130
37666551  12942436
37666703  10115282
37664382  11296897
37662087  787932
37665156  18529274
37666733  196972
37666863  218384
37666861  3481828
37661832  37551576
37666871  10087819
37666894  678236
37666654  33808393
37666592  535004
37666592  26480165
37666619  152580
37665929  37647971
37667149  37635411
37667149  25854300
37667150  37666062
37666875  21563773
37663751  13282847
37667556  23807805
37667605  5554734
37667565  588004
37662499  5844084
37667599  1477843
37667700  37551728
37666600  19899299
37251621  45494
37667989  36733557
37668044  36354977
37668047  18277890
85992  684672
37663476  24644436
37668022  2973202
37668465  27721008
37668359  18083056
37659585  7404116
37668427  30612298
37665675  477486
37668684  19896562
37668714  25706216
37668762  18050071
37668802  18050071
37665311  7042152
37668978  311876
37669034  18050071
37669033  34445689
37669042  3595515
37669086  16959576
37669035  10689055
37669234  218384
37669172  2664301
37669206  18727022
37669326  1996122
37669336  10695139
37669336  5201191
37669408  1820173
37663602  714877
37669080  1643320
37669423  28335833
37669528  3158730
37668838  3051501
37669063  2126607
37638410  4679782
37669703  13134561
37669770  7102413
36945263  30898686
31623129  30898686
37669709  31623129
37669940  9508518
37669934  28065930
37669875  27394710
37669875  22662488
37669645  2591098
37668111  25348406
37670131  3079624
37670252  269496
37656427  9181782
37373482  30376643
37669397  22665898
37670560  12843369
37670696  28253374
37667770  9942594
37670847  394767
37670859  27581220
37670268  259026
37670717  13854425
37665832  4207761
37600112  24669003
37664229  37631831
37663232  36204515
37670073  7108668
37658553  16201773
37656251  1559293
37657859  15026953
37670924  22241968
37671265  37622220
37671048  676824
37670892  411103
37670993  15853367
37671586  7329749
37671569  25848690
37671569  11352936
37671510  574594
37669565  1555109
37668433  19078461
37667721  218384
37671725  1222935
37666857  10696986
37666169  17059545
37454774  37563524
37671828  8028957
37666691  24740619
37665414  29916992
37671756  32567540
37671322  15406315
37672246  10876105
37672232  4672505
37665423  36861628
37671166  228225
37672174  32964581
37671169  3088059
37672247  20067190
37672580  10102337
37672213  109383
37670003  6090913
37667987  34361260
37672378  218384
37670816  218384
37672442  11040847
37635161  4663771
37654467  218384
37648437  218384
37647700  16974267
37647365  218384
37672912  513832
37671009  6968331
37673127  23333031
37651240  37651780
37663784  15546792
37670959  9698872
37673454  684672
37672870  13389377
37673442  4510550
37666091  15200851
37673040  10483180
37673485  34208495
37673595  2834350
37673595  786142
37665238  35853834
37673817  10120295
37673350  676250
37661415  2033914
37673333  8163746
37672353  29308898
37673824  25706216
37670405  3600750
37674074  538541
37674117  15510354
37534178  1732348
37674011  1158777
37674311  456063
37667436  7306669
37674364  16612057
37674716  7511821
37674725  954834
37674608  23667086
37674737  5066517
3499335  3665537
37674937  2559527
37673937  3106452
37675424  14833326
37675605  5554734
37674816  3739419
37675599  30080810
37670620  30026887
37675747  5554734
37675880  40480
37675858  2422468
37675904  25706216
37482746  24777496
37675759  21242932
37673699  35289389
37676085  943398
37675986  12144276
37676212  14220321
11543789  8021441
37672005  2906092
29633566  5063334
37676850  366834
37672587  5110055
37676203  21824012
37673897  22662488
37676619  37659846
37676964  279170
19666438  18897900
9144043  18897900
14895389  18897900
37676363  4831680
6237756  18897900
13523926  18897900
37677611  7220681
37676288  37676726
37677184  19918414
37677184  25706216
37642951  10069204
6059453  18664579
37676577  2161054
37677751  8988855
37677767  1373164
37677564  2161054
37675890  3306007
37676228  25481063
37677933  3215168
37678198  5335273
37677670  3556048
37674577  10262138
37677628  27337825
6674327  876239
37677246  3480184
37678399  8588145
37676431  26998029
37678808  4477850
37676896  10118137
37671179  11952309
37678787  12573816
37678716  5673430
37678907  4660142
37678701  17785063
14091636  268272
37463901  1063007
37674644  35553500
37678870  15117030
37678965  18070629
37677642  20918650
37679253  5689430
26871866  268272
12402015  268272
37679432  10645994
37676849  14637979
37679402  1625234
37679226  4244896
29573599  25428920
37668886  25428920
37678989  195078
37678698  25428920
29570607  25428920
37679405  3481828
37679405  14909112
37679290  14475096
37678793  18739387
37675280  2030053
37679145  24644436
37679237  13905200
37679716  2638912
37679705  12318336
37678922  7108668
37679885  27506735
37679775  17096637
37679788  5615146
37679976  2973202
37680128  7107297
37679411  847185
37674485  950465
37431802  34599145
37678544  35837285
37677616  22642329
37676851  5970188
37660922  37673278
7541550  941272
37670966  16910503
37680424  4151203
37679914  2555697
37680612  15891781
37678895  3079264
37680570  4429440
37680719  949433
37627864  37677986
37680848  2591098
37679421  805066
37680390  36250353
37680705  4559661
37680705  48088
37678813  27322994
37680751  20094407
37674122  3906121
37680858  13655540
37681131  14505047
37681130  2777188
37679713  22732013
11108048  2777188
37681290  1267869
37675999  27271606
37680832  14790014
37489217  1664202
37667153  37681331
37681411  218384
37680659  29049761
37681333  218384
37681341  2167916
37677957  2422468
37681277  50532
37681592  3977817
37681639  34472976
37679805  18967441
37678371  2532729
37675327  1724036
37681673  3419159
37681305  4956844
37681433  18772154
37667244  7167170
37681059  4660142
37681526  5513531
37681646  25664007
37679678  2693776
37681605  19956838
37681819  2739550
37681911  2226007
37662292  5956215
37680951  292357
37679988  2555794
37665363  13120947
37682261  5878952
37682242  11469062
37682164  20194294
37682239  469695
37682162  31406415
37682439  123657
37682440  19874555
37662300  314824
37677232  16592430
37681999  10604409
37681999  19254765
37682490  10641258
37682425  19326004
37682716  2107845
37682621  1340366
37665903  20940499
37682646  5086322
37682018  218384
37682226  10143093
37681836  218384
37682876  684672
37682570  25611999
37682463  1373164
37682994  18428097
37683040  14220321
37683040  13011313
37676768  30836289
37683081  11391178
37682927  10225098
37677481  1225548
37682955  2369440
37683169  14028959
34162392  33611812
37679567  37645113
37671856  33611812
37682633  11273773
37683334  9991116
37683375  23360534
37683347  7346563
180516  263945
37656115  29440672
37683418  2780897
37682507  14916452
37661515  4812645
37683640  218384
37683437  29923879
37683589  16616590
37683610  16493698
37683474  19075671
37683079  24539521
7958136  4767562
37683793  23486536
37683261  3086386
37682700  28036294
37683912  13104494
37684071  2887209
37684075  7784058
37684085  20547819
37684035  9168823
5307271  2008149
37684238  495021
37684313  31415052
37684417  12573816
37684476  750486
37684404  32010172
37684561  15726197
37675797  17458580
37680593  33909296
37684808  8004237
37684808  3365569
37684795  11478038
37684795  4172810
37684847  34869684
37684897  26908049
37684870  8028957
37684701  8004237
37684822  1534210
37685095  7885573
35038738  35190188
37684379  2741806
37685159  513832
37685192  12573816
37685163  19648240
37684347  5633533
37685264  588004
37685147  21756777
37674331  371
37675086  2973202
37674141  2303724
37674141  2167916
37685340  4261133
37685318  31376873
37685220  27427527
37685350  218384
37678962  20367038
12621901  11355935
37679806  14717432
37663015  537077
37685442  37683451
37685509  27763089
37684875  3112946
37685754  14220321
37685762  4242543
37684372  2349633
37685026  37481992
37679395  37481992
817827  13728485
37685899  3737139
37683327  13728485
37685955  11731377
37685913  6121091
37686192  2023977
37686168  5596747
37684503  37664592
37685141  218384
37686070  15056677
37673561  31660809
37686346  279170
37686453  3423262
37686606  15112125
37686572  142003
37686419  3427345
37686696  3225891
37686590  26724124
37686791  8810036
37686284  230751
37686535  20219254
37686391  5890584
37686150  37122927
37680718  37686187
37687075  8028957
37687047  12885660
37687210  5554734
37686776  4244896
36161116  31993240
37687388  5121495
37687511  1066589
37687321  2857376
37687620  28310594
37687790  12817093
37682301  5585990
37672062  9358129
37687857  23294658
37687385  20884435
37688022  4261133
37687617  203198
37688078  36241608
37688147  37684880
37686567  27440425
37688184  15112125
37678754  999172
37687806  29869559
37687161  37125502
37575704  22011200
37688383  9165251
37667505  35977916
37688517  631664
37686418  13262548
37688745  3750632
37688706  19290762
37688770  3270680
36254825  15348952
37688863  7220681
36292197  30779426
37647932  3793948
15458650  3029422
37689029  31057746
37688887  2564258
37658568  37637775
37688949  588004
37689137  6156878
36362898  29118719
37689185  17232414
37683828  37661650
37689467  2329168
37689486  12124163
37689353  12847853
37685103  14028959
37689325  26211958
26211958  1177704
37677945  13650658
37688313  24644436
37689058  11959758
37688979  11751041
37685230  36785195
37689646  15844443
37689756  8906722
37689276  13520127
37505908  37506010
37688921  19901843
37689879  34635087
37518245  36748804
37686112  17333
37690060  23667086
36443784  36748804
37523006  7725652
37690429  2653214
37690492  25229124
37687660  37622220
37690580  3737139
37688478  32217764
37690585  2973202
37687874  37643460
37690455  37688532
37690588  37619867
14990368  3839862
37690612  1597289
37682903  26516825
37690613  24508592
37689458  9251354
37690835  17009628
37690802  6229131
37691209  14767530
37691149  6670879
37690408  17526608
37691164  2407398
37691447  9822154
37691553  4261133
37691645  504103
37690906  2630013
37691651  2770321
37677031  22365836
37691657  33728887
7225062  7155747
7225062  30094047
37689624  12878344
36822070  32405077
37691598  23803743
37691253  32655797
37691842  2100758
37691894  19843506
37691974  60174
37691881  5696613
37691977  23667086
37691983  18927025
37692027  20865241
37691682  6177352
37692057  35812616
37692098  29396462
37692139  2710300
37667364  37534254
37691930  7165570
37692253  218384
37692318  9214004
37692327  1027923
37692595  1168807
37692652  28371982
37692843  5887709
37692924  25706216
37693310  22500013
37662821  29325513
37693588  37629618
37693598  32514525
37693715  513832
37693948  6863050
37687775  18715580
36511533  34016238
37693540  6572061
37688176  16412099
37694181  14220321
37677483  37672721
37693287  3946558
37693594  10764576
37693342  2973202
37693765  9379919
37691555  24462808
28874146  9911141
37694643  1267283
37694701  1928909
37694539  22241120
37694712  9090341
37667380  22625538
37682618  492384
37694898  709263
2613774  450380
37694957  450380
37695188  33091350
37695079  7295508
37694995  513832
37695039  34241618
37694865  11193466
37695119  19521146
37689021  37289436
37689833  3909267
37695289  13515141
37689922  13081129
37692461  37675191
37686751  7175008
29407552  3867254
4130147  212528
37695752  37612130
37696220  2779251
37696119  5711084
37696577  3106110
37696641  1552301
37696588  34026903
37696105  22937618
37696060  7848683
37694496  5554734
37693742  37487318
37697068  12466540
37697291  10844205
37697238  3505701
37695859  30758105
37696820  14790014
37685742  20730967
37688522  37189509
37697732  17095628
37684946  32584850
37697399  34571
37698344  4244896
37698264  8467978
37698337  9257505
37698483  409999
37698865  4261133
37698955  11749222
37698968  30007792
37698876  2591098
37699053  21017867
37691844  1613341
37686407  8880681
37698103  34416869
37697768  9879369
37699276  3265357
37699355  1841006
37697705  9827377
37699568  23007819
37672490  15793221
37699516  4955635
37699723  35759594
37699660  60174
37698569  35813121
37699880  60174
37699957  1420186
37699747  8123776
37699743  30680938
37699968  501412
37698370  24066170
37699986  21552654
37678490  19131336
37699858  520611
37700472  22444
37675585  4651437
37607671  37409655
37604435  8987037
37658711  2371118
37595548  6526777
37652194  27817034
37574531  19075671
37567441  3683910
37557309  5947742
37700496  218384
37611912  890966
37681231  17507887
37700395  25342883
37505010  6355011
37459064  1224766
37436138  6348902
37436138  27218141
37700553  13042008
37435728  3495092
37435728  16109289
37398525  15099150
37364472  6848783
37300645  15461737
37293762  20238183
37700791  34413
37700762  21583758
37700677  2770321
37692274  37678065
37569665  34297577
37700849  25231447
37701094  2699086
37701094  17364127
37701265  17337744
37701098  18262595
37701198  28621270
37694579  3872270
37701172  11485532
37701674  10695139
37701758  5705028
37701718  24644436
37701009  272535
37699699  34995740
37685362  37656522
37701949  4582649
37701821  1291812
37701508  23471591
37702099  22442378
13902281  1570416
37702267  30021989
37701741  1247989
37702098  3918248
37700599  12864294
37556748  5567617
37702419  388242
37702414  4343596
37702112  2043651
37699545  22186424
37284705  11441058
37277678  7198098
37245363  10358547
37234668  9631335
37221536  23078897
37188293  12136948
37186062  1546711
37183227  800030
37702243  11315330
37150471  4630704
37702038  4445418
37126964  1221833
37072671  2172352
37702725  3855337
37048557  37073114
37022551  21659637
37017931  25180798
37696683  24341654
37702942  24644436
37561310  9099110
15088037  373335
37702916  20141241
37702963  37653064
37703225  15364298
37698159  2535989
37703200  18762324
37701149  11897546
37701607  17150627
37703141  11256091
37694272  30681054
37686076  37703211
37703483  5078239
37700981  27161081
37703373  37414801
37703573  12573816
37654427  6320255
37702932  750486
37702932  1451009
37703557  10287545
37704060  12011294
37703851  8469767
37704279  15112125
37698988  18670245
37703891  37700548
37701650  37403954
37700139  37468427
37703360  23353173
37683596  8315088
37704467  32404
37704671  2599361
37703413  16981921
37704397  30381359
37697435  35053335
37704903  504904
37703401  1255948
37703068  474528
37703068  7168508
37695852  27670365
37693690  432385
37670598  222877
37703493  37554325
37668822  19339
37703102  26644986
37663227  16655851
37677211  36901
37704974  1832940
37640198  18756995
37705340  2304632
37704199  37700309
37701388  19985105
37693418  12784216
37705192  2167916
37698287  371
37705384  14084222
37698518  28011341
37703206  30005025
37704338  10859374
37705686  5362591
37704224  24053634
37705886  4736
37704111  218384
37705122  2770321
37705847  31731320
37705733  20410563
37705143  5554734
37705976  35411871
17940886  2407398
15703590  7277072
37700098  7277072
37706051  14046838
37706206  20449427
37689892  7361253
37690124  37671257
37696974  31885409
37654456  26018080
37706054  7368789
37706054  1614236
37698970  32591301
37691284  7368789
37693340  32504074
24556655  6378889
37705815  11830174
37705001  21235279
37706315  5121495
37706468  8155618
16525327  6378889
15719314  6378889
37706295  13109588
15963959  6378889
37706506  7612299
6378889  4663306
14177582  4663306
37706015  3365025
37706913  3964211
37706873  670734
22650913  4663306
23026324  4663306
37706996  11713929
37644776  37830
37707128  25345748
37704836  10566558
37707028  23446377
32010172  9224517
37707319  16731194
37707309  1100371
37707417  5108319
37707112  7517968
37707191  31601699
37707543  13603445
37707538  21881992
37707499  25255215
37707626  14836004
27428268  7438313
37707325  37592382
37698062  4297763
19507808  1282945
37707892  152975
37708072  2274242
37604107  14860034
37699818  315911
37708179  2450954
37708102  18379238
37708446  218384
37708311  25087533
37708134  2185252
37707724  27550936
37708615  8579657
37708349  8037070
37708760  2256864
37706961  22407233
