7488392  2868662
7490478  7487450
7492579  8028957
9981598  9957721
9983227  4895151
9984306  506282
9984306  4532540
9988209  1939
10000005  2545544
10000005  2978447
9991121  105031
9999110  1726350
10000932  9981851
10003454  1132941
8356500  3966027
8356985  8333942
8357951  45702
8357951  953146
8364554  527811
8905606  8905259
8912044  920413
8919471  6166
8919471  116292
8924594  3537414
8928695  1354084
8928695  3904488
9244849  119444
9252205  405953
9256634  9191036
8829208  4555652
8833343  2800982
8833509  2414906
8834788  1462649
8836158  1140189
8839561  5446316
8840940  1836735
8842410  1001307
8843205  6579844
8843612  1708534
8845084  3096805
8856171  8856191
8856614  2540
8856614  668501
9008097  1062578
9011155  1039853
9014581  9014266
9016028  3319386
8227828  3018313
8228062  10196819
8229149  199080
8229719  879728
8230921  8235815
8236486  161288
8650005  8649013
8652241  8651617
8661065  3315936
8662637  2167156
8664243  8641839
8367528  4328947
8371991  92043
8374297  467793
8374599  2225038
8376454  1097440
8376488  2382763
8846797  1124753
8847942  6867149
8848869  8836489
8849648  2197741
8850439  5269982
8858906  4423712
10007866  3092534
10010874  6677718
10022924  2419555
10023141  256859
10023141  6093537
10029458  4122929
10034888  6072895
8859681  5086749
8860951  2624657
8862366  1943681
8865874  1732348
8875034  1085
7496480  1192768
7496673  1554099
7510884  2109472
7512106  322597
7513442  7511435
7516793  7504735
10041457  6852612
10050000  1234008
10050481  9935635
10050749  8028957
10056748  9775072
8261151  206384
8261458  696321
8265395  8265041
8267653  3352014
8268153  8266424
8269389  8269236
9016853  9031514
9018418  4007754
9018886  985818
9020933  253157
9020933  3477715
9023123  524033
10004828  3649014
10005128  9991482
10017553  203739
10017889  6633019
10025118  641234
10026320  857420
10026320  1455138
9047981  4803948
9049117  5042878
9050662  9050743
9050696  2056445
10028392  3422223
10034308  1682231
10035980  8664250
10048675  8708705
10051883  2841180
8058558  3480382
8065728  661561
8069940  5293615
8070339  3753130
8075687  8076745
9145971  783238
9145971  4058876
9150666  2447045
9152037  267838
9152037  9146391
9162383  901115
8932432  8707757
8935179  8865956
8935983  5229809
8937112  766005
8937587  1017388
8942067  8938362
8942860  8925426
8241432  4980877
8243387  5618897
8243387  5657828
8254636  479142
8254636  4756065
8256191  1354012
8259499  7857323
9275418  8408071
9275733  9074529
9276839  7673009
9285527  8273804
8380700  8226740
8383708  6750145
8388371  236073
8391979  1486077
8391979  8362027
8394672  755781
8397846  7423853
8400033  929875
10057334  212198
10058874  9780211
10071541  2987908
10086967  477078
10094405  5971645
8665579  3049070
8666181  41479
8666181  633474
8667215  8666520
8667868  838528
8668087  1586592
8676775  767372
8860667  46155
8861076  2921702
8864756  288794
8866351  8028957
8866828  8860386
8884994  2114757
8886930  2172229
7518815  2795575
7520330  2338942
7526010  1677880
7528525  7528292
7529118  7518686
7530197  2364840
9026388  4893326
9035412  9189130
9048098  6497351
9054532  557778
7531526  7524064
7533262  7524064
7537499  7537345
8259665  7858262
8260586  3380174
8263009  1177449
10052483  6603319
10070540  206717
10070733  10135395
10073084  1413445
10077528  3019696
8266387  1067655
8266904  3543338
8266904  3978702
8269325  8229311
10096978  4896452
10101071  1009689
10102025  478838
10106620  10092712
10113103  3163615
8943471  5231712
8951884  307352
8951884  1693634
8952284  8092670
9052729  120228
9052729  295386
9060558  1013385
9070943  8102478
9079610  8833524
8083775  542938
8083775  2627473
8087838  5006588
9163334  4998191
9172443  1045845
9178209  123559
9178360  4112964
9186498  8859915
9287935  5377694
9296742  936249
9300018  138374
9305200  5192660
9057340  62540
9061759  1988707
9073984  1947068
9075199  1250644
9075199  9075482
8400488  2751795
8401003  700227
8403730  2679193
8414192  4744187
8867019  4964162
8868598  207819
8871138  6109085
8874975  2570565
8884433  3124974
8269439  757970
8272983  6913403
8276184  3368877
8276377  4644755
8276784  2317959
8276784  2405482
8278356  4809863
8278356  8278200
10078098  10077743
10081470  10328457
10081606  10082728
10090730  10088785
10100885  676824
8676777  1476687
8680721  1390568
8682206  3202203
8682893  24279
8684999  8681448
8889540  8209223
8892105  2915247
8895547  871530
8898019  5697351
8899498  29482
8273205  468618
8275092  396421
8275492  2421911
8280255  8279219
10122395  4277056
10129347  9232738
10139094  5016558
10140312  10140022
10141801  10152313
7539071  2662778
7543558  273238
7543694  2950172
7545430  1095298
8414707  321135
8420072  4968854
8423467  1552966
8423952  109449
8424084  332831
8088187  937313
8089256  8085556
8090477  6337182
8094557  8101870
8960158  3473754
8963366  1873983
8967953  68624
8972994  2787506
8973144  922398
9305800  322715
9311267  7869594
9326154  2173984
9350541  9348905
8886212  8885866
8913820  171251
8916428  8509725
8920597  8117284
8095076  4176328
8095675  111341
8102360  8102147
8108979  8108871
8112673  8111595
8118072  122641
8118889  1643067
8686822  8684346
8698003  8698271
8701962  121218
8703685  8701871
8704370  8704350
7555283  7550133
7556526  381098
7558634  1712741
7558634  4585042
10101526  2240765
10106806  57483
10106806  9636903
10110945  1756926
10113887  10134154
10116525  949433
10117502  154136
10120669  2081612
10142933  10088446
8288396  8200048
8291187  8290936
8293959  8269425
8302770  2501033
8305844  5265772
9077671  1698971
9077778  3720005
9080343  5055655
9082744  2080647
8281271  8280879
8282986  4731351
8288866  8284543
8289538  8289438
8426760  2270526
8426760  8415922
8427794  8428538
10147318  10163664
10151855  10151749
10155365  2883594
10155642  2973202
10155642  11674312
9086655  3568410
9089438  2095395
9096190  724668
9103801  8434913
7562278  96196
7562278  4715831
7567765  4396844
7568987  7538120
7569180  1606798
9192149  9191068
9201123  75886
9201909  690176
9209661  2803626
8982575  456310
8986187  4646577
8987716  1424510
9006125  9000284
9007236  1530561
8306293  6731470
8312645  8309964
8324877  181990
8326719  3566516
8326719  5537297
8328321  445067
10161617  4483303
10164023  1033
10164023  4295970
10178229  2164562
10184579  10079585
8295225  8294533
8295375  2334050
8297626  2630013
8303849  424071
8304828  8210692
10146345  3371503
10157692  1258416
10163911  10030727
10174390  10170566
10176293  1966169
10196481  1291483
10196481  6356351
8921878  924679
8927728  8927323
8931195  6799955
8931672  2443895
8931672  6270004
8932263  527801
10185658  1913098
10186115  10185701
10190938  2032552
7572688  52353
7578940  2331889
7579833  1389811
7580419  7215692
8941764  141993
8947605  73883
8952017  1641957
8952017  2035066
8952387  8952210
8905916  4815677
8906545  2236197
8907088  8905924
8911432  1268504
8911432  8308213
8913161  8913089
8916203  221592
8916203  1057617
8923934  857735
8923998  6451566
9082769  5901791
9084755  2535760
9087231  250234
9091711  5296163
9093797  6913165
9094601  9093975
9098195  9092119
9116036  6725706
9123724  6170472
8308822  8337221
8314252  8313174
8318389  961742
8318489  492700
8318489  2484919
8321090  9030302
9116612  9114273
9123062  3616952
9124032  99297
8925872  53844
8927635  886221
8939733  8967752
9352796  9352786
9358812  6828703
9361152  8756665
9363594  2823043
9370827  2420412
8943813  8943523
8948291  7112982
8948734  539287
8954409  4581791
8120058  8093213
8129517  8317873
8134397  2505681
8135065  1012361
8135116  773639
8135116  1421584
8709114  1147172
8714930  6047713
8717904  5587152
8731208  8730716
8733935  1788950
9131501  1783089
9131501  2149437
9132037  287928
9150110  1322732
9153347  7270830
9154990  1431885
8952426  8939688
8956574  2876616
8959773  8956733
8961050  4828980
8969197  1765368
8969197  5013880
8977562  6723082
8982208  8982028
8988921  8641495
8998086  8985713
9002464  9001047
9004697  3229665
9007646  2785
9007646  2926869
9011649  9010484
9015802  3716116
9015802  8638293
9024992  4652858
9029365  8381239
9031237  499939
9033884  937313
8335458  6613778
8346520  1794833
8347592  119123
8347592  7970383
8348377  588004
8353306  6466054
10204206  1457333
10211172  4789835
10216805  24816
10216805  1219860
10218042  10202638
10220885  228005
10223007  3434950
8431002  6047194
8432891  8005546
8434865  10805745
8438205  8431532
8439311  4858253
9009626  201183
9009626  1068834
9009826  460542
9011630  3745523
9012034  487258
9018518  4586842
9018650  9022530
9210012  9186650
9213555  9209289
9223916  662918
9225223  4821661
9227110  1510840
9020522  9000649
9021683  4913343
9022262  3362669
9024109  8466781
7583291  5637203
7583484  1161999
7596745  307679
7599739  7586768
9157212  2302841
9157798  3069574
9157884  9157630
9161074  9161949
9172331  8612921
10191140  3506773
10194475  5433170
10204201  9887585
10220511  3550942
10221047  4586557
8136873  5252727
8137073  2284775
8141450  8126025
8148037  822487
8150845  4913280
9382527  4851694
9384050  1732348
9405591  3045556
9410956  7261670
9416521  9415821
8321890  8321426
8322569  8019783
8325434  8322300
8327856  1688712
9141178  751804
9141178  5739611
9141544  9144211
9144781  4232370
9144990  3971049
10223208  1420381
10227633  4185105
10230509  60174
10230509  2107162
10233635  5585779
10243527  2372227
10254342  10159264
8955379  249047
8961195  1494800
8962231  8960309
8970119  492994
8970119  1657733
8970755  2483
8970755  496096
8971264  4293174
8440230  7434418
8441332  8339483
8453530  483367
8453883  4516481
9230804  118808
9232376  1732348
9233711  9203928
9245393  5805843
9200557  2973202
9207134  7591492
9209649  2142030
9209649  4702667
9216651  3822609
9216651  8631276
8329964  795746
8330257  3074248
8340210  8340377
8346933  4383971
9425260  9425016
9433131  513832
9435641  9427582
9444495  2973202
9034211  9032475
9036356  1143262
9036356  3247285
9042576  9035456
9043367  6502399
8361581  7033699
8361881  2483
8361881  496096
8363851  11674312
8363904  10889186
8368048  2711520
8457040  1290924
8461252  8131846
8462137  2394011
8467655  1305127
8468136  79960
8472867  6354320
8739481  5542784
8748826  2023725
8754942  6397342
8758635  5308200
8761024  2037736
8473888  3927
8475207  136739
8475560  477829
8475560  8305183
8476513  1532534
8481976  8481191
8482678  7562199
8488060  2399836
10225757  337702
10229144  2630418
10231743  6588015
10240676  599161
10242546  1998156
10262983  310108
10264119  1619769
10264655  1755080
10272208  9751211
10275348  7053738
9224400  3422223
9228483  498369
9233299  9232894
9235628  1619930
9237218  931092
9240844  4011267
9031911  1340283
9035180  9015309
9035180  9033823
9036473  7859558
9037520  2397984
9242605  4588897
9244302  201183
9244413  502811
9247110  7697609
9256963  1579638
9263754  448162
9263754  3339722
9249823  548250
9255839  82726
9261205  2135418
9275460  1132941
9445065  9444632
9445350  2516187
9451868  122883
9451868  240152
7600332  6322533
7605955  7592509
7606655  949433
7606655  2902638
7608134  350292
7611528  891531
8151831  667781
8155039  5609091
8157762  3277556
8167004  434597
8167340  2391818
8169879  8136036
10246790  359494
10246790  2063480
10252699  10235700
10256550  10257418
10257822  10240361
10268518  267436
10268518  990169
8369503  3034264
8374447  3626140
8375083  4691782
8376221  2865373
8380078  8381991
8384794  7750399
8393331  928443
8399583  8384567
8400719  8400460
10286447  10225451
10308772  10308369
10315073  987982
8351299  478668
8354364  8353457
8355850  8350855
9151533  819182
9156822  9156356
9157515  4119009
9161825  9155397
9163663  7031885
9037788  5145510
9037788  7219063
9039242  2185320
9043961  3864959
9045208  6866153
9049763  2973202
8357022  570401
8357022  1080634
8358501  8356968
8372119  10912901
8382501  2607858
8382501  2739550
8394826  8337697
8404007  8387623
9044014  4097259
9049158  1575788
9064568  5842537
9064627  9039308
9079944  4100022
9085458  5684103
9090338  9089810
9093146  26947
9093146  3577641
9099021  532166
9107513  590822
9107513  2100490
9109649  45135
9109649  7337292
8971821  1255834
8975208  2592137
8977816  2855679
8978007  8968434
8985525  610245
8410766  40471
8413640  5902705
8413640  6120071
8416597  2838169
8420590  8300480
9458352  2713655
9461479  9443767
9461709  196980
9463564  9455051
9477119  9371460
9478157  8516222
8422398  1227693
8423700  1070590
8424919  351314
8489179  2680827
8493021  6145548
8507648  4497220
8512528  3737911
8518527  8518109
9270131  1223072
9274250  2630485
9284989  414891
9284989  1818587
9289844  7618633
9291166  7541938
9297582  2167916
9297582  7697609
9313183  895827
9319910  9318985
9328866  3737139
9293694  161790
9295980  9082261
9296116  1763959
9301081  4865360
9305926  130404
9309770  9
9478757  5543523
9479642  3488042
9481982  3675858
9486645  1451009
9487483  3225891
8761273  3616540
8771905  8771298
8775998  285793
8776483  5767222
8777655  8777423
8985838  1031844
8986295  8959983
8990105  6677035
8997929  178328
9334300  2268049
9335311  5654510
9340902  7320686
9341195  1973569
9347586  4089178
10315324  2552272
10320557  962482
10321611  5419
10323616  592862
10326020  1470488
10281945  7691854
10292448  507923
10292541  10187306
10293577  3760499
10307024  10276553
10324170  596351
10330581  4935632
9005081  337704
9005717  8997216
9007017  2671928
7614672  479207
7615329  7603359
7620995  3901603
10332925  2960805
10336115  10409355
10337770  9605540
10346493  4512300
10362055  10352577
9167109  9165808
9167616  8996992
9171092  5117132
9171092  8427416
9051074  2617055
9053078  8281627
9053296  10524646
9063188  9030742
9063799  3546056
9119745  1227286
9120681  8908050
9123221  228620
9123996  1172113
9128174  9096660
9131450  9130110
9132922  5061917
9134015  9132964
8781078  8010020
8781665  495644
8782465  695951
8789002  6912025
8798628  1758142
9492878  4360555
9497260  1256117
9500098  9500138
9505463  9504165
9505731  9490066
8524275  6789526
8524658  3531953
8526598  3582001
8530444  479701
8531044  8508338
8176231  5343412
8182315  3748
8182315  2517752
8182562  1072239
8184119  6924193
8184970  7669070
8428814  8426208
8430835  8308151
8431737  8416767
8454486  4969329
8455301  6712270
8404929  46155
8412238  116292
8416625  347949
8418640  8324463
8430279  1895476
8430279  4599975
8430529  2411410
8434366  8393537
8441318  8360901
10330781  1744310
10330922  976669
10330922  10329134
10339405  1076820
10339405  1183726
10339405  8028957
9348029  90238
9353627  9354835
9353802  9110837
9391881  9357280
10364391  312443
10364391  5083194
10371880  3074248
10379636  10379867
10392939  1525528
10393357  7327525
9391992  1291985
9392267  3147900
9393446  9385509
9317693  6341934
9327218  9310112
9330176  9125222
9332798  9294156
8799764  5271898
8799849  1400528
8805263  8798697
8806116  5978470
8818782  8793399
8822826  1930459
8822826  3280410
8832488  3061054
8837866  2872089
8840576  905551
8848449  2305563
8850285  17434
8850336  2716622
8850336  3986556
8850336  6919661
9008189  8352540
9013312  9013042
9013603  3951047
9013605  6981810
9016254  5053664
8532780  5385433
8533201  4353915
8534971  891531
8540468  7412242
8542676  3860277
9333969  6290249
9335856  653536
9338163  60174
9339050  9334317
7629326  5148041
7629676  7616620
7629905  4560183
7630791  4243741
9177576  158756
9183260  3544214
9186093  3502854
9189076  1896674
9190403  226963
9022470  249192
9022470  4457076
9025037  27509
9025637  3232965
8851119  4424476
8851621  4878493
8851872  466345
8856352  5037470
8857871  714799
9064792  1699382
9064860  2080647
9064860  2831439
9066489  7685308
9143686  2795177
9144018  1013385
9144077  9143869
9144656  9944769
9146251  9137638
8460251  8465378
8461217  8461050
10354479  10371600
10358232  2617055
10358823  2851404
10361404  9809561
10366284  492384
10404771  127704
10404771  9137880
10409251  328356
10410502  27928
10415918  2882472
8442304  8443841
8445941  286007
8459102  8454415
8461974  3052442
8464425  8478188
9398033  4828207
9398751  4561217
9399530  2973202
9402577  9401198
9406096  2001281
8548122  8543569
8550130  3323330
8551164  812717
8555912  739532
8556865  795746
8557401  5212973
8557716  457629
8561579  4367664
8565506  3482149
9201367  9193174
9209289  4545079
9216445  3288748
9218926  7074
9218926  215255
9223538  228617
9232821  1299452
9235931  1582592
9235931  5655464
9236663  5693360
8188514  29436
8199760  1043339
8201968  3801504
8203589  2641770
8204172  1828665
10417071  5938802
10421080  440160
10423705  2896743
9342758  1613341
9346687  2671532
9346687  6298001
9356012  2216630
9363399  2176397
9372359  9360732
8566208  850341
8567442  710551
8572641  620137
8574547  1657066
8577155  4033069
8578057  94361
9149293  9107174
9161759  9153166
9163299  9159255
9164176  509211
9171830  4283576
