37708711  11321491
37708122  1288046
37708788  18983185
37708923  22937618
37708926  14863026
37704639  29625133
37708898  10789251
37708791  10007229
37708204  3264610
37707647  7885096
37709127  14970627
37708873  14515994
37708549  3228972
37709225  16351980
37708707  4873182
37709232  14220321
37709304  5104640
37708706  30623825
37708285  9885338
37707178  20614350
37709732  3820666
4679939  3709694
37708470  2626567
37709929  547249
37709929  3312786
12198882  6571548
37691055  21059612
37709725  6729605
37709384  15490560
37708368  26668509
37588033  4448599
37706300  13569
37710123  5554734
37709876  31415052
37710270  28306130
37710349  11007723
37709772  19076919
37710169  4488035
37710310  7817866
37710396  14602062
37709511  11506220
37710562  4660142
37710507  30352725
37710006  9391838
37709765  3320115
37710693  12573816
37710505  16175153
3762251  4195688
37706940  29646301
37707607  31116300
37700603  37547473
37710504  11982164
37708895  18050071
37709451  33765710
37710463  4709870
37698632  4112686
37710881  10559191
37557445  9137157
37563217  1633797
37582032  3029422
37710831  737115
37622980  8611815
37623732  9943619
37711274  37704027
37704027  37165779
37711249  14853508
37710344  12573816
37711192  19935405
37711557  1207406
37711547  419019
37711547  13731796
37711669  5306756
37711486  19390810
37711720  13102045
37711780  8718885
37701941  6553077
37711829  21664875
37711829  4549192
37711768  18305258
37711569  7165395
37712162  26044728
37711825  20001229
37707960  5067637
37712010  4783242
37711804  23781356
37712092  4660142
37712565  8266476
37712668  3705318
37711732  37690819
37709426  6856744
37712864  24171302
37712804  11958728
37712720  13568425
22351222  2435163
37708693  284899
37543648  26515700
3603157  3519664
37682740  37367292
37694992  218384
37694992  20389255
37694408  35405106
37710685  13317249
37679269  17615986
37687317  406230
37682092  33120663
37682092  2371118
37683343  218384
37711141  22937618
37713443  32855927
37713579  721201
37713596  15479928
37713305  28747161
37705977  8688600
37708533  37595303
37713675  468664
37713629  9936132
37713482  29895569
37713786  4247581
37713696  18050071
37713640  37707305
37713829  10603671
37713859  2135081
37714058  25203556
37714239  5607551
37714509  24644436
37714543  7745609
37706389  4011814
37714624  1416697
37714687  2174058
37692410  9466265
37642073  142003
37706820  279170
37714835  1575141
37714313  23580826
37714313  7703355
37713472  18209552
37713965  588004
37709930  40480
37709630  9973596
37714931  2352727
11801554  40480
37714995  5620885
37715041  25706216
37715225  6349421
37715129  24644436
37715107  1144783
37715361  2328653
37669887  19933550
37715432  367768
37715440  1082453
37715428  655065
37711496  22373707
37715687  17886578
37694030  15788897
37702181  33721059
37715644  33804274
37715936  2709458
37714651  32641240
37698304  37672978
37708466  23667086
37714091  21343374
37716051  2167916
37715458  26700924
37716160  495021
37716090  17578280
37715862  13122267
37716231  588004
37697056  22392328
37715349  28868514
37640962  37606185
37703829  37335102
37715759  2194992
37716390  12694530
37716592  16794584
37716962  7745609
37717047  5554734
37717415  9790749
37716803  28920232
37717856  513832
37601451  34956751
37718025  31690652
37718129  31048953
37717584  1373164
37717171  2640971
37718282  27877861
37661012  37620081
37718165  37646833
37718427  16478716
37710799  14131615
37713032  3167154
37710874  7821661
37712273  22662488
37716221  35507568
37718959  1986998
37718999  218384
37718181  11534710
37718984  20181323
37717700  37296289
37719279  218384
37718844  18050071
37719396  34967482
37719736  3888902
37697268  2129693
37719642  218384
37719148  4660142
37719721  218384
37719679  26028918
37698346  3681123
37719785  1704407
37719720  1313120
37718740  2868047
37719756  11808949
37717984  218384
37719938  13509822
37716333  218384
37720141  37712440
37712440  15669221
37719846  16196338
37719944  15486052
37705442  5273729
37719242  10929453
37718958  16703647
37719897  9581064
37719388  33051996
37710632  32366154
37716083  11731377
37714110  1958808
37720507  11934468
37718449  37675488
37670546  1732348
37720541  218384
37720604  37105614
37720700  94037
37720550  21881992
37718513  29777737
37718375  16798796
37719482  4203634
37712287  15691359
37720979  8544771
37721247  28479524
37721279  695050
37721244  37561465
37716642  20162145
30649435  30571198
37721417  13778650
37721684  14220321
37721686  27122610
37721110  37549594
37650050  3918578
37721832  574594
37721199  35178520
37481999  4259128
37721847  166221
37721793  2634219
37721436  36999739
37721857  16267339
37721911  30382709
37694610  9997976
37721878  519107
37722281  18050071
37032337  12486366
37722382  1489932
37566357  13537281
37722661  16209681
37717303  23024831
37722929  1260952
37719646  23288243
37722619  34414766
37723140  13161903
37720352  18050071
37723094  4945178
37722167  7027306
37723449  6290531
37723386  5527684
37723598  192249
37722889  8484722
37723776  37723390
37722683  12462615
37721912  23417356
37721631  18664579
37723617  5358151
37719232  14314659
37592156  25064177
37723578  1459150
37719708  24644436
37716433  180
37724136  17690738
37724261  483091
37724148  29378566
37724407  2340106
37723732  12573816
37724142  37714332
37724520  218384
37724480  3279543
37724186  21047524
37708066  37713847
37724853  8028957
37718308  4007969
37725137  218384
37725284  17364127
37725034  2087370
37725114  14220321
37713257  14692560
37725401  22252904
37725542  14967485
37725705  1065435
37721702  9345925
37725778  1494953
37725822  29058727
37725799  4901520
37724517  451415
37725878  20286208
37725800  949433
37725800  23368530
37725588  3681123
37725770  30982767
37726231  22937618
37725910  14420222
37707551  31813722
37726568  2973202
37726652  13062246
37726530  588866
37726829  4261133
37726738  33949435
37726983  1383315
37727049  1299871
35989893  28687566
37727223  27806315
35570767  32345768
37723754  37701545
37711010  22002028
27691593  6127696
37727481  4261133
37727590  2610497
37725389  204476
37727607  4660142
37726547  5427656
37727564  37707113
37726280  21161801
37727700  26005654
37727700  24113126
37727853  1380463
37728101  13488793
37728146  9490014
37727797  34474565
37727797  21561480
37728008  17109958
37725839  1685078
37728346  29804422
37728611  98559
37722316  37634767
37685751  29444009
37685751  37665350
37728799  12769982
37728803  13098143
37728426  218384
37728304  18967441
37696367  4178526
37588137  37449761
37728529  37710398
37728529  3986361
37728735  27832532
37729013  4261133
37729034  33621808
37729061  1567979
37729061  13205773
37726874  25643348
37729090  2966689
37729463  4084005
37728440  37717140
37729457  448981
37729578  5996805
37729645  5293041
6107387  1281952
37729542  3580083
4662582  1281952
37729704  7842049
37729694  8597240
37725357  5210535
37728179  8525177
37729295  15746954
37729727  1298605
18004033  2624713
37729891  34361379
37729906  13979210
37729835  566462
37729620  5187530
6563166  610245
37730078  35313710
37730128  24228279
37728723  14662526
37730037  1806816
37729951  16710800
37730223  21010367
37729888  25117043
37730291  434287
37730458  13029299
37730106  22535775
37730500  60174
37730508  11521016
37730405  1957406
37730405  2591098
37730586  654342
37730466  20279484
1464058  69430
1464058  826782
37730742  2595392
37730499  28294410
37728604  2469531
37730727  36991867
37729640  67699
37730932  20449427
37730883  2274242
37730840  11321491
37731234  9010420
37731261  26678030
37731432  3469507
37731406  29815636
22411579  5618878
37731617  18050071
37727247  4956973
37724003  35512516
37731545  2213881
37731545  31205386
37731889  37364973
37731927  9508518
37731928  554063
37722003  25594714
37731910  35222539
37731980  236129
19165542  3000468
37732152  208105
37732068  29770743
37732233  6002615
37732233  276179
37732211  552187
37580224  34016768
35800016  26020578
37732562  16015254
37688326  14727247
37732783  26603435
37732719  32170456
37732802  279170
37732087  10849583
37732508  6848970
37722125  5420341
37733010  14220321
37732934  824349
1633966  1369831
37717385  37449761
37733230  5642474
37733113  25409119
37733455  36749231
37715055  256073
37729522  240178
37653548  389204
37733631  3747155
37733631  8707906
37733711  37731529
37725915  218384
37732840  274626
37732045  18093928
37733732  11184642
37733269  19896870
37633898  27099386
37734070  1373164
37733761  987142
28660501  16424117
37734183  37728013
37733824  7108668
37732514  1944446
37731905  4299846
37734452  3840784
37725953  218384
37723580  3835612
37723580  2061094
37734267  16853210
37734330  5173399
37719260  4958600
37718884  17388523
37734668  20897020
37714006  4716503
37734679  23186549
37734710  18050071
37733739  6387609
37734217  4935479
37706896  8002756
37734836  354044
37734686  17392857
37734963  2923272
37733839  17960599
2853876  721714
37730168  19617670
37735115  6961526
37735347  36992126
37733313  13317931
37733313  20419415
37733022  1302864
37735291  12942436
37735135  8028957
37730332  8321217
37730243  12047193
37735821  4906977
37715825  3271478
37711194  26264897
37672947  21580270
37735926  33395133
37735616  5189699
37710152  4406389
37710152  34835951
37736049  6630690
37736075  1634268
37735940  7765767
37735661  14220321
37735982  3499214
37735579  17407839
37733365  27703039
37736394  17498216
37736643  5554734
37735950  1418033
37735334  9851399
37705138  37498145
37730787  18716564
37736896  7230544
37736865  4261133
37736846  5121495
37573922  2120544
37737199  11852568
37736993  20129279
4007512  8918826
37736552  2084949
37737544  588004
37737304  33132338
37737584  4660142
37737744  20035101
37737274  33707851
37697105  15063440
37729924  20203492
37737802  18050071
37737908  12180790
37737319  2582036
37737645  2612802
37738044  25346512
37723788  766809
37737682  28543821
37737820  3770513
37738181  19482739
37737983  28833856
14520185  1369831
14460772  1369831
37738124  29716653
37738484  36299122
23422978  3665537
37736176  31079081
37738902  513832
37739083  351409
37738653  24644436
37738325  203198
37739365  40480
37281093  36250353
37738990  21982768
37739531  36825021
20609533  15713167
37730419  33996872
37739952  401656
37727444  37645345
37714670  17280390
37690872  26379307
37721600  25970741
37740243  22167969
37740243  6993325
37723010  10175812
37739858  29390534
37740418  218384
37731609  20670911
34796203  26822902
37736658  26822902
37714004  37651570
37588720  26822902
37698898  16854280
37740745  11013587
37740751  2158395
37688475  11052162
37740898  34447435
37740747  2050505
37740278  279170
37741198  37699752
37741470  3127429
37741532  218384
37741184  35662530
37741568  6039605
37741394  207976
37741578  6857468
37740571  4660142
37729040  37611283
37726039  13029299
15630442  32390081
37742099  489340
37741117  3832792
15223841  7756054
37735988  14055860
37739153  31188021
37742275  32369838
37741753  7262233
37736553  218384
37742110  1355810
37742640  263965
37740553  4836710
37734832  33248473
28213135  29378566
37742607  33610599
37738376  2161054
37738913  36932
37742651  26515060
37741156  218384
37741015  218384
37742898  20830309
24391991  24127313
37736628  28653672
37742520  218384
37742503  3530065
37736439  16536061
37741159  1420381
37743375  4660142
37743421  16437173
37742417  236073
37742392  8028957
37743500  36838641
37740701  23318109
37743583  13102045
37743456  4072533
37743386  35178520
37743393  15646973
37743682  37276975
37742133  4345554
37731048  26235825
37743835  16946878
37076364  14526101
37744147  211311
37744287  509211
37744378  10095459
37744366  279170
37744149  2770321
37736664  1965787
37744386  25706216
37002318  18746929
37744395  4669178
37723459  8845658
37716852  18970537
37702083  4654779
37744846  8228281
37744819  3309188
37744930  4822980
28365276  3773252
37728856  20279484
37726911  17364127
37744597  10447980
37737863  14220321
37745116  23667086
37745140  34964867
37409167  34964867
37744371  14072151
37745244  3481828
37745233  4651437
37745422  18093928
37744812  842059
37745337  32667922
20059083  14505932
37728626  4734580
37745399  34160509
37745399  30542287
37743428  35114291
37745672  14354040
37745846  798545
37745632  21009849
37745704  8545376
37742896  1013852
37745978  36119448
37744783  27883587
37744783  13696620
37745925  32353093
37745885  14220321
37746304  1322068
37743332  9605913
37745849  24387854
37745304  9091216
37746465  27478998
37744319  2726551
37742294  13137817
37739152  22584652
37722339  2804543
37740005  18050071
37746771  32888124
37746648  10786042
37741307  6348494
37745393  35982333
37742606  37421203
37746056  6925733
37747000  2102952
37746511  7665673
37747180  19036141
37747292  3476430
37747563  4019962
37747423  4660951
37747652  183928
37742604  7459939
37747727  70579
37747663  23082230
37747663  8330370
37741592  1938101
37747780  228783
37747958  6369313
37748144  17498216
37727992  36352728
37748063  9845292
37745812  10277397
37748131  18050071
37748199  16959576
37747042  21015686
37742995  23111640
37747970  10927523
37748221  11149342
37747924  3991362
37740508  17723195
37664152  613183
37747625  6933039
37734178  21522341
37745842  1299871
37748625  29308898
37748863  1470488
37748732  14220321
37747971  30240833
37748820  33153821
37749020  7506844
37749304  1801718
37743120  36817423
37747950  14790014
37749371  12876177
37749397  18050071
37749244  10589637
37748157  20556773
37749001  28250680
37749386  4083221
37745692  11321491
37749682  8028957
37749770  3271478
37749700  218384
37749775  10773978
37749582  25333486
37659236  10796818
37749823  361069
37749918  5554734
37749464  218384
37714719  19605150
37749940  16965515
37749940  10958869
37750191  600374
37750243  5554734
37750349  421860
37747377  3667085
37749643  33220075
37744127  17633091
37750551  17307865
37749204  10049462
37750484  613183
37750631  25808080
37748651  7320686
37750691  6209008
37750691  21586340
37750751  36821985
37715323  29440672
37750875  218384
37750174  31633503
37748417  306400
37750959  37749942
37750582  29814709
37750819  37748417
37750991  701166
37750586  12573816
37707457  6550409
37750039  17024685
37511105  37481731
37748019  30480672
37727800  1841595
37750777  26777083
37751341  2573135
37751316  19266304
37751248  1532640
37749286  26105747
37751419  949433
37748839  5326411
37751335  13824212
37751587  6343166
37750743  18050071
37751560  9581064
37751465  4660142
37751561  30019605
37751713  22937618
37751603  17498216
37751804  11321491
7090758  9427163
37751188  22192254
37751876  60174
37748009  7029944
37749205  23353173
37751748  17838607
37751937  1207406
37745592  4331336
37743448  222940
37431773  33137417
37733153  34269161
37751999  17519019
37752079  11867269
37746336  34413
37715606  37714810
37751986  16996030
37752409  8028957
37752200  525063
37752200  23231589
37752115  8531926
37752468  32351343
26535345  12002905
37752117  3407857
23737265  1679421
19617947  1679421
6894815  4726441
8057903  8977333
37752662  34230104
37752917  12573816
37753071  20725675
37753124  14028959
37753098  7846980
37753101  114180
37753218  15745042
37750272  22937618
37753356  40480
37741565  22881671
37753141  122102
37752781  22888646
37753804  24284257
37753580  12768674
1536633  3556144
37753900  37749918
37753425  33994158
37752607  11857789
37753740  7975417
37754152  12790114
37754152  26728585
37754206  17498216
37754319  1846679
37738240  13075415
37713823  25098066
37753775  34776210
37753775  34413
37754224  383784
37747529  32955471
36607002  14830313
36575679  34677708
37743956  12936215
35615888  28652291
35035814  28880781
37754092  1219007
37754897  4660142
37755031  630766
37754626  1893490
37755017  588004
37737733  10686261
37750159  17606906
37754964  23819839
37755383  37414801
37755392  9597465
37755274  19662233
37755766  500431
37755562  2253912
37755578  32170456
37756008  8115722
37756016  495021
37755808  20760753
37756429  1667630
37705157  44715
37755173  183742
37756858  6165822
37753958  8439037
37756879  8558218
37756935  21636362
37756883  6942973
37757009  12769982
37755717  18967441
37757106  40480
37757069  4527942
37756738  16220812
37756406  3305827
37756746  4617220
37756812  28909705
37757208  13502078
37756693  7745609
37757308  6475314
37757123  29184358
37757243  11322801
37749124  5429840
37749961  2198410
10044695  1873983
37756389  12466493
37757406  1179874
37757166  4261133
37757620  18223311
37757527  4660142
37755178  671703
3293540  15604140
37757757  18050071
37757919  37757396
37743515  37507941
37757872  30501458
37649337  37713418
37755585  7390902
37757716  13518343
37757702  4770025
37757967  5240876
37757792  13095792
37758195  25187903
37755858  4071252
37758063  5100046
37757238  16238714
37758234  34486417
37758478  33379931
37756869  220231
37756869  220149
37758577  8564532
37758447  37751253
37758713  2964704
37758759  2896752
37757379  25504149
37758775  1015307
37758907  2901102
37758932  2220519
37754239  19484707
37759191  12573816
37758773  3834839
37758972  4003232
37759415  16959576
37759141  9669963
37759599  218384
37759086  23028760
37756102  15719764
37759689  1598425
37757609  29168433
37759781  32646920
37756334  37709557
37760113  4192225
37760331  21895756
37760361  2075337
37760042  949433
37755726  37376408
37730597  16098046
37749336  40480
37760571  18045305
37758736  19695784
37757624  20648236
37760869  10553597
37760936  4967103
37755650  3342984
37745747  2839321
37748693  37190486
37761299  1461432
11168076  647769
37761343  1796177
37761343  1996232
37757989  37685742
37751901  4870462
37761437  2671496
37761093  9189172
37757434  11698530
37761521  4445706
35501376  1155617
37761036  6485807
37761036  37699555
37761416  14142194
37721887  777607
37761563  24148723
37761459  2265503
37761786  529085
2233771  9895012
7537997  9895012
15388370  9895012
8001977  9895012
8088098  9895012
25480640  9895012
18810369  9895012
36346462  9895012
37761277  9895012
37759960  18050071
37762007  7165395
37760863  218384
37760234  15403909
37719203  30994308
37761682  34571
34440290  6226699
37761988  20279484
37750835  13325849
37762195  1647260
