37801364  218384
37807287  13359471
37799119  15469405
37806594  35711724
37804405  18664579
37798311  13987588
37807453  29986657
37807026  4216745
37807499  32052432
37807405  218384
37807513  4421706
37807580  203198
37807759  4660142
37807673  29246238
15369542  29246238
26784767  29246238
19434728  29246238
37807826  3106110
37807803  3274307
37808050  31704764
37807597  9466265
37803280  1187783
37808338  14220321
37807923  3253641
37808491  19671317
37808115  37799393
37808640  2687392
37808718  4216745
37808623  8004185
37808623  12702076
37808828  10006891
37808749  37677183
37808468  37663426
37807952  4343202
37804707  37801924
37808884  8511901
37801438  1995370
37808961  22138550
37797894  7857353
37771210  10122291
37809172  17061314
37809271  31292375
37809424  36529668
37809488  34120421
37808019  33995404
37764180  12991351
37808787  218384
37808778  27990832
37809837  218384
37788651  13386774
37809854  4608876
37809239  27042935
37809756  5631447
37801221  3272541
37807396  35523065
37808561  18496940
37766226  9581064
37810187  218384
37810327  17605197
37810041  4216745
37810279  36913730
37810349  2591098
37804813  2973202
37809883  25754942
37810526  1532461
37808574  18050071
37810296  1348937
37809190  11731377
37792790  218384
37810369  3197708
37810361  23430891
37806553  37789992
37808825  24644114
37810763  8487380
37810610  867518
37811025  22221393
5985189  5270272
37811149  2745265
37803345  16472175
37810909  12461908
37810176  17035478
37810915  2118656
37811080  37545089
37811421  684672
37807695  23681736
37807183  26079591
37807183  36879390
37811299  15946985
37811428  750486
37811611  14220321
37811611  23667086
37808763  19183180
37810622  1073787
37811857  12769982
37811332  21570318
37810110  25866605
31671716  30094047
37809043  11688171
37808696  21574335
37811941  9834964
37808408  18050071
37806281  4261133
37812431  13102045
37812409  923863
37812660  8683606
37811923  9676636
37812668  2118656
37812708  14694408
37812298  11702051
37812298  18268378
37812146  4261133
37812908  24311023
37812831  17483136
37809550  16383767
37813109  37376286
37789758  9588015
37813200  5611387
37813391  4660142
37813092  2045288
20160575  500504
37813431  30680938
37813384  31415052
37810811  24923752
37813483  541487
37813393  37730712
37809806  20449427
37813582  218384
37806032  25164257
37812136  35521884
37813700  509211
37807717  18664579
4538817  18664579
7517401  18664579
37813596  16090487
4258345  18664579
37813905  31415052
37809950  13960567
37809950  14682484
4817600  14211843
37813586  17531874
3596501  2161054
1975284  31255366
37813829  25840177
2371760  31255366
3425591  31255366
37813126  218384
37809397  3505701
37809397  1660124
37806471  21197410
37806471  33689768
6097814  6584054
5915425  6584054
37812806  14220321
37814163  9621355
37807842  37711082
37814047  20279484
37814254  14220321
37807385  37554274
37806514  37711082
37810903  20940979
37814243  8988855
37814243  9466265
32071356  25996484
37812559  13135131
37814636  18050071
37812227  24105205
37814612  1842681
37814220  13928057
37811693  30934671
37814720  6807854
37814867  36173379
37813963  3418796
37815018  18050071
37814831  750486
37803502  11032781
37793107  13493450
37815207  2667095
37815583  3342651
37814702  15413955
37814702  4149656
37811537  37775445
37815541  1512059
37815655  1373164
37815763  21494489
37815935  31891313
37789222  27526281
37814791  14220321
37816050  26915789
37815919  16694786
37816116  1402803
37816111  2185320
37813209  27960435
37816249  14220321
37816171  4605206
37816285  9784107
37816284  218384
37812984  15185661
37816442  24812679
37816442  20940979
37816511  5187530
37816587  588004
37810248  37650800
37816475  287105
37816478  10631283
37816625  4703469
37816219  27946244
37816918  11552380
37817032  6182964
37816980  7238532
37816245  14633968
37817200  3068139
35777840  4856717
37814526  743806
37814526  1549641
37813894  33100702
37813289  35501714
37810111  1913906
37816642  31726045
37807812  37761668
37802129  494594
37817239  814878
37801875  3294889
37799484  23344185
37798229  24408557
37796120  7816294
37817369  22542882
37803124  37782083
37817448  12643160
37817257  19283118
37816900  6311922
37754370  28225465
37817391  30419493
37817730  20639180
37817660  23190280
37812866  20060096
8324169  9295439
37817866  240178
37816977  5804256
37815819  5916511
37817126  19254765
37818171  80646
37818158  4660142
37802601  1912902
37817745  11993290
37818279  10246418
37813692  37245380
37818513  4261133
37818501  7648756
37818310  10083448
37818548  37381174
34090264  35413698
27803379  35413698
11846970  35413698
37818321  35413698
30987228  35413698
28143053  35413698
23693219  35413698
37818436  32486269
37810209  3052372
37810209  232535
32486269  23078287
37818744  1660124
37817470  11062540
37818886  9778888
37818527  16752242
37818980  3213999
37818632  19825824
37819356  1299871
10303353  4171140
22930386  178479
37805595  218384
37803740  24173965
37802479  218384
11690917  3158730
1397895  3158730
37817382  23784422
37819186  218384
37819514  4320767
37802471  5258159
37819572  14220321
37801025  2441524
37819693  217776
37819721  14028959
28747500  10810768
26352762  10810768
22387771  10810768
32241057  1119385
37817819  1269325
37819863  16550485
9778888  14028959
37700441  37677759
3023091  1646586
37786796  31572294
37819820  513832
37777229  9086644
37819950  19834804
37819611  14654707
37820168  13142538
37793306  15851751
37819916  3166538
37820082  6008712
37820183  8317295
37820361  4660142
37820163  6280506
37820442  21003311
37820534  26051915
37819970  14220321
37819888  21881992
37820051  9195756
37820672  18050071
37816232  37403747
37820733  9136261
37816546  21079092
37820825  12573816
34836126  27386234
37816823  32375531
37821140  14220321
37821221  19026884
37821239  25221421
37821163  32585009
37821450  2183486
37821303  2612610
37821053  8679326
37821656  22435212
37821818  27619125
37821823  4660142
1216077  483802
37821890  4660142
37821709  2958684
37821794  9998402
37821009  33104550
37821627  222841
37821178  11501531
37822242  5229809
37777857  16637047
37822397  17484764
37822015  30464857
37822528  32067760
37822444  4295432
37554050  15793442
37822703  247483
37822570  734618
37822771  29727991
37822759  35523393
37822952  35519172
37821411  10794346
37823091  11722400
37823056  4244896
37648915  33034660
37823271  29694564
37823547  949098
37823692  25706216
37823613  20389255
37746098  24180772
37823724  1601834
37823929  513832
37823832  1207406
37823918  20279484
37824130  495021
37823501  13455134
37822114  37262762
37823750  2861652
37823750  17462457
37823234  218384
37813095  37659299
37824418  24644436
37813060  18608452
37823221  68113
37803679  36082943
37824258  20279484
37824573  11026640
37824645  4968406
37824879  3067072
37822955  1390607
37816965  37779700
37824801  388180
37825329  3076414
37825581  30172416
37824971  7615645
37825406  25611356
37825418  3653462
37823359  2770321
37825289  8367421
37826320  2000107
37826400  23975897
37826640  2792074
37718105  28911634
37826828  22662488
37824364  6298566
37826850  230751
37826693  184537
37826832  37818099
10556373  22444
37810156  12046729
37815923  106179
37825662  5981094
37819061  2811001
37827352  1010555
37827773  513832
37827724  22655493
37827736  20705399
37827586  2331509
37827343  2589949
37828249  19454310
37828017  667555
37828320  6094315
37594209  15112125
37828235  5017622
37828353  179741
37826826  35701597
37569927  14275627
37827075  23446377
37828102  625799
37828256  18025851
37826579  2785485
37826884  16252269
37828739  11472843
37828760  2343418
37828582  18050071
37828878  1380463
1060090  1373164
37829047  25113672
37822481  4081217
37816006  37811698
37829112  8928378
37829013  240178
37824855  9884202
37823152  218384
37828755  37549594
37822392  218384
37816578  17345115
37828551  5366285
37826334  26293769
37785681  36941197
37826577  11862315
37819238  26697565
37824892  10085806
37829200  12158714
37826335  20176340
37830143  750486
37829467  26002818
37819555  37805885
37828228  6276358
37821637  28138139
37826587  26736876
37830656  37820296
37830606  5940180
37830598  4887876
37829833  520328
37830227  17810044
37729801  218384
37822788  513832
37783118  4754467
37829626  17527697
37828787  30639785
37830308  2778039
37830647  20177003
37830827  7480097
37830014  192249
37831062  37761668
37831537  203198
37830442  6039605
37830442  30591182
37831510  2591083
37831535  16208365
37826969  6451215
37830171  16305287
37831587  730250
30591182  16523789
37827048  18317521
37827048  13300585
37831456  5121027
37822668  32204361
37831620  6441218
37829139  8044930
37831826  25706216
37830462  26580129
37831236  4428413
37831843  10402379
37822741  37761668
37831841  513832
37831500  32551291
37831807  27596533
37831426  4660142
37831155  114543
37832035  13176083
37662162  588004
37832266  513832
37831406  2778039
37832169  4632940
37832108  28236228
37832130  11322801
37832558  1747654
37820327  4660142
37830532  18471159
37832740  588004
37831836  37066058
37832843  5299658
37833042  4660142
37786463  32635704
36531381  37760919
37814710  15456440
37832417  24475393
37826575  20285512
37833276  218384
37833241  1884724
37833216  1639174
37832622  36446114
5884582  6218494
26356651  6218494
37788381  1900843
8355675  1900843
37833390  2219565
37833024  1558780
37830344  2299469
37833548  979057
37833440  6438896
37824846  20272569
37832396  7273862
37833619  7863467
37831862  2500436
37833707  34112785
37823941  30639785
37826807  2095703
37824338  19353686
37831177  218384
37785456  218384
37833844  9082971
37833958  14220321
37833751  15253796
9710146  9634230
37834127  13383250
37833851  23024831
37834113  142184
37834179  18643766
37833555  4876558
37833145  31437087
37827242  24208490
37834214  21919962
37834374  4417470
37834409  54991
37778793  27321778
37834579  5481941
37834487  602117
37834465  3298577
37834670  12530406
37835029  17364127
37834521  613954
37681122  5804256
37834738  18050071
37835186  2167916
37834986  18050071
37834986  8336858
37835095  7841232
37834559  218384
37834590  33002871
37835019  16354200
37833617  17364127
5344797  16354200
11009298  16354200
29169189  16354200
37835280  10523415
37835826  37268384
15551914  2778039
37835548  23417356
37835776  1078458
37835909  35178520
37835635  31677574
37836153  35274028
37836196  4216745
37832117  7017143
37832881  34511198
37836272  16500312
37836281  12753805
37836361  816285
37835492  36776315
37835167  273743
37836535  28764157
37836600  32648371
37836772  3106452
37836115  34249025
37836822  15958394
37836728  37781978
37837119  513832
37828512  37828996
9957104  4791790
37837109  915904
37836774  23436437
37820963  15155311
37837743  291978
37825087  15112125
37837582  7364891
37837604  4660142
37837976  13122137
37838158  203198
37838100  24033722
37838284  7956729
37838451  4550505
37838465  14436800
37838168  19655184
37830017  18457741
37830868  2075337
37838535  9233000
37836660  14220321
37838740  4848611
37838297  1019793
37838790  3717215
37838782  2825991
37838965  14220321
37833526  37421203
37833211  15371918
37838947  19171715
37839046  15112125
37839203  1630631
37838865  19866641
37839369  11321491
37812949  30525292
32956862  33599983
37839379  36797540
37839394  11321491
37839230  2354609
37839332  1529002
37839476  28988260
37836636  18641899
37839474  14421101
37839601  9506293
37839703  17870999
37840069  7865023
37839358  16623579
37840243  37450805
37840349  6343166
37840374  4261133
37836565  34664433
37840361  37791604
37840412  17301972
37838751  14764534
37840605  6300937
37840693  40480
37837422  37797322
37840678  1759300
37840268  22662488
35291457  35293848
37840725  35540885
37820968  12573816
37840905  16875238
37840760  22876978
37840972  5554734
37395175  37380736
37841012  34954771
37841252  12769982
37841101  11321491
15852122  5445085
37841346  251464
37835709  1668649
37841510  726493
37839642  18192082
37841427  37058178
37841241  1654887
37838417  2909768
37841537  35158215
37840175  22937618
37841838  513832
37841424  1368264
37841607  13949163
37841964  22268881
37841936  5767228
37708687  35937875
37842173  12769982
37839499  3360441
37828077  37753395
37838600  5092439
37838958  7000428
37836792  37838676
37842504  4587392
37842365  3127429
37842365  1646698
37842382  4381829
37842689  218384
37842922  18050071
1460060  60174
37842682  24539521
37842627  22014882
37842627  8976627
37842993  37792725
37843063  37818408
37833436  8408625
37843044  8028957
37843155  31548311
37842956  13773770
37843265  9313991
37843312  36408605
37842849  35224675
36948566  36408605
37818576  37333179
37843307  37801370
37843189  10517268
37751580  37614372
37843359  13005421
37843264  24521717
37843388  14343788
37842417  17328538
37832570  7947030
37843624  14220321
37843705  4421706
37843722  26417734
37843362  2299469
37843762  22741319
37843491  26177565
37843193  8586722
37843900  28250680
32619480  35922484
37837113  952914
37837113  6339235
37837033  1500827
37844142  12152626
37844215  976882
37844354  37571400
37817437  17067294
37844420  7539282
37843808  34999568
37843334  35232798
37842892  37681248
37844483  22662488
37844033  28813637
37843856  21441876
37844530  13719037
37842252  2392100
37844388  2295290
37844305  5618163
37844535  10985950
37844649  14220321
37844568  30783217
37845055  29646301
37845089  4261133
37844934  153633
37505961  23469100
37845069  2375587
37844908  34869597
37844862  14260037
37842806  1945213
37835286  20935315
37844998  33932901
37845067  218384
37844497  218384
37829905  683518
37829149  40480
37826453  4830711
37843885  10504044
37825333  37645545
37845359  33454533
37845071  4488035
37845724  591094
37842545  12926899
37836405  14927391
37797384  10478233
37842507  36960628
37845909  12573816
37846264  432493
37832426  19245205
37838224  28250680
37846332  19226816
37846367  23058029
37845497  7372277
37844204  21024099
37846504  1930459
37841680  33921031
37843584  3309188
37846582  14375340
37846704  8486403
37846445  22100363
37846621  12287704
37846803  14028959
37846853  3737139
37720671  2201925
37846681  218384
37846862  36092304
37769749  37795241
37841325  11757487
37847074  2850573
37847090  21900853
37847380  218384
37843966  26543131
37847350  26353378
37847264  2973202
37847178  12577263
37846477  3307409
37847590  164085
37847597  13331054
37846365  37357974
37843750  13719593
37847332  7348663
37848523  3172741
37848837  26212103
37846569  1299871
37848774  1604968
37848845  14485115
37846519  6081439
37848926  3577641
37848589  37684009
37849124  35835754
37843422  3487001
37849410  3476430
37830624  1106377
37833061  2846301
37844594  148451
37841772  2197741
37849943  11904981
37790851  29378566
37850067  24128860
10882259  10566991
37821111  37819252
37833287  34626266
11950189  5652957
37850454  22662488
37837299  18498218
37798695  2151212
37850614  6645537
37708675  37586811
37850471  11441666
37850976  218384
37851132  34556991
37850392  20507591
37622703  5384152
37851085  7625874
37851199  218384
37629219  372604
37627647  14133366
37850773  1094865
37851240  16314069
37851626  13593771
37851106  3505701
37852034  5951464
1847899  895171
1235716  895171
585396  895171
4753823  895171
10313032  895171
32763115  895171
4541455  4535328
7109321  895171
2037910  895171
22777256  895171
37850832  6194950
23973519  895171
923683  895171
9671688  895171
29463359  895171
11898242  895171
37830566  9260999
26478269  895171
21329562  895171
6291348  895171
37851428  565504
11618764  895171
751702  895171
3278564  895171
11019151  895171
37851767  1912029
37852272  8724045
37852127  2232934
37852466  628526
37852307  31261058
37852576  1256667
37852106  2561671
37842658  794371
15516014  13345091
37847654  6269765
37853044  4244896
37851846  14220321
37853128  32345768
37852479  10380885
37840147  37824994
37849448  16393581
37853327  12573816
37846102  383947
37847534  4261133
37853502  9560600
37853359  209513
37845855  218384
37853762  14723812
37853827  7301615
37853664  12874800
37853759  12705517
37853797  588004
37853580  37813582
37853674  123559
37853624  885009
37853840  1830158
37852274  3964681
37854097  218384
37850970  22369717
37845025  37821440
37850643  3016575
37854035  4438147
37854099  6373482
37851391  254251
37849317  18178565
37854205  1694751
37851495  23417356
37854413  25529261
37854387  4870462
37853382  5366285
37759603  4432208
37854743  9329446
37834151  24102498
37854630  2058223
37849696  17359
37845656  37843648
37851867  37207533
37851529  24594049
37854651  1550533
37847457  37843648
37855193  8608587
37855134  32648371
37855289  10769964
37855208  147181
37855266  12053500
37820636  236129
37853083  218384
37849800  203198
37855542  1172097
37854335  13653712
37836831  7264682
37855383  276512
37855695  20563772
37855802  8144891
37850826  30273251
37851905  4767396
37848839  10390406
37855979  14220321
37856117  795746
37854702  414164
11803518  10550541
37856254  14220321
37855948  37622220
37854637  29974019
37854547  860459
37856235  20825588
37856237  3012488
37850782  31847054
37856393  673153
37854232  37359151
37855794  6060824
4676095  4399812
37856465  11268501
37855734  24019707
37855989  218384
37855500  29322605
37852229  29295929
37856758  673153
37847775  34412157
5536868  1272334
37856367  16486819
37853539  5208679
37856796  37480949
37849215  33377262
37857158  95635
37857110  8376531
37857091  12654772
37857091  28081297
37855300  33970892
37856188  18578298
37856188  18050071
37857382  2371118
37857410  218384
37856937  30729543
37850352  4261133
37856615  5489365
37856615  12769982
37857533  36220929
37852650  5022067
37854892  9535250
37857542  409784
37857637  1296843
37857582  19803731
37856973  3794649
37856412  9366816
37817063  37812748
37852678  1974373
37805442  3490336
37857830  1660124
37857940  1835683
37857164  800007
37858040  32635704
37858259  18050071
37850595  27636373
37858252  806000
37858454  6260756
37801717  37036930
37858608  14220321
37850769  7881233
37852378  9778670
37858731  4016067
37852073  10424117
37858721  18057669
37858496  8349844
37858908  111102
37857789  3996904
37858968  17167764
37859052  5554734
