37835323  35374912
37855654  32440461
37859138  10167621
37859256  5821851
37858809  24004776
37858804  20703944
37845234  247245
37859571  1016896
37859564  6352425
37850410  14220321
37859596  7129842
37859763  218384
37858053  33938599
37859514  35065903
37859927  986006
37860072  772124
37856151  21006093
37860114  588004
37858775  31481060
37860324  2612802
37860482  4870188
37860624  1327544
37839411  37071388
37858869  37482366
37860709  24846206
37860629  22852274
37848817  2816369
37860986  12866447
37860962  18484294
37860305  11321491
37860456  8799399
37861159  864516
37861006  129178
37861274  9882487
37860949  8227630
37861415  13070190
37852103  34700505
37861485  14379274
37859088  2113795
37861314  7985970
37861072  6612385
37840777  3465191
37861067  9792702
37404764  37426093
37861522  11115998
37859659  18524
37862002  36535629
37841903  28567113
37861679  8698726
37861350  8028957
37860113  29451038
37862260  18497122
37862574  33621808
37861670  32743772
37862669  12769982
37862121  577634
37862781  553682
37862824  14220321
37862838  8028957
37862720  4720343
37862931  32228017
37863064  8533612
37863124  135448
37862831  12785364
37863024  3681123
37863036  588004
37863298  2257657
37862588  4112686
37862767  3063787
37863199  30464857
37863368  6264907
37863388  13102045
37863497  513832
37863475  37509992
37862180  25234898
37863654  32648371
37863629  10743396
37845161  21236483
37863381  17714584
37863887  3017852
37863597  34413
37862681  1867861
37864109  1215548
37864157  18093928
37864360  6266334
37864352  40480
37864410  17364127
37864522  750486
37864280  3127429
37825730  30406066
37863777  4645119
37864357  37862087
37863499  37809915
37864877  4527911
37864877  1353657
37863776  1611625
32097102  37809915
37865050  3737139
27744598  37809915
37864806  4261133
37863555  28999318
37864692  14220719
37865083  3406320
37755483  4016073
37864992  148901
37864992  1529077
37865191  18026236
37865444  24024702
37863294  7751514
37390822  37517208
37865632  18050071
37865682  16474475
37865672  11654449
37865805  9508518
37865843  29140402
37865972  3446216
37866034  5771937
37862069  7944601
37866139  206717
37866255  14220321
37865822  3277367
37861664  21256132
37866279  9273016
37866087  37442593
37866415  8028957
37861513  12573816
37865858  9985013
37851803  728360
37866718  20554113
37866765  19937880
37866593  1945461
37866628  20890703
37866887  7469088
37866989  132988
37866989  15977808
37867120  22636826
37866610  18555445
37867189  21504141
37867283  32648371
37866811  6926512
37867371  355167
37867159  4361553
37866086  28507328
37867517  30692921
37867517  5431351
37866900  4660142
37866712  1207406
37863120  2835559
37867854  20324830
37866824  10565666
37867832  4660142
37859616  11055303
37811114  37796337
37863526  2965837
37867985  18777989
37855527  14115318
37854113  8607264
37867930  37776454
37867968  8852560
37868390  7999148
37866959  10895763
37868398  4962559
37867774  15536241
37851789  34853220
37848340  22295901
37865750  218384
37846195  34429632
37857487  9195713
37841525  20625582
37848609  5554734
37868744  23667086
37868359  29866131
37848561  9838119
37867573  21881992
37868992  949433
37869117  6475314
37869111  218384
37838501  573618
37835921  12118939
37869020  5804256
37829466  2846653
37829466  20887555
37825230  2304632
37868025  24094158
37869011  1848474
37869205  37835674
37800366  4700614
37800303  10631473
37869346  11088365
37752012  2357824
37868804  22944468
34785817  29149174
37868312  22340762
37868606  14630288
37868704  31287404
37869633  5554734
37869819  2109648
37869924  2189376
37869732  20889996
37861416  14028959
14766153  1348892
37863842  18050071
37869957  20563772
37862097  1820908
37870028  12713659
37870275  17385961
37870272  13875466
37869479  302096
37861678  4660142
37870362  1727772
37869549  218384
37869170  20077487
37869634  31563107
13478460  1679126
37870752  6655592
37870597  10367698
37870419  588004
37870739  3384058
37870874  1122381
37870875  11567290
37870921  3488703
37871058  894804
37871179  16296622
37831244  37870826
37871448  218384
37834663  2094793
37866430  10230561
7410210  22358
37871508  218384
37870305  16063933
37587703  32445174
37871512  7803256
37871174  2889871
37871174  23446377
37871597  22881022
37702654  37700461
37871693  523405
37871715  4699186
37861827  37821428
37851532  25323605
37871636  37843893
37872153  6612385
37872036  2158395
37872218  13102045
37872068  1821495
37862198  771949
37872370  33904332
37871964  4760215
37872482  10766112
37872483  4749442
37872425  23792890
37867735  37403954
37849647  35034885
37872767  28614078
37863738  8180882
37872747  23253144
37872065  312443
37872702  3563847
37869079  19397957
37868522  24551816
37871570  599161
37872879  2363777
37873176  37636479
37873131  750486
37872730  14220321
37873545  716597
37873577  1520429
37857672  28118691
37873604  30345700
37864845  37815550
37864845  3306007
37855582  32379805
37872550  37612768
37854122  37341217
24136474  23930213
37863576  16336643
37873619  1089508
37874120  2633801
37874003  1682567
37756447  1265665
37874458  4436087
37873502  6234838
37874333  9492249
37865403  4716503
21238704  29378566
37874629  166221
37871959  9657572
37874073  12573816
37852421  4350788
37874134  15882696
37875038  12793577
37875190  18394882
37874133  129677
37872364  2567263
37873989  17054000
37872892  2162121
37875707  2854026
37872168  16804093
37872168  6600329
37871941  20727568
37871704  8780962
37871472  218384
37868698  3510614
33608421  23831711
37865575  218384
37865560  218384
37875141  33455666
37861944  218384
37870416  7856152
24280809  7856152
37860887  218384
37876040  32595371
37875501  10650443
19005945  29378566
37875423  218384
37875970  31828182
37869671  33233398
37875492  32170456
37876725  5187530
37876730  18050071
37876065  2118656
37876704  18613023
37876814  3025094
37875249  32410695
37869110  37761668
37872512  4018849
37864217  2132242
37877063  18050071
37877159  15112125
37874351  36716363
37876509  27226954
37877332  7614574
37875889  21879973
37877387  14220321
37877326  3403909
37874766  3746649
37877299  1951506
37877330  14261474
37862346  23210499
37877528  9701380
37644580  255927
37875453  18184614
37877943  4015345
37877487  24279680
37874056  19336202
37877907  14220321
37878228  37450215
37878052  6168634
37878375  588004
37878392  356675
37876838  35648999
37878530  6474783
37876135  22105162
37877578  37873862
37878691  7944460
37878708  32170456
37862092  4036857
37878780  3709548
37878331  1788312
37875391  33019106
37872472  24644436
37874849  18050071
37879050  6711925
37878965  315051
37876839  218384
37879126  26469268
37879225  3789528
37866830  20581746
37877284  218384
37879397  24639335
37878499  21390035
37879294  17498216
37878868  14671453
37864199  11107428
37879310  20688839
37873692  14813370
37875436  10885044
37650371  3003145
37880003  4216745
37878330  26130463
37875449  703272
37879698  14229072
37879955  81991
37880237  5950043
37880087  37043857
37879471  37878370
37880380  4616202
37863347  3076414
37880625  8705017
37880625  7552660
37879819  37878370
37880620  12201928
37880826  949433
37872820  4453517
37880934  8098953
37862790  32988099
18853708  9469504
37881121  12524468
37879856  12588082
37881276  11210507
37881280  3599722
37881366  35665759
37880818  218384
37880597  5798638
37881648  4261133
37845834  37645086
37881163  14742437
37881277  2973202
37881536  37880944
37882061  35553500
37882323  8635317
37881763  218384
37882393  54686
37882411  37880517
37882387  6447744
37882128  18928936
37882644  679915
37882756  11315416
37882416  20611
37882565  10004112
37883105  9824053
37711920  4331189
37883128  1144783
37883169  2973202
37883081  3734247
37879372  37786230
37874689  218384
37883132  19756332
37881983  171251
37882950  37038698
37883593  3053726
37883548  890128
37883697  25712791
37883589  21721119
37881355  30235449
37866246  10527072
37883871  12769982
37883586  750486
37883966  11321491
3337455  1525521
37884136  12876177
37867228  33940126
37883702  13882567
37875401  37335102
37884392  16108459
37874910  18005984
37884476  22662488
37884363  5899849
37884357  21287794
37872334  18285640
37884451  9770368
37884375  3537878
37879081  28492702
37884576  133973
37884576  5490448
37884647  3768895
37884641  11679567
37884521  4935632
37884558  3176602
37884747  20688034
37884584  14667558
37879442  1728683
37884930  1256593
37884941  15455009
37884941  2236747
37884894  4091765
37884434  9154817
37884786  8073278
37885162  16641119
37885162  7301110
37884946  12466493
37884741  1685680
37885280  24715864
37885277  22662488
33424627  19385639
37885287  123999
37885298  37874855
37885271  4660142
37885387  218384
37885517  9437726
20999660  27654671
37885483  2973202
37882852  17841589
37885708  37879467
37839059  4364221
37885422  2992992
37885869  812961
37884341  513832
37874160  21810133
11746071  918886
37886034  9710895
37885907  23566734
37882823  11153995
37886093  12453580
37886106  15439919
37874751  37738445
37886095  19622063
37886033  4425318
37876035  36109052
37760404  35079629
37886100  7294651
37062966  35446160
37868277  6867084
37880061  36861177
37886139  8577545
37886223  3655316
37886422  4261133
37885170  5003142
37886546  11530217
37880813  3088433
37879835  18050071
37885777  21664925
37886708  1817792
37576201  1646998
37886804  1784780
37886895  3551696
37886885  4015417
37867115  35772846
37886969  11939595
37886295  218384
37887024  307352
37886565  2163829
37886950  35547971
37886742  32441576
37886781  421280
37886651  218384
37887263  4261133
37886990  19829293
37886358  3058435
37884513  5047344
37887469  32061254
37887415  1697807
37870405  24739980
37887410  8073278
37871916  2693776
37887543  153724
37887607  513832
37887594  3368314
37882673  16336643
37881298  12463583
37887621  5339339
37887460  19794500
37887072  24644436
27127313  7992216
7992216  5448653
37788179  37784116
37883267  4651437
37886960  2435018
37887834  15523514
37887913  1996122
37887999  35437589
37888038  2706125
37886879  3030480
37887450  36469710
37876721  1630169
4372178  3014402
37842534  10167266
37842534  36092304
37886200  9525415
37888350  588004
37883296  423379
37880686  9460182
37888443  21470349
37879228  25135505
37832345  37830113
37886255  21626439
37882822  37791034
37886417  5558418
37880692  29776439
37886305  134934
37888860  588004
37888649  10473116
37888924  3076414
37888937  1535187
37888365  2829613
37888724  5791714
37889121  37810967
37888934  37242533
37888537  4818741
37886390  9689793
37888827  21523311
37886140  1128723
37883609  4574785
37883946  37881809
37872725  1716296
37877307  37828401
37875180  70689
37873768  37859578
37873418  5953525
37870692  34168318
37870661  18438890
4205908  4593469
37668185  24900875
37486849  27580281
37771927  37697764
37889535  34384912
37889149  37885398
37883995  8206291
37889430  218384
37889610  6343166
37889665  1565600
37889729  5063269
36305043  32400689
37889763  3505701
37889763  11680579
37889693  11922383
37890007  5187530
37889677  279170
37890209  12573816
37890225  1991380
37886219  1575141
37890292  910423
37890100  15195209
37890326  7238532
37890339  29923879
37889975  28307814
37889039  23903415
37888878  9689793
37888740  21122540
37885501  37346801
37882420  67631
37881829  588004
37876862  21358374
37872035  30626615
37871375  26767591
37890484  12431909
37890619  22937618
37884784  3618733
37890789  5121495
37890850  588004
37890924  240178
37890836  16955978
37890983  18410035
37891003  3561043
37890928  11321491
37878935  30441122
37891223  30571875
37891490  37889281
37885404  30094047
37891633  11127920
37860194  24002369
37891504  15172939
37715122  37716482
37714326  37716482
37869608  32788407
37891918  337300
37891771  7712389
23794934  37889337
37892285  5917082
37887219  14720807
37886111  32170456
37892630  4176328
37886961  33076515
37892196  33310179
37892774  11646105
37891294  17591447
37883211  30765157
37892967  2399307
37884309  3800603
37893192  4401850
37891732  1475297
37869358  34928565
37893436  495021
37889623  34042910
37893435  2973202
37893520  4616202
37893457  11972084
37893569  11011756
33294475  36689383
37889896  28684812
37893151  8577545
37893571  14028959
37892733  2118656
37847769  1063007
37893753  33003498
37893753  14010551
37883220  37880875
37894237  25024197
37894153  5554734
37894143  17106
37890121  30727343
37892528  32489870
37887325  17973116
37894604  20555321
37893216  7576138
37298456  37750826
33341608  32818297
37894922  3778335
37894852  8994157
37894817  29658685
37895094  12622424
37895157  2168201
37894940  218384
37894847  18623607
37895126  4958235
37894644  218384
37895618  10458437
37895583  435703
37883652  11301738
26492026  805461
37891646  24644436
37892925  27932408
37895772  35439455
37895714  4022289
37895946  2166433
37895759  18552029
37787784  11068659
37895968  1894269
37895949  5288283
37895691  812571
37896390  5385714
37891806  11862054
37896485  24973330
37890740  2584678
37887114  5750773
37896500  2745265
37896632  12073689
37896625  2528318
37889115  6817262
37871177  37870052
37896753  1976433
37896466  1637620
17139851  4719320
37896974  4719320
37896991  3682049
37881573  24879760
37897052  221346
37897087  34288969
37891642  2213923
37896506  18060667
37897597  389741
37897610  1198777
37891651  9602022
37885118  16087470
37897862  16959576
37897869  2461303
37897735  218384
37897943  29308898
37897860  37879874
37897163  24644436
37897441  18050071
37897903  1359018
37897748  37878946
37329233  17198889
37898009  1132941
37898016  3900549
37897678  16197135
37888751  27947601
37896492  218384
37897809  34389322
37897809  4214773
37895313  1686699
37893938  8104692
37898162  5554734
11530862  3512471
37889023  218384
37888560  2671496
37859675  18461990
37898240  27770845
37898204  4206612
37898317  2990121
37898509  890966
37897724  34995740
37879132  12914890
37896319  218384
37898727  750486
37898708  25706216
37898820  25064738
37898889  18093928
37898866  18050071
37898675  5654926
37888052  26402472
37898904  759966
37898917  4666973
37899001  4716503
37898722  8511035
37899071  12573816
37899079  11400163
37899141  218384
37899340  4261133
37895427  17583919
37899342  4870437
37899286  23839481
37899522  19364943
37899699  625799
37891964  26703502
37889858  19986662
37863274  324214
37899915  28521173
37899933  22648627
37899866  30492991
37898393  34844279
37900046  1085709
37898146  23062430
37900174  1026069
37900286  695050
37900389  35051956
37900077  9793060
37896392  24496605
37900565  750486
37900586  750486
37240218  31721492
37900531  30249069
37899574  16506276
37896854  20714160
37900763  4307187
37900602  15970057
37900828  11922383
37900885  20389255
37900826  22458575
37901049  2067472
37901173  32300132
37901246  2099695
37901333  1547150
37901123  22171558
37899729  1537116
37901015  10002021
37901335  123758
8645760  123758
37901462  513832
37896713  7140843
37901384  31021784
37901580  28985363
37901515  29693362
37900417  3207219
37900002  2847386
32031711  1457863
37901696  5448368
37901547  26525965
37901769  14220321
29843201  22506040
37895253  2493785
37890110  37175078
37901820  10693845
37883196  27353568
37901793  5376203
37884290  22888919
37901468  22519784
37901940  35928580
37901758  4660142
37897552  1780009
37900376  35613344
37895019  3446216
37896130  4261133
37901991  24917483
37902062  588004
37901067  637921
37901329  32554085
37902003  32241014
37894884  2390662
37902016  36177577
37902107  10693845
37902145  6247233
37902303  12573816
37859991  8347670
37902076  6922621
37901976  36247140
37902479  3003145
30996646  16606092
37860766  4760215
37902605  845110
20567667  8273636
37902623  4701532
37893215  2947044
37901850  11734561
37902813  25867584
37900144  12769982
21944546  13911733
37902851  33882130
37902701  218384
37902944  13498179
37903026  18050071
37902449  27229579
37903084  1801718
37896939  4660142
37903149  895326
37903170  5078239
37255209  31721492
37761063  6039605
37902506  7046244
37903439  2192764
37903254  27874987
37902535  23069468
14700861  34366305
37903814  673721
37903578  842575
37903534  1438842
37903666  3737139
37903806  36564901
37903925  519520
37904061  33982545
37904065  28494089
37904103  6605640
37900593  37865951
37903983  218384
37904183  13168968
37904355  3058919
37904351  24963718
37904303  7033170
37904410  13102045
37904166  23353173
37899304  24592027
37903949  11865917
37903463  14299638
37904883  1120371
37901094  306313
37904994  513832
37902024  2668161
37904919  157944
37904433  28975118
37869191  4660142
37904067  7220681
37904947  8710619
37903242  6548157
37903403  37148424
37896796  2139134
37901752  34365369
37904206  6761366
37904206  218384
37894859  9605913
37894828  17674634
37894179  34413
37905134  12791456
37880306  6265731
37881783  11457564
37905197  28236870
37905120  610245
37905262  509211
37905224  588004
37905298  513832
37905015  37901892
37904221  26599172
37904091  1597405
37904604  4660142
37905473  25706216
37905463  36250353
37905052  13701347
37879958  36844968
37905538  36493843
37905642  2486191
37903853  29293637
37905658  37800342
37905836  37904421
37905997  218384
37902924  37844384
37906091  19777612
37906143  6957631
37905928  5928599
37906236  5008426
37906296  33977098
37906118  17677649
37905779  37905811
37906370  5078239
37906370  5804256
37899871  29560100
37905226  37901710
37906676  949433
37906856  3553135
37906881  28791470
37881856  18995951
37907077  7627098
37906814  846994
37907102  60174
37907359  5078314
37907171  23417356
37907449  8644992
37906188  4660142
37907259  32170456
37907516  3341350
37907712  2129230
37907747  35001169
37903184  32166870
37907810  1359018
1513040  301054
37907871  16704414
37890661  10382929
37890661  37260864
37896186  25706216
37907700  20035101
37907922  31153787
37907959  237128
37760589  29642389
37908052  1373164
37907756  31617301
28016202  6385190
37908298  10444077
37908323  46898
33360034  5690351
37907367  37517208
37907470  37876257
37906652  20130635
37892127  35818590
37908265  8046662
37908048  5493281
30666162  1532461
37908629  3901144
37908911  5620324
37908943  12664107
15539850  21383027
37909009  4359979
