38017870  18050071
38017931  5789806
38017886  742415
38017963  240178
38018237  57803
38018321  3817529
38018417  355062
38017252  456367
38012004  3760222
38018551  3062005
38018551  5493281
38018677  6475314
38015111  29493292
38018191  4660142
38008265  220273
38018766  25706216
38018892  805107
38018913  12503527
38018774  21556945
38013424  6162662
38019044  4660142
38019076  979256
37874691  1483075
4286633  2171939
37990767  9143317
37874577  16333244
38019433  218384
38019509  24378375
38016729  37330156
38019563  20035101
38019576  20035101
38019519  14822012
38019624  34413
38014500  31222261
38019448  2112373
38019660  23852286
38019326  822452
38019672  26261001
38019741  4822256
38019733  881085
33007977  651154
38019767  20435046
38009414  218384
38008148  13895867
38006306  9224517
38016990  4052940
38005850  908672
38019882  383947
37973276  16137713
38015117  37504466
38019948  27806315
29993144  1410951
38013414  14678593
38020039  3845590
38019912  22045297
38011903  31415052
38020196  2271926
38020196  20389255
38018924  33870684
38020339  2371118
38020337  12953127
38019246  3342984
38020523  3076414
38015928  25336726
38004486  35332300
38002630  17016259
38020318  12059509
38018850  434597
38018515  423379
38020510  38002565
38019193  509211
38020224  5381528
38020930  24034544
38020777  18251128
38020268  36699249
38020170  17309314
38021101  37939455
38020844  8049520
38021159  35553500
38020352  10755655
38021295  218384
38003964  2129693
38021314  1120140
38021067  13102045
38021390  380813
38021259  1236572
18099697  8746014
38021547  18050071
38021600  12792059
37994820  12102777
38021548  1324676
38013461  13200256
38021772  513832
38021088  12466493
38021878  4882000
38008683  4097694
38008683  3033137
31422025  10335662
31422025  1467913
38022012  3177855
32775147  2591098
38021744  18201074
38022097  15648911
38020944  28836893
12274234  14268981
38021707  35870760
2915628  896867
37974693  15130309
38017549  11280688
37967053  37693106
37960972  218384
37963165  5610256
38021838  14442162
37963362  6343166
38021740  19828385
33086686  23423078
37944905  9806421
37919385  37761668
37919385  37693106
38022378  379906
37933149  29429605
38022276  14543801
38019290  23353173
38022442  1769403
38022449  5148195
38022136  10756427
38022321  14681911
6708819  14681911
28047246  5078239
38022501  32543340
38020536  616601
38022738  2037467
38022373  38019857
38022929  1538342
38022863  2350495
38022353  10137279
38022522  13042008
38023015  11321491
38023368  40480
38023050  37914025
38016752  2647
38023262  4931892
38023596  12573816
38023650  30947323
38023494  5746155
38023305  18577063
38023663  10367698
38022996  12166537
38023653  29686573
38023902  218384
38023877  3784652
38019215  23316161
38024027  7029944
38021603  32352375
38024140  3348460
38024009  20112279
38024339  12452622
38024353  904977
38021789  4796543
38024081  3840730
38018136  21698322
38024550  726334
38024633  24644436
38023179  13400931
38024640  13299153
38024673  33661274
38016851  36594628
38024764  18211453
37891853  311052
38024677  36991867
38024773  495021
33153056  574904
38025170  36698423
38025268  26700924
38024983  3508605
38025309  18050071
38025107  40480
38025336  31095710
38025369  12573816
38025366  10364079
38025101  3248118
38025244  22156281
37811121  14503006
38025743  23482068
38025807  108403
38006842  16336643
38026055  8399417
38026107  12120433
38026177  986006
38026171  9831728
38026204  9508051
38026421  588004
38026320  37425961
38026419  4660142
38026537  18229279
38026306  513832
38026244  38009109
38026597  20826078
38022646  2580136
38026969  24715864
38005225  16908476
38026379  1211212
38025653  20279484
38026473  21298338
38026845  37013565
38026232  25385173
38021251  2745265
38027135  1987694
38027611  20940979
38027654  14200427
38027645  32606989
38027665  14140383
38022328  20640976
38027701  18050071
37986759  3024819
38027670  169511
38027476  14220321
38027911  20503154
38027800  284899
37999794  13349832
38027453  13826897
38028008  2874350
38027408  1120140
38027259  2527370
38026665  21584578
38027868  38026410
38028300  879152
38028498  15112125
38027905  37399893
38028454  1451009
37854471  8617318
38028675  32724341
38028678  37986635
38026338  30223379
38028728  11924706
38025074  2004364
38028858  37661166
38028825  12330720
38028975  5918854
38028929  588004
38028952  38027633
10347689  744766
38028615  18826870
38028178  16525822
38028048  4284224
38027152  32635704
38029089  32222867
38025992  37098791
4811434  1778088
38029218  26899235
38028385  3823752
38028394  2422468
38029342  11321491
38029357  3737139
38027585  3008395
38029362  29661253
38024020  5164930
38024020  8163746
38029433  2591098
38029521  5121495
38029662  14220321
38029667  218384
38029557  12573816
38029438  24644436
38029767  25912398
38027717  31859169
38029931  40480
38029951  18093928
38029921  7718508
38027901  4691132
38030093  306313
38029249  19605150
38030138  24644436
38027463  13973503
27876065  29140402
38029267  3997748
38027470  21862327
38030248  9297899
38029909  4172722
38030267  25706216
38030212  38013918
38030312  11321491
38030378  11381673
38030343  218384
38030341  10370422
38030069  575196
38030440  336859
38030640  4261133
38030625  13102045
38030625  19843506
38030683  1438420
38030661  4261133
38029485  4587952
38030832  13042008
38030884  19148407
38030890  2612802
38030681  32643397
38030898  12769982
38030353  18936957
38030878  15666048
38031000  16960469
38031061  218384
38030650  38024996
38030727  29306573
38030957  27497023
38030334  37617717
38031189  28050249
38031166  625799
38029715  299495
38031421  4660142
38031108  3091524
38031361  32496864
38031453  24715864
38031450  11922383
38031445  992836
38031580  2973202
34708898  1972672
38031637  9303604
38029992  1686569
38031125  3787514
38031301  22901633
38031848  10880813
38031286  10976852
38031914  14998726
38031293  11731377
38031935  14220321
38031939  11321491
38031965  34413
38031816  2486191
38032043  25043948
38031106  28250680
38032064  37277130
38032062  11321491
38032303  18050071
38032293  27737022
38032054  37861382
38032318  16252269
38032318  2784514
38032381  2667065
38026536  16024893
38027841  26939215
38032594  26531531
38032605  24715864
38025813  5422955
38032708  38032538
38032741  4623446
38025437  18050071
38028284  18050071
38032725  10715801
38032766  19692157
37929419  4605527
38030169  10717852
38030048  35957357
38027221  16651009
38032388  2973202
38032988  1817524
38031934  4513316
38033066  38025060
38033092  27791532
38033033  13844944
38033149  22937618
38032920  12609093
38032789  4112686
38033358  12573816
38029093  38028532
38033396  15133549
38033126  5003142
38032599  33248473
38033192  26065359
38033476  295104
38023830  32395648
38030500  6105124
38033503  19213400
38032651  29307474
38032718  35120939
38032541  33370175
38033651  33380119
38033645  34936771
38032870  29207562
38033706  10143093
38033873  14220321
38033885  218384
38033595  11585793
38034019  17245904
38033050  21122540
38033842  1852631
38034076  17626760
38034164  19313841
38029252  14770384
38034303  29577977
38006360  588004
38034481  24644436
38034470  24644436
38034537  19670369
38034236  22327447
38034598  30781500
38034667  18050071
38034520  6939864
38033717  12573816
38034755  171251
38034824  396145
38034969  34366305
38034728  23823010
38022467  10558316
38035117  4686640
38034907  4138168
38028211  32075498
38035231  8777845
38031334  10343485
37963538  2469207
38026564  3922994
38030087  201323
38035770  4058923
38035775  4112686
38034510  7468836
38034577  27259824
38028322  2839321
38035772  7678469
38035875  14234417
38036081  4255389
38033510  12759192
38036188  81991
38035918  6470651
38030141  22795459
38036267  1132941
38027358  37873020
38036054  23294658
38035784  647769
38035908  4660142
38025345  37973377
38036340  26386093
38036388  11728356
38036349  37946990
20430987  6848970
38036036  1885557
37965205  38011752
38035430  37906509
38036859  495021
38031382  6033010
38034289  24034544
38036983  1518711
38036983  1957099
38037007  12573816
38037075  8211754
38036764  35944277
38036840  5545649
38037246  11009320
38037256  37281603
38037542  12573816
38037450  233243
38037569  12735778
38037569  135448
38034963  34605919
38032218  218384
38037647  1086041
38037136  30639785
38037772  12573816
38037880  588004
38037829  2901102
38037829  1379934
37957428  12299369
38037845  17734230
38037904  12113425
12366565  6223453
38037961  4796872
38036817  6256535
37998142  13914066
38015079  4700172
37994723  27970619
37919056  13664090
37888486  37844384
38037707  21764912
38036926  37622220
38029959  19695784
38038110  509211
32232135  38037562
37912580  38032035
38038139  9786102
38038267  588004
38037069  11050817
38036423  5376725
38036368  20177003
38034699  218384
38031859  38032391
38024899  25205750
38024836  916948
38023600  218384
38038053  34413
38038288  10677876
38038259  26515058
38038423  1424510
38037878  27626505
38038469  15852570
38038516  6020384
38038607  3264610
38031790  28256197
38038304  4194207
38025406  19204682
38038723  218384
38038171  6145796
38038832  1379934
38038716  35957671
29729156  2075337
38038961  34862639
38039006  13840429
38039055  18900428
38028585  37761668
38039199  2973202
38039203  16137713
38034150  23007108
38037475  11321491
38039265  1496682
38027538  35994641
38039436  13102045
38039318  15454220
38039589  2973202
38039313  32311476
38039668  22252904
38036529  12262110
38022653  30029303
18102454  25846454
2011160  24464690
38039725  3481828
38039826  31958637
38039694  35873835
37993120  9980283
38039333  37622220
38039924  16751124
38039958  34413
38036258  17926236
38039867  12859942
38039602  34480760
10940051  12121589
38040245  439573
38040088  38038349
38040336  13180590
38040369  4660142
38039427  7955145
38040444  38024647
38040423  34108321
38040584  33041038
38040124  6862813
38040671  37864222
38040715  2232150
38040700  25706216
38040824  9450864
38040844  12757841
38040909  566203
38022955  496568
38040943  20035101
38040964  18421891
38004863  33946567
38040975  495021
38041011  32365917
38038857  20279484
38040852  25706216
38041189  38039265
38040692  10203589
38040871  14084222
38037906  927364
38041019  27611111
38038396  37458814
38041397  218384
38041470  7837456
38040947  4347374
38039661  23308248
38039029  1915166
38041504  27729516
38041572  2973202
38040077  5121495
37228719  25884801
38041372  27454328
38039689  17499013
38039689  19341021
38041815  9619610
38041754  19824260
38041854  38041029
38041897  3680883
38041996  23464036
38042128  35905347
38040733  8761109
38041717  26700924
38042318  14220321
38042281  4907843
38040803  7027288
38042625  14220321
38042619  20382140
38042426  4261133
38042707  1878296
38042671  24884151
38042747  3324717
16589072  1865069
38026891  38022472
38023613  38022472
38042823  1535327
38015685  38029883
38042894  21824402
38042788  9930679
38041297  849813
38042213  10643754
38042159  218384
38035849  16798796
38041714  18744910
38041712  4112686
38043403  32418634
38043479  11269623
38043608  14220321
38043603  29219878
38041775  37335102
38039370  1656859
37846992  19774392
38000527  5087831
38042088  2081640
38042088  19095796
38040469  12965075
38043554  6299266
38034941  4541155
38026755  5315714
38026752  986006
38026663  5953371
38043808  32064754
38043835  20363719
38043833  12859942
38043878  3669970
38041790  34413
38039395  38015985
37965045  817218
38043953  4752501
38040913  37866389
16835906  14366066
38039963  16690496
38044030  33114318
38040740  14187963
38044611  33928843
38044555  18060667
38042729  7030699
38043933  218384
38044661  17364127
38044827  29140402
38044991  18050071
38044934  495021
38045047  1365407
38045047  3883518
38045106  17498216
38045195  274626
38045218  8511281
38044181  38044884
38045845  6151218
38035837  5480258
38046123  38045351
38046037  1514214
38046037  10722110
38045996  21422510
38046245  18050071
38021348  11193466
38012318  9658110
38031387  8398298
38046432  588004
38045606  1103487
38046079  14089146
38035808  18760087
38046394  6458827
38046586  13102045
38039295  18448637
37961686  28347247
37940118  4260723
38007446  383947
38046318  17970128
38046712  19395633
38046513  20041286
38046987  9392874
38045872  218384
38047153  409784
38047191  30258788
38047285  5759073
38047202  18777989
38039021  579734
38047036  4660142
38047101  37269281
38047489  12573816
38047299  7980586
38026293  16339158
38047652  7297183
38045475  34063965
38045878  37505329
38047899  12254765
38047077  19194576
38047077  6928849
38043557  4261133
38043557  12769982
38047060  17991943
38043838  5765853
38047685  16090625
38041940  13939574
38047830  29308898
38047003  650764
38047667  535721
29299704  9514179
38047974  5458204
38043551  11731377
38048022  4261133
38047554  19239190
38048397  541966
38048548  23628001
38047943  25706216
38047298  2770321
38048226  17631417
38044359  14254932
38048495  31255366
38042854  38021098
38046264  18565953
38048581  121387
38048533  21165256
38048939  14220321
38048555  1409454
38048881  990422
38049132  13635297
38048768  19810938
38048588  14863010
38049181  6996764
38048984  17695413
38041707  411247
38049520  25706216
38049679  2910495
38049625  30560241
28914138  29065332
37662464  10561923
38045271  28889705
38048338  37570985
38042385  23417356
25963677  7454909
38013362  38047797
38050382  3127429
38049974  29698008
38049540  8849201
38050381  2958684
38050460  3364427
38050653  9466265
38047477  10499005
38050769  509211
38050822  18050071
38050823  17934526
38050464  19304574
38050457  37684
38051050  7846980
38051063  14677993
38051095  19401633
38050514  28237717
38050877  20262712
38051189  12365461
38044111  29440018
38051389  3908380
38051477  20719590
38051547  32014589
38051577  1267283
38051813  322749
38049589  24680952
38051905  8819095
38051888  622915
38030670  26552368
38051817  982677
38052225  11922383
38051616  24644436
38051653  4660142
37928932  24225164
38051675  183292
38051675  35186
38051978  14150628
38044824  3476430
38046357  5650747
38051515  4660142
38052519  840501
38052568  38048373
38052588  2236747
38052682  27701747
38044102  16329962
38052833  3307576
38046992  687998
37931536  19657852
38049116  38008840
38053176  2871
38052173  37622220
38053033  2268104
38051375  5640850
38053598  23641492
38053676  32920000
38052851  23740548
23989709  6925733
38053921  24644436
38047346  36665636
38053941  750486
38053888  2762093
38053888  5943330
37958522  1393486
38054136  562160
38054235  14220321
38054201  24002733
38053829  36011062
38054343  15661289
38054187  806000
38054174  904515
38054561  7486085
38053086  37791797
38054442  7706095
38054807  12573816
38050658  37952332
38054291  38050066
38055049  1388602
38047434  6548504
38054743  8813265
12554151  11815371
31872248  11815371
38055163  4366730
31866334  11815371
38055223  36200318
14222516  11815371
38055265  12249528
38055441  14220321
38055434  26794698
38055349  4738294
38055572  3844801
38055643  16378099
38042639  18668003
38021861  4145775
38055452  4261133
38056095  38052957
38053818  2063480
38055975  5864146
38056244  31450678
38054779  35568147
38056470  20427248
38048244  37130007
38056679  3087975
38056014  16132176
38056602  1085801
38056744  2477496
38056834  2723397
38056985  3127429
38056764  223918
38057051  2597098
38057114  27815603
38057245  2256864
38057337  37939455
38057281  33872615
38057474  2973202
38056575  5788117
38057464  29964108
38057209  5300962
31450678  37549594
38056464  2591098
38057594  676078
38057553  34994364
38009373  5797454
38057707  4483540
38050391  16403469
38057745  457215
38057745  23407566
38057210  7784758
38057646  8762034
38057783  966225
38056933  24842112
38057810  15012214
38057003  4570333
38057955  142003
38011504  886722
38057904  33933118
30325462  6641006
38058139  16631708
38057204  32170456
38058245  2660497
38058048  31933675
38058387  5918079
38058544  5838711
38058526  25122932
38058452  5670927
38051759  20047122
38053383  26270852
38058739  4261133
38058754  10693845
38058305  3577641
38058381  1456529
38058783  1575141
38058895  114543
38058902  4660142
38058963  4167466
38058454  4214731
38059102  1598829
38059141  8774232
38057960  9440639
38055072  261638
38058614  18050071
38057322  35528198
38058520  27854333
38059332  129077
38059475  218384
38059452  1407451
38059473  11922383
38059534  9851165
38058328  26811679
38059560  10077905
38059803  1073919
38055202  19561036
38059878  8518372
38059940  2770321
38059947  787700
38059994  5098282
38059964  3800512
38059885  2710300
38060213  5804256
38060289  218384
38059293  2575048
38001359  19573496
38045701  29280445
38060260  4261133
38058758  7623715
38060421  6481806
38054202  13137817
38059257  15829377
38059504  21912173
38060797  22359090
38060722  18222286
38060979  1289920
38060992  5554734
38060877  3127429
38055837  29657312
38061117  12573816
38053530  31003486
38053182  279237
38052676  4760215
38052676  4856583
38049214  19214294
38061189  513832
38047127  423379
38060061  13904103
38046951  3838527
38057007  218384
38045456  8645053
38020561  30461969
37992801  25253848
38051321  2591098
38051321  18899232
38037058  6618515
38061133  13840429
38034991  8244723
38060831  13840429
38060862  5396282
38061483  2612802
38056594  19847289
38061511  13593148
38060308  14220321
38061413  22945647
38061353  7167895
38061637  19385803
38061844  28102614
38007571  37364973
38061086  29620686
38015505  34868437
38061894  31424459
38062098  588004
38062166  20541905
38061530  1299871
38062180  1373164
38037476  52704
38002451  4830588
38062183  8475290
38061750  4734580
38062235  18682742
38062277  25829737
38062029  36913730
38062358  4660142
38062258  1098040
38062354  2143476
38061205  7745609
38062479  12158582
38060652  5554734
38062270  21740359
38060395  38058997
38061150  38057743
38062592  9325574
37963476  35765931
37954429  10276133
38062478  4708219
38062478  13102045
38062585  749796
38061042  14028959
38062823  5554734
37955890  37891516
38045628  31011631
38061140  28243757
38062886  24196595
38062846  4916222
38063247  248603
38062822  20412946
38028041  16363167
38063547  814548
38063560  5918079
38063558  14639965
38063527  16172806
38063527  11966628
38063579  24506979
