38063482  571945
38063863  4544194
38063901  37684
38063959  423994
38063974  21122540
38063820  15990075
38063433  21765107
38060907  218384
38063944  6284518
38062386  28746744
38062721  14220321
38064267  2332681
38063826  8212699
38064307  5495383
38064357  18268256
38064372  1939609
38061472  37407811
38064444  27651808
38061329  32612116
38057582  15653118
38064485  16641205
38064569  4261133
38063552  25611356
38064539  3631442
38064792  2770321
38064718  33589752
38064573  26958646
38064490  21910841
38062472  38051466
38064953  5300365
38065231  21633115
38065127  10329535
38064985  18222433
38047241  15186658
38065432  10241217
38065504  34595
38064651  22670646
38065729  4261133
38065718  191013
30872458  18401035
38060479  4952820
38065891  32289055
19930012  318441
38064095  24600399
38065775  5121495
37808011  21609580
38066138  2958684
38065907  13061122
38066248  2770321
38066303  14392270
38066077  1299871
38066499  218384
38066608  38059640
38061346  29404575
38063321  37122927
38057315  23326562
38066874  8654051
38067025  659025
38066972  4922145
38067054  25706216
38067625  30094047
38066458  34179968
38054068  38046208
38067580  36568388
38067814  10147851
38067823  38046208
38067942  10943544
38067357  1620165
38068137  13713366
38064057  13498302
38068282  20992723
38068298  4456336
38068557  504103
38064640  37521298
38066075  13622923
38065778  37549594
38068568  1833747
38068901  4554031
38068911  30392969
38062935  16172462
38068796  504103
38051610  22196083
38060715  18995951
38069242  37676726
38065240  10667960
38063817  7031885
38069114  29241640
38063796  20429635
38061803  4660142
38069594  5520693
38069335  31548311
38066890  20386331
38069645  17402377
38069645  35186
38069829  26203446
38063969  4112686
38069983  218384
38069641  160970
38070101  38059916
38062755  10046601
38070346  1458633
38070278  12769982
38067912  28699289
38070206  5722006
38070328  659796
38070432  134833
38070587  513832
38070537  5668429
38070574  4741757
38070699  20999583
38070832  4660142
38071079  38025074
38071071  263400
38071041  5003142
38065456  16683600
38070535  11393817
38070213  38061964
38071107  15267001
38071308  25706216
38071326  12582624
38059344  25294478
38071241  33041698
38071343  6407039
38071597  5023951
38071663  25172595
38071812  25706216
38067109  1235863
38066980  7996108
38071728  949433
38070848  36829168
38071310  4660142
38071856  25277218
38071849  10420464
38071937  9122
37939952  38053106
36096908  36083221
38071437  2167916
38066875  18050071
38072411  17547473
38072592  3746649
38071848  7031885
38071613  12769982
38070366  3832792
38073067  4880290
38073064  503093
38072538  9314824
38070476  34783049
38073083  10612660
38071990  32963823
38072454  35246689
38073231  35611449
38073282  30297912
38073235  29771901
38071732  25340366
38063294  13745449
38073022  27645202
38073237  5832891
38073413  2128871
38073343  38073557
38072231  34170650
38072066  30918026
38065877  726395
38073796  3510614
38071565  25130788
38046933  4194207
38073901  153724
38067628  36559692
38074285  7063156
38074297  36932
38074361  2269840
38074383  21377360
38062519  38058509
38062519  26939104
38073841  32244851
38074388  16637076
38074496  2973202
38074348  513832
38072643  33754606
38074418  10936846
38074418  10517268
38074410  5223
38074748  5162587
38074649  16148188
38059991  36925183
38074487  38067315
38074943  29455355
38075129  2266549
38075076  37617391
38065776  492387
38075228  38071731
38070224  25694423
38075231  31136838
38075414  2559527
38075073  13988051
38030218  4288821
37191220  37342172
38074784  9085839
38075244  19695784
38075650  2973202
38075602  2784514
38075849  6563786
38075900  2091465
38076113  2026054
38075757  364114
38076239  38031215
38076101  677530
38075663  5142103
38076352  5432822
38076238  1885630
38076405  40480
38076491  17364127
38068992  30292782
38076686  20279484
38076468  17853819
38076468  9212685
38076799  19824338
38076791  19075671
38076770  17791639
38061580  111102
38076810  1022112
38076259  37426037
38076494  25947790
38076991  2802055
38061247  6310983
38077067  26261001
38076592  4671610
15506043  12742467
38076430  15125628
38076616  38057117
38077290  22662488
38077037  11868249
38076794  5481378
37900241  10964999
38061693  5890584
38076618  18054720
38077021  9572795
38077232  21797124
38077637  12671406
38077150  4884462
37837978  19189132
38077569  11130448
38070367  4764405
38077918  7160358
38077439  1299871
38077868  1423696
38074139  2802233
38077877  6677072
38077228  8314827
38077228  9407367
38078271  30535392
38078047  9945409
38078465  2973202
38078533  19018509
38078555  256073
38078203  37729403
38078678  3127429
38078696  9132960
38078511  28702960
38078845  1503579
38078322  27525617
38078889  38072558
38079054  6154050
38078737  34850411
38078542  1535697
38079099  2891926
38079116  38062029
38079184  4873867
38078649  5422955
38077887  5187530
38079374  13840429
38069870  30539267
38075588  37961019
38079592  2806545
38079711  26700924
38079776  2559527
38078767  660173
38074934  14459078
38072917  4528101
38079943  18050071
38079969  451415
38078552  21180269
38080225  12769982
38080357  11469451
10149568  13904039
37818295  15517388
38080432  20914899
38079984  10149568
38014134  18478575
38078773  34734379
38080172  15112125
38080715  1014861
38021693  30701397
38080655  252242
38080944  13613336
38072140  31469126
38024583  8484722
38024583  11096045
38081036  4261133
38081279  29140402
38080988  7332842
38081262  6197370
38080984  1895476
38081261  6710601
38081103  37634046
38080419  10233444
38080607  2118656
38081240  1953857
38081240  708140
38081140  4261133
38080445  3106452
38079380  7031885
19013536  6239350
38081455  33182761
38081425  12136948
38081663  588004
38080142  11295066
38079142  18937651
38081680  142789
38081164  7745609
38081711  26093367
38080054  1054558
37996195  1361340
38082070  18977144
38082028  23574861
1594113  1503579
38082202  1854703
38064816  1199352
38082314  3552461
38082077  5385714
38082126  16839698
38082338  218384
38082172  750486
38082272  14692690
38082541  218384
38082469  2152334
38082640  949433
38082680  14220321
38082730  3403909
38082236  6278876
38082842  18050071
38082873  15508995
38045692  942571
38082869  2667069
38082247  8653516
38082247  176918
38064051  986006
38064051  1132941
28251314  2667069
38079986  38071018
38082543  20550381
10727280  17515096
38083156  4792160
38080154  5283047
38083514  2934904
38082717  29098168
38061678  4701349
38059824  38055851
38003477  13893268
38083747  20057570
38041074  38037146
38084131  14220321
38084119  2062258
38084144  60174
38084002  33905118
38084124  4417546
38084304  588004
38084231  24003642
38055859  13358431
38082045  24644436
38040809  26229728
38084193  18353292
38084443  4081217
38084431  11321491
38084634  4484246
38084707  1207406
38084409  7327985
38084931  8369812
38079812  10559191
38084550  5788514
38085116  406230
38085248  5554734
38085108  37996409
38084049  21635465
38085706  851122
38085819  5753597
38085805  19113215
38085727  26879051
38085786  8492928
38085862  5753597
38085951  4587392
38085214  36925673
38085214  28656387
38083198  20329407
38085756  5471080
38086122  2770321
38086260  3637936
38083544  2973976
38086371  3850921
38067511  21928691
38086272  691267
38086699  14220321
38086613  2347265
38083862  22613272
38086503  22267865
34769271  32170456
38086882  218384
38079127  10664856
38086964  24644436
38077363  7981840
38072278  23117717
38071537  287871
38071306  28967785
38086828  5055358
38070067  13384653
38064620  3682748
38086436  17735859
38064115  31483253
38063048  3288595
38072173  7230470
38086676  18552891
38087182  513832
38087078  16959576
38087161  4261133
38087266  22937618
38087201  11228855
38087287  4006113
38066863  15767872
38087464  17364127
38087670  33088272
38087730  4261133
38087786  450903
38087786  9951300
38087430  155672
38087934  1461432
38087901  14162723
38066724  29293637
38064889  31661023
38080797  14625045
38088248  17527360
38068982  38068786
38088453  35641558
38088111  19602727
38088535  12093940
38088487  14517546
38088704  15974787
23235549  218384
38088610  2063480
38078466  27416793
38088763  37090595
38070983  20836115
14454335  12504537
38087975  29099061
38087094  36503779
38086518  16588064
38089311  3455297
38077732  7646865
38074887  6343166
38074221  29045129
38072287  32878676
38071783  21577230
38071488  10979757
38088427  33035999
38070421  33719149
38082201  20156043
38086788  3518002
37961361  3543454
38089625  902713
38089625  24278469
38089662  32516204
38089993  3974796
38089656  27735646
38090104  8312459
38089270  32248222
18649924  16336643
38087744  5185230
38087640  5067785
38089058  20646822
38088422  28591301
38090801  12024483
38090770  16704290
38090678  13049978
38090886  11796371
38088380  31472816
38090335  3476538
38088003  1275662
38091206  2770321
38090429  5056645
38091279  1237068
38090915  18971109
38047251  25685386
38091544  8187772
38091612  7261037
38091416  20279484
38091295  32447190
38091683  28084684
11303100  14357520
38090921  7170709
38085009  23353173
38070641  37932071
38052797  21881992
38092348  218384
38092418  34814368
38092144  38067678
38092421  27863609
38091619  859111
38088156  16256533
38091716  218384
30234765  18862743
38092549  10259504
38092628  24953658
38067760  37883879
38091689  8207325
37917696  21032219
37991858  5009324
38093011  23239234
38092097  23294658
38073752  1217772
38093027  27386234
38089376  31349933
38091488  13070537
38093274  1661197
38093436  2858057
38091286  7259567
38093504  8464807
38093258  23219718
38093540  1812891
38093684  4685450
38092886  2048509
38092886  4339649
38093891  30288087
38076897  16164565
38093525  26293157
38094312  3437786
38094313  218384
38094137  35553500
38092046  2161054
38091739  5048638
38094607  1555262
35893237  1201052
38094782  1894269
38094811  8574856
38094957  12623600
38095375  8321096
38095404  23667086
38093329  1138460
38095502  37876257
38095446  7339333
38095615  37984033
37804131  36957963
35992877  36271899
38095764  30304810
38095905  4261133
34496397  37779906
38054256  21674341
38036299  1886866
38096138  20447464
10958437  347949
38096238  32260
38096145  38096144
38096458  726334
38096631  588004
38092395  34869237
38087713  34305437
38096321  2393179
34842536  36429843
38095657  32562436
38081898  30356716
36350906  36429843
38096601  3112946
38096870  3076414
38096503  9391838
38087887  10929453
38096275  2343420
38076020  9816274
38053757  35040256
38097438  4384890
38097108  31409443
38092498  24644436
38090072  24644436
38097253  4660142
38097666  4261133
38097203  23446377
38076322  7615009
38097920  1248129
38088237  16255184
38097877  51526
38097481  31051494
38097993  4148499
38062066  1513485
38096591  218384
38094501  4650222
38093382  30511047
38098340  29140402
38098355  30786464
38097507  38070293
38098381  8312459
38088274  13102045
38088274  9808689
38098439  18050071
38098395  20389255
38098401  279170
38087775  64036
38080811  1291704
38078918  218384
38078181  17568688
38097393  18552891
38098187  19896870
38098691  11321491
38098606  12369957
38097287  510269
38097128  218384
38098509  28381470
38097174  27186661
38098928  13362490
38098996  13840429
38099214  38097179
38099272  4328515
38098743  1483497
38098971  11321491
38099541  4261133
38099767  14220321
38099907  9245969
38099625  8949252
38099969  26766922
38099908  7194688
38100047  131989
38098915  22937618
38099712  17246693
38100335  13621762
38099121  25301476
38099121  6986657
38071522  8385690
38100208  2776135
38100565  5515869
38099213  19194576
38082050  32836341
38100876  2063480
38098502  37566944
38101249  794381
37831790  26642628
38101396  17774118
38101398  5613834
38096968  15090942
37813318  2910611
38093041  30612611
38101390  4570366
38101357  1390607
26796941  17498216
38096660  588004
38101663  588004
38101708  32869568
38100548  218384
38101762  145838
38101762  14036366
38091577  38096170
38090771  5525795
38095324  18743800
38101735  714063
38098813  218384
38101750  5554734
38091336  37399681
38099977  10825926
38102431  16133162
38092301  37482366
38102172  2340406
38101963  7970262
38102501  686439
38102556  2793150
38102748  2194992
38102177  13201095
38102863  38089399
38098568  11220667
38101094  37732767
38102841  142003
38102841  337165
38103167  2973202
38101954  12573816
38103321  19098143
38101058  6174220
38098479  38092456
38103206  182393
38103328  21856733
33783936  32581987
38103454  762011
38103454  500431
36225347  32581987
38077854  25393936
38103587  27677236
38103730  2770321
38103569  1591319
38103582  1474954
38103748  22662488
38103801  2671496
38103823  9577304
38102539  10434599
38104102  60174
38102094  668952
38104076  492184
38104216  23139725
38100896  32486198
38104276  20646822
38098021  16577120
38104086  14164631
38104298  7056925
38103672  4244896
38104899  20869061
38104922  38087608
38105006  19843506
38104683  2530663
38105084  983030
38105096  60174
38105076  4660142
38105167  29344335
38101839  36503779
38105200  38091053
38104973  33353101
38103768  6796059
38097469  610245
38105174  8383136
38103116  11300048
38104855  27910002
38093459  30030031
38096122  26305146
38096522  34214755
38096630  21073338
38104928  7450600
38062836  6343166
38094998  18021901
38105526  14220321
38103799  12360436
38098585  29984926
38087397  25028853
38083985  29054995
38098808  30680938
38105686  973571
38105321  30959112
38105791  1299871
38105573  33012438
38105973  33879716
38105996  1200621
38106008  10507104
38105224  14459078
38106029  9849015
38084899  2613800
38106081  5226285
38106076  13566562
38106097  5121495
38106334  31159045
38106430  18050071
38103456  12662851
38106311  36250353
29353621  4112686
38102966  3787514
38106239  27998409
38101577  3865019
38106628  38105526
38106842  4261133
38104312  35553500
21959649  38100667
38106891  38096660
38107034  24092884
38107070  26066062
38107119  4261133
38105541  29370465
38106975  16807608
38100079  1969897
38100079  21210228
17603055  5805059
2283374  21210228
38106705  909003
38107593  24644436
38107631  40480
38107214  1197005
38107413  2060082
38107683  28036294
38107784  5554734
38107768  4085939
38107642  38104408
38107876  9419425
38107891  767999
38083176  38085174
38107776  9581064
38108004  625799
38108036  22698754
38103595  4668410
38108088  12328150
37932907  2754765
37932907  2167916
38107395  2593154
38107960  3309188
38090136  38046165
38076656  750486
37885012  1360869
38108389  13531247
38107841  7549694
38108605  2004364
38104232  22990932
38108708  4259885
29051789  17019858
38108567  23232791
38108820  17498216
38109129  13102045
38109229  13840429
38068226  19843506
38109177  7620150
38109199  5554734
38109254  12573816
38109286  23294658
38109432  16959576
38109442  3530065
38109394  6591213
38108604  13973116
38109228  949433
38106335  339007
38109728  60174
38106380  22619561
38109621  21982987
38106667  19372368
38109752  1212344
38109888  16804093
38110026  2129693
38104873  33035999
38110077  11498441
38110077  20088323
38109920  32061254
38099184  16409494
38109880  34090190
38110519  60208
38106812  473620
38106031  1342506
38102622  2817869
38100063  509211
38097407  588004
38096366  126279
38110551  14220321
38088905  20057260
38086922  19387608
38110631  31437095
38108655  26089152
38110462  19304574
38110605  11176781
38110884  8228281
38109903  32027502
38111003  38086675
38111042  9665483
38110076  27978817
38111095  10634058
38110419  22937618
38111168  12573816
38020709  33644635
38111309  2350495
38111626  35222129
38111629  2770321
38111696  604424
38111503  5986820
38111748  12747266
38111754  7528265
38096392  36164205
38109529  14854117
38111818  30348044
38111866  33511544
38111995  34414766
38111104  35662182
38112117  826319
38112189  23660094
406121  952914
457215  952914
120886  952914
716477  952914
38067916  37835805
38096210  38015356
38112542  37373038
38112652  12573816
38086855  20108511
38112732  5767228
23320572  2292847
38112336  3258573
38112833  9398560
38112896  23446377
38112958  27394710
38112946  1299871
38102269  263965
38113319  24237111
38097179  1823264
38113317  20646822
38079234  38015307
38113378  35420979
38113601  6567742
38113627  2063480
38113810  797251
19392843  1949259
38113520  37507941
38113360  22662488
38113834  29861608
38100574  37779087
38103648  2363035
38113996  60174
38112864  38096475
38114096  7027523
38113166  36686093
38103931  1441562
38113662  7746409
38100666  22772379
38112815  19125163
38104819  21674091
38108374  37371378
38110691  9605913
38092394  28829161
38097973  2865452
38099697  9131954
38114288  4660142
38114560  218384
38114049  2465921
38114678  10160664
38113301  4841436
38113301  2347265
38114836  14220321
38106686  7568899
38111849  1169456
38114453  5422955
38113157  11978995
38115209  35990995
38075628  20499959
38115382  7911255
38114692  1014861
38115571  5243316
38115450  7405740
38115566  1014861
38115486  21228274
38115340  24083842
38112303  24715864
3054886  1949259
8955195  1949259
2008866  1949259
38094021  32529598
38115771  34571
38114892  4645897
38113882  2699086
38114565  28503491
38115924  14220321
38111875  36247173
38115864  17369090
38114255  12769982
23849777  7927716
38113050  38093097
38113196  14790014
36944936  9391838
36638232  20098626
38114629  4660142
38114178  14300696
38026048  17566863
38116210  14220321
38061082  19437701
38114566  14682448
38115349  29818042
38116422  5018303
38116515  21895335
38114494  4112686
38116372  7371244
38116201  199333
38116051  218384
38112170  3502267
38116513  1597736
38116513  2699086
38109299  4112686
38116615  513832
38114906  2312762
7870230  2696055
38108807  37762119
6374481  4261133
38112229  21164365
38117240  1796619
38111080  3628425
38116236  901115
38109785  34951889
38107474  19896870
38116925  2432813
38116946  4660142
38117392  415403
38117354  11685414
38115431  15105017
38117479  6843030
38117325  6602845
38117141  1817792
38114164  29558485
38116970  9828311
38116794  10278049
38097093  30178207
38118140  4660142
38118166  5890584
38118202  3552461
38118011  479207
38118485  10796160
38110333  1562676
38118480  11731377
38118484  31073497
38118826  14220321
38118541  895171
38113241  13190138
38118821  291978
