38117700  5364278
38119097  4836710
38119022  19695784
37992759  2527899
38116435  12197925
38119028  11723881
38119028  8369504
38119215  17256182
38119182  29851572
38119381  1951856
38119482  17364127
38118505  30899612
38119367  20035101
38118819  19818574
38118819  2174297
38119692  22662488
38119615  12769982
38117145  26467465
38118577  9878184
38120071  279170
38120005  2298870
38116782  12422945
38120166  7709041
38114990  35303370
38120425  9116395
11975925  3715338
38120554  7469643
38116420  12576676
38115645  734561
38107390  31227363
38119173  36333310
38118053  18192357
38120928  4261133
38120956  218384
38118754  2973202
38119153  4367977
38121032  6673762
38116802  2085453
38120002  32803967
38121262  22997523
38120520  21982987
38121602  27202939
38120238  13704860
38121105  28841322
38121105  4119617
38120857  11321491
38121838  218384
38120557  16063312
38120915  18198176
38121979  973541
38121936  4296281
38121598  29646301
38122194  2185252
38122338  3577641
38122365  218384
38122242  2167916
38122517  1474185
38122397  1374812
38117377  29646301
38122298  20563772
38122733  2660633
38122667  5293041
38121697  16482914
37994592  38000193
38000193  38014919
38120073  18873014
38121977  223952
38069907  38070251
38123416  17364127
38116317  289727
38123717  218384
38123417  1359689
38123997  2745265
38123975  7310109
38123975  9549780
38124053  218384
38123863  13286785
38123931  11321491
38124223  15265605
38124304  18050071
38091584  36642409
38115278  34404843
38124086  22635945
38114051  13139627
38122740  1027663
38124438  32170456
38124596  24900875
38123836  60174
38124560  14220321
38124673  4261133
38125115  18050071
38116976  37991340
38089675  25373188
38118711  19616828
38125506  60174
38123762  8784892
38125447  11321491
38125085  2026546
38125653  18050071
38124939  15456845
38125751  5269713
38125257  4720079
38125688  2265503
38122519  106770
38122630  24357028
38124739  37383398
38122353  37995870
8650007  2304632
38125984  2973202
38125999  8634156
38125782  4261133
38126021  2139134
38124202  37634046
38126088  3577641
38125328  16060238
38122965  37622220
38126421  12518618
38126478  6569557
38126324  6047527
38126322  3747155
38111792  34261928
38114077  10257301
38126610  18050071
38123817  28928016
38126630  30728588
38126581  38093012
38126767  9790584
38126938  3986942
38126940  1396434
38123135  27216257
15265605  8650007
38127039  14602062
545957  14602062
38127375  19454310
38127376  519520
38126832  588004
38127360  21119011
38126995  2142535
38127495  4350215
38127644  279170
38127689  2745265
38124787  2717480
38127773  21413611
38115148  13893127
38127584  2823016
38127958  9050345
38127450  4912670
38127200  21240768
38126716  37552286
38126229  10224320
38102275  37270088
38128119  3619067
38127631  26027694
38128238  776508
38128138  12375293
38128308  224379
38128581  733454
38128719  9751207
38128761  13393565
38128800  10710193
38128457  9501604
38128881  381542
38128702  1686699
38128702  11408427
38129106  6488748
36828229  80646
38129531  38060436
38129636  31450846
38129882  18977144
38129919  30484921
38129751  27920806
38130041  1503579
38129903  5838711
38129705  26407464
38129423  2654839
38128892  6297159
38127626  703396
38123478  7358724
38122472  11524949
38130127  36213333
38119767  9667031
38116363  22887829
38115967  3264610
38130360  1424510
38130360  5167555
38130442  218384
38114887  25719620
38114392  14678593
38130539  4261133
38130446  1239938
38130355  38130278
32071123  29869116
38130289  29869116
38128987  12291495
38130660  3053833
38130849  5226212
38130878  18865058
38130952  9521260
38126668  23995040
38131076  24715864
38130665  34480657
38130907  25838789
38131149  31377564
38131162  6255344
38131186  19288385
38131257  121387
38130906  37748600
38129693  38119642
38006443  38006338
38131528  5134891
38131350  10679523
38119664  12375823
38129697  2973202
38131689  5309926
38131144  750486
38131763  24644436
38129397  18331107
38131906  5335273
38131860  5417969
38131860  25359494
38131974  14220321
38131956  1503579
38055156  275842
38131406  3038273
38131406  5229561
38130504  6374783
38130704  25203556
38131565  3129322
38132368  16596515
38132430  3059333
38132678  21188989
38131778  2422755
38132750  30127032
38132716  6805756
38132867  26063475
38132207  36523589
38132874  218384
38132960  7615983
38133207  2600191
38133372  15829377
38133361  1976520
38133416  23057448
38133669  33161692
38133398  10431403
38133002  2905224
31161093  30658439
38094935  25339056
38133983  1625234
38072474  37991340
38116429  10908534
38134103  16334028
38035536  2825355
38134350  8312459
38131960  13907320
38134431  22637900
21349310  17008180
38134575  2053398
38134289  5492485
38134496  29523119
38134606  33621808
38134731  4660142
38134796  5346186
38131972  27494227
38134822  2699086
38134789  36442114
38134909  5454235
38135064  11321491
38134968  20140739
37992242  36455237
38135341  30730055
38135415  4935632
38135438  33466829
38132891  4056682
38135271  21895756
38135247  30147602
32553686  367577
38135642  4806911
38135681  2374276
38135837  9491463
38132129  1854556
38135276  3733270
38135871  5431351
38135902  750486
38135628  19695784
38135916  485789
38136135  22252904
38136417  35560449
38136028  857420
38136712  2144386
38136951  1440134
38136759  14638747
38135958  34559171
38128545  38114306
38136898  11148567
35790060  21948725
38136287  36613366
38137225  37622220
38137358  18672456
38136612  8817290
38135321  5086645
38137197  5914459
38137256  1475297
38125267  30094047
38137771  415511
38137843  20773850
38136996  3468987
38137944  37015775
38138151  29825028
38138190  218384
37708332  37077094
38134568  6999726
38138116  36125638
37223666  38047418
38138426  114543
38138119  34133218
38138489  32083913
38138700  37549594
38138759  15455009
38138723  20612326
38138804  25901460
38138766  10693845
38121641  17632010
38138999  1967119
38138383  4660142
38133991  10918137
38136741  2411487
38139184  1568091
38139200  34647918
38138718  5061249
27274091  102964
22442909  102964
38139142  102964
17275838  102964
37852090  37809094
12389657  102964
37906998  16551258
37927834  2823016
38138324  24425756
38139356  23614054
38137112  13513455
38138196  35308057
38136984  5020444
37847693  24571048
38139912  1410563
38138341  28361601
38130393  37528321
38136786  3577641
38076445  3577641
38140115  3320764
38140196  1187970
38140103  142003
38140494  3572480
38139978  10869276
38140453  20001427
38140541  6652687
38140711  4275311
38140929  14220321
38140925  3541274
38140732  22489398
38140732  10382929
38139118  15998967
38139560  32826683
38140678  4614434
31697294  30560663
38141179  5311465
38135633  1457863
38141404  9415939
38137125  3890518
38127769  14220321
38141270  23306653
38141127  36769145
38141750  1058047
33499451  2860143
38140806  1227614
37993264  10689055
38141577  19466522
38141775  38138438
38142169  995183
38140486  7331310
38141611  218384
38142146  588004
38129416  9257505
38141613  13821151
38138698  8588649
12688702  8588649
38141826  37761668
38142681  922528
36307460  36318491
38142333  3637321
38141188  323972
38142898  33674249
38138209  37732407
38142890  7854433
38142795  11686398
38143273  306313
38143345  16959576
38143377  3127429
38143339  6531671
38143531  750486
38142238  11103487
33226238  4032957
38143272  35186
38137429  24644436
38143705  30484921
38143705  2610679
38143707  52550
38143530  32170456
38143752  15933958
38144040  60174
22840671  9048518
38143897  7724993
38134850  37604063
38144425  37622220
38144114  3371879
38144454  27591417
38144608  8028957
38144621  1625208
38144621  957537
38144576  4421706
38141654  18050071
38144077  7525977
38144629  19177732
38145129  5605125
38145130  32648371
38145160  4660142
38145119  1001714
38145166  1678104
38145286  23392111
38145285  32244851
38145246  19083357
38145208  32244851
38145409  139630
38145386  32693061
38145438  26451362
38144870  218384
38145464  13239317
38145230  240546
38145592  11321491
38139760  513832
38144842  574594
38145407  1053467
38145406  15213974
38145406  27892439
19440989  2391679
38145471  4216745
38144526  4660142
38140325  38144259
38145818  1848474
38145271  18056162
37954365  37734618
38146060  8511035
38145868  17031002
38146182  11044538
38143086  10367698
38146176  901115
38146290  15745042
38146189  913312
38145466  10404348
38146185  2846283
38146067  7793009
38145842  8007858
38146376  409999
38146586  10377030
38146665  19445183
38146104  1332510
38146367  986006
38146585  279170
38146917  38083106
38146773  7441112
38147023  1218262
38146478  1394724
38146826  4836534
38147156  381542
38142427  31241701
38146798  38136228
38147383  324214
38147393  6335975
38147394  16003090
38147491  9103336
38147233  8319051
38137353  4043785
38137353  1475357
38137069  37853533
38147849  2167916
38127046  4176560
38141638  34559171
38147977  1200621
38147663  9282124
38143934  4587397
38147560  1244541
38141011  2047367
38146455  17253979
38146455  1953530
38148010  7257989
38148079  3487585
38148077  9275840
38147188  9098022
38148099  15231837
38148407  7478336
38147508  25784337
38145621  18091002
38148550  247483
38141776  16789288
38148512  24893110
38148606  750486
38148014  4235774
38148173  36515674
38148809  25706216
38148837  8414287
38148733  2223386
38148598  952914
38148919  34579985
38125864  34993691
38148997  11348376
38149280  24311023
38149027  24811456
38147741  32679406
38146630  4660142
38149326  2188199
38149106  4070716
38138075  34743987
38126126  12835360
4989632  4326845
38149680  34413
38149437  203198
38149748  35313710
38146309  24950329
38147837  23199858
38149707  8618005
38149913  15570728
38149975  32170456
38149693  18050071
38149880  16196818
38150182  11169445
38150238  14220321
38150304  34108024
38150009  1451085
38150331  6847870
38150420  36880217
38150380  38134855
38149586  24294610
38149883  38102397
38150480  251464
38150692  11321491
38150460  11321491
38137689  6343166
38136012  2979383
38150779  2770321
38132883  574594
38132506  369512
38150812  4306186
38149968  9183993
38109740  2688629
38150772  291978
38150715  37954217
38149364  4244896
38150902  36365839
38081982  10537720
5971332  1372480
22517036  1372480
31434556  1372480
38150134  1372480
38151047  4235078
12425616  1372480
11495589  1372480
38151150  30680938
38150395  17972036
38151259  70855
38151105  8086071
38149760  10006459
38151360  20215744
38151362  23134031
38151433  17254008
38150785  1831291
38151159  7299368
38150876  1144051
38151375  2235276
38148452  12573816
38145010  28589092
38151737  19843506
38151740  952914
38151782  574594
38151639  2630013
38147800  26500429
38151218  16089304
38151900  20773850
38151916  70324
38149818  20939648
38151958  218384
38151789  10842066
38152054  6536094
38152138  1915166
38151969  1464919
38152191  23023730
38152264  931092
38152245  6816951
38152449  218384
38152432  6422562
38150012  2839321
38152534  25312538
35426128  5217721
38152633  10376645
38152637  2630013
38152836  14939953
38152915  28151096
38152288  6760765
38153129  4421706
38153160  31821084
38151354  2591758
38153232  4261133
38153259  14169796
38153065  28769626
38153308  19131336
38153568  6441218
37605361  37616821
38153006  14125295
38153602  1062963
38153678  17498216
38153697  588004
13640061  5203407
38153376  34933042
38153766  8900166
38153803  6864834
38153610  273313
38153723  1457863
38153833  11880946
38135149  4591206
38154032  409784
38154007  16959576
38153992  38052165
38004676  36469753
37903344  24310324
38154296  4877290
38154287  27910002
38150791  31710768
38154459  20513118
22886823  4011075
38154595  2530
38154680  19600526
38154716  22093976
38154805  15469580
38153406  7511064
38150201  1419448
38144020  6685249
38154873  10749010
38140708  38096937
38138558  4036857
38154648  14330411
38154897  33085889
38129019  14624295
38155010  12859942
38147810  4660142
38154869  493386
38151445  21303224
38110720  30493031
38155130  533905
38155107  30680938
38155067  2612610
38154194  38114108
38154575  19999231
38150328  35088181
38155264  3059044
38152931  34895192
38155391  24644436
38155491  2138527
38155551  5499078
38155604  4685450
38132650  35001499
38155646  17989275
38155728  306583
38155697  6847697
28629917  26585433
38155890  18050071
38155900  18561556
38155627  2410773
38155931  25935706
38155931  5890584
38155917  40480
38155971  31064592
38156154  4578714
38155989  25901460
38156096  2475168
38149151  4660142
38156124  8686687
38156165  1520800
38156119  15112125
38155659  7316207
38156247  26441216
38156430  29907615
38154609  11491458
38155537  30045417
38151315  38096709
38156714  419163
38156687  27678052
38156583  14305191
38155394  18695727
38156692  218384
38156448  4651437
38157001  25647881
38150756  15673232
38157202  4650692
21408942  13165806
38156993  35032182
38156993  36173379
38156832  32768924
38155549  38154690
27981565  16187077
28580772  427654
38157519  409999
38157226  33288804
38078454  18799901
38157889  11227809
38158146  26538048
38158112  29997695
38146001  35366887
38158329  333889
38158366  1572322
38154496  35553500
38150868  7488211
38158560  29140402
38158792  21164365
38158961  4452461
38154477  4971877
38159015  19991623
38159057  2973202
38159118  12690128
38157866  4194207
38159221  4599857
38159059  2770321
38158930  32956071
15173651  1420381
38159328  3555681
38159496  4660142
38159479  12769982
38159479  18050071
38158966  2699086
38158966  17364127
38157645  18050071
38159519  23667086
38159830  31640729
38159400  26141289
38140229  22937618
38158383  24006199
38158383  7219941
38159932  10693845
38160081  3389264
38160045  1331779
38160095  2591098
38158304  32955471
38160172  3209906
38160198  38159371
38159562  38158146
38159954  6105767
38160479  949433
38117474  15130159
38117474  33088272
38160504  4294579
38160545  4453349
38159224  10709380
38160063  4298177
38160621  218384
38160777  381542
38160587  3524881
38160840  2063480
38160865  3062005
38154757  28797770
38160841  23991398
38159912  37025776
38161078  2241875
38161008  21711606
38160574  4643713
38160592  11731377
38159514  33248473
38161403  38020110
38161512  8563970
38161621  14220321
38161622  3702400
38161673  8314715
38161499  37799669
38161639  19896870
38161906  6441218
38161656  21911733
38161966  4931892
38161953  23667086
38161924  2602114
38162049  33056884
38161691  18093928
38162088  13811020
38162097  19843506
38162069  203198
38162141  38147424
38162052  34699576
38160701  38156267
38162313  4660142
38161479  21687288
38162330  4660142
38158269  13102045
38162307  10989238
38162321  11321491
38162320  4769148
38155503  394616
38162240  8228281
38162450  2144776
38162027  19695784
13239635  4847752
38162687  3324717
38162739  750486
38162795  3264610
38162799  218384
38162794  26071684
38162655  24227274
38162822  6534904
38162872  13102045
38146051  7303905
38162558  14146148
38162834  1144783
38162528  19363809
38162942  1207406
38087948  36442165
38163060  5554734
38162993  169625
38162960  14220321
38163234  13840429
38117397  153759
38163299  10468806
38163135  30080810
38163337  2276271
38162911  31420526
38163286  3104504
38163149  32061254
38163290  12722468
16624487  4076601
38163438  40480
38163497  18222286
38163151  38149603
38161813  13272717
38163215  19171357
38163564  23353173
38163157  24134495
38163605  4055618
38112259  2663573
38163686  15470184
27257700  14907067
38163665  40480
38163724  218384
27466585  4663306
38163721  20407747
38163696  8508262
38163816  3001836
38163714  38158185
38163907  3737139
38163978  2120255
38126118  2441673
38164099  7812178
38164018  11044095
38164178  2973202
38163127  12009913
38164190  1461432
38164096  9032856
38163827  28370813
38164245  1569973
38163738  19778068
38164352  676824
38164003  27440581
38121865  22601400
38160486  38146433
38164499  6586310
38164598  7301110
38164743  12573816
38164717  9240212
38164507  15579659
38163647  1323797
38164863  23294658
38164256  26741191
38164868  21303133
38164999  2158395
38165076  798545
38165067  12859942
38156851  3559542
38165226  18050071
38165283  4261133
38165127  444798
38165401  14525982
38165500  1102891
38165374  1128723
38165510  14220321
38165607  4216745
38165671  8902351
38165847  1481137
38165798  3795408
38165918  1100354
38164906  2591098
38165983  4128323
38165977  22290501
38166113  33721242
38166090  1402250
38166037  3191837
38165324  38135510
38166243  12238587
38166196  36821985
38166074  5955678
38166503  4216745
38165105  4364823
36036857  25320591
38166023  12556946
38166577  1069666
38166428  217074
38034295  8937158
38165556  218384
38165402  255414
38166190  12614972
38166917  36605253
38167007  9989334
17182582  16994747
38167013  1583652
38167214  6094315
38167161  500431
38167299  11511056
38167339  588004
38166804  37878946
38159975  37473802
38166980  4194207
38163814  2422468
36348467  2422468
38166308  37736815
38167656  94935
38167691  2506488
38167671  45135
38162771  14693106
38167944  4948322
38163047  23506429
38167916  19606275
38168077  2343343
38168114  2757472
38168135  14220321
38167831  542804
38165726  36135578
38165693  5812493
38168211  2170486
38161644  10126845
38167343  4707192
38167136  218384
38167146  15850819
38168480  2612802
38168256  5890584
38164108  12582410
38167873  9084579
38168703  23294658
38165958  32136185
38168783  522521
38168783  950770
38168548  489999
38164982  34784320
38164982  36946064
38168039  15248021
38135568  38134696
38168931  30185273
38168772  9927640
38168896  38072171
38169185  315846
38168026  2322903
38168903  3758535
38167902  32648371
38169215  21553327
38104903  31190892
38167231  32808053
38169487  17474211
38169541  2973202
38163654  8751195
38169522  30177455
38168144  18050071
38169560  12769982
38169592  691663
38169640  141525
38169614  5289393
38169614  380813
38169689  409784
38169695  3264610
38169824  28872624
38169750  3088059
38168441  3642023
38170139  2973202
38168923  7300321
38157217  1995439
38169902  520237
37329866  60174
38165458  4841882
38170376  9725575
38167807  18050071
38169311  18050071
38170440  856772
38170440  2577849
38166172  34894990
38170263  3394259
38170576  21567291
38170336  21542079
38170421  1055767
38170469  30990027
38170717  12573816
38166900  27643714
