38170723  25894560
38170522  21031319
38170837  61012
38170782  432493
38170853  6116474
38170880  328356
38170785  14599073
38170863  15273570
38170787  20035101
38165657  38062219
38170938  22662488
38170931  12710468
38171089  3236830
38170825  34191392
38170873  17531403
38170953  30299972
38171183  32733989
38170383  37415863
38171303  35383062
38171097  9538247
2623769  20180081
1573514  20180081
9538247  20180081
15107755  20180081
6857120  20180081
38171308  23173303
38169431  37634046
38168973  14673708
38171428  36250949
38171067  5804256
38166434  26700924
38171535  9960908
38171599  12426951
38171688  1788312
38168824  34361379
38171525  3577641
38171907  34779835
38171914  14220321
38171952  60174
38171881  4797050
38167643  8432134
38172027  24644436
38148150  37372685
38172087  3255
38172219  36286178
38172169  4660142
38172097  20638006
17244635  10404116
38172615  3737139
38172622  19843506
38167756  14220321
38172482  920353
38172482  14767530
38172710  24345026
38172733  7145514
38172727  31764532
38172752  7304890
38172811  9393532
38172079  5642474
38171916  25846459
38173022  214741
38172974  2343187
38172558  21674716
38173168  218384
38173136  5559384
38133961  26483254
38173216  30872439
38173085  12889362
38172569  1561273
38173237  4660142
38173291  23363707
38171857  1019793
38173363  12344741
38171396  4660142
38173366  6589797
38173308  24136390
34978131  29759912
38151368  1887506
38061076  279170
38173630  8710619
38160539  38162235
38173778  214741
38163294  38170199
38149368  19945411
31104031  15811440
38173896  20550381
18792808  15811440
38173969  28222023
38173915  8077570
38173945  14256944
37838736  423627
37838736  5529087
38173926  32882728
38174091  24644436
38173993  4178889
38174066  1922040
38174154  33141553
37368013  35040978
34852783  35040978
38174131  16144535
38174326  23823010
38174317  38173828
38166533  15112125
38174272  2505181
38172692  474528
38169021  9942594
38166621  6884708
38165051  53162
38172249  38108865
38174401  22937618
38161920  826948
38158589  21767526
38154662  20429674
38174313  750486
38148105  7504081
38174382  2455488
38146852  13925983
38146772  12572362
38146024  16141610
38143123  1660520
38142151  3328708
38139311  327311
38135717  1918005
38135717  17125842
38133918  1347791
38131436  38125815
38130895  24101524
38130418  30943966
38130261  11349333
38174082  12859942
38129902  8250086
38128506  27867838
38123760  2771368
38123760  17585730
38111648  446209
38174573  16564505
38112289  8234445
38113815  17953211
38114499  2018026
38114676  31818050
38114676  20457038
38115063  2160261
37903284  4261133
38172056  22506253
38174396  635937
38174483  34794995
38173610  37482366
26795979  18050071
24172967  4261133
11028262  18050071
38168489  10759334
34989751  18050071
38174357  17818210
26896972  18050071
38168993  31030295
19934714  12573816
38170209  1125730
38173959  17140886
38173919  15306631
38174879  32734119
38174932  218384
38174689  14358567
38174908  7849421
38175040  1665533
9073267  1665533
18952232  186311
38175139  7073484
38174686  218384
38000723  34928565
38175463  1200621
38175365  35555383
38175390  7210578
38175631  24644436
38175649  19896870
38175668  14220321
38168348  8733131
38168348  109124
38175794  20154232
38175909  4279435
38175925  9280965
38176117  5195452
38176240  6229024
38176139  14220321
38176182  25348640
38176056  24175624
38176461  27598078
38176596  29338206
38176704  10058050
38176715  4660142
38176678  38166417
38137151  24531391
38176214  17696801
38176214  36239590
38176879  14220321
38176991  5482677
38168326  32664481
38166042  29127181
38176534  7618132
38174077  15492738
38177479  27802706
38177541  619564
38177040  21653130
38176975  451228
38176975  3308500
38177868  30477556
38177904  196017
38178072  28800801
38178075  15386488
28800801  10468806
38178032  1436703
38177474  16487258
38177741  1659951
38178095  2049582
38174432  2032818
38173650  2451154
38178660  30606503
38178843  8028192
38173703  8370675
38177466  1661863
38175857  3832792
38145600  30080810
38178996  21305779
38178514  6572061
38179060  3911483
38179114  15935867
38179034  5077304
38178335  13840429
38179250  495021
38179247  5885156
38179278  750486
14980421  22745662
38178972  36177702
38179350  19104847
38179343  10345278
38179462  30680938
38177723  32170456
38173670  30983982
38179666  2063480
28293740  18050071
38143684  28324881
38179870  24790946
38178506  4678082
38177089  30037914
38179463  80476
33980728  4261133
37887764  71416
38179413  1621173
38180023  4056452
38180184  9544737
38179616  25785
38180422  23697958
38180525  4935632
38134666  30356716
38180682  218384
38180386  1057796
38179297  8352708
38180687  7444420
38180769  2050805
38178343  41244
38180712  25100262
38179830  36347875
38180404  13223846
38180697  14058453
38175165  7147836
38181438  1978438
35022929  32754139
38179125  22845277
38181435  17772791
44281  145689
22912670  11731377
38181615  279170
38178229  38178019
38181764  35288250
38181900  14220321
38181899  1014861
38178152  19038799
38182023  4914277
38182091  19836549
38172089  1922910
38179698  16990573
6031612  4651437
38182755  2464959
38180989  187621
38182798  588004
38176575  30475758
38183359  679915
38183397  13531247
38182146  22492767
38183553  18050071
38183802  383947
38183844  38181967
38179654  11124855
38183565  20250771
38183860  1582251
38183769  513832
38184036  5078239
38184123  2562775
38184199  28240706
38183929  10924127
38184249  28369529
38180387  11096225
38184308  4261133
38179169  8875364
38184325  28207382
38184499  12265702
38184686  20159655
38184843  1014861
38184832  14220321
38181373  27201065
38178533  10237384
38184932  31786912
38185131  8028957
38185149  101754
38185178  2395438
38185195  2809626
38185195  13575729
38185305  218384
38183275  4450045
38163589  1299871
38185185  16941179
38185489  11169445
38185830  14220321
38185441  22662488
38185852  218384
38180660  13272717
38185942  19147
38185646  32975902
38183106  24378646
38185993  2177781
38176401  19254765
38186145  4138754
38186091  15588903
38179110  38157611
38175393  14002631
38186113  610245
38178820  35385703
38186206  22596920
37274930  14668993
38186573  5291606
38186725  802437
38186596  15264319
38186388  5647461
38185517  31680704
38186247  5225013
38186678  576169
38186337  15825194
38186896  18050071
38185544  12340623
38185382  11322430
38184716  25396614
37511043  4194207
38187027  478403
38187078  111102
38187146  12620369
38187159  10860371
38186475  12769982
11404086  529085
38184563  7294651
38183362  21052851
38187495  3577641
38187580  3542243
38159214  7940249
38187448  9654737
38187618  29114485
38187614  1069666
38186287  5890584
38187698  2268104
38187817  11321491
38187775  33767401
38187940  1680528
38187955  4419804
38187954  15281904
38187827  26845307
38170288  27277058
530064  373833
38187872  8108887
38188178  31382210
38187855  29923879
38184398  6550678
38188537  25847083
38187586  1661863
38188730  10004112
38188730  23667086
38181966  24662336
38188942  32170456
38188917  10422034
38189016  17772534
38175568  31762045
38189024  21736970
38189095  12062481
38188627  1996173
38189189  218384
7329059  7374363
38189247  4176328
38188941  32952411
38159991  6083045
38188884  13275015
38189219  22662488
38181985  17294289
38189462  18050071
38188561  218384
38180562  37886600
38021288  10558316
38180309  38150312
38171029  27354262
38189977  24777496
38189996  12573816
38190163  2815953
38190208  36517302
38189798  6262310
38190308  14220321
38190265  11321491
38190351  9560600
38190306  1452721
38190457  36642487
38190449  9098655
38190465  21012580
38190502  487258
38190690  3446216
38179448  159627
38183171  10677745
38190232  35553500
38190880  3302356
38190797  7771011
38190961  20563772
38191063  3418128
38184371  38173053
38191167  21862327
38191044  37071167
38188434  8425022
38189890  4988226
38190503  5604648
38189744  18221963
38189922  24644436
38191259  9605913
38189312  806000
38191181  980521
38191413  1285468
38189767  661028
38191597  12062481
38191598  4643713
38191453  35942014
38191426  3225862
38191600  12989397
38185685  16004200
38191569  13515486
38191449  10160664
38191751  2320069
38177153  3270409
20636471  14381694
38191957  38191234
38187047  1851633
38183314  30716673
38191960  913208
38191438  2274242
38192064  1789945
38192243  8276983
38191939  883365
38192249  3770021
38191974  2620764
38192202  3224878
38192395  513832
38192351  588004
38192432  38157255
38015251  8453887
38192230  29986657
38192530  23079003
38192370  21785931
38192587  12606544
38192636  625799
38192701  37549082
38187528  35588952
38192555  18050071
38192862  4736
38192988  218384
38192742  35904136
38193027  38189831
38190305  275944
38177337  218384
38193153  18791882
38188372  171480
38193071  1483497
38080158  121387
38193333  5121495
38192781  37009067
38193417  4216745
38193204  30591313
38192477  12357485
38193535  60174
38192711  35931526
38193107  25698585
38192751  37843049
38193276  32170456
38193787  1132941
38193814  218384
38180809  29215197
38193884  4909585
38193908  14028959
38189556  38150312
38193236  22279301
38194344  60174
38194091  12769982
38194091  4261133
38194401  4216745
38193566  10884668
38194454  588004
38176890  9654833
38194906  37375916
38194841  5009895
38195049  218384
38184240  12572613
37936384  14509652
38194949  223918
38194934  14434604
38195129  11044095
38195353  30127652
38193758  218384
38194755  10029170
38195692  588004
38194734  14220321
38195804  32108969
38195666  37269281
38195874  4261133
38195829  2033878
38196143  2605032
38193830  9501604
38195843  10312272
38196225  31898083
38194919  31241701
38179219  35422095
38192465  18280506
38196168  12989397
38196218  1359018
38196803  21070101
38196691  23024831
38195189  24673110
38192344  37150584
38197164  218384
38196790  30356716
38197026  31261207
38197228  13294067
38197228  347949
38197465  11941943
38197608  218384
38197741  4244896
9892480  2161054
38194544  20639180
38191951  38169519
38195424  25172595
38194403  5389507
38197414  8174723
38195780  2100490
38194292  2114757
38141598  37392321
38197850  11313045
38198584  8638621
33255085  33491016
38198641  5513615
38198593  3351882
38196258  33611812
38198789  4660142
38198843  3577641
38198938  12676190
38198938  610245
17870450  20705399
38199060  71022
38198200  5289393
38199036  4776514
38180211  38197732
3461310  12545129
38199387  13949082
38199773  5161951
38199618  27889687
38199584  6596471
38195150  36783672
38194240  38176606
38198640  364114
38199932  218384
38200185  10695139
38123744  38122147
38198573  8997225
38192397  28043589
37984181  19590850
38200210  5298507
38200481  21208223
38200387  14028959
38193140  730359
38184503  6867076
38200808  17910632
38201119  750032
38200966  18969691
38201383  18688971
38201365  16030858
38200660  33286213
38201491  5795773
38201370  26747446
38143579  16588064
38148863  37323196
38201208  11222813
38198600  3685970
38201665  17673771
38201260  10308452
38201437  1566595
38202119  1493027
38202046  36250353
19018130  10305718
38202344  7787120
38046516  218384
38202474  6785355
38202335  2762568
38202472  13367868
38200806  29092999
38183295  7372038
38202452  7074051
38202602  625799
38202739  750486
38202319  36009702
38202631  4436842
38200815  33933118
38201102  30731173
38199063  1938679
38202996  3381952
38201261  37385861
38202557  33891709
38196068  30540507
38200616  835501
38203089  240178
38203120  4554664
38201286  30099441
38203059  218384
38203149  5743167
38203538  4787723
38203591  5681537
38203554  15112125
38202566  37866936
38203853  11719495
38203885  22937618
38200652  142003
38189752  18050071
38203879  22317412
38203723  633780
38147875  18614342
38204300  279170
38204266  18758442
38204200  4920102
38204342  25573715
38201474  2051162
38204527  3292359
38204370  574881
38204560  1283127
38204307  5106546
38202506  1407076
38204802  3765859
38203644  22325882
38204377  35040151
38204847  653714
38205039  15479928
38205090  5121495
38205144  57483
38204915  204476
38204372  22458575
38205226  5309926
38199342  26229728
38204870  33154890
38205184  6921803
38205231  7562233
38205327  3954438
38205327  21659888
38205001  1731384
38205165  22837075
38205411  4183506
38205675  10768724
38205323  22662488
38205758  21273385
38205846  271440
38196808  8278424
38205963  3243386
38181605  402330
38205798  3037581
38033831  29774032
38205951  26793266
38206204  218384
38149849  38071570
38206227  8336858
38206216  7411974
38206469  1301346
38206778  203198
38206946  5210535
38206970  218384
38204589  5906585
38206990  12511159
38207199  588004
38207197  203198
38207303  2051162
38194134  37634046
38207329  15121717
38205736  38171909
38194226  37986097
38204466  37567518
38197980  7012705
38207529  26472596
38207624  12113699
38206655  790796
38197740  37518212
38207721  11528731
38207919  1342830
38207919  399594
38207988  12870137
38207067  35417086
38208026  7027288
38208199  15150376
38208231  14220321
38208052  12791501
38208250  2973202
38208331  38096475
38208394  14220321
38207986  11321491
38208466  36261224
36261224  19802502
38208630  218384
38208685  9594649
38204876  38204771
38208712  383947
38209044  9257505
38206474  22927429
38209128  8163746
38209255  218384
38200688  17598074
38200060  6942373
38196394  25706216
38194697  2784514
38209325  40480
38209097  12370326
38209376  297239
38208407  17156084
38207974  31767897
38209703  4842613
38200581  3424899
38198391  1207406
38196923  3437059
38209689  11321491
38209769  4261133
38194761  2158395
38209820  750486
38060429  15479928
38208154  60174
38209882  38074702
38202055  37986097
38029450  25098021
38209729  30887610
38208690  25339056
38192341  38194787
38187720  6959360
38210170  588004
38209505  33915955
38207697  3017188
38198613  23146473
38173762  38162056
38209335  32170456
38175441  11174769
38210256  6500888
38207899  10585808
38210195  34242688
38210443  5467129
38180416  36799997
38210510  17859417
32578431  32721083
38196614  26390302
38210241  38171813
38210568  23139024
37932472  11240245
23668417  3434278
38210786  926752
38170645  23523806
38175248  19774374
38210910  4261133
38210912  495021
38210960  17808279
38210950  1529002
38211200  6242955
38109364  218384
38209977  17850191
32114106  22741638
38211096  20086873
38089870  28827602
38210643  2564258
32836448  24518116
38046526  5393254
38211625  8938235
38211600  38171265
38211369  477572
38211644  3056703
38211684  35473174
38211000  3256452
38211875  37183651
38211859  5121495
38211968  4660142
38211795  38209279
38212234  4261133
38211929  30839733
38211988  18664530
38209874  17360924
38207955  21671456
38212935  7056749
38171835  758688
38213004  19671317
36231946  11731377
38212958  24735311
38030977  5744582
38213233  17932598
38213094  4655810
38211828  10405070
38213677  3363667
38213509  8163061
38213822  20339239
38213661  12769982
38214053  3840730
38214120  21956859
38214307  26003574
38214157  9601593
38214433  4116487
38214325  14266987
38213783  28222228
38213401  38209513
38214760  23446377
38210508  21102252
38214364  16813220
38214763  19190574
38214317  5836176
38214595  37995870
38214918  4660142
38214976  3577641
38215003  15311817
38215045  20279484
38215128  38190538
37279461  9444943
38215171  6260372
38214632  29127181
38209015  38159618
38209461  29936224
38193455  147173
38215335  7305787
38215466  1069302
38215463  571945
38205799  30094047
38215024  2989350
38215788  2107845
38215788  232535
38215787  37334357
38216128  588004
38216159  16944982
38216196  24021093
5819217  7613528
38216348  13085949
38216299  20035101
38216509  500431
7668856  36308317
38207167  31454286
38216766  24660096
38111857  218384
38216512  7834157
38216674  31219420
38216888  20116710
38216997  3682049
38216932  25269686
38216965  9277747
38198165  572549
38216732  4350440
38217193  8660691
38217065  33346389
38216934  9655129
38217532  14220321
12645031  5765853
38216226  8081234
38217359  10474676
38217359  710275
38218053  9436108
38217805  23056501
38218158  166221
38216859  129677
38218129  10547818
38218222  8367421
38218079  4360147
38211483  20349929
38218454  16502905
38216717  29133563
38218640  32610150
38218526  4866229
38218898  3737139
38218981  2573521
38219141  38211922
38217557  28034907
38218520  22444
38214962  32990046
38219198  27266595
38214886  218384
38219464  3737139
38202333  37457293
38217825  14209169
38213105  21844009
38219299  4166966
38219299  16352816
38218058  5265913
38219549  2973202
38205099  821873
38160626  38082080
38219918  5891840
38219745  29486979
38220005  2598658
38188527  1732348
38220012  24657386
38219607  798854
38218752  13932946
38219541  28368072
38220075  1975128
38219880  24193174
38207714  3069589
38219596  10781420
38220542  18234491
38220680  2109583
38220732  5538974
38220372  6441218
38220372  4570366
38220974  14220321
38220990  21110130
38214052  37749647
38221079  588004
38221264  1253266
38221333  8579657
38221289  5604698
38221351  3025050
38220140  218384
38221448  5078239
38221481  14220321
38217105  23746238
8258832  1552788
38220478  38209563
38212239  23848129
38215605  38216225
38217824  25621120
38221873  60174
38221025  26401778
38222190  18050071
38222020  32061254
38222141  31810985
38222386  30009788
38222403  32166976
38202594  3726721
38222103  8311320
38218024  7303740
38222572  19615659
38222774  1880471
38222829  38182590
38222781  10087819
38222851  21219695
38203938  21202490
38221155  33704617
38218906  10306690
38222634  28382433
38220896  2973202
38223156  9636371
38220559  24644436
38216369  34178718
38223351  951021
38215032  14660636
38221867  19123301
38223405  9212228
38222366  33900726
38223274  38160637
38223333  3058198
38223333  18757851
38223333  2679330
38206381  36191822
38223654  5838711
38223759  12573816
38223569  33758154
38223883  602636
38223750  142003
38224034  14220321
38218227  30719369
38223353  3131319
34711363  4616202
38224117  3986361
38224081  36999739
38224190  12667498
38224079  5977326
38224075  2599149
37126099  36999739
38224265  283537
38117140  10969941
38222857  3785089
38224528  4343596
38203372  4338920
38224487  588004
38224487  36308056
38224532  1151582
38224400  1251300
38224896  9975810
9975810  819416
38217584  489340
