38225033  3430315
38221180  25864944
38225179  8122611
38224599  23501119
38225360  1433204
38225403  27221203
38223879  36247140
38225853  10905676
38225529  33414291
38226216  23740548
38222187  1801391
38222187  2385909
38226352  12573816
38225432  882149
38225862  17743406
38226523  9549780
38226556  750486
38226641  4261133
38216546  11169445
38226667  6242955
38226761  17498216
38226129  33207376
38226686  588004
38225531  14728810
38226555  25174183
38227013  15913417
38225139  37547399
38186999  9944754
38227351  19765400
38226481  4967325
38227314  3717282
38227451  4261133
38227442  21971921
38223652  26791400
38225641  5049852
38227595  20020902
38227600  218384
38227607  736815
38227384  2267362
38227273  24157834
38227088  15702315
38227341  2825377
38227922  218384
38228028  32170456
38227788  15500154
38228158  2687730
38228101  5999998
38228148  520115
38228321  5203407
38227969  36821985
38228042  21496738
38228368  31073497
38228357  11521016
38226443  35947296
38228585  6697147
38228510  1894792
38228382  3302356
38228342  5430338
38228353  4261133
38228676  3850074
38228719  14721397
38228846  2706605
38217675  20424219
38225643  612189
38229095  2091499
38228833  11321491
38229141  3088059
38229278  30007369
38228276  1359761
38228977  3902233
38227051  29263480
38229270  1318712
38228071  20279484
38229613  7552246
38229532  12562151
38229546  17498216
38228973  11690223
38227236  14511034
38229755  20896991
38218007  7637752
32427444  21620034
38229939  2149785
38229892  336859
38229980  7014953
38217859  7939257
38229720  29984141
38229296  1473935
38230322  592746
38225346  9226787
38230478  30148999
38230353  847066
38002753  38230285
38227815  1282205
38206917  17717205
38230591  21733969
38230572  32325858
38230372  37383668
38230296  13593270
38230441  10623302
38230745  9535954
38230789  24644436
38230925  1303347
35872741  5592739
38230763  389993
38229314  3371535
38227453  4660142
38231236  2614072
38214271  35446161
38225729  12062481
38231392  21311386
38231437  37634046
38225174  1761051
38221719  19754961
38216170  7167650
38213135  24775790
38230358  1674032
38231596  180172
38231659  504947
38231963  12573816
38232132  7520432
38232069  4909187
38231724  33568231
38231678  25778469
38231856  26582375
38232227  218384
38212223  38229739
38232319  8028957
38230693  38228526
38232130  232535
38232418  949433
38219719  15185661
38232536  9262109
38232089  13015953
38211017  904041
38232704  31149157
38232704  23088084
38232059  986006
38232017  7298731
37908949  7706876
38210893  1250643
38210893  4691533
4992317  749709
37779069  37778640
38230208  37380750
38188024  19026884
38231615  20151149
38232655  18050071
38215633  6856028
38232323  3076414
38232775  37335102
38232969  949433
38231606  285793
27800249  27883926
38229942  5900248
38233382  2332811
38227861  5057267
38232310  20909634
2831879  40480
38233540  3501382
37196590  203198
38233405  12573816
38233276  32046108
38214060  6343166
38232188  18664579
38233824  36901
38226755  12890754
38233728  4736
38233933  7165395
38233344  2448843
38207658  31444891
38227590  3334578
38234076  28291538
38234027  37555371
38234411  14220321
38234432  12769982
38234432  4261133
38234383  24797170
38234543  36901
38234543  2921847
38234525  5629023
38233714  1151987
38120361  20078816
38231163  9069379
38234508  11503637
38234740  15167545
38230023  33464319
38234718  1373164
38221785  4289331
38234950  5387643
38234637  513832
38235076  18050071
38235097  4261133
38234968  38215579
38084208  2937569
38175455  17054275
38235353  24644436
38235397  372250
38235420  24644436
38235371  18306362
38128342  25371406
38235496  22071987
38235682  18209552
38235674  7976001
38235983  25706216
38235797  5078239
38235501  10363646
38233730  218384
38236479  12953127
38236446  428918
38199276  24214863
38236517  24644436
38236418  20170834
38221493  14321013
38220741  258228
38194351  38166090
38236706  18050071
38236768  1452721
9975011  2920416
38236960  18271173
35761259  33933118
38231578  16685138
38236949  10113532
38209481  13643363
38233935  5048436
38237316  10382929
38237441  3737139
38237128  17364127
38237587  34648061
38237082  25575513
38230754  34951894
38237825  15680629
38237959  218384
38237905  34835327
38238057  36827659
38238171  35719142
38238263  3709597
38238353  5121495
38238413  21824402
38238142  10918206
38237552  28222276
38237732  9713294
38238365  15092884
38237628  21881992
38237563  38222465
38238982  8107695
38235147  37779906
38232864  23417356
38238207  2707218
38236499  21435339
32447841  38109501
38233625  21881992
38236879  21881992
38238883  33194729
38239065  70577
38239292  3626976
38234902  24511153
38237147  3729369
38239464  3818193
38239511  9157118
38239413  8890472
38239431  16959576
3818193  563406
38239277  5087426
38239399  23294658
38239745  38221297
38238580  12596199
38239372  18050071
38239639  11309859
38239262  2500436
38239906  513832
38239521  26395521
38239699  34265999
38239787  137975
38228962  2011142
38240064  7520432
38240129  10079990
38240093  5580616
38240302  13964155
38240287  18050071
38240283  19070116
38240381  30856651
38219056  32097229
38086119  35096737
38239739  15967690
38240161  513832
38240505  26792899
38240609  11219582
38240726  995183
38240800  22641074
38240804  14220321
38240836  23293886
38241078  20447464
38238503  2737737
38241143  32244851
17514798  6087959
2540335  6087959
38240857  210397
38241213  16048347
38241267  11764713
9098901  6087959
38241327  37801370
38241326  11370344
38241383  14220321
38241422  4649639
38241546  218384
38241518  9210528
38240026  29973869
38241480  11219582
38241656  203198
38241594  35947296
38241736  3127429
38241765  21557959
38241952  726334
4649438  4680499
35559720  676824
38232209  3476430
38234194  15209831
35577262  18084905
38242289  7263291
22970158  19735768
38235832  27682180
38242299  35114890
38242361  680785
38242647  114543
38242420  9723208
38242597  7343465
38242801  3559063
38242880  2973202
38242933  2329978
38242842  18608812
38243092  11250259
38243134  4660142
38243148  30003519
22679711  20044554
38243420  565634
30003519  15037705
38243524  28719088
38243034  3663704
32717850  15037705
15037705  16602175
38243557  5843035
38243771  10299148
12934408  7331351
38243849  7381150
38238175  14211843
38237087  2973202
38243943  15625834
38243845  8420217
38244018  949433
38244134  3144610
38243950  3777334
38243886  19776670
38241474  33440405
38240744  32626524
38244495  5554734
38011611  13840429
31676374  25373228
38244583  3552461
38223082  2294551
38244722  18050071
38243928  9723208
38244871  1132941
38241892  14248951
38243265  24677180
38245126  2167916
38244880  392135
38244863  11154222
38244242  23928267
38242252  8554035
38245025  8723574
38245421  750486
38245425  999172
38245324  28719088
38245440  5890584
38244905  1194857
38245625  4244896
38245305  4660142
38243488  36697809
38245915  22662488
38245983  38127039
38244267  10517268
38242898  26266425
11002827  10517268
38246100  23866256
38246066  32865913
38246088  4348676
23650480  4138470
38245642  25245453
38245642  6060824
15470639  230062
38246040  1680627
38246311  71419
38124635  20181323
38246276  20181323
38238875  4660142
38246500  1563030
38246375  192220
38246670  218384
38246726  355167
38246779  24577087
38239059  11456403
38246799  5024056
38246565  4804990
38246964  7349689
7794957  14572084
38246485  36250353
38247035  988363
38247107  13667533
38247181  218384
38247214  27125672
38236973  38042811
38247286  1085801
38247284  32648371
38247440  3052442
38247158  11082062
38245357  12573816
38246156  12573816
38247459  3661025
2041882  2068027
38230010  7779509
38247896  22141309
38247654  17756824
38242431  24025409
38248125  179014
38248035  15385967
35207481  37555933
38247892  6822000
38248359  12953127
38235418  11164634
38248438  37189161
38248545  194852
33105809  23330884
38248591  34758492
38245995  26700924
38248116  1145704
38248786  1647260
38248587  26318275
38246823  12953127
38246823  16844155
38248122  37634046
38248578  25360411
38248752  37418518
37232397  10508021
38248685  3680876
38249241  12711584
38248127  36648656
38249230  27947344
38248775  6384102
38249372  15884102
38248851  4172722
38248535  30430664
38249520  24466240
38248155  750486
38248921  17280637
38236478  1675750
38250177  25425130
38250110  5881573
38250285  16504119
38250143  2667065
38250644  9329446
38248882  19075671
38250279  22205103
38234540  38153300
38250423  5017578
38250871  4660142
38250971  10255273
38250851  20865241
38247720  21764770
38248318  1383390
36561963  10255273
27261058  10255273
38250949  10789740
38250904  29153703
34256132  31126124
38250981  32619895
38250906  7128406
38251229  7594508
38243572  36003843
38251267  3088059
38235656  31866942
38251357  21660018
38251439  14220321
38251292  14617
38251514  38229351
38250927  33220693
9771525  1125084
38251289  588004
38251383  2081640
38251757  32170456
38251917  2338942
38248903  17674761
38251663  522563
38252078  2784514
38247308  37497763
38251828  13774773
38251734  27751624
38081160  38014379
38252280  4040001
38252250  7376647
38252250  15984789
38252366  2722159
38252295  11746815
38252502  27678052
38252595  14220321
38252536  23026145
38252590  1431742
38252653  40480
38252561  38159562
38245521  9488475
38249387  38251295
38251989  4265988
38253067  588004
38253067  9508518
38252802  8100469
38253146  18050071
38253169  12769982
38252831  22753629
38253201  3434278
38253388  2573135
38253481  2158395
38253544  9747010
38253544  3766229
38253294  38160746
38252593  33000200
38253752  13195583
38253817  2619584
38253943  18050071
38253973  14805680
38244888  23070469
38253499  9555868
38251698  38247073
38253018  2462566
38254058  9780742
38253758  13748124
38254188  625799
38253154  2141029
38254173  23294658
38254263  26655153
38253687  28295583
38253280  2432443
38254365  38237126
38252666  32300132
38254095  26337003
38254471  1090458
38254490  4955433
37960698  25376197
38208022  10005464
38252823  34695136
38254674  3823188
38254712  38253511
38254242  10169654
38254665  1014861
38254702  3384504
38253605  748062
38254518  31220002
38250704  23091623
38254898  2973202
38254958  5163144
38255092  1751301
38255012  2997767
38255262  4261133
38254694  1192054
38253786  12662851
38212597  7728158
38255520  1240852
38253554  7031885
38254716  5838918
12163613  8768317
38255619  35032182
38252562  5003142
38255777  12996725
38255732  15112125
38239554  2370960
38255862  8470070
38255822  11775594
38254687  38252973
38255892  14220321
1647952  299518
38255985  11947603
38256019  7771011
38256103  12598120
38256103  7674786
38242739  28837438
38236150  1207406
38256320  11553721
38256298  14220321
38256515  19871253
38254457  14187963
38256577  20512805
38256673  487258
38251385  4551424
38256626  4660142
38252664  15869018
38248502  38016912
38256838  35864906
38256891  14220321
38257035  4321634
38252419  28544425
38257143  34414766
38257175  18555853
38257179  2973202
38257008  348109
38248669  295459
38257483  17997228
38257578  35907454
38253572  28573081
38257750  7102413
38257830  25904555
38257844  24953658
38257739  6900929
38257917  2141029
38258069  6441218
38257328  18050071
38258168  365191
38258231  8373735
38255323  9008930
38258395  31548877
38258370  33755713
38258494  4964588
38258401  4732737
38258703  35736477
38258743  7560285
38258387  11385461
38258387  218384
38256775  11321491
38258913  26198526
38259305  454908
38259371  38257760
38259449  7350155
38259498  13102045
38236633  32815451
38259578  3339516
38259806  6834037
38222859  10492037
38258713  5342857
38252777  18064226
38259968  32170456
38259941  13242469
38252613  21722375
38258306  15672805
36118952  29571785
38258787  20142002
38260536  4929646
38260669  14220321
38225475  21833719
38260984  26198847
38260318  588004
38260917  2486191
38261149  16008145
38261161  15479928
38261222  4250149
38257197  5226803
38261505  1893424
38261339  2989704
38261565  35736477
38260140  6845720
38261999  14220321
38261914  193161
38262035  36144641
38262113  2190737
38261780  7927716
38260916  9134862
38261355  10901035
38260379  4076601
38258577  3078701
38262408  9295307
38262458  5228780
38262523  154136
38262534  1301346
38259974  27919595
38262291  1014861
38261732  16340159
38260533  13941801
37961937  8802734
38262617  5884807
38194673  20632860
38262673  2725102
38262937  12772687
38262937  34777755
38244689  9486364
38263100  159590
38263040  38178044
38262981  1311143
38263162  6692031
38263220  20013496
38263118  949433
38263118  13615243
38263029  5078239
38262919  79461
38263546  588004
38263646  7615214
38263788  4288253
38263146  8207325
38264067  14220321
38263960  22668255
38263732  884007
38264148  38116372
884007  28276423
38263939  6495898
38264054  17735455
32013733  7371244
38264227  18646908
38264178  13059190
38264304  13369829
38264467  15210646
38264519  7520971
38264487  12454794
38264579  13345091
38264605  218384
38264532  9406648
38264369  17198658
16014612  10689349
38256983  7501092
38264768  588004
38264879  18050071
38264942  32061254
38184963  36896916
38265095  17484059
38265151  10424048
38263410  18050071
38265201  3577641
38265233  18050071
38265086  1895476
38265277  3421991
38258613  34465848
38262324  34311069
38265418  38092697
38265330  1895476
38262945  35553500
38265348  26791752
38265801  20353402
38263502  11370344
38265853  31472816
38265783  30080810
38265742  15810249
38266013  1014861
38265956  37808564
38265914  1879700
38266111  34289313
38266400  17001389
38266597  1291735
38266289  7891073
38266582  5486789
38266721  1994218
38266814  17364127
38263240  11783932
38263240  32698580
38266384  63090
38259359  14655516
38263017  18326689
38266848  6957631
38262857  36164986
38266426  28992276
38266866  423860
38267064  14918462
38266902  22002170
6071619  14767530
38254655  8194257
38267295  218384
38267225  14220321
17524364  10918063
38267353  4744751
38219783  38221623
38263890  218384
38263049  14992259
38263705  6048085
38235479  15745042
38267319  3635722
38263848  23335845
38263004  12769982
38267292  38171265
38267601  8617712
38267590  1263170
38267089  5078239
38267699  530683
38267132  38246818
38267718  218384
38258477  29383107
38267017  25835643
38265683  32670979
38268064  23137393
38264169  18815087
38267397  2853112
38268315  1622027
8262852  1622027
5657964  1622027
38262349  635751
38268327  10852405
38268477  591094
1879700  203984
38268274  2160920
38268508  240178
1786322  210564
38268334  12174273
38268229  4870961
38266197  34009296
38268713  7137401
38268861  6674669
38259052  38246519
38268283  24985713
38268773  3672731
38269315  273313
38269121  12322342
38269468  279170
38263544  33606853
38269019  9238038
38269538  1663807
14695027  7035331
18556746  4734580
38268160  9324933
38260740  16280699
38268099  18940644
38269678  38231128
38269682  9054244
38268075  3832792
38269569  17498216
38269676  597959
38269732  27044242
38270126  3577641
38269601  28463621
38269756  498970
38269897  6200910
38268765  1195826
38268765  19965333
38270201  3881
38269978  31460733
37878337  15979904
38270331  24215578
38261330  19576742
38270301  14220321
38270397  18050071
38156693  6032781
38254408  218384
38270536  22984438
38269966  1892375
38265349  15372089
38253886  3268635
38270934  38270932
38270729  1389264
38270913  6405895
38271062  434287
38271062  509211
38270563  8170809
38264629  4660142
38265416  19065098
38271357  18050071
38271332  4815785
38271577  24644436
38267527  4284421
38261840  24566831
38271782  12573816
38271734  4901128
38262965  8876234
38271688  6943942
38271177  1123544
38271534  11835633
38272006  993112
38272103  24270
38270829  20622492
38272147  149772
38271965  12064202
38272279  27005861
38270093  36861903
13178501  36861903
38272326  7207391
38272372  9143317
38272393  218384
38272573  33621808
38272577  24644436
38271458  10067266
38252924  16111090
38259456  18915075
38259456  4216745
38189522  9581064
38272802  588004
38272545  32931549
38272750  18050071
38272839  4379042
38267118  3654289
38273023  717725
38272968  14028959
38273153  19585628
38273165  11546917
38273473  18050071
38273334  8486417
38273162  16813220
38273572  9264763
38273614  701166
38273590  16344223
38273649  17147249
38272465  38256369
38262814  13042008
38273735  25706216
38254096  10088619
38273859  11321491
38273788  24006165
38272694  29716653
38274110  4792160
38274101  6826718
38246947  32608006
38274160  4531396
38274286  1652128
38225326  223918
38274405  16889752
38273013  18222286
38274450  4994458
38272282  33896677
38274659  424366
38274641  7165395
38180993  36756130
38274743  1253266
38274743  3652717
38274884  2973202
38274396  17047057
38274704  38258074
38275009  23433096
38275124  4261133
38272768  1634782
38272768  858357
38273633  8864080
38275160  1031273
38274855  1810743
38267131  5216071
38275231  4000062
38273702  78536
38266749  1313120
38275387  24715864
38274624  857420
38275542  24644436
38275546  28250680
38275674  750486
38274786  2450954
38275793  19755031
38266279  31098911
38275845  459083
38275871  2612802
30704209  15207788
38274090  5621907
38273906  15710701
38275412  25134024
1094171  408908
38276097  15651486
38273064  27990478
38275092  844388
38276231  5291703
38276179  32170456
38276311  35643193
38276633  5762491
38276604  5554734
38276725  12573816
38276781  2083987
38276853  7854084
38275653  7854084
38275653  10168066
38277031  14220321
38277054  15899699
38272970  1031273
38277263  22047209
38277364  862106
38277292  35924736
38275524  4696499
38277440  23446377
26749157  262427
38273217  11709295
38248341  8983165
38277724  2241875
38277836  35113979
38277907  8890528
38277609  31087111
38277967  12448414
38278019  12573816
38273527  37310731
38278107  9196066
38278108  495021
38278007  29051715
38274479  25531605
38278243  23667086
35180230  262427
38275289  5086695
12088820  5295889
38278685  14220321
38278612  151005
38278472  8654990
38274525  218384
38278490  1839422
38270100  29413814
38271239  2839321
38261763  5840866
38278402  18369356
38278804  18697034
38278077  13336179
38278977  9529657
38272811  6793205
38279004  5795010
37740950  34366305
38278959  13372923
38278959  23728558
38278452  4708440
38279101  1470488
38279233  27228090
