38332261  8321096
38332626  332030
38332546  1070760
38332546  12627443
38332477  2661063
38331611  5804256
38330447  37487283
38271989  279170
38332985  8051975
34655616  31776949
38333085  12806739
38333137  218384
38331940  32010172
38333148  4425318
38333132  10909366
38322799  7825562
38332406  5034580
38332933  4244896
38333497  23015640
38333599  18050071
38333190  14759520
37835779  22475909
38333706  20705399
38333778  2874441
38330932  30578521
38334030  1267869
36378766  32584850
38317766  22390416
38334068  19169754
38332853  3076048
28738247  659512
38334411  4261133
38333862  3797239
38334525  9772307
38332731  18290080
38324459  10279404
38334680  13840429
38334698  31927099
38334502  16647590
38333915  3247183
38334849  10291949
38331835  464687
38335020  767657
38335131  2439782
38335210  1746613
38334580  38062482
38332707  7026251
37840711  37775012
38335177  750486
38335322  203198
38335368  2589949
38335466  588004
38334241  1716296
38334759  218384
38324223  10416926
38335035  4112686
38335491  34991165
38334664  12573816
38335516  30146891
38335878  3873215
38335597  3398604
38333867  831077
38335540  26296058
38335405  38269149
38197673  16339983
38332862  18012222
38316086  199099
38336109  38330816
38331995  2989431
38335988  4261133
38335734  32181742
38336181  10291949
38336181  2223386
38336233  24900875
38336281  1759300
38333798  33004888
38336282  7899525
38335829  1129216
37756982  8073427
38336331  710551
38336427  38282818
38336466  24644436
38331433  470690
38336512  14220321
38336436  804946
38336436  14220321
38335748  19538809
38335748  13045283
38336744  15965376
38336019  3107044
38336941  4172722
38335099  12925063
38334994  25410028
38331099  38316625
38328363  159118
38337363  29308898
38337427  24231056
38332864  37800717
38337535  169511
17181787  169511
38337658  3446216
38337615  3577641
38337570  35931946
38337079  18967441
38338077  38337678
38338080  11808829
38337501  25366066
38323029  25568566
38337948  14404139
38337733  3476779
38337939  14286240
38336697  28781861
38338427  33678809
38338427  4587915
38338091  19164933
38338079  33858007
38338362  38334586
38338622  218384
38338653  750486
38338554  10404348
38338584  5335273
38333930  22937618
38332380  2852748
38338220  12064202
38338935  28109970
38339111  2164069
38339053  20227196
38338959  7947703
38339062  139593
38336008  20064445
38296947  38285086
38339416  5335273
38339443  19004783
38339477  40480
37377260  38188887
38338899  33652013
38339021  4769929
38335970  19081562
38339586  30246862
38339663  8710619
38333432  34366305
38339646  34935619
38339714  13102045
38339844  2612802
38340028  11128700
38340003  2960772
38340051  11889997
38339496  16096754
38339568  9535748
38323419  13627308
38319928  38294317
38323216  28183661
38340251  13360562
38339668  12488477
38339884  21696784
38340624  20110161
38337048  38304512
38256616  34029065
38340626  2326229
38340674  14220321
38340890  5078239
38340671  8340531
38341018  27325652
38341223  2973202
38341250  25706216
38340133  11594068
38341308  8770726
38341127  26383926
38337219  26631815
38341922  4660142
38341996  1028248
38340992  4189807
38342086  218384
38342277  4968406
38342116  17631870
38342380  9146123
38341431  8535540
38342405  32212970
38342449  12136948
38342575  31977310
38341985  4660142
38333593  19336347
38342779  22195493
38321009  30289575
38342517  218384
38340036  35826412
38343182  20420890
38342943  11773297
38342874  283816
38340741  9756360
38343589  218384
38341141  20001229
38343161  2591098
38343729  4367539
38343468  14146148
38343917  2194992
38343366  33363508
38343907  18050071
38344275  16259711
38343975  38343898
38344476  14186373
38326959  37964709
38344196  30128395
10079325  492600
38344609  18234491
38344184  38004506
38339659  13685633
38342439  25595104
38343794  26066062
38344828  11007723
38345016  218384
38344612  10752055
38344612  32996001
38345100  166221
38345178  475293
38302536  18316592
38323989  8048652
38345219  6984544
38345389  55984
38345110  36238507
38345604  513832
38345549  1144783
38345549  1408289
38345705  180401
38337436  9515891
38342716  8439581
38345944  203198
38344244  29747224
38346221  14220321
38346130  16817243
38340487  3900701
26005583  6466711
38330719  38328551
38346323  38268329
38346334  858401
38337107  10420112
38346406  2580925
38345304  38309547
38346550  14220321
38346637  2336692
38346664  495021
38346330  9122078
38346756  218384
38346611  12475850
38346922  16804093
38347046  1041344
38220905  13670374
38347356  14928604
38347601  2626567
38347724  291978
38347589  19789709
38347589  170578
38347791  15208795
38347873  492994
38348058  23294658
38345283  11731377
38348103  238002
14000606  11731377
38348076  2188469
38342316  1724036
38348216  30680938
38347142  37993631
38348715  836704
38348375  4881448
38335773  436411
38348108  2523286
38348986  5084743
38343563  11923368
38348720  31179225
32158696  1716296
31179225  1716296
38347380  38120756
38348352  153724
38349493  6674669
38349229  26766268
38349536  2202435
38349722  14372906
38349742  588004
38349780  542938
38349661  24027271
38349444  30052316
38349917  465433
28580650  607669
38349241  8608587
38350204  11922383
38350123  15933958
38349438  2167916
38350482  379906
38350695  4660142
38349914  11433432
38346272  3755136
38350435  30480672
38350859  12113699
38351048  4467816
38351156  22662488
38351138  23446377
38342269  18050071
38350728  4833347
38344679  18050071
38351261  24016142
38342009  37042475
38300287  38320247
33304393  34746462
38350081  3909267
38351119  7613576
38351716  14790014
13777678  14790014
38351684  32952411
38350864  6507889
38351867  9196950
38283655  38320247
38351829  14638018
38351800  38346949
38345325  34646458
38351945  18050071
38352095  14220321
38351026  218384
38351823  3009557
38350225  11591185
38351749  38349582
38350532  40480
38350532  7520432
38350595  281682
38352615  38116372
38352431  5673430
38330307  7740387
38351179  24721903
38351228  6427530
17986481  7913086
549737  2342826
38353061  6457130
25331205  2342826
12027170  2342826
16497317  637827
38348125  35580517
38343064  12570834
38277502  38101074
38320308  38101074
38353242  11415711
38342833  13511167
18624463  637827
38353421  218384
38352475  9172775
38353448  684672
38348810  38176889
38352774  8195950
38353648  13794130
38350715  335311
38350715  12550135
38350715  1355810
38348883  9605913
38347343  3872063
38276855  2758612
38353091  487258
38353617  38348001
38353310  17371197
38352493  12031328
38352458  17009628
38353404  28799952
38352499  22165414
38354082  33579661
38354022  11070527
38354031  27735375
38354341  6562276
38342402  13751147
38353744  812571
38354696  8028957
38354151  29490893
38354151  32505490
38354726  4660142
38354656  3507498
38354512  29577977
38354908  7632126
38354945  15112125
38354952  15542656
38334911  5192859
38353539  23417356
38351678  37482366
38354489  33846244
38355381  37330412
38352694  18691674
38355250  17230837
38355608  3446216
38355625  13796451
38355395  29058933
38355725  3615721
38355435  30680938
38355628  5078239
38349817  46155
8065114  153724
38354995  164926
34650669  12028779
36911180  15916958
35565634  12028779
21302658  12028779
38355829  7801662
38355021  21680629
38352779  18041996
38356359  510357
38356359  15465089
38355898  11619841
38354689  5535610
38356491  35531775
38356587  2973202
38356744  541749
38351789  12664107
38356100  15276156
38356682  38143306
38356837  10508107
38356883  18093928
38356783  36035428
38356754  9686224
38356791  1101750
38356334  38165889
38357056  495021
38356952  1692345
38357095  5604698
38357161  16661595
38357369  15956231
38354206  37944341
38357428  22975073
38352003  3868192
38357569  3059044
38357607  1792470
38357647  30452888
38356599  37157552
38273404  37645464
38358041  2973202
38358048  2770321
7048833  9401521
38357948  3446216
38357895  33137566
38358080  1057252
38358226  7185437
38352378  602636
38358434  65475
38358539  20449427
38358611  5210535
38358594  14636536
38358654  19455837
38358730  513832
38358640  4488035
38358553  31794136
38358898  14137989
38358898  5291606
38358004  2983835
38359027  218384
38358734  1056325
38359071  18967441
38359236  5940180
38359209  23291015
38358081  33414131
38359242  10695139
38032074  3744289
38358935  4072365
38359363  3076414
38359411  34184535
38359512  4660142
38359676  4660142
38359354  18501081
38359745  12769982
38359702  38358926
38359882  218384
38359783  12231453
38357325  16721557
38359927  13698043
38360057  12573816
38360057  495021
38359626  36304404
38360003  16534501
38360112  2923809
38359093  1980452
38360385  14735274
38360420  4789837
38360529  1184624
38360506  1246408
38350847  38150312
38354526  3008395
38361028  750486
38360805  32215548
38361009  26024073
38280845  29441389
38358802  218384
38359779  7970128
38349462  12123014
38361195  625799
38325536  21881992
38361020  8796618
38361446  131681
38361246  22733871
38359426  1685157
38347997  6159900
38347000  3462143
38344657  2400643
38339576  2265357
38336501  17661136
38340808  33533148
38334964  5404665
38334793  5507948
38332732  6340351
38331574  952914
38331574  2158395
38361728  10377096
38353257  15313598
38361878  2770321
38361860  1646698
32042137  10411009
38360242  18218835
38356495  7833317
38362000  27791532
38361818  5843035
38362078  409784
38361944  8412946
38362103  588004
38362102  38242891
38362345  218384
38362350  16959576
38362412  38361657
38362424  18050071
38362243  2962785
38357439  3688550
38362479  8991840
38362575  826948
38361114  2207709
38362607  18050071
38362562  229080
38362584  38338961
38361743  17880821
38362287  7475223
38362811  2268104
38360324  26425332
38362926  15219984
38362896  588004
38362992  26557581
38362534  6880232
38353980  11044095
38362836  8022695
38363077  7118178
38355180  38353016
38363062  38342246
38362923  218384
38363279  24241953
38352390  4296035
38363289  218384
38363394  3926395
38363543  2308443
38363605  38363573
38363737  38360588
38357019  9681863
38357019  24606449
38350918  38327403
38363540  24783530
38363887  2554229
38345721  22047671
38364023  5554734
38363973  7352254
38362028  4551404
38364236  6864931
38364273  2973202
38363720  30162783
38364450  31263222
38364504  24055146
17915950  5891453
38363131  24322323
38363488  18594960
38362720  38135205
38364358  38278249
38362813  3577641
38365001  513832
38365421  38013217
38365463  23228359
38365543  4261133
38365560  19521320
38365562  11832914
38365600  6901506
38361480  2711858
38365870  24963718
38365798  513832
38365563  10974922
38363760  37951031
38365845  20455819
38366534  14556605
38366541  10335747
38365614  29717210
38366822  26017364
38366918  12224078
38366672  3737139
38364665  5890584
38366397  60174
38366527  870173
38367385  588004
38303673  20711021
38367472  218384
38367509  10428690
38367566  203198
38367365  4660142
38367670  10436695
38366493  917811
38367977  224732
38367486  34093
38367734  14338839
38367952  218384
38368014  12134605
38368077  2311421
38367982  218181
38368398  9616426
38218299  12908913
38368577  19941825
38368560  115983
38359648  823562
38367841  7631808
38368770  3331353
38368906  25858949
38369318  588004
38362418  4044245
38365628  25562173
38368612  3577641
38369541  10578984
38368929  18050071
38369349  11064412
38368194  4697705
38332599  30373343
38367505  18050071
38367496  18050071
38368184  14446174
38369488  218384
38370041  1280667
38369617  16432576
38369733  26484176
38370038  19802502
38362215  5878692
38369949  13460765
38370026  4458463
38370204  14050195
38370505  218384
38368598  156046
38370526  30903967
38370477  33846350
38370464  28509462
38365040  38171265
38369856  31226441
38369665  38362885
38366279  38158229
38370828  33102272
38191373  38362500
38371176  29308898
38367165  37942604
38371116  8460037
5822827  70689
38371904  218384
38369639  934012
38371375  21436517
38363161  31318989
38363161  27117949
38372093  451415
38372107  1582209
38371983  1834642
38372310  38237893
38372090  18643457
38372224  18050071
38372404  12573816
38372219  17020661
38372219  32102689
38372658  1379934
38372773  22747068
38369584  15745042
38360858  2305966
38371290  9605913
38372822  1751301
38372551  7383915
38373036  29920288
38371666  1319903
38373082  3034941
38373169  23651862
38373040  240876
38373040  18060242
38373234  4244896
38113314  25732386
38369283  34571
38373069  19506835
38373371  5642315
38373233  12129958
38369371  21020619
38373269  2451154
38373595  3003145
38373612  10100390
38373739  12342117
38365130  22470150
38373903  26024771
38372601  21181231
38370282  19860795
38373755  218384
38374131  25682113
38374254  128478
38374276  745278
38374329  6814646
38374282  12995149
38373977  1457863
38374424  18178406
38374281  5228780
38374359  12769982
38361738  4093504
38374642  6098694
38374676  38093012
38365436  8792912
38374963  1713056
38374975  1520800
38371207  38368448
38353732  310870
38375178  1975737
38375059  1660124
38374145  20663076
38375031  20054
38372967  33019642
38375555  502960
38373867  16216759
38375765  3163407
38375765  5417969
38375632  31336754
38375826  20640731
38376267  8718885
38376136  25960394
38375691  24644436
38375140  18050071
38367425  9535250
38370028  218384
38376702  491595
38376574  28270148
38376358  8447
38376850  14521108
38376850  1197575
38376131  38369572
38376957  15273449
38377160  18050071
38372779  38168973
38369222  14673708
38377227  2745265
38377273  4261133
38371911  20427927
38376644  2340406
38367705  35931526
19490428  2322903
38374350  13228185
38377482  60174
38373386  38371622
38377592  27213381
38377644  11922383
38377527  31370531
38377930  3127429
38377966  5385714
38377909  30908510
38378017  3338123
38377989  37549594
38256610  10544182
38377389  2680478
38378070  35366457
38378216  218384
38378202  14220321
38374729  32641240
38378231  2257441
38378247  6259982
38376882  10887828
38378330  11964214
38374027  29344953
38378467  4602141
38340786  8409024
38378570  28565976
38378887  4547480
38367308  16710439
38378904  203198
38378922  6802561
38360212  14947829
38378969  978799
38378633  1884889
38379006  13949260
38377506  17147249
12627440  3269686
38379148  35553500
38378991  2612802
38378822  9329446
38379234  21731439
15192331  3269686
38370794  843675
38378851  12706931
38379359  29716653
38378143  10552387
38366989  32277542
38379208  38345721
38372715  38309571
38375924  6470428
38373449  3965484
38379508  29136404
38379556  5711084
38379556  7134486
38379820  9005851
38379815  8404611
38379815  3132978
38379783  1770894
38379981  34361379
38379988  295459
38380116  11664894
38374399  38343219
38379054  12031146
38374972  2695746
38380161  29734954
38373766  24880388
38380393  218384
38368180  16491284
38368258  27946040
38360111  38362731
38380570  13650293
38380491  5650171
38380521  36246582
38379954  218384
38379041  27981789
38381003  218384
38381087  383947
38381078  9192027
38381041  5092439
38381143  38140113
38381117  23294658
38366385  38257754
38381278  588004
38372737  15318978
38359639  2276200
38381300  13840429
38381351  12824595
38381374  3622455
38375200  5249152
38381355  25165507
38381434  20541905
38381497  1274057
6937295  1138414
38381487  15297809
38381275  21057676
38381904  4629
38381628  38365872
38376673  32979001
38372685  30400499
38381372  31264172
38368840  20923663
38368840  5141559
38382317  14028959
38382350  1894269
38382368  218384
38340291  3177733
38382510  218384
38382412  26027926
38382319  6349421
38382622  13137817
38382644  14220321
38382641  3906137
38382758  9508518
38381344  5554734
38382736  11867152
38382813  35553500
38382781  60208
38382746  14028959
38382839  3264610
38382895  4244896
38382806  247483
38382908  17498216
38379477  37535234
38383097  218384
26027926  20522887
38379038  5812493
38382983  247483
38383158  13607597
38382583  34095134
38383448  4873783
38383499  9508051
38382381  26562719
38373187  7507277
38379667  13343954
38379667  27869645
38383199  599625
38383599  36974514
38369858  599953
38384074  588004
38383713  23315521
38384318  12573816
38383092  30895845
38384350  436411
38379151  30075832
38384466  32801095
38384477  37923950
38384566  4660142
38381920  2631001
38384542  4904668
38384815  5507234
38384874  27577701
36591362  7324645
38385050  218384
38384751  24579756
38384995  10583400
38364857  37786836
38385479  15479928
38385482  31528062
38374295  19720611
38385432  29818585
38384951  13646105
38385574  36277303
38385245  9446689
38385791  5121027
38385889  40480
38363969  10977969
38364996  29211068
38386114  1144783
38382252  31206533
38379460  27138483
38386213  7463878
38385657  27820178
38380666  27553305
38384836  21374548
38386627  14220321
38386529  1103149
38386527  5121495
38386695  12199142
38386973  9002771
38387353  24963718
38386707  23667369
38387417  3737139
38387418  2707434
38387418  24504024
38387518  306583
38384938  9292529
38387770  1367322
38387878  12383371
38387907  10056729
38388212  28387602
38387446  60174
38384828  15824552
38388557  10080935
38388379  12940626
38388438  38073777
38388732  20001229
38387541  355167
38388888  11086761
38386826  38376687
38389029  218384
38389019  30355185
38389239  14220321
38378206  38374508
38380156  9470440
38389234  21933247
38389339  3665115
38389515  2118656
38386313  11465555
38389454  15760109
38386864  7534466
38389894  9446893
38389917  4369159
38343199  22822209
38390092  1917576
38390284  2435216
38390471  6584450
38390594  7054228
38390613  1299871
38346674  29022464
38390773  7014903
38390819  4015417
38369154  3575109
38390864  12953704
38381766  19112209
38390633  16143562
38391017  409784
38391016  1917576
38391217  2329978
38391288  15336347
38391207  4660142
38391219  15860071
38391360  748175
38391404  9253027
38391342  2398588
38391342  3021195
38391342  3004103
38391403  18050071
38391566  218384
38391554  218384
38391504  19987080
38391392  8730638
38391777  3351837
38391882  29140402
38391977  1996122
38392084  15617164
38392097  2752018
38392093  27386921
38391959  2305966
38389289  25455447
38389289  11177137
38389050  18084554
38392519  9605913
38391844  6102380
38391192  14229072
38392247  690739
15365842  7733957
38389509  18956836
38392867  10440792
38392907  14220321
38392846  4261133
