38391531  30237768
38393140  18050071
38393143  642154
38392647  8516102
38391659  10675182
38390055  218384
38392902  14684463
38391578  2422468
38390852  9707762
34665425  38393071
38393291  218384
38390763  7552223
38388981  20823767
38389275  3973824
38393618  2403990
38393428  14376807
38393433  12374442
38393664  35553500
38393706  14944699
38393754  218384
36780962  37301403
38383432  1442527
38382440  10308685
38393792  12943607
38382471  11765061
38393856  1128723
38394036  19109131
38393376  7222533
38394109  2939914
38234134  33737192
38386913  18050071
38379101  33004809
38392452  3778799
38394306  14220321
38388810  2890598
38394243  1776915
38392860  18584520
38394330  29156706
38300821  3624280
38394592  13405129
38394461  453696
38394930  7437803
28557165  21410317
38390720  5623838
38395156  13102045
38395136  24471109
18642990  16166261
38394202  26138823
38394284  4955635
38394284  364114
38393866  25721884
38395365  10412473
38391790  37473886
38395275  13785210
38395770  12859942
38393164  19414605
38395386  6638623
38395637  533905
38335729  34559146
38395807  16990666
38396066  240178
38394854  32551291
38396208  3561043
38396152  22605050
38387048  17292375
38396228  31606079
38396259  38045700
38395643  8769970
38396387  4261133
38396542  25509879
38396413  12077859
38395508  166221
38396622  20781538
38396454  1911281
38387533  33834215
38396643  12234963
38396459  38385514
38396648  9824806
38396474  22502658
38397017  16259729
38397081  35553500
38397045  218384
38387852  27873784
38397104  652654
38397213  38374344
38393225  22248828
38379937  13274279
38392409  14187963
38397620  14220321
38383541  31931
38397464  8072893
38397464  33315590
38397621  33658169
38397842  30791936
38397894  22565077
38397674  32522263
38396999  36075244
31934696  38397682
38397979  5815423
38398184  513832
38386728  12573816
38398264  2784262
38398395  1797510
38388751  26850095
38398443  12769982
38398503  12839567
38397547  18852059
38398609  5554734
38397502  24082011
38397667  8809985
38398689  6439579
38398371  19896870
38398661  806013
38398844  18050071
38398685  32014475
38398852  3583724
38390783  14673708
38337630  35894594
38398739  57483
38399178  38396046
38399227  9959727
38399145  534855
38385963  16790793
38396111  37415863
38396669  37876257
38396766  37876257
38395117  940382
38399543  9581064
38399672  2726855
38399583  18082
38399345  3141412
38399405  38393421
38399788  29090277
38399576  24285116
38374233  2118656
38369971  10786042
38399936  3993226
38398924  2450954
38400042  32303136
38400077  3446216
38400298  6638072
38400342  10160664
38394478  2557834
38399468  1481405
38400388  1572322
38396491  38326519
38400593  2185252
38400593  23945350
38400802  26889946
38400707  38242584
38401170  240178
38400608  9650992
38400619  19896870
38401304  16946829
38401328  11894714
38401403  218384
38399660  9488919
38401386  14220321
38401455  21197977
38401552  8028957
38401479  38383409
38401479  17620553
38401672  7810074
38401600  4660142
38401809  26748546
38400595  22444
38402053  15785982
38402136  1207406
7573115  1207406
38401960  32636182
38402144  13836553
38402330  240178
38384169  25061947
38400866  11321491
38402400  4261133
38402436  7806709
38402450  16573995
38402550  4660142
38402535  23740548
38402739  17473195
38402669  5008804
38402757  15474933
38393114  3796786
38402986  14247732
38403045  203198
38402619  32584850
38403157  218384
38348577  23802970
38403204  7875259
38403348  4261133
22064160  14358425
38403405  18050071
38398307  4660142
38402595  547436
38403504  565634
38392549  1145899
3004103  2398588
3021195  2398588
38391185  31455644
38324596  14136721
38226692  9644452
1446750  8460037
38403668  2286696
38403742  218384
38403742  1922677
38401264  37954217
38403726  5233514
38403406  7368789
35009416  38323401
38403848  4722010
38403352  4680188
38403646  5061721
38403881  1049210
38404043  555505
38368613  13102045
38368388  9923486
38359092  2745265
38359443  1096398
38354509  218384
38355130  5434419
30496492  8472935
38404241  9347282
38404179  1732348
38403486  2118656
38351768  28451370
38403759  18345664
38350973  34413
35643598  24869323
38348155  218384
38348155  3264610
38402704  14055734
38402704  36664051
38347280  3951252
38347280  5554734
38403942  892595
38346510  17033206
38404516  1582209
38341439  21544446
38344447  21039579
38404584  3446216
29383350  218384
38404567  49137
38404774  767999
38404780  1652396
38404237  9822076
38404484  513832
38404828  9692665
38405029  38398197
38350304  5823503
38403932  18677762
38403004  20529878
38405275  14220321
38405369  22939130
38405375  27465449
38405576  218384
38405617  38404584
38405432  11144389
38405987  218384
38405380  4543936
38371985  20432147
38406078  14220321
38406172  14220321
38384253  29635300
38405865  5854047
38406263  10693845
38406287  8028957
37979272  35257287
38405695  29716653
38405076  218384
38406675  27554296
38406595  3481828
38398367  199333
38406359  2979383
38393721  25859094
38406558  24644436
38403185  38387031
38406991  7745609
38407074  564
38363998  20920002
38406900  498400
38407151  24241953
38406389  25342594
38406907  36974514
38407241  23740548
38404062  1224399
35999710  38406045
38407522  513832
38407359  37994891
38407788  30760822
38407751  5554734
38407824  5291726
38407893  1700081
38406582  18752409
38407958  218384
38407212  19826255
38407995  4660142
38407962  17106462
38408056  218384
38347411  31981237
38406703  4792862
38393142  3683910
38408064  3502311
38408102  21881992
38406449  3406891
38408332  4205181
38408517  22806781
38408524  218384
38408217  4529815
38408607  5289078
38398002  38330907
38408767  53162
38408672  2833956
38408869  18310394
38408168  25529261
38408833  14220321
38408865  5387174
38409011  17393683
38409107  3440406
38386289  38403626
38409061  4055618
29648091  36250353
38406236  31633302
38409150  367706
38343278  2928738
38408200  17460463
38409374  182287
38407970  34077641
38408241  19749972
38409637  1312101
38406579  4736
38352649  2900023
38408889  1032161
38405504  20342494
38337175  37475012
38403734  2732488
38409842  10127472
38409859  4824342
38409596  218384
38409732  15435652
38409656  926574
38409143  27667914
38410081  6502828
38409917  18904399
38409534  16140178
38410133  471344
38410133  3181641
38410255  466345
38410341  2010892
38409159  12381563
38410256  3895188
38403410  35223111
38342902  33974667
38326581  13343340
38410760  218384
38409025  24644436
38410791  24644436
38405847  20077487
38410944  11427419
38410997  2391233
38410997  10356109
38410384  9624601
38411100  6568007
38410902  38406864
38403829  20279484
38401216  1597405
38411390  3577641
38411316  25224613
38411454  190561
38411346  18782503
38411757  9083100
38408960  6290531
16317431  19629067
38411877  35413698
19543898  19629067
38411963  11356168
38411991  31937494
38411823  37517208
38359607  38366204
38412013  34657821
38412063  15112125
38411956  35243492
38411210  1296646
38412165  18794279
38410597  32058967
38412354  495021
38408892  38401467
38408667  32170456
38402498  12592472
38411037  35146205
38412569  34044361
38412375  13913325
38412140  23900059
38412718  14220321
38412759  15374857
38405708  29423663
38405708  21916503
38413002  166221
38405091  21895335
38413151  218384
38412860  218384
38406062  15625468
38410523  5750696
38413122  1823306
38413122  19412
38412439  12573816
38412686  38387226
38412613  18419428
38412889  24715864
38413420  18050071
38413466  3373914
38409512  13220923
38413485  5434891
38399750  5434891
38413471  625433
38413567  3119901
38413567  2612802
38413573  201183
38410789  8466744
38412998  3331353
38413755  20449427
38413818  18050071
38412733  38402199
38413709  1996122
38413904  12769982
38413896  16872589
38413464  32214716
38413948  18050071
38413440  20646822
38406246  4496681
38413753  583336
38414116  240178
38414126  24715864
38414152  588004
38414152  21895756
38410790  37622220
38414352  12528107
38414294  588004
38330103  32592841
38414220  32170456
38414835  7069076
38414783  35121800
38414783  27882839
38414857  12146100
38414834  5695107
38391639  9838119
38410976  8854780
38414880  16156837
38414852  12117120
38353711  2340406
38413385  7438059
38415491  20035101
38364642  38407661
38415655  2320069
38415596  78536
38401307  18356502
38415185  6315269
38415852  35368213
38415969  203198
38416136  2589309
38405094  13110629
38412714  38404825
38415578  189645
38413621  6368987
38413943  15190048
38416273  3010840
38416304  38414106
38415897  38413442
38416318  26409611
38416318  27842968
38415524  7810074
38416517  17928979
38415932  513832
38416430  2274242
38413928  33225947
1915262  765981
38416646  32061254
38412904  18671
38416772  6223765
38416869  7746505
38354026  33547009
38416814  285680
38026575  16816071
38415114  10592641
38417043  38416984
38416661  13136355
38416774  8028957
38417121  310870
38417123  25706216
38409418  12720064
38417173  12573816
38417188  16491758
38417206  40480
38409558  9118367
38417259  18050071
38416188  20057967
38416593  36464879
38416449  18050071
38417585  24026510
38417637  18050071
38417639  13242024
38417515  1296358
38417702  4261133
38416832  32648371
10846127  14468156
38417875  12573816
38417755  518000
38417339  6559261
38417940  27839752
38417791  4660142
38417475  37532655
38417558  2229822
38418176  24900875
38418107  20314318
38418180  6456870
38418237  24210327
38416866  6848970
38413852  2118656
38418173  218384
38417060  37908358
38418557  60174
38416682  11731377
38417442  1666706
38418617  12734721
38418665  13408388
38418625  2540202
15751855  7362504
38418755  2612802
38418875  14220321
38331606  1947754
38418889  310974
38418948  4928271
38418415  15646973
38414976  22324052
38416792  15646973
38414730  163542
38413233  15102943
38414505  493386
38418447  5087992
38418987  20694796
3027394  7278779
38393393  22797418
38418849  12734721
38419248  2465921
38419269  32656095
38419472  1906445
38419303  25824920
38419738  2356851
38419802  16352816
38413304  38391402
38413465  29344971
38419047  25654339
38419485  4172722
38419784  218384
38420033  30260015
38420001  2973202
38420089  29170099
38420090  218384
38420370  15646973
38412210  218384
38420314  18276872
38420408  5545649
38418826  3127429
38418826  20279484
38418701  38409725
38420199  10142600
38420563  24644436
38420707  495021
38420730  7965280
38420728  27502608
38420792  11704971
38420607  22937618
38419189  10552812
38420989  38268329
38421044  10026346
38421092  2487171
38420963  14768131
38421137  5967890
38420769  35423246
38420652  19176024
38421103  6123971
38421339  12762712
38421386  2974011
38421200  29293637
38421746  29457720
38421766  1685860
38421926  14220321
38393988  2137755
38421757  218384
38416815  15427936
38420958  22502658
38246237  10448589
38418386  11563298
19656772  2118656
38422280  218384
38420161  38375212
38422096  10769964
38421443  16137713
38421443  18093928
38422461  16208365
38422534  218384
38422332  20221112
38422503  26770730
38422393  7908248
38422580  1241205
38414891  38419948
38378801  38380404
38421162  13809359
38422699  280435
38406580  19275212
38422802  4570366
20738500  12532339
38422863  38421892
38422899  1529002
38422111  31220002
38421071  4216745
31642978  31497153
38414090  10860244
38423010  15014066
38423022  4176328
38423199  6647392
38422691  13911743
38423228  14613890
38423301  16255724
38403324  2839533
38423344  26251678
38423189  6580675
38421888  18050071
38423421  1144783
38422727  32746876
38423704  21031903
38423842  5127937
38423914  9620683
38423902  38414977
38423543  5537297
38424022  218384
38418188  3571250
38423788  37810967
38424152  1679669
38424179  218384
38424231  1416697
38424250  1005073
38424291  703396
38424478  4261133
38424460  31873616
38424491  38411612
38424474  16506095
38424482  6861033
37524212  19563106
38424557  4385994
38424605  513832
38423126  38414070
38424568  30393159
38424568  40480
38424203  37335102
38424699  16948256
38424801  1453410
38424909  218384
25258190  34413
38425020  588004
38417427  21955256
38425056  750486
25066022  12209300
9802648  2256084
38415361  5486789
38415154  19141792
38414758  30342273
11496821  8135215
38234714  20563772
38413341  153724
38412956  218384
38406279  8129207
38406279  8341305
38387337  3058198
38406905  218384
28841255  21791371
28841255  34413
38405674  7083698
38425285  218384
38342010  35559057
38330877  9941296
38329298  6029579
38326644  3875184
38322021  37876257
38320905  2784514
38303401  218384
38302935  10839131
38298201  239147
38298201  25706216
38283476  912334
38272664  17242649
38268460  38266530
38260561  218384
38425266  1975772
38425295  21122540
38425554  409784
38425547  5439529
38425490  3465113
38425378  18652162
38425703  495021
38425357  16368153
38425610  279170
38424357  23974569
38424953  4660142
38426041  3577641
38425159  17944061
37873269  34069282
38425901  32345768
38426028  2320069
38420653  588004
38420653  20764911
38425647  34756294
38426209  3076414
38426251  17498216
38426258  767999
38426305  11114622
38426076  2768806
38426396  2973202
38424359  34366305
38426240  5192859
38422266  11618277
38386655  34803648
38401211  1049825
38426616  4261133
38426796  27627158
38426904  4660142
38425495  31944691
38426878  25296691
38426743  7486085
38295764  664957
38426081  38421940
38427037  272900
38426987  18829099
38427097  409784
38427166  38426511
38427177  2430578
38361142  17940163
38424925  4261133
38403816  2246493
38422642  17530471
38427732  38406520
38427327  218384
38423406  14376172
38425864  22506531
38427048  31948285
38428116  14220321
38428232  1597405
38428267  6151218
38428248  6487366
38428395  37343062
38428580  23479512
38428927  18711468
38426436  9591744
38428383  15446560
38429401  19788963
38428849  25272457
38343935  33307771
38429331  824279
38429532  2902074
10225843  10225183
38427420  6452959
38427420  15646973
38427176  2839321
38429022  286419
38429665  2785485
38429733  10390173
38430092  4847313
38429190  218384
38427947  33478564
38430278  1197733
38430203  10419530
38430046  29070961
38430267  1716296
38430322  29785693
38430277  10547343
38427902  8124087
38430336  3505701
38430336  9809166
38429766  35561453
38430784  3577641
38430631  23667086
38430959  203198
38430993  166221
38422911  4636166
38431128  38237893
38431479  8618637
38431248  13388942
38431528  38431182
38422494  9901696
38335276  9811680
38391302  4281425
38431813  218384
38430105  1489669
38427876  8295131
38427876  332798
38428047  38427506
38432013  203198
38432027  214741
38432110  4343793
38432101  2003521
38432100  203198
38432164  10459922
38417225  23667086
38432426  34413
38432676  10473573
38432510  4261133
38432630  11308754
38427506  31149246
38432945  218384
38432493  16148624
38433069  34716623
38432444  3777481
38432233  6298566
38433040  24755613
38432435  16208365
9790927  4059932
38432376  824349
38432236  38381090
38433454  15745042
38433531  36177620
38433379  9837843
38432994  218384
38433745  10650730
38433657  14028959
38432957  3932038
38429941  24793351
38434084  12769982
38434149  40480
38434192  35553500
38433851  38239897
38434239  287871
38430594  16816685
38418906  22344885
38434453  10302564
38434524  513832
38377457  12370521
38431899  2167916
38434728  7737461
37983756  11292898
38434803  2144386
38409981  38421441
38433809  32146555
38429660  24644436
38431879  24644436
38429832  2167916
38429079  2973202
38434362  5890584
38435033  4757565
38435168  16971656
38376491  21261961
38435629  14076296
38435301  3987683
38435773  32501627
38435863  1218933
38433723  21522341
38435089  3299972
38436043  4284269
38435250  14910667
38436001  8285982
38436141  21816595
38115613  32170456
38436199  109383
38429518  70689
38432173  2723015
38434188  38431170
38430045  20346565
26163576  17865937
38431045  2703601
38436300  19896870
38434741  38347478
38436228  218384
38436477  4660142
38436587  9549780
38430474  36004926
38436624  24644436
38426804  38421940
38436751  4261133
38436754  8966740
38435527  12677934
38435810  2050391
38404230  18213907
38436612  38039
38435749  5687540
38437267  20738935
38434407  25263882
38436813  3754582
38437249  11922383
38375124  15381105
38402753  13490065
38425804  2095397
38425804  5104094
38429403  15548707
38436654  5198428
38437281  4496359
38437281  4216745
38436639  36273309
38437451  1322732
14367302  9150691
38437638  32170456
38437761  18607418
38437633  17169541
38418362  18343740
38434041  3078701
38436313  38406361
38437856  7875259
37645316  8193242
38427314  4543936
38438014  20375863
38095516  12157130
38437827  2477452
38438256  271440
38438363  4259300
38392605  32170456
38438565  20449427
38438596  4261133
38425262  1000040
38438486  2144386
38438761  949433
38438588  3019487
38423912  37321448
38436436  7785795
38438899  313584
38439003  2448843
38429072  33203379
38438956  4587397
38439454  18028706
38439351  10435103
38428622  38425854
38436692  2010990
38436692  4645441
38438783  27390656
38439876  2878118
38439674  625799
38440129  33123985
38440207  29380681
38440269  23087358
38439789  8364189
38440397  18050071
38440388  6491463
38427242  23611583
38439994  79461
17033350  2907335
38440618  12142172
38440611  18971109
38440776  684171
38440843  12388771
38440510  18665782
38440744  29108963
38440951  21122540
38440883  2761393
38437411  9588827
38441208  891958
38441083  32802202
38423552  22211525
38439870  9268876
38438449  3059044
38422813  6567742
38441381  504103
38436389  16084374
38441520  396145
38427928  10945672
38364291  895827
38441634  5843427
38441796  13760168
38438875  1660124
38441684  14220321
38441708  4261133
38442006  5335273
5710917  3737139
38441147  24644436
38441330  4470700
38442065  5061721
38441567  12266744
38435589  8244723
38442219  7947195
17905776  28311687
38442370  10030486
38442397  13730468
9057379  13730468
38442303  4261133
38442458  18050071
38442473  12769982
38442551  218384
38442615  33077890
38442538  15711645
38442447  4988226
38442785  28946086
38441612  2642182
38442740  2361426
38442869  14220321
38442953  3082084
38442836  7710153
38441086  26578167
38443010  18050071
38443095  2973202
38433885  833997
38443019  7801910
38443244  3437059
38412466  20547819
38442469  196017
38442469  41107
