38555559  29984141
38548910  1064305
38555295  25135598
38555608  4232789
38555622  7241871
38554813  20370656
38549159  1061678
38555784  24371204
38555629  32963070
38555841  25706216
38555530  1343890
38555951  25080835
38508392  38504334
38556002  23294658
38555956  11922383
38555579  6717960
38556041  25465912
38556153  21237781
38543480  11340038
27022433  2312881
38552670  4845219
38553020  13729294
38550259  10957238
38544020  8443163
25896499  13864787
38537478  8517730
38537636  15518414
38536970  32635704
38536343  6010915
38535544  9561637
38536182  31083834
8531162  7224626
38534341  18410035
38531825  18121714
38377196  12113025
38529731  14136721
11763803  7004464
38516884  4096851
38522974  16837640
38524661  18160918
38524415  671049
38512609  1879255
38510727  4782231
38505836  33940233
38502114  4456779
38501320  218384
16273318  5818912
38497262  25385173
38492262  2680827
38495339  23024831
38495339  3624280
38497345  4993993
38494101  20385281
38479860  22691541
38474814  521171
38471671  6679810
38455619  15336457
38439515  38049230
38439023  25621818
38432651  4262390
38430436  943113
38556332  5232295
38556424  218384
38556210  7642614
38556417  12694588
38554352  12489017
38556502  4968406
38556413  30619349
38532008  38525569
38545765  1146973
38556644  26798518
38553797  21491009
38525909  37789264
38555993  38555764
38537535  24900875
38537535  34361379
38556835  4660142
38556905  717725
38555627  5132939
38556949  20188379
38557077  3737139
38557156  901115
38557081  745756
38557250  56011
38557250  11917043
38557312  16730109
38557137  11996135
38557328  5121495
38554459  24644436
38555462  24644436
38557535  6219263
38557764  3127429
38557974  2298208
38557853  10849717
38557902  34361379
38550074  21210045
38558231  8537148
10871369  7198296
38361221  19605150
38558239  8722806
38558239  2480186
38557272  13891892
38558333  11488014
38556878  2811781
38558510  9331899
38520032  3592856
38557627  16071604
38558700  4452132
38557963  218384
38558442  12175964
38558288  8176513
38558701  7890685
38558856  8189466
38540337  19029174
38559018  32080972
38559333  10041810
38559401  12573816
38559494  2521459
38559605  16763322
38547115  38160
38555955  18782324
37136225  8707082
38559807  40480
38552235  4195660
38559304  851625
38559884  897366
38560431  12289844
38560443  38560146
38560579  31322786
38560590  10563251
38560756  24676194
38561035  676824
38561142  26348643
38561184  2973202
38560913  36233477
2039117  1144783
38560170  5335268
38561195  15745042
38556241  9411110
38553350  4118673
38553753  250175
6384702  1783793
38561545  5187530
38561352  2057875
38544850  38544911
38560900  11786075
37294765  13840429
38561676  1917576
38561803  4660142
38559524  34722866
38560211  22812488
38560284  28614078
38561983  513832
38561959  25080835
38559455  2770321
38562023  218384
38562077  1144805
38561763  33131880
38558968  5965812
22320957  2340406
38562277  5807749
38562415  25167428
38562618  14347047
38504444  29099404
38562615  8993348
38562797  2391679
38562786  17079144
38558440  24748565
38557869  14270082
38562442  8687693
38563170  12177416
38563268  22444
38563438  5223
38563367  24467726
38563240  14220321
38561848  3599621
38519838  28106937
38563574  218384
38560477  38548627
38563880  530539
38562672  17925355
38563518  218384
38563988  495021
38563885  27197617
38564115  2056221
38564128  7258538
38563980  16515362
38563980  19843506
38564299  15045272
38437227  11820799
38557951  38131725
38564560  38561876
38563360  2118656
38564545  12573816
38564621  218384
38564691  25873635
38564827  1643035
38564818  5556664
38564993  8637781
38564986  9010222
38565019  2716069
38565047  4314215
38310151  6145235
38565028  24644436
38565339  18093928
38564362  23824577
38564362  686439
38541376  38518605
38565144  15681735
38565605  23392111
38565674  6315699
38565743  14672746
38563400  38501840
38565830  2364982
38563408  24644436
38559110  24644436
38566041  34413
38566071  6320113
38566089  6470428
38566249  34413
38566211  4862310
38566267  218384
38566530  218384
38566085  10694255
38564840  25823730
38537726  26680958
38566523  1893013
38566523  7082724
38566678  1757065
38566138  10769964
38566744  1296646
9332718  196664
38566902  14132723
38566982  7273338
38567022  203198
38565828  14445989
38567124  18050071
38564978  1065435
38566969  38564328
38567141  8759868
38566310  9792411
38567261  33054229
38567103  588004
38567325  36785014
30651805  29616488
38566718  32694313
38567423  218384
38359629  38379946
38567495  922544
38567376  6477415
36921069  13242469
38567673  40480
38567714  12825617
38357889  33076819
38567818  15699192
38567940  1176136
38567981  370357
38566912  14220321
38567905  15266533
38568106  14220321
38568105  2320069
38568071  3253641
38568061  15241124
38568043  38565530
38568216  11227809
38568239  38338787
38568347  14184149
38568383  17868059
32838208  25845449
38568415  33054229
38557747  29518459
38568562  7488211
38556664  37809915
38568798  13840429
38568722  218384
38568291  8091303
38569037  218384
38568982  37884416
33387346  30297912
34695216  32465495
38569272  4967414
38569262  37065433
38563700  4549542
38569910  14220321
38570000  14220321
38569080  5649218
38566315  21955256
7542681  21955256
38569647  986006
38452540  4736
38570179  307179
38570179  5660258
38569599  28800447
38569871  20158714
38570554  4261133
38570416  38507947
38570409  218384
36485773  5967103
38570706  9539650
38568757  29182244
38570796  6542996
38570834  38569976
38570814  14910747
38570890  28832129
38570944  4216745
38570931  7165570
38571077  8894987
38571142  218384
38567025  38512935
38571207  7584036
38568606  38567255
38571260  18810800
38560191  22506531
38570775  34996295
38559122  2505181
38571661  1572322
38571537  31657306
38571773  38568900
38571760  16804093
38571782  6249707
36528960  7451707
38558950  218384
38564472  37335102
38572083  12573816
38571983  6594084
38572266  25080835
38572094  8129122
38572226  35207624
38570593  12787781
38560074  279170
38547876  3369287
38572539  15916958
38572033  1444314
38572571  17873384
38572638  8268624
38572729  279170
38572695  5147292
38572582  11711417
38572530  10160664
38572739  750486
38564180  8864317
38572709  37586811
38572832  4502229
38572941  37418518
38573111  768431
38573067  12721592
38573179  949433
38573233  3058919
38565150  10067266
38522972  27008369
38573327  25080835
38571839  25602775
38573190  5807137
38573449  1301822
38573349  13779294
38573574  4660142
38573407  1522564
38573738  2973202
38573753  15641889
38573761  1269926
38573933  588004
38573774  9917883
38573810  428918
38560789  34597160
38573752  320948
38574089  4343596
38574108  91108
38574282  33671196
38560134  2388087
38574229  14379274
14178430  5905492
38573118  2109145
38571788  35222539
38574035  1607336
38026318  4261133
38574203  30346879
38574197  12573816
38574534  601621
38574609  11764713
38571920  3485177
38574835  625799
38574237  4660142
38565531  38377454
38571650  16898131
38574980  9393885
38574511  33070523
38574886  14440444
38575362  4261133
38575315  38572986
38554026  18419661
38575521  19627624
38575561  32362057
32882391  32362057
38575255  2341149
38575540  10346302
38573482  20423387
38573711  8316987
38575765  12573816
38573437  38339535
38571295  55828
38575858  28940861
38575947  4261133
38566778  457453
38575966  3446216
38566132  18757097
38573086  20714160
38575301  2161054
38560226  5050102
38554805  337087
24356809  4076601
38575375  3049651
38533344  12461016
38576282  2649213
38576493  22937618
38576333  31008209
38570411  1080411
38576571  9158894
38575132  30237768
38576600  6420329
38575256  38534945
38576731  12573816
38576718  24318480
38576736  19620667
38568833  33153416
38550885  34540104
38576859  13464152
38576853  472282
38577269  2063480
38577659  750486
38577420  6686733
38577560  11421090
38576939  17364127
38576902  5121495
38577867  2276271
38577770  516917
38577834  2424343
38577920  8797800
38577872  19572753
38578003  3481828
38576987  18555064
38578019  6822000
38573841  218384
38570536  4011075
8592032  675730
38568884  8327514
38577346  164194
38575814  388483
38578368  3577641
38578473  218384
38578212  2655972
38578578  2186931
38535559  23740548
38578639  4042434
38576916  1112343
38576407  34366305
38578713  661561
38578805  18050071
38578941  18050071
38578817  35184092
38578483  8657337
38577061  5121495
36360645  12806739
38579254  3602827
38579277  3158730
38576895  27957103
38578967  3304642
38579392  4616202
38564814  9624242
38570040  6567923
38579400  19695784
38558354  8696322
38579602  13422578
38579602  38579485
38569242  7421440
38579545  866721
38579788  19299166
38579798  218384
38579800  12743837
38579828  4110664
38553316  2565163
38579954  4931892
38578781  35995792
38579878  564130
38573303  22252904
38563844  9508518
38580114  25456472
38580153  218384
38580023  19036188
38580275  3204614
38579830  22019884
38449879  7165395
38580402  18050071
38579498  36570497
38577551  750486
38580276  1132941
38580514  827557
38580611  19683679
38580611  12136156
38574663  38574511
38580578  3369287
38572667  2871181
37272314  38579975
38580864  19473770
38580722  21245572
38580303  19946652
38581057  1128723
38580978  18351198
38581118  7748450
38578879  25996184
38581040  1262038
38581192  218384
38573288  25165707
38579644  34071152
38581306  14034082
38581234  25470755
38580852  20902100
38581254  31563153
38581667  6260503
38581596  5519328
38581877  4559925
38581957  3687358
38577866  14687910
38580421  15343266
38582209  218384
38581815  15138593
38541738  4660142
38582082  27812161
38556719  24715894
38581954  36901147
38563361  6187250
38582409  2426557
38294589  6370361
38582371  3986361
38582510  1772025
38569495  4538321
38582999  648004
38582823  7993067
38582823  7289769
38582671  23945350
38582940  12914907
38583230  2424412
38581915  13840429
38568553  13930065
38583165  10507345
38576797  20039980
38580977  38580440
38569059  20704833
38583296  9517305
38583565  31264172
38583616  14014074
38584012  513832
38583323  38432833
38583323  15610197
38581493  18050071
38584121  1410563
38581245  30680938
38581942  523482
38584326  588004
38584326  24051314
38583757  28122963
38584231  2835559
38584040  10520772
38582820  25278812
38584616  18050071
38584370  26894769
38584644  1207406
38584270  9234830
38548149  30419493
38584718  1102891
38580994  21828664
38584805  7261619
38584820  218384
38564109  20449427
1197690  7665
38585107  28302817
38585371  23718896
38585196  14094691
38585595  7146990
38580169  10943137
38585655  1011455
38585655  2921376
38584911  30639785
38584257  19147
38585895  9436219
38565114  3917925
38586060  2198410
38585277  9846948
38586195  16171132
38586170  11312316
38571743  32443304
38586304  4660142
38586340  12769982
38586294  406230
38573457  13264274
38585684  27181739
38586411  5595425
38586279  576169
38586560  986006
38585849  4961558
38586481  31465362
38586582  12659747
38586567  37741673
38586515  6005109
38586818  38583825
38586718  10987542
38587036  12769982
38587128  3510614
38587292  60174
38586982  28382433
38587659  4545311
38585385  773441
29428703  23068218
38583562  5110077
38586162  18050071
4104158  1402698
38588060  28417262
38587590  38583774
38587730  18050071
38588424  513832
38588344  12573816
22941129  1549685
1726363  1549685
38588472  6067592
17434333  1549685
38586903  31255366
38587219  2422468
38586858  3468150
38586029  25015833
38587248  3097868
38587444  38534986
38588534  8842546
38588824  1037595
38588944  409784
38589051  10163715
38581671  11553112
38581671  16822898
38589127  20505914
38589111  22252904
38540000  20033648
38589457  2962927
38589464  6649363
38588990  25207373
38589227  31095710
38589303  12719859
38589698  33333926
38589707  3777230
38589712  5554734
38589502  13461829
38536031  2910495
38589844  15112125
38589855  123559
38589916  18050071
38589975  2858614
38589266  30755949
38590036  513832
38588951  37623362
38590068  18879115
38589746  5210376
38589746  4156434
38590059  19098143
38590126  10839303
38586211  28440254
38590319  11321491
38590396  26190476
38590457  1560788
38590337  6792812
38579581  12802202
38590588  8434379
38586951  34094049
38590685  37805904
38563241  8185079
38590541  14562817
38583453  20181323
38590831  14639965
38591032  33488397
38591117  22937618
38445511  37270088
38591193  2552483
24595266  24016962
38591281  15255694
38591311  13964155
38582057  38426745
38586812  21150237
38590907  28742839
38585533  37371990
38587864  19098143
38565854  28782940
38590899  5472938
38562448  38138366
38592202  34955797
38591840  5554217
38590941  13770593
38592627  22649045
38581540  21763661
38592676  12358312
38592612  5263055
38592534  487073
38558281  37936751
38580653  22759167
38593231  513832
38587230  38513342
38590780  36131803
38585449  32300132
38593704  130262
38593330  17696801
38592789  11827178
38591592  38190818
38592027  22463062
38593581  33225947
38592281  12064202
38593605  25885358
38593605  37929184
38592556  9614922
38593793  4261133
38593949  14220321
38593883  6893968
38593965  33265663
38593754  16813457
38593991  132445
38593084  13271007
38584754  9399677
38594163  10851273
38593921  218384
38594228  4685450
38594227  215497
38594242  15112125
38594049  151969
38593063  10382929
38593383  36974514
38594551  8542723
38592804  14537041
38594617  13227332
38594523  28284182
38594440  11010456
38594672  21019833
38593425  513084
38594795  218384
38594800  34413
38594987  3463833
38592227  218384
38590725  5965812
38595198  15479928
38582586  6613039
38559987  38561074
38592470  5406734
38595479  18050071
38595486  14220321
34636435  32693061
38595383  31226287
38595656  14898768
38596027  11321491
38596059  9401521
38596087  4716040
38596342  1981673
38596363  8481783
38596133  26595010
38596428  7102413
38595410  4538846
38596585  218384
38596692  218384
38596763  218384
38596635  20279484
38596774  24837646
38596856  12859942
38596835  2973202
38595847  7571635
38537151  4898733
38596843  24207698
38596788  38595045
38597016  279170
38597042  4706499
38596916  1373164
38597083  17498216
38597015  33112559
38597129  9726838
38576906  2596805
38594730  2422468
38597486  10769964
38597506  1746613
38597506  22832615
38597413  979975
38596288  20940979
38597679  17364127
38597356  2663740
38597356  27713457
38597597  36805713
38597782  4935632
38597782  11922383
38597879  11321491
38597325  218384
23287222  38597274
38597919  2033537
38597763  34414766
38597924  25614732
38597891  10160664
38598054  35260451
38598076  28770415
38598112  885009
38598250  16959576
25367478  22643032
38598422  10539938
38598422  1634341
38598527  14220321
38598582  38598382
38598535  13840429
38595752  33849617
38597812  38581489
38598849  23932061
38598954  237128
38598944  1474894
38589875  1436290
38589875  7146990
38481555  14057699
38599118  13451605
38598912  2480179
32309024  20718093
38579101  16515490
38598993  38574446
38582456  2363680
38583317  218384
38599248  13748124
38598961  8692764
38580886  218384
38599234  7915337
8675629  1965500
38555567  14285678
38598694  15406062
38596212  7076042
32129910  17628405
38558373  218384
38599170  10002006
38598512  7976001
38599378  1525521
38599471  38469864
38599575  279170
38594328  8736298
38597893  2824157
38599759  35525117
38599769  32647215
38599909  3561493
38599661  16255605
38598146  4428327
38510397  38573767
38600041  1073779
38600042  30090404
38599726  37388082
38599643  15335926
38600199  2875908
38600373  1155008
38598682  4660142
38600494  5554734
38600576  2025282
38600008  19410789
38600461  750486
38594238  5210535
38600722  36991867
38600822  477667
38595585  27814519
38600950  15090942
38597549  29308898
38600490  6043847
38600132  126100
38600608  2257597
38601183  495021
38584386  7044985
38601160  29782982
38599852  33772046
38601423  1132941
38600891  38268435
38600207  26413069
38601161  9758959
38579356  12891229
38307822  3845235
38601626  10662795
38601674  8028957
38601952  9006988
38428569  5947809
38601997  4651437
38601806  20227196
38602141  12573816
38602024  6074310
38602193  10079216
38600742  4261133
38602460  11622146
38602268  4419667
38602514  11302981
38602619  495021
38602494  16701522
38596433  7437952
38277707  12943236
38602586  14772390
38600464  2354609
38602915  12601890
38602991  38595656
38603054  218384
38593817  6447045
38593817  5545649
38527730  2333285
38597471  7474894
38603134  14046209
38603377  13192984
38603140  24279192
38603715  5301006
38603687  2154220
38603913  602237
38603977  6707695
38603938  7368789
38603961  14576921
38604164  5920153
38603165  20940979
38602953  4660142
38599249  20306091
14914595  1619627
38604437  1619627
38604687  2973202
38604703  2983248
32523999  2983248
3370217  2983248
30389365  2983248
38602233  12210807
2121829  2983248
6865538  2983248
23673675  2983248
14849856  2983248
23363147  2983248
12593634  2983248
15968755  2983248
22318175  2983248
18032423  2983248
35065991  2983248
20617756  2983248
28308420  2983248
38604875  4736
38599490  4949554
38516822  37801407
38516822  24024549
38604916  2067472
38604969  3685265
38604922  35727233
38605281  6115896
38595230  32584850
16587341  5922762
38605365  218384
38596493  6117101
38605405  949433
38603885  2118656
38605586  218384
38605622  4123455
38605713  15986715
38605677  29048706
38600564  24900875
38604282  38307728
38606156  4651437
38605727  277646
38605813  24380681
38606151  3737139
38546971  492387
38606450  218384
38606683  3637227
38606669  750486
38606813  2559527
38606209  7019912
38606209  29522088
38607099  13840429
38607274  10992005
38607297  1092411
38547307  28240701
38541167  27721178
38606518  34413
38605040  38588298
38521035  29142
38605492  7123072
38501181  7464036
9222390  1718501
19232398  8502977
38472755  4569825
38472755  8502977
38607534  8215308
38450855  14392525
38435772  24902611
38607001  5054430
38388388  42068
38387891  3923623
38607621  17678197
38369022  431684
38369022  10280984
38335933  5256733
4680143  893585
38607804  4736
38331572  893585
38607895  9409275
38607937  8759868
38328779  3173131
38322510  971162
38321991  13868821
38608173  1365748
38607033  8866790
38606308  4870462
38605006  38603647
38317134  4050905
