38406588  9607352
38711920  13745519
38711917  22189544
38712157  25059837
38712145  38711992
38712135  590159
38712175  21629784
38712081  8615422
38696145  255414
38712355  4736
38712292  5067942
38712284  25945324
38711354  15576548
38711737  14550526
38712483  31446148
38703916  37737332
38694591  38449155
38670977  21288133
38712343  5749801
38613848  8696158
38610900  32529854
38609122  11103189
38580360  27107454
38712335  2287512
38702883  38117718
38544325  13123638
38542843  3492379
38711218  1690642
38712374  19466307
38711070  6081439
38709723  5956066
38710485  26089390
38712820  12769982
38711549  1392383
38712946  1409162
38712849  2091465
38713226  1168244
38711464  3804577
38712901  5082345
38711057  14543627
38713362  3418128
32066729  30799261
38713310  12769982
38712698  2648305
38564415  28073184
38712964  18899824
38713512  1065774
38713848  3822648
38710729  3244863
38710729  11169445
38714337  15491894
38709456  5910037
38714368  38708846
38704346  21881992
38710979  28236228
38714520  4660142
38708496  19187479
38713787  4971877
38714367  6914152
38709627  26672592
38714715  18740240
38710394  38709150
38169808  218384
38714273  36322856
38715037  12573816
38715012  2510115
38715079  9195756
38715117  20935977
38709271  4679918
38714635  9605232
38702776  3115982
38715211  8337286
38710063  13189764
38710063  14744528
38715328  3987428
38715295  20940979
38715258  26028918
38715242  36137686
38715655  2973436
38715883  38713660
38715769  22085316
38711798  3940587
38409029  4798777
38715942  715650
38715930  628565
38715945  6085649
38715364  36801158
38716007  12948388
38714066  42126
38716179  4660142
38716190  10693845
38716133  30959955
38715462  16513418
38715076  12455389
38716288  23951641
38716045  36394997
38716255  27373812
38716578  27007752
38716479  6074201
38716256  26967890
38716914  3987428
38716852  15058000
38717055  27952472
38717079  27867400
38715943  2959877
38717211  1442177
38716951  1727772
38307517  38436243
38717267  4747942
38717335  218384
38717332  14220321
38716523  16870413
38717482  17498216
38717470  9589074
38717740  30056593
38717353  1990502
38717777  901115
38716774  17243844
38717341  257288
38717341  3375652
27325997  17827022
38717818  30374083
38715475  14908424
18534919  163246
38717891  9195756
38717687  11548864
38717912  9723621
38718109  37946990
38717928  7146435
38718536  9838344
38711638  18050071
38718290  29378566
38718682  8957829
38718970  5014823
38718624  17757753
38718982  3429553
38718975  23017859
38718980  15336200
38698610  30480672
38719201  218384
38719348  515844
38716361  32294708
38719462  14220321
38713893  588004
38713893  2100490
38718355  1479776
38719676  6452959
38719757  9809166
38719430  8028957
38719892  3753869
38720046  3853767
38719968  17245317
38720082  25510454
38720234  218384
38720290  18050071
38717320  11325415
38720299  14220321
38720467  2483755
38720488  2419226
38720619  12813573
38718907  28689851
1959890  257772
38720331  6000810
38720895  25962114
38658006  26700924
38721045  6343166
38721258  218384
38718838  19460481
38721377  9324933
38718649  20606318
38721513  32536612
38721553  5444483
38721656  26285280
38721946  24812679
38721946  20940979
38571236  38584703
38721586  24430147
38721980  4660142
38491381  32170456
38722242  14220321
38722178  20273995
38716246  2835559
38716982  8865458
38714397  29546036
38720067  2830542
38632608  31481390
38636107  22199662
38722592  17364127
9153598  5884784
38722923  14220321
19286826  218384
38723321  2591098
38721589  19887888
38712290  15899699
38716540  5153157
38711976  2891361
38717383  1894967
38723548  2973202
38723640  3420004
38719387  6081439
38719568  847179
38723246  14676613
38723967  5088682
38724065  7663174
38723957  3346430
38723957  2301789
38724259  27812426
38724117  30619501
38671520  1779795
38724222  1014861
38724469  17498216
38720434  12478640
38724514  10382141
38720936  8883476
19896018  6729605
38724541  20424279
38724779  27301462
38723193  7927716
38724762  2559527
37709611  32572081
38724870  14220321
38724365  9271712
38724365  9169249
38724977  19851782
38724890  4176328
38724890  12136156
38676150  28988038
38725130  26182907
38725114  1241460
38724956  18050071
38724597  28538749
38725265  6607550
38725165  21570318
38724943  27946244
33896560  7117935
38725090  25194631
38725488  18938934
38725640  6298882
38725747  25087092
38470957  34203489
38724290  123559
38724895  4801891
2249706  4801891
38725902  657263
38725445  30686215
38725312  5258159
38725817  3735286
38725173  11238953
38726071  2937227
38726011  31444891
38316579  2161054
38726067  15372456
38726227  37946990
38726241  14084222
38726343  35960170
38724986  21449551
38724986  18050071
38726439  26552495
38725911  4767971
38726776  5121495
4896194  7331351
38726923  1607560
38726253  4139301
38724862  37576137
38723203  33906033
38727195  4260086
38723362  38707427
38727246  28137980
38727130  4261133
38727498  1762539
38727538  11418594
38727555  25047256
38726966  514371
38727736  7220681
38727941  1309738
38727928  10295841
38727274  38113048
38727483  10349206
38726950  31989067
38728008  31655667
38728055  4261133
38725687  218384
38728157  5029840
38727675  16755176
38728309  13886168
38727664  28016227
38728230  37907096
38728011  30633743
38728496  4261133
38726544  8003233
38726910  38458379
38728554  20090714
38728098  333575
38728560  9273016
38728560  12950479
38727903  9732709
38728483  11095992
38728914  9086104
38728765  27675454
38729161  11922383
38728589  8299978
38729398  38677116
38728580  19131336
38729751  30680938
38729579  1018952
38729846  2874441
38729403  34186488
38729919  15778466
38729946  14220321
38722340  588004
9225757  21552654
25654110  21552654
38728085  21552654
38730115  4616202
38730115  12789141
38718739  156503
38727779  3451906
38729286  2928102
38726976  37519295
38728403  9767952
38728403  2793150
38730203  21955285
38730280  4112686
38729405  4764405
38730398  2858614
38727945  25264549
38730183  20219254
38730701  10769964
38715438  5605965
37285760  26509665
38730609  3496982
38730794  3577641
38730794  1732348
38730767  30763769
38730968  18050071
38731028  16924793
38527065  3025361
38730749  1288718
38722263  10344498
23997675  4814752
38722375  14220321
38730985  9083907
38716082  203198
38711773  359494
38711360  37691996
38729122  3283021
38727098  37876257
38730938  23446377
38731600  18737407
38731622  685521
38731586  14927899
38731736  5374311
38696138  15185380
38687111  16575982
38725053  7993263
38732080  12533926
13862013  20203492
38732134  7986139
38730579  16795303
38730747  35440265
38728728  588004
38732157  14220321
38730074  16959576
38732360  30680938
38725769  4716040
38729202  31216399
38730332  4216745
38732603  4584541
38732191  2866063
38732665  5121495
38732681  22057610
38732756  38727012
38731670  38672027
38731805  21646467
38732883  12859942
38732447  13197956
38732631  7672597
38720544  218384
38733099  24644436
38733011  2116558
38732181  6716330
38733229  2063480
38733419  4521655
38733492  14166269
38733459  798121
38733639  2973202
38733660  38732011
38728432  38732011
38733727  2432749
38721219  3338680
38733830  5048849
38619655  29044940
38733131  30100222
38734264  5190146
38719426  407523
38732784  13021536
38733947  2227182
38733268  38713200
38734527  24815832
38734572  20563772
38734594  9899001
38734447  33006760
38734468  36985112
38734784  10430287
38734894  34835951
38734813  8544197
38734993  1420381
38734281  18675364
38712394  2525042
38735148  9500025
38734331  2370960
38735417  1373164
38718106  38661685
38735662  38342198
38726625  1084069
38733237  18115952
38735690  513832
38735850  14301967
38735909  15666048
38712737  19163367
38730859  218384
38736121  12549770
38736049  18617349
38731369  7946798
38735122  24340712
38736097  2918920
38734333  271743
38736388  18843936
38735389  23560996
38736560  9375882
38736728  12987799
38732967  18897314
38730413  32641240
38736443  17168256
38736952  34002533
38737405  218384
38737392  21698645
38660907  28768642
38737320  2384167
38711517  17538500
38734801  2552615
38737464  3698200
38736246  7418849
38733137  3058909
38737562  20217763
38737260  6729605
6684451  2401489
38737703  280759
38737724  495021
38737345  13106493
38737817  6649327
38737817  1862130
38580487  4389644
38737943  4824342
38738035  690108
38736915  4660142
38737884  45494
38737389  5836674
38737374  14104304
38738309  13964155
38738578  3072665
38738468  81991
38738745  26710650
38731746  2591098
38738891  1504494
38737725  27093746
26256540  2653954
16825900  2653954
38715472  28152958
38733913  1168036
38738949  218384
38739040  8469767
38611038  12357904
38739139  18393888
38739205  21791702
38739054  24549952
38739211  4264736
38739330  5598703
38739377  218384
8841159  7324759
8655541  7324759
38735954  25982374
38739308  28367950
38738931  1660124
38739889  4660142
38735610  2320069
38739439  36325212
38740155  1232040
38740180  20389255
38740263  750486
38739128  20592698
38740430  4761769
38740368  21834939
38740401  23104628
38740092  1034977
38740717  38734574
38740716  29568350
38741006  1323408
38740920  23357010
38741061  17509669
38719098  218384
38741375  4954102
38739299  37856407
38741168  6244939
38741231  1181060
38741698  32121108
38741722  4651437
38741351  25706216
38741827  14220321
38741641  4508595
38741526  218384
38741522  33319959
38742010  14220321
38741889  21384702
38741606  634439
38741606  6085530
38739677  37360114
38742084  26654862
38742306  218384
38741744  3459098
38740026  26571328
38722138  14089146
38734958  31305717
38738975  21825352
38738541  38550938
38742684  6441218
38742715  5258596
38733691  18050071
38735794  2973202
38635586  38522352
38725799  10951599
38740040  16959576
38742828  38649006
38734161  750486
38735344  34921308
38743173  3422673
38743001  31263171
38743312  218384
38743252  36059986
38715473  38426427
38743169  18521929
38743302  27386234
38732145  819416
38743632  203198
38743665  89056
38743665  34548762
38744129  2365921
38743114  35139955
38742487  10343632
38744193  6084760
38731743  37035335
38664825  20678653
38744581  546433
38744658  347248
38744899  24900875
38744480  33454533
38745039  8861459
38745052  4660142
38744976  80646
38744713  17027139
38744981  25385173
38733314  10297380
38745176  29308898
38645482  37922234
38745335  6637679
38745397  6722850
38745218  114543
38745451  16207427
38689538  25803293
38745419  5723154
38745184  5464170
38745141  885009
38744435  34851452
38744435  11321491
38745596  14112515
38744508  6523974
38745414  1817394
38743472  26999820
38742041  5259006
38745945  17364127
38746019  3127429
38745415  14945883
38743567  2406151
38745738  11903596
38746126  8610571
38744679  8206546
38707941  14908372
38744438  26336252
38746456  17498216
38738189  218384
38746437  170337
38746687  18795467
38733273  1904860
38746643  16994383
38746643  8159656
38746751  8865458
38746740  72899
38726856  38742139
38746771  2632882
38746354  17408815
38745873  13763216
38742137  23295724
38746907  14218307
38738204  32267565
38746558  2079428
38747086  9605913
38746775  36828021
38747092  60174
38746940  19246112
38747102  4110479
38747102  625799
38743391  847179
38747274  3601129
38747290  38686279
38531244  24963718
38747754  4936371
5306741  21832701
38747597  70689
38747824  921789
38747757  13102045
38745897  1299871
38748040  513832
30686191  37884416
38748115  1215392
38748045  22305734
22696797  22305734
38748623  654428
38748642  27524415
38748132  9630673
38748132  3276582
38748630  11321491
38748870  3247671
38748820  8761570
38749002  27713727
38748589  3844360
38747717  4261133
26154488  14131096
15225557  9542435
38749147  3289601
38740435  8924173
38749096  13748124
38749217  2808184
38747695  11996394
38748352  22776969
38749404  27541145
38681226  21044695
38747574  218384
38749668  38351562
38749757  29308898
38749818  1475297
38749772  176918
38749613  2599149
38749839  817853
38749095  15721679
38750021  276706
38721851  38688772
15311320  19503631
38750182  240178
38750160  37999272
38745508  21864521
38750366  36085722
38750552  18050071
38747320  10374089
38738813  27514338
38747940  18695537
38750351  4421706
38750778  3577641
38750988  409784
38751037  2362154
38751289  6321555
38751255  218384
38751329  8206453
38751356  16717461
38751619  38750129
38751709  4261133
38751411  686439
38751789  5554734
38744547  8244723
38751660  13498678
38751920  38751329
38749895  30084399
38751732  38711269
38724772  2973202
38751810  33891709
38751975  4261133
38751915  12424779
38751924  6356122
38731243  38269997
38752106  14909997
38752245  12423614
38752420  5510979
38514270  20919303
38752573  24181473
38752591  5330909
38751571  15155930
38748099  38710786
38752742  988228
38752529  857705
38752654  9553233
38753028  513832
38753093  13460745
38753143  20279484
38752645  684672
38753216  17498216
38740219  10836832
38749416  37001307
38753472  2457998
38753513  7122492
38753591  2148115
38726390  32426674
38753573  2560946
38736646  19313022
38751525  38676719
38753723  26660525
38739582  7986048
38743755  2118656
38743942  25339056
38743942  7986048
38595878  35783430
38745666  14692560
38752658  8875818
38753904  38749896
38752813  4994458
38753756  4343596
38745043  8715474
38751843  11871042
38754028  16171415
38754219  10967451
38754296  31464666
38753901  4660142
38515147  5065408
38754521  3925614
38754497  45494
38754483  1478951
38751111  1696619
38754449  18967441
38723366  17398896
31164381  31493981
38744274  6229197
38754625  19843506
38754623  1380463
38738609  9430659
38754688  147267
38754785  36197018
38740772  34413
38754133  28344448
38601174  2450954
38721675  7939146
38755086  7936771
38725005  6115637
38754967  251694
38755117  38428796
38755182  13043928
38755352  4009013
38755352  1814953
38755361  3064677
38754635  34568124
38755414  5940101
38755489  11321491
38755591  5832094
38754664  32475978
38755594  32303136
38754875  547821
38754875  1365059
38750939  4453349
38755801  8197049
38757024  32092511
38757128  2917202
35192989  2917202
38756927  4372197
38750211  2457032
38755442  15738259
38757444  3932877
38757264  19244516
38757473  3001836
38757429  5114469
38757516  513832
38757613  5653338
38757603  10849626
38757777  1546091
38757873  3127429
38757862  818255
38555233  33988226
38709427  8864668
38738478  3283337
38758279  15549775
38758279  4716040
38758294  433392
38758456  308683
38758523  7764671
38758706  413898
38758451  32395245
38738673  35296704
38758849  6091194
38758179  28437096
38758869  2476472
38759028  7325278
32866478  31776949
38758274  31776949
38758118  3080311
38757649  10067266
38759190  19931987
38738800  38735751
38758721  8180430
38750113  15563921
38759355  19290762
38759175  28081486
38759425  15699192
38757014  21982987
38699856  2466828
38759601  9125122
38759675  218384
38755343  24566367
38759720  27182023
38750256  21870680
38759973  218384
38760062  16864573
38760147  32183780
38759890  2033912
38760229  18493677
38759792  275073
38760134  2331751
38760318  1877302
38760303  22329481
38717587  31638582
38750041  30480672
6297109  258793
38759257  15943682
38753001  31225189
38760481  218384
38758850  2881858
31727894  2881858
38760484  4195970
3664774  233455
38760553  25803727
38760557  10304989
38705830  38204209
19949640  4588787
38757791  4945178
38745132  6810084
38760849  3068848
38753686  7796420
38755656  28588181
38760416  60174
38755210  588004
38760956  27613126
37799249  27613126
33764910  27613126
38761260  5330268
38751291  19537396
37949813  35578478
37786887  35578478
37805045  928072
38760713  4660142
38747976  15482142
38761305  26074214
38761478  513832
38761598  2286696
38760888  30022728
38761822  4691962
38761620  18877437
38760063  54998
38761870  22577457
38759779  11397522
38761935  574594
38752879  38224875
38586022  38456406
38761384  38716989
38762432  10769964
38761818  4112686
38753430  4445706
38738472  12794107
38714877  3577641
38762884  10382929
38762420  7613528
38763094  32170456
38763326  15482142
38763497  34505158
38763273  28250680
38732593  14845129
38763631  4660142
38763796  5936734
38763965  36004976
38764148  2610497
38762002  7208871
38764297  96428
38764311  176264
38764321  1278024
38764358  279170
38762993  2920752
38747133  20563772
38764610  38744766
38764829  20375176
38764794  35553500
38764862  10921809
38764786  455580
38764786  1960516
38765093  3567033
38765039  15699192
38765039  8107789
38764795  17206273
38764704  8883163
38765185  5796718
38765229  1639180
38764468  19997261
38765383  218384
38765449  513832
38765440  6986125
38765531  24897145
38762518  24644436
38762103  2973202
38757808  18050071
38765704  21170453
38759503  38764269
38746589  32584850
38765881  8885663
38765936  4261133
38765921  26481488
38765772  218384
38765871  464864
38766188  17498216
38765758  1085083
38715553  4261133
38766273  8470070
38766365  20197990
38696410  38668525
38766384  30680938
38766462  4261133
38766477  2167916
38766640  38736722
38766701  5142070
38766782  38754010
38732339  29670116
38766933  8100469
38766993  16959576
38766167  9380924
38766928  578904
38767530  4261133
38767830  17831896
38767565  32700818
8100469  2025789
2025789  20279484
38767360  218384
38767934  11521011
38765018  28300359
38762953  27385757
38767810  24151602
38768047  28460472
38768197  1299871
38767849  18050071
38764326  38746616
38768306  15651488
38766915  8893574
38767514  23315949
38758750  1011197
38768647  16959576
38768470  31886144
38769136  27494227
38765339  16937267
38768955  33540794
38769258  12662851
38769178  5265497
38768479  1184624
38767108  9723621
38769053  33525932
38768997  3590677
38768877  15745042
38769383  182287
38769679  5371047
38767522  32187583
38769939  3737139
38764185  19520446
38769665  218384
38749770  6389841
38769980  10990321
18500836  6747242
38769226  6747242
38770046  7559121
38770022  588004
38769821  38653450
38769974  218384
38761839  33633370
38769934  38763591
38770057  285177
38768950  2363490
38770216  16801986
38769282  3976616
38769768  29413290
38768742  29613304
38768400  29640206
38769594  21328967
38770581  33621808
9598707  33621808
38770443  218384
38770210  17364127
38770529  8336858
38770628  33454533
38770864  20646822
38771035  9991799
38771070  11321491
