38941611  4024544
38940785  35326140
38941266  37958879
38941612  17127980
38941676  5782409
38941793  21617098
38941268  12596839
38941980  218384
38941923  33180028
38910869  29658627
38941403  5890584
38942013  1945846
38941163  18580779
38942110  11241523
38941056  25880031
38940548  2218327
38942214  18050071
38941942  5142103
38941432  4261133
38940611  18050071
38942090  3832792
38942191  36777156
38942231  750486
38941574  25179457
22183259  11492563
36961963  21632279
35241246  10906411
38785788  21115133
6411940  6403746
34680109  712392
38942462  4997493
38942175  20603599
31277472  28136739
36658988  28136739
37400196  38942325
38942569  21923269
38941542  2118656
38938411  32030824
38937219  11731377
38942631  26316674
38942643  7741444
38942718  2448843
38942705  33959444
38942742  18050071
38941891  38444852
38942688  8204595
38940078  38729436
38942829  22956559
38942656  14481521
38942975  2416748
38943071  3264610
38943198  717725
38943272  15635974
15635974  4322367
38934051  11148567
38943227  16959576
38943343  5311465
38560566  38688028
38943175  38688028
38942833  1882754
32277542  2184513
32909454  11809631
38943437  29986657
38943485  21982987
38941449  17703277
38932081  14616111
38943519  6208878
27064441  16336643
38943638  19388037
38943492  31090946
38943761  10873295
38932010  25611356
38932823  38877125
38943900  54142
38943904  16484451
38936293  7023052
38944062  11131662
38813559  1042566
38942193  11880946
38897692  7787177
38882055  24316583
38944157  30681468
38935241  38877125
38935241  38930872
38941678  4544197
38944368  7861699
38944310  218384
38944408  203198
38944378  38940996
38944542  5309922
38941434  32038226
38942281  28725333
38944674  38927614
38944762  513832
38944484  13853844
38944697  38940457
38882269  28632968
38944850  13343340
38944850  750486
38944872  12132370
38944666  36073886
38944666  1716296
38944966  902713
38945005  21029154
38945046  218384
38940730  19048732
38945240  218384
38945316  233673
38945379  367192
38944900  5208679
38945432  32061254
34711474  2184513
38945429  29595655
38945524  13345091
38945423  16504478
38945423  6491058
38945467  10825926
38945419  240178
38939130  22519784
38944627  7361187
38945931  111102
38937325  37576685
38945858  14028959
38946011  7313559
38946035  18050071
38946035  20941228
38946140  4261133
38946131  3814865
38935227  38936624
38928811  38930396
38944866  399616
38946240  38649267
38946276  13757109
19315892  13757109
20180081  2062258
38946428  14220321
38946070  14220321
38939094  3397644
38946399  38945172
38935124  22937618
38946687  2973202
38944624  1909188
38946708  2581972
38930704  18264282
38946805  162941
38946926  4261133
38945340  30238570
38946932  37555031
38946788  25676961
38947100  46483
38947249  5554734
38947283  24644436
38945176  3389574
4455917  909022
38947203  13240915
38946081  22173016
38947359  9205081
38947494  4261133
38947434  10837946
38944362  14853243
38947380  37912369
38946822  588004
38943575  14945118
38947624  4261133
38943643  29542107
38940709  17313234
27968593  28588128
38947844  513832
38947854  12573816
38947919  4660142
38941884  2973202
38948071  8028957
38947935  8109122
38948067  3696803
38948064  218384
38947929  8166497
38947950  32228345
38948187  14028959
38948206  26578167
38948205  38913643
38948379  11321491
38948416  28901893
38941821  38853122
38944800  37504466
38945408  14220321
38945426  37311759
38945787  14673708
38948607  1889014
38948760  5121495
38948882  24644436
38948644  5226285
38948972  32422867
38949037  312443
38949088  18940908
38948942  35056464
38949145  9414990
38943195  22853732
20204820  11403820
38949003  5195837
38949290  16239501
38949358  513832
38949235  1843451
38947790  24901
38949244  35176388
38939809  27839105
38949531  14220321
38949469  27812158
38430635  3752913
38949660  610245
38948490  11880946
31151824  38916163
31151824  25785
38949263  23068834
38949730  10578984
38949730  3052442
38949841  218384
38947727  28284465
38948817  32654929
6185159  2380413
38948982  524761
38944619  38534902
38820086  7902228
38820086  571945
13543510  8634156
8714410  3284236
38949763  3284236
38945308  6024435
38942074  20782499
38950567  1711990
38949499  26448611
38949463  34137810
12105584  5370633
38933396  18021901
38948838  35612210
38951079  14220321
38951069  38843403
38945478  38932337
38951011  6475314
38948407  24374242
38951362  7007817
38922441  28150098
38950476  4795385
38951611  11145393
38951611  2699086
38951388  4660142
38951504  7183887
823532  200574
1883920  823532
1883920  200574
17311489  17275442
34477847  34169276
38951962  275994
38952029  30223361
38951006  20061898
38655929  38916163
38952216  100003
38952186  2745265
38948603  36383107
38952334  391979
38199873  291978
38947096  1197928
38951201  5078239
38951401  10067266
38951057  218384
38952645  20035101
38945073  7833396
38952499  533905
38952505  578867
38951947  218384
38953056  4660142
38951439  17902574
38953069  8004237
38952420  31264172
38953459  28325268
38952110  218384
12924200  11541520
38952999  6498045
1513861  9605232
38953713  28430872
38953708  2509679
38953105  6403852
38953883  218384
38953842  1728650
38954073  6451156
38954221  6750880
38954088  986006
38953367  13569
38954223  18551277
38954319  921290
38954323  17498216
38953806  5890584
38954359  35506095
38954247  27108082
38954551  538060
38954591  15913417
38951833  18050071
38954693  12573816
38950774  34738845
38954881  5181494
38954672  18541940
38954840  38266259
38955028  6570621
38955164  18050071
38954986  4112686
38955174  11922383
38955111  38772158
38955202  17498216
38955184  753552
38955406  4261133
38955336  15820405
38955267  37471992
38955417  203198
38955449  7827504
38955444  24105690
38955469  14220321
38955323  7548783
38955634  218384
38955751  10919965
38955378  36521048
38956029  38954674
38955598  28539322
38956067  5251824
38956086  38954401
38956305  341264
38956121  33843091
38955923  7054188
38956481  31862191
38956978  15598160
38957111  2649213
38956604  4026021
38957180  3755606
38954233  38952350
38956990  9455588
38956704  36250353
38957010  28361475
38953523  32894748
38957275  27835375
38899725  38769322
38957569  24293808
38945836  1115230
38957570  2717480
38957028  13939675
38957732  85116
38957849  4660142
38957948  8264655
38957734  37220327
38948181  11983885
38957969  1153702
24787403  687450
38958048  9014108
38955993  11425236
38951918  4350440
38958168  7480020
38958316  5050630
20932876  6406894
38958464  5431941
38958423  13935167
38949674  22797768
38958587  37931197
38958543  27745
38958551  894263
15700784  5374470
38958942  20699466
38958003  20761268
38959270  3066671
38959401  3422673
38959439  272900
38959429  1504717
38959499  37319566
38925416  17858360
38958934  29354780
38959525  6142437
38959751  1775344
38959015  17632180
38959706  21587122
38754557  1223518
38958265  27807079
38959511  36113453
38959964  409784
38958729  9671546
38959979  38890131
38955788  588004
38955788  1193554
38954864  2255861
38876592  15739390
38960377  1256593
38959319  20268095
38960311  2257441
38959863  4568580
38960441  15786295
38960426  4986673
38959460  5554734
38960658  9466265
38959565  3541077
38960258  9058672
38960369  13102045
38960824  32939771
19240920  14555996
38753540  3868491
38960796  5121495
38960964  1817792
38954991  5547162
38958042  8046662
38955808  5853989
38961300  3737139
31452279  4083221
38961359  6599215
38961427  1847092
38961540  29055983
38961881  32466799
38961990  1373164
38961976  6466353
38961764  5890584
38962030  21881992
38961877  2932648
38959708  218384
38956440  8053095
38955677  5554734
38962398  513832
38952685  38949919
38953027  16709963
38952655  30374296
38950764  3940213
38948785  7347856
38961325  5890584
38946160  3572160
38946079  218384
38946004  6343166
38944899  38852965
38938596  29585824
38938596  3481828
38960979  10157702
38937875  4598702
38962530  218384
3246137  2745265
38936479  21805868
28118502  1871253
38946253  31492913
38962520  21337510
33368892  10144210
38962756  25657541
36439800  33884870
38962701  807712
38961910  4877741
38962828  6923472
38962978  28639692
38963066  8263143
38962126  22403605
38936489  38928302
38963219  12649659
38963024  6628476
38963138  33417674
38963158  19234209
38963212  5258159
38963269  5240755
38961481  31529124
38921376  26691451
38961551  18752409
38949576  256405
38963550  1063007
38963556  9377917
38963308  38961644
38963380  11810678
38963584  3496456
38963620  4261133
38963723  12769982
38963852  6678396
38785961  8604462
38962864  14220321
38961926  15829031
38963493  10136342
38963971  14220321
38962798  503093
38815832  5640144
38964052  4508313
38953342  38937973
38944782  218384
38964303  28127730
38963805  6364783
38947966  29798288
38964183  18522516
38964363  38836948
38964618  8719558
38957985  1232769
38964688  20150621
38964159  6036227
38964422  396145
38964768  805107
38964731  72768
38964967  15745042
38965045  3010840
38965167  14089146
38959970  2167916
38961410  18050071
38965265  1960939
38965357  21116999
38965299  3968679
38965389  7223717
38965272  19073577
38965502  1148928
38965512  14594120
38965703  13365553
38965602  1550797
38964633  4261133
38965734  495021
38964201  34304341
38965869  8028957
38965336  5195837
38965922  5890584
38965596  218384
38965711  38946446
38946446  38945302
38966014  4840789
38966113  542938
38966156  38944723
38966001  4541345
38965971  12545544
38965971  16605991
38966157  9058672
38966667  11313852
38966803  492994
8544197  11313852
38966830  2591098
38966847  6012157
38966857  31157093
38966987  20258294
38967000  31683167
38966958  203198
38963251  36829952
38964694  28236228
38959108  7031885
38938789  4385948
38967662  38880150
38967500  29390736
38967976  2559527
38967176  2486145
38968409  34413
35103601  20021457
38947030  218384
38967008  27337013
38962371  15672552
38938293  38927271
38968598  18555853
38968901  17498216
38963338  18552005
38969221  34768791
38969333  1168807
38969197  3404301
38969484  3629835
38961924  4744751
38961812  8091303
38969597  33658521
38969509  18584674
38969769  32266774
38968180  9746303
38958564  29133563
38969907  12573816
38969773  332522
38965471  21415661
38969733  15117030
38969962  18093928
38964336  35802272
38948588  180095
38969906  6908948
38966563  2659116
38970011  16749361
38970285  13121948
38970368  5346847
38970368  25661730
38970297  29308898
38970388  3190034
38970418  2781357
38967581  22914390
38954453  31051527
38970564  37335
38965541  1503579
38969806  18938779
38970697  5416074
38970697  3530065
38970099  2096490
38970716  3885964
38899966  22267919
38970601  3173320
24655728  38811319
38971327  13840429
38971310  4060405
38970569  35023420
38971448  6032660
38971560  21475191
38971626  2802341
38971740  1373164
38962987  1660124
38971844  2113795
38968772  5804256
38971823  9980568
38971289  11193466
38971981  11420520
38971985  18233630
38972128  60034
38972399  12806590
38952985  32331696
38972500  6985288
38972712  161813
1825745  11313852
38973112  18050071
38971601  18050071
38973281  924494
38973033  14789684
38973219  2973202
38973277  23105433
38973279  24544525
23759555  9943220
38973561  17498216
38972855  30555477
38973532  6631299
38973542  6965498
38973709  13592535
38973860  7801581
38973310  23347164
38974040  218384
38974026  11072244
38974052  20268262
38969311  14574941
38974339  218384
38973752  11764156
38974114  1069666
38964522  36956840
38974340  12701259
38974482  36245462
38974574  12686746
38974759  432493
38974719  19130217
38975279  3737139
38974961  14177862
38975320  38957289
38957289  38954395
38975564  11708092
38975655  383947
38975689  2235325
38975631  1367322
38975698  12120944
38975484  31544046
38975356  38858612
38970175  12573816
38976360  388242
38976384  14462688
38975257  38725976
38976422  22842232
38976510  18952623
38976656  28565976
38976762  1527803
38964077  13598363
38976533  1206073
38976815  684672
38976475  35840626
30248051  11819344
38977049  218384
38977012  1096449
38977208  513832
38977058  17902483
38976790  5767228
38977286  40480
38976965  24644436
38977436  19894686
38977379  30393441
38977321  7651263
38977593  2973202
38976959  38971260
38977360  207000
38974015  3348711
38977704  29308898
38977829  523643
38977574  17859898
38977911  29140402
38977919  4261133
38978135  744145
38978397  18050071
38970835  14527980
38977822  2438309
38966730  1009860
38978712  1014861
38978206  19449492
38163255  685300
38965589  19822225
38978572  30198669
38963085  14130488
38977886  16322706
38979116  30715025
38979116  5417969
38978302  2118656
38978557  24644436
38971863  2118656
38978576  14165517
38979459  22937618
38970773  3721819
38977331  27282673
38979512  12864557
38979383  12925063
38978453  744145
38977077  29120768
38966746  502614
38976691  38944896
38960477  16639482
38967252  4238654
38966412  33621808
38978251  31220078
38964037  1917844
38962460  38959789
38922255  20033505
38979812  3217669
38979911  1094717
38980028  14220321
38979530  18971109
38980081  23446377
38980228  12971631
38980213  9508518
38980106  5127407
38980372  28747743
38967498  14228520
38980023  10197753
38980516  8976627
38979508  31268867
38980436  38903380
38980675  750486
38977995  30537036
38980318  339699
38980934  203198
38981010  8410844
38980892  355167
38980978  12859942
38981160  12093940
38980800  565634
14829798  2864488
38979686  1478479
38981229  274626
38981409  24467726
16933169  16850536
38981602  29679381
38981683  38924634
38981724  7631929
38981517  10020123
38981652  4183948
38980149  38964036
38976851  2983248
38981976  25734743
38928155  8041451
38981974  21247457
38981960  273313
38974918  1617963
38974576  218384
38974576  5554734
38973772  52353
38972235  13843167
38972085  218384
38971520  26852775
38980210  1329900
38981722  38556070
38982213  2639943
38981706  34515141
38982426  218384
38982678  9535819
38982428  38906731
38982763  2988017
38982759  21111946
38973875  17163739
38982829  30713292
38983081  12295983
38982960  1208030
38982952  38961148
38983161  15298912
38982044  9720790
38983332  17883692
38983361  495021
38983207  24644436
38981264  19714018
38983745  432037
38977240  12977050
38983793  15863066
38981556  1299871
38981678  1293330
38983889  2942426
38982300  11968316
38984072  10890048
38952647  120438
38984021  27611744
38984200  5554734
38984073  29618529
38984259  812571
38984259  20563772
38983909  2059343
38984523  5920153
38981662  14568662
38984548  20035101
38984557  21388845
38984632  22937618
38984819  7959247
38962122  7344258
38984822  14907067
20449167  4448467
38984737  37325051
38979502  3784306
38974623  10901471
38985151  38839879
38985242  451415
38982085  31988450
38984590  16158815
38985497  3728062
38984271  7593858
38985281  17067451
38985452  4261133
38985509  24226571
38985621  18050071
38976885  22743415
38985377  38131252
38985361  16107771
38985663  15956231
38984719  5832891
38985693  32601414
38985793  36932240
38985895  18050071
38985829  1500012
38985227  23888856
4006286  1922677
38985961  2934904
38984834  218384
38985852  686079
38985894  37945376
38986126  18792918
38986320  7229226
38986425  8440558
38986444  588004
38963725  43157
38975260  1457863
38963687  17064661
38984661  14453670
38984661  3457807
38984391  12868756
38983868  9329446
38947103  10738634
38982138  5953718
38918625  3598770
38980298  10630373
38922133  11466553
38898980  7081339
38986603  30680938
38943635  1522370
38905408  7007137
38901679  2591098
38954544  29447561
38927984  17185597
38986854  34716121
38986875  23506064
38986940  30458195
38985520  24023635
38900523  10463201
38987214  13394117
38987264  20994768
38987301  1125730
38908231  1641182
38987321  5985401
38987333  35301998
38987452  794728
38987618  26520828
38929248  21296485
38985161  19461521
38985161  396145
38985161  4325643
38966125  12573816
38988027  6614710
38978184  17282915
9242163  1731767
38987849  5725296
38987197  6723742
38987197  33612956
38987265  38349756
38988043  9115854
38988201  12573816
38988265  11386398
38988418  18050071
38988340  3991466
38988432  11322801
38988382  3842614
38988385  33669258
38988839  24644436
38988517  13445174
38988895  218384
38988863  2555794
38988364  559112
38988876  4244896
38987988  1769403
38988947  18093782
38986894  2130241
38988944  1660124
23074240  18664579
38988836  2422468
38987481  10517268
38987458  25706216
13394117  4253660
38989333  11901328
24142591  17254402
13593137  6724238
16790501  4676417
38989719  8189466
38989281  20269474
38988602  4007014
38984547  30672221
38989810  1660124
38986919  2350495
38988191  26464324
38990362  38990286
38990476  13720225
38990623  89228
38990663  27983307
38990705  7171101
38988013  18050071
38990865  37805045
38978257  29583849
38990934  6921105
38990934  13003555
38991046  22662488
38991388  22937618
38990987  23941526
38991563  218384
38933350  37956482
38991979  4660142
38992022  16413609
38992492  2973202
38992408  750486
38992524  1682567
38992558  21303224
4136477  4154684
38992220  3577641
38991856  595872
38992902  20263
38992872  735350
38989886  21654055
38992995  218384
38992387  12412633
38992908  12876840
38991664  34194042
38993030  23654629
38992766  1439374
38993350  38989660
38992504  36216868
38932397  1144783
38993442  27809328
38993417  6628476
38993479  2194992
38993535  26128376
38993515  10593013
38991458  5585779
38984629  19907155
38994126  4676195
38992538  21919962
38994219  6494721
38970103  618535
38994376  4261133
38991662  33636796
38993551  7522351
38994617  42068
38994637  637921
38994637  806000
38993675  21440948
38994317  22463062
38990294  18050071
38994747  806000
38994825  20449427
38994775  808006
38930477  38911116
38994581  5446302
38932961  38911116
38971543  38911116
38993659  38990756
38995077  5558613
38995059  34560502
38993185  38971260
38995042  29378566
38993711  287903
38994666  51054
38995222  12662005
38995265  8633461
38995204  7735647
38995351  9942594
38989690  201323
38994982  27006354
38995535  197976
38995654  4261133
38995619  22939130
38995572  1138460
38995451  13330840
38994578  15321877
38995730  2201925
38993932  1409426
38995871  13765972
38996031  38992543
38996089  13277667
38996151  10837670
38990327  2061167
38817722  2118656
17273719  11171828
