38991285  25339056
38996456  17364127
38987072  379906
38995874  3337331
38992509  38952859
38996537  31223726
38972757  3106452
38996731  119123
38996792  9755990
38996964  4261133
38996946  2562775
38996779  32170456
38997374  5121495
38997293  13238059
38996381  11792916
38997422  4477850
38997440  38972296
38997253  3653298
38997596  59670
38997596  1524356
38997224  17498216
38997468  427979
38997922  2432764
38998088  29308898
38997706  38902169
38997166  4994458
38998378  38994648
38998556  5258159
38996783  38213286
38998485  17498216
38998772  17453440
38986933  8340170
38999074  10234288
38999048  13197345
38998407  2693776
38999155  30360589
38996026  38323724
38987695  38033520
38999410  31952208
38999280  1373516
38990952  7651221
38999103  11442632
38999510  19896870
38998170  2592512
38997715  4736
38999175  2167916
38998596  15667125
38999268  10057686
38999741  14220321
38999318  5577140
38995775  38074263
38998357  2532422
38999495  1295584
38999495  3895478
38948747  1538444
38984454  8397674
38999850  18670038
38998491  3577641
38983794  27100554
38983794  285775
39000114  24900875
38997737  2659366
39000320  18468229
38999809  8470070
39000512  6999726
39000159  3404301
35615354  6288103
39000412  19976487
39000340  17187395
38982659  13584695
38999530  371
39000854  18050071
39000927  328496
39001118  8028957
39000981  10804233
39000830  586129
39001145  11321491
39001326  14220321
38985338  10531513
36871381  32187078
39001376  22841206
39001890  19462779
39001925  20279484
39000758  38978441
39001973  8004765
39001961  32635704
39001858  26679003
39002151  10688006
39000509  38974139
38999759  5890584
39002082  5078239
39001643  35594874
17431638  17322668
39002708  10992005
39002860  32696192
38998884  25912398
39002904  39001180
39002260  3207219
39002842  10523701
39003022  3446216
38997277  3642023
39003102  4444475
38975105  33179753
39003183  33994995
26819769  22479386
39003173  6278296
38996961  6218143
39002977  3349105
39003113  17589533
39003654  2167916
39003295  37325051
39003333  38998988
39003524  23667086
39003746  4660142
38994464  13871625
39003757  468791
39003807  27394710
28270277  27394710
39003685  13259614
39003780  14369075
39004072  4296910
38984801  24875419
39003623  35492437
39002464  218384
39004270  495021
39004284  10769964
38996777  18617108
38924126  19961239
32526978  29241640
38992738  1565388
38989274  20068909
38999087  101055
39003752  14077627
39003991  307674
38998703  17769431
38982334  7209110
38965279  218384
38995888  218384
38965157  2770321
3540739  7607165
22961943  22875671
39004470  20389255
38990905  38917661
38992070  12739909
38993670  27642875
29612502  218384
38988392  5674414
38984940  3543454
39004612  1239068
39002869  18646121
39004429  6973995
38981265  3624280
38981265  218384
39004623  5146197
39004685  16177056
4867337  16098151
39003968  3246928
10878575  16098151
39004694  3219758
38980915  218384
30214744  13986155
35269473  13986155
39004740  23667086
38971840  7599816
39003181  38805090
38971436  218384
39004842  33661329
38970193  34942840
38962678  38960451
38962909  27735646
39004507  9600357
39004956  2745265
38959345  11723881
38953627  8215308
38950641  32634352
39004976  7417906
39004886  36744537
39005162  7286681
39005187  1239938
39005245  28005625
39005135  35403757
39005135  1686569
39004734  24646417
39005186  29283935
39005379  16959576
38986701  37123242
39002410  14220321
39005117  29564002
39004835  39000126
38998356  31777724
39003942  36155000
39005989  3446216
39006011  16758477
39006200  35301998
39006194  18622901
39006086  29812721
38910319  32986780
39006297  588004
39006278  2664301
39006350  11300652
39006435  513832
39006048  687998
39006438  16959576
39006506  35980664
38068501  35288250
39006174  7615237
39006664  4261133
39005941  4261133
39005704  60174
39006677  26941651
39006430  2167916
39006789  979256
38981266  29074816
39005473  11063673
39007067  38920938
39004917  2478230
39007054  18660798
39006957  12859942
39006927  14220321
39007004  5611632
39007569  19896870
39007558  18050071
39007727  4161992
39007775  28988260
39006781  35775207
39007789  37891223
39007905  986006
39007850  779875
39002779  2776975
39008002  9748076
39007943  750486
39007982  199099
39003918  492519
39008183  2973202
39007729  20449427
39002520  38988798
39007491  21122540
39008186  8976627
39006208  38680577
39008240  2063480
39008325  1582285
39008369  203198
39008422  27666117
39007960  31431753
39008678  18502101
39008335  37245124
39008786  10111163
39008560  3391076
39008719  896308
38979058  36008207
39008954  4660142
39007212  21592630
39006358  38997491
39006358  38964028
38952774  307688
39009106  96428
38988667  5864540
38889311  26615633
39008760  11888496
39008636  25778469
39009369  383947
39008969  18201074
39009483  6729605
39009381  19118482
39009320  2591098
39009353  17324239
39009187  3052442
39001225  33621808
39009356  1827483
39009054  2686556
39009616  7343833
39009570  32346098
39004059  20306204
39009542  187537
38863828  30241198
39009207  921789
39009810  37091176
39009881  4244896
39010093  14907067
39010178  7033082
39009848  8504411
39010375  31217024
39010438  9484295
39010533  3057341
39009647  16956152
39010681  38406457
39010849  817856
39010525  2518257
39010990  6500888
39010749  6535150
39011087  874205
39011055  3024197
39011347  13013638
39009536  10953701
32966873  7653698
39005323  16653233
39011485  12897374
39011528  218384
39001469  20279484
39011496  33483220
39004488  4945178
39009001  15435994
39009001  5237482
39011783  218384
39011823  8466744
39011942  397034
39011556  2683442
39011920  32648371
39008507  686439
39012161  18576762
39000468  29133563
39012298  3905946
39012226  9743038
39012226  5731193
39012245  33081300
39012233  314675
39012042  38996188
39012411  513832
39012424  5554734
39012420  689355
39001591  4261133
39011996  36751204
39012465  13241615
39005902  10029305
39012510  23591754
35845554  35763730
39012653  218384
39012646  14220321
39012769  3127429
39012532  10375689
39012532  4121803
39011679  16149146
38714758  32065160
39012525  38580062
38844458  5504632
38900398  38809796
39013049  12573816
39013139  12179833
39007163  13191052
39004919  6442174
38920007  867518
38920007  6602339
39013362  509211
39010677  11271595
39012761  18842628
39013692  3270680
39013697  14220321
39013643  18258704
39013755  16033711
39013385  37861933
39013833  2591098
39013947  38999366
39014015  4350440
39014098  9284350
39014187  4897876
39014236  2573834
39014197  13372276
39013630  10680943
39014450  18050071
39014528  32064754
39014589  513832
39014613  203198
15236237  16790793
39014676  164194
39014723  14220321
39014944  218384
6621795  3242873
39014881  19839952
39015011  19042857
39014743  20960316
39014740  38991177
39015212  6343166
39015021  17206273
39013525  30279321
39015298  3951547
39015125  1239938
39015801  2559527
39015627  2574080
39009728  14220321
39005514  33019106
39015901  8767166
39016016  1617061
39016137  36177702
39015945  22662488
39013714  25009018
39014897  24644436
39016303  4148499
38994271  12572500
39016324  39016070
39016324  13863599
39016771  20030506
26235071  17690956
39016197  17690956
39016847  6203857
39014901  16959576
39016447  13172276
39016630  29980865
39017092  661562
39017107  1795808
39017172  60174
39017188  13266474
39017220  4616202
39017316  14220321
39015398  20955818
39017056  2596837
39017443  12091971
39017733  218384
39017844  1277799
39017439  1077041
38811127  60174
39018257  13840429
39018250  14749662
39017119  21895756
39017040  60174
39010731  39008245
39017783  21371802
39018533  4261133
38990060  3150810
39018284  23117200
39018761  4383215
39018770  899103
39017612  2464959
39014491  37558821
39012752  12723818
39018555  24102775
39016512  38876200
39018961  39016363
39018961  4660142
39018880  206323
39008208  34729603
39019104  949433
39018953  3401298
38996847  38127427
38957142  35631103
39019099  1047454
39019461  40814
39019558  18288744
39019436  7427731
39018705  39001892
39019686  1132941
39018605  26010650
39019763  1134388
39020168  2182716
39019968  15113707
39020025  542938
39020050  6704722
39019480  10831057
39020043  5524143
39018714  7907596
39020203  255414
39020203  874452
39020299  1534939
39020143  13795220
39020629  218384
39020521  4331092
39016155  29308898
39009876  67299
39015312  38991352
39020589  39019353
39011346  12098103
39020998  4685450
39021023  14529523
39020919  3610151
39021031  4660142
39020985  7871870
39019230  8195549
39020185  12946743
39021125  39006712
39017895  3180400
17530914  1225103
39021221  22937618
39021208  2381245
39009261  29306589
39001686  19414734
39021285  24963705
39016533  21161801
39021300  14220321
39021253  17177176
39021499  6682997
26660413  17639778
39021686  72831
39021883  495021
39021581  33332613
39021642  17498216
39022045  33973724
39022120  218384
39021870  14220321
39022157  38958410
39022236  25706216
39021845  29175455
39021845  16371129
39022485  744226
39022363  5736652
39021661  25793098
39022672  12428755
39022723  750486
39022946  218384
39022986  17232414
39021654  37941325
39023017  15117030
39022694  22911931
39022133  8470070
39023180  15221516
39023176  8450030
39011351  31508083
39023406  492384
39023194  30445048
39022067  23286017
39023455  37671045
33386530  4026021
39023552  3737139
39023382  31435603
39023391  812415
39022890  586097
39023674  5940180
39023451  4261133
39023725  4366730
39023761  979975
38958783  38955604
39023798  595808
39023403  4660142
38960306  38870576
39023330  218384
39004209  26393231
39023453  22046102
39024031  9727465
39024040  23017859
39024066  10523701
39024076  1433204
39024064  218384
39024342  1568091
38964608  171251
38980129  13620281
39024100  21448225
39024560  1014861
39024524  5015830
39024670  15512478
38980091  34283090
39024988  25235107
39024723  35785353
39025335  18050071
39025159  1732348
39025401  4261133
39025245  7561353
39025208  2120544
39025464  17498216
39025152  30313711
39014926  4660142
39025532  218384
39025523  22655059
39025485  4772425
39025607  24933430
39025606  8335813
39022429  12065885
39025793  7506844
39025709  7345956
39025694  10291949
39025859  20558022
39025993  22710627
39026019  8028957
39026032  8641355
39021016  34758492
39026285  15927033
39025808  34413
39023783  29404604
39026397  1391278
39026195  8236945
39026524  462974
39025740  39019900
39026581  6729605
39025926  15638325
39026082  3800512
39026750  4480075
39008657  31981632
39026824  495021
39026707  625799
39026911  11978995
39026798  38778680
39026706  4660142
39027087  8187429
39027150  588004
39026996  9607785
39026940  22444
39026943  17498216
39023215  279170
39027551  3003145
39022726  10994116
39027490  24181888
39027456  1665533
39027793  39026397
39026029  7366440
39026029  3720222
39025299  2422468
39019839  10517268
39018412  15413646
39023056  165779
39027878  218384
39027760  596162
39027928  31362292
39027077  7866769
39027875  1475297
32722205  12657043
37706383  2835140
6978848  2176991
39025368  13154552
39028206  596636
39028206  7058339
39028346  2439782
38972973  2176991
39028122  32685540
38976670  8897593
39028683  39024809
29063118  8897593
17022691  8897593
39013781  28629443
39028884  11664443
38978830  1197575
39029029  8447
39029074  32170456
39029116  29562427
39029085  1197575
39029346  6910641
39022835  19392212
39029378  19305713
39029459  14028959
39029310  10425953
39029552  7628009
39029576  22937618
39029580  6607550
39029461  32292173
39029540  2063480
39021467  6439663
39021467  38834974
26742525  7897517
39029854  20563772
39029881  4616202
39029891  5286861
39029799  4261133
39029948  18050071
39027360  24644436
39030165  4261133
39030147  218384
39029764  38340949
39030188  23667086
39030504  38276407
38276407  28173800
39030521  3127429
39027833  32570731
28214304  38985889
39030465  14119133
14585943  10981968
39022949  20488315
39030745  4261133
1583481  38916163
1583481  19664893
20488315  1955505
39031075  14694408
39031040  94361
39031009  19355038
39025219  218384
39028585  34515173
39031081  33669258
39019474  15141762
39031388  31986336
39031348  19197836
39025961  36224500
39031495  31706611
39031611  7627098
39031379  39029527
39026519  11871042
38993182  38986057
39031904  2075337
39031972  22753719
39031648  11959643
38942484  28490874
39030590  39031807
39025819  33078003
39028254  3766301
39032225  2136556
39032586  203198
39032039  22896243
39029042  35553500
36983905  25008801
39031462  25886909
39017265  7108668
39030613  14042693
39032931  111102
38995778  39019285
39032885  111102
39032781  4892179
39032099  218384
38776126  60174
39033148  11922383
39031425  26706649
39030671  1053424
39033423  241339
39033554  2649213
39033554  290884
39032512  11799854
39033543  132478
38917530  8300185
39033721  8466744
39028138  19947685
39034302  2515477
39024490  1004478
38968766  51019
39034350  2049330
39034436  37702703
39034343  28396079
39034689  218384
15040838  17244774
39034729  6094575
39034178  1256593
37752436  32024555
39034363  6601994
39028284  9732709
39034954  13732253
39033717  12738898
39035238  2279181
39030873  18050071
39031808  29308898
39028024  25091723
39035484  11874919
39034812  37236047
39029888  44715
39035190  17764661
39035637  6431973
39035642  12976822
39035737  4742903
39019079  205171
39035896  7427731
39035817  24558328
39035929  640938
39035698  12573816
39036106  9375711
39034901  38387751
39036167  122641
39036436  31132318
21957731  10209010
21961582  6118740
23426330  18406156
39036832  21450819
39036896  17127980
39036721  2201598
39019412  6366351
39036116  39015145
39036321  218384
39032229  15835274
39037235  34429519
39034253  18050071
39037316  70689
39037170  33882894
39037026  35274028
39035096  867687
39037488  218384
39036873  750486
39037255  12859942
38974637  3434278
39027025  33757619
39027025  218384
39037858  218384
39035421  11930356
38997849  32764847
39038160  4370812
39037726  872544
39038242  2183087
39036206  3974985
39038297  18050071
39038514  1416697
39033775  20349929
39038616  32837808
35820035  29440632
39038696  13366290
39038696  13146830
39038745  9041666
39036928  2530
4235991  19889132
39038603  3038392
39038900  31560080
19918455  19889132
39038803  28540103
39038658  3505701
39038826  1014861
39039071  1416697
39038806  4155392
39039097  25631410
39038246  5150637
39036326  28422468
39039473  5650747
39039399  4233490
39039399  9627289
39039518  17054000
39039847  39037187
38903897  3666846
36973984  3362600
39039367  13509799
38967033  255414
10763322  22727107
39039913  5965698
39040000  18050071
39032250  35464067
39039442  28646838
39038820  25706216
39039884  1680528
39040182  1299871
39040127  24503375
39040172  218384
39040230  4655273
39040394  1894269
39040194  36202788
39037857  24462112
39028443  34184751
39040848  1185559
39040980  1954746
39041148  1860159
39040530  756506
39041279  17764680
39040588  34822072
39041358  18050071
39029391  39041052
39036688  32207958
39040919  10681375
39041019  4450045
31714500  32059384
34400013  32059384
39040994  4459379
19749875  31714500
19749875  32059384
39041700  5171901
38990166  37680335
39032845  30299972
39041754  203198
39033550  37435750
39041788  1894269
39041712  36773355
39041649  35111090
39039186  11835633
39037868  25969
39041935  29140402
39031575  35756859
39041889  5072951
39041765  16100
39041966  939326
39041961  27459746
39042047  14673708
39041572  5554734
39042387  61212
39030813  32010172
39042237  27936772
39010662  4386127
39042435  15562484
39041968  10389477
39042578  28240706
39042728  1775344
39042683  13016496
39042724  4660142
39042854  4176328
39042936  11277432
39042783  21387948
39042686  9229301
39042991  8073691
39042538  4733188
39042538  10057671
39043026  3814145
39043125  6857468
39040331  39037553
39040331  903103
39033186  19214288
39043339  750486
39043397  1390607
39043387  20940979
39043480  11271596
39042509  2909011
39043540  31073497
39043421  5448368
9348473  6415089
39043595  513832
39042083  3734280
39043763  1299871
39043899  9216138
39043916  17583544
39044049  20449427
39041297  28799863
39042801  25716012
39044170  359732
39044238  750486
39041261  15903816
39041261  3787514
39044384  8028957
39044417  358500
39044340  17130382
39044422  30325566
17209466  10807743
39039303  14553417
39044026  9077728
39044374  15991241
39044027  618097
39008035  14107208
39044883  38307356
39044913  12051
39044848  21837521
39043527  13034496
39044918  34999680
39030155  29372792
39045142  1173194
39041507  218384
39045179  507965
39044879  11480763
39043764  4772425
39045569  6220848
39045090  1616204
39044336  19767267
39045574  10693845
39041717  3939700
39045401  5528854
39045783  9137157
39045865  11341557
39046001  2784230
39043180  5672363
39045765  36838557
39045935  4020786
39046238  39045778
39046134  10236857
39045615  3106110
39046395  2085953
39046309  23720487
39039152  34832353
39046460  21567291
39045460  4251488
39046524  750486
39046109  21059048
39046612  2973202
39046338  6067460
39043517  6954258
39047002  20227170
39047054  31455921
39047054  6080765
39046012  1597007
39047114  28002054
39047231  10333016
39046225  34445045
39047001  20572934
39047454  14220321
39047492  591094
39046970  8405087
39047644  218384
39047087  25113602
39044674  11229831
39043926  39046755
39047758  19841477
39047883  6130768
39044264  21777286
39027597  24195904
39047867  557767
39047942  750486
39048095  21247278
39048257  12573816
39031436  4902565
39048524  261638
39041864  30480672
7446913  5843339
39046828  2184513
39040092  5843339
39048568  27972839
39047349  10934745
39048735  28938102
36111805  7488872
39046476  7488872
39046184  7911776
39047292  2448843
39031522  2857081
39034276  576855
39043406  29277239
39048277  1251999
34633891  35461228
39038977  2891361
39035261  39035791
39033862  26668938
39004812  25445439
39048939  191010
39049123  1301346
39048850  3230569
39049093  11429786
39049115  5290994
39020895  8432499
39047657  3470546
39048259  9489126
39049449  19894686
39049449  1461432
39049632  5554734
39049434  30528877
39049514  13201334
39049718  33055575
39049692  25885591
39049617  6334463
39049527  1216791
39049558  5048849
39049877  642897
39049439  27769527
39000393  6111298
