38949193  3577641
38928863  406230
38888353  1732348
38888353  4231382
38851162  3577641
38792954  6751105
38792954  4231382
38500268  16148034
38500268  4246077
39050033  2896727
39050077  60174
39050083  17130382
39050249  12860398
39050294  218384
39050349  4587513
39048837  13376397
39050511  39033192
39050582  5755455
39050718  8789636
39031591  8326427
39047340  15141762
39048818  7349401
39050592  9492169
39050984  19721313
39048474  2095397
39051001  15900485
39034920  8083144
39051321  8854359
39051355  1436703
38785403  20227091
38965410  9795601
39051465  11408515
39051467  24103069
39046248  1025589
39046248  26183503
39048750  38311277
39051341  4117701
39045093  39043783
39043230  8164675
39051356  14136721
39051495  306313
39051436  28966496
39051949  123559
39051734  9985912
39051889  4644860
39052206  14999138
39052207  2374416
39029144  2210064
39050812  1205889
38956316  1200214
39051731  8027353
39051772  111102
39052754  1301346
39052726  369602
39051504  29308898
39052816  15488238
39052764  10575544
39052764  6629394
39052867  513832
39052882  24657555
39050803  1457863
39052936  7546946
39053005  11740362
39048003  26063039
39053036  2166512
39053129  18543668
39052117  27754101
39053227  8214932
39033049  39043783
39053326  986006
39053321  6896851
39053356  18783390
39053427  218384
39053140  4594229
39053413  5392344
39053560  1614723
39053481  18050071
39053158  11989374
39053770  6633523
39053736  14484431
38971211  34398023
39050140  2894957
39053810  37991340
39050601  17271319
38966188  880530
39054111  1107730
39054146  25173716
39054245  218384
39054310  5873624
39054361  10003683
39054375  4261133
39054286  20353450
39050690  7718935
39054571  12971966
39051235  513832
39054699  14759286
39052448  2828284
39054726  23584120
39054453  495021
39050854  34781051
39054553  10305261
21458464  10462799
37241917  32331696
39054353  218384
39054896  35677954
39054283  218384
39051887  19168842
39054431  34259425
39054589  31241701
39054589  16388959
39052769  4221874
39052389  12199353
39054849  1255726
9961334  10462799
39055000  29305196
39054984  32801095
39054945  32996001
39049898  16675094
38945172  36577020
39055391  15197673
38837330  29551906
38985266  36577020
39055605  19843506
39055471  9700441
39053849  6504407
39025378  6401588
39055177  18582643
39055743  5868369
38827683  3589661
39055811  7905859
39055767  27690076
39055900  266924
39054952  1094173
39056025  37061856
39056044  10085723
39056000  5762938
11023713  2314105
39051200  2314105
39056245  39023109
39056073  26674683
39056351  1846202
39054230  33890525
39056454  23392111
39056353  10555844
39054204  38271516
39056628  218384
39055568  17237679
39056742  3105798
39056540  9938649
39056767  3502005
39056869  218384
39054647  38966318
39057112  218384
39057101  30269014
39056435  33621808
39057211  4660142
6185966  2727698
39056929  20396582
39056867  4660142
39057289  5554734
39034863  32654300
38997505  10877772
39050931  8500868
39057433  218384
39056270  6343166
39052759  29350181
39057498  18050071
39057578  5554734
39057561  505928
39057501  17054000
2197482  3170055
39057527  3170055
39055646  3685285
39058197  29308898
39058113  17717600
39055157  13367868
39058356  39046989
39057679  5057267
39056753  37435750
39058498  6916884
39040435  37724099
39058689  14220321
39058119  35931526
39058202  11731377
39058716  1532693
39058562  12573816
39058562  6312597
39058856  18050071
39058889  31111228
39058916  14220321
38995002  7018885
39058828  4076601
39058981  5804256
8657490  750486
39058931  218384
39056607  1033898
39056607  19486738
39059295  12997377
39059410  6800590
39059474  21842449
39054569  30141958
39053919  16686642
39054671  322715
39054671  21974361
39050779  36785014
39052957  323200
39052152  2995054
39039389  7071057
39037223  4216745
39030917  4818699
39022477  4092914
39021749  9804601
39018459  218384
39016321  3911966
39059566  11356168
39059792  8081701
39059853  5797852
39059908  17973357
19914068  1363307
39058859  28735377
39057641  23733626
38977480  3577641
39059359  6952923
39060139  18050071
39060156  7931935
39045564  3983088
39060097  38993378
39060134  5838711
39026250  36455158
38973644  26863460
39060338  17257631
39060310  218384
39060398  750486
39059912  31768946
39053331  5658089
39060594  37995870
39060543  124959
38943150  14083270
39060837  24157588
39060837  1014849
32905979  32908241
38974060  38997149
39060968  4172722
39060885  2604743
39061135  38268329
8217487  9969924
9519009  9969924
39061432  518000
39061468  111102
39059042  21175293
39058747  21484140
39061420  17371334
39061541  28378928
39059378  5003142
39059268  3541077
22743803  2123514
39060140  222877
39061176  15788495
39061658  14220321
39054033  4112686
39061275  16424091
39053220  3177733
39051623  1915166
39061801  12573816
39061622  39048008
39061900  17269283
39061906  949433
39061931  29975776
39061768  9044940
39061676  3717477
39060871  27671594
39062208  22397861
39062274  14836228
39052743  653714
39061978  38222909
39062504  8642858
39062555  10210754
39062251  1798511
7772341  1798511
39062776  194465
39062784  4660142
39048542  17822025
39062692  8503636
35175805  9732624
39062790  9732624
39062845  6300608
39062869  27506788
39063073  11231937
39062072  19590865
39063354  12573816
39063304  218384
39061807  10067266
39059075  25999491
39049236  38234438
39063406  17561632
5446553  4140437
39062332  24644436
39063687  17786318
39063298  2386031
39060695  39061729
33679169  11231937
39058975  3202323
39063798  15070505
39063872  3679694
39063943  12950479
39064122  5078239
39064091  38213995
39061885  19105939
39064192  18050071
39063831  16959576
39064291  3822648
39056195  5767228
39064292  2465921
39064300  203198
39064326  18494379
39064227  6792197
39064220  36046067
39063513  5680657
39064717  218384
39064731  14742069
39063741  30446622
39063741  20279484
39064749  9109438
39062032  22603078
39064897  949433
39064865  22980471
39064970  17625695
39064582  13789450
39065268  24644436
39065230  34995740
39065218  218384
39065389  290884
39065467  400805
39061161  38146012
39065542  5520155
39065629  8466030
39065672  9881611
39065234  21881992
39065691  7293620
39065720  38793723
39058632  19437883
39065851  2973202
39065826  36740493
39065643  35191336
39065943  23667086
39059641  32170456
39064672  7389662
39066121  25706216
39048076  29439656
23452375  4660142
39066240  8408504
39066189  3299972
39066302  11321491
39064668  23296356
39065117  39057546
39066501  7569904
39066453  5870284
39066614  19861499
39066708  33401788
39066729  218384
39066727  6441218
39066828  218384
2612598  6441218
4466919  6441218
39066811  30592094
39066996  3127429
39067019  3302356
39066939  5543582
39067090  14220321
39067045  5465537
39065430  11023929
2396576  6423729
39067351  12362716
39067419  5605125
39067501  6800590
39045119  1395410
39067756  39058138
39067752  14220321
39065784  11224201
39067944  20940979
39068058  363681
39067303  15697282
39063664  142003
39066940  7325278
39068086  12786005
39062591  1001767
39068187  11321491
39068272  37438092
39067878  18815380
39068385  8503636
39068456  310870
35355801  1520800
39068316  436411
39068316  14028959
30819118  5282264
14181317  2687457
39068699  39050819
39064302  1168345
24507646  6118740
39061524  1444227
27097879  27483674
39061700  15761369
39068682  19410018
31596769  30441289
39068854  21633115
39068880  14028959
39068953  37980591
39068758  4261133
39068908  24644436
39061508  4573123
39058485  17444020
39060385  39059495
39059709  2859574
11917323  67299
11874471  5376427
38951007  1457863
17092254  24644436
4491199  4955635
25914945  29509074
30784943  644577
29205934  486948
39069190  5234169
16686501  644577
35343738  20389255
39069123  11922383
38993396  2156431
38983488  21488311
38983488  23967020
39069264  3144610
39069237  306313
39069179  5725296
39068892  477486
39069386  17028770
39064946  3009745
39044817  766809
39069320  32991051
12507718  12911381
39069511  2973202
39069263  218384
39068769  23653778
39069498  8440558
39069558  4261133
39069307  37975227
39069459  38076008
39054990  12242111
39042549  39065890
39069733  5498865
39069556  14220321
39068895  40480
39069802  2604743
39069968  39027250
39069973  218384
39070137  5614099
39070155  3127429
39069657  6889065
39069509  29747224
39067402  2973202
39067402  13002362
38984409  35442715
28151073  27895946
39070204  25111831
39070143  27895946
39070310  14721397
39070310  3598770
39070464  4421706
39070406  21746373
39070338  5865343
8654456  559112
39070605  1197575
39070604  35473174
39070637  39033836
39070752  5936887
39070809  4660142
39070920  218384
39070233  36219685
39071061  4633125
39070878  38340949
39039608  6265814
39068556  1643320
39065090  39058005
39071136  32170456
39070830  218384
39071288  10386166
39071435  35424053
39061845  4660142
39071579  192249
39071794  242813
39071872  16096872
39071921  950087
39070845  25819034
39072038  513832
39071763  3993546
39067964  12719128
38781915  4105331
39072208  469357
38913572  19802502
39071826  25768284
39072223  56642
39069777  1519736
39072698  36639486
39071591  1050222
39072300  38979371
39072863  13459907
39055934  12811392
39072522  3656723
39073004  4968406
39073100  31073497
39065569  899148
39072945  15485768
39073165  614818
39073251  7674786
39073090  38996988
39072987  2241897
39073274  4076601
39073372  6792197
39066411  3219178
39066411  3003145
39074001  14028959
39073996  30080362
39073996  9431050
39074015  39014431
39074095  15428777
39074234  10693845
39074150  5701031
39065758  16665420
39074227  17861152
39074178  2723839
39074077  9710475
39074535  36546080
39074387  750486
39073348  6993325
39074435  7690994
39074755  16893043
39074761  949433
39067697  4543936
39074848  5738901
39074917  8879237
39065518  14218307
39074602  36854428
39074602  3013449
39065637  3135946
39074794  25133039
39075076  24006234
39075175  14978054
39075248  203198
39075037  14220321
39075254  8199448
39075102  18917651
39075565  218384
39075816  1496682
39074279  38154536
39073919  30884896
39075701  3577641
39076271  2591098
39074326  3096268
38459947  34418017
39076336  1444406
39025080  270879
39076350  806000
39076560  4918458
39076560  2212643
39076647  14220321
39075721  172544
39076700  18050714
39076511  3577641
39076440  34935618
39061014  32584850
38861718  34936771
39076779  2237440
39076908  218384
39056984  1138460
39076480  19163628
39076441  7121303
39077386  523643
2664740  965053
39049895  29133563
39077527  8470070
39077630  240178
39074256  24644436
39077725  2973202
39077673  7304002
39077659  36184912
39077856  1772179
39077946  2717480
39077869  33187086
39078077  386294
39078604  5574499
39078572  28928283
39078817  2973202
39075564  12769982
39075564  18050071
39077224  38851267
39073641  22808247
39076086  6658752
39076086  39074234
39079161  36325212
37007996  26983355
39075126  26983355
39079318  14853243
34118471  25682113
39079488  20902562
39079322  12573816
39076349  34645792
39078617  38918311
39078134  27930743
19572001  24644436
39077721  20646822
39079547  10590098
22260484  12619759
39077534  35555383
39079607  15278118
10239695  24644436
39079803  886293
38837050  12533885
39067558  35540885
39079920  7308586
39079859  6298566
39066451  15354539
39080086  39074991
39080178  513832
39043695  24881345
39080479  273313
39080065  6412249
39079338  35326554
39074074  750486
39080503  29698008
39080003  3646036
39078718  2607697
39081168  2082207
39064522  686439
39064522  22074053
39081088  39079451
39080997  4181668
39081266  1503579
39081591  14220321
39078781  15998188
39079992  218384
7689406  15219984
39081746  767999
39081789  218384
39081873  218384
39081624  22394615
39081747  2185252
39080365  39063253
39082017  5605965
39081933  2547713
39080750  4208913
39080814  12643009
39081921  4122324
39082030  24921132
39082154  2785
39082150  2320069
39082218  31555196
39082172  12436596
39082172  23353173
39078119  16407995
39081346  23353173
39082281  22662488
39076515  34156996
29599746  29548694
39082312  33621808
39080352  11185485
39082383  17498216
39077091  7385490
39082397  4391720
39082217  26540165
39082630  33495434
39082753  24644436
39082515  27758387
39082701  7220681
39082779  6165558
39071973  3980416
39082863  279170
39082865  20127884
39082898  3241422
39082944  37493079
39082702  18551030
39082999  3775721
39003529  38980896
24956546  6364783
39082977  14232990
39053157  6531482
39083031  22587797
39083031  27094169
39082762  25719779
39079100  1306670
39083246  1207406
39081807  12198468
39079852  26741781
39083587  38212252
39083587  306313
39081920  218384
39083715  19418427
39077783  4442192
39083632  307828
39083632  2100907
39083793  14602062
39080993  34581226
39083940  4660142
39073336  16871367
39080897  12181885
39083619  1056728
39084155  21380563
39084155  18012222
39084032  31696168
39084097  4410704
39084054  39002126
39084409  24965638
39084514  38549
39084506  18050071
39084593  10432831
39084620  33621808
39084635  7056749
39083421  34818056
39084837  8028957
39084550  1683109
39084371  12161277
38660184  39022189
39084653  4148499
39084653  2587669
39041954  18392653
39085057  6445917
39085202  1997718
39084846  14909997
39085277  4414623
39084892  32906613
30794891  23740307
39085567  5638323
39085659  3948846
39076261  11120279
39085620  1338728
39085774  952914
39085859  10218779
39069107  29918323
39081670  35479903
39081670  35503723
39081598  38946308
39086338  12573816
39086494  8537148
39085863  11911028
39086505  4651437
39086656  14160498
39086828  310870
39086793  36655439
39086946  5444611
39085478  22631158
18868869  18877895
39079422  3700490
39087159  2559527
39087116  17054000
39087096  19896870
39087071  2547713
39087216  3903219
39084962  5193893
39087318  363681
39087046  499829
39087379  5806220
39068182  11234371
39046128  566093
39087534  35658334
39082488  39059025
39080347  39072629
39087350  1544905
39087476  24644436
39086467  1014861
39087926  1475297
39087789  23417356
39087980  15112125
39088095  34684261
15899699  2843366
39077168  221525
39077168  5498865
9936648  7693324
39088238  4597690
39081462  27326228
39088213  28172964
39077025  1551235
24557794  6533243
39087760  38856387
39074300  12020417
39072162  4389500
39064173  7026507
39066721  18338629
39088459  10600613
39088362  6955191
39084772  7732634
39084024  5346186
39087480  3076772
39088665  4660142
39088720  5653533
39088766  218384
39005870  23363188
39088780  189430
39069421  1488472
39088802  1488472
39088831  32230966
39087444  7574502
39088717  25750595
39085832  12165485
39081047  29308898
39089002  25854300
39089002  38651085
39066975  2167916
39088923  33600767
39077714  7836632
39068141  3577641
39072692  768431
39089261  3528821
39080924  39076029
39089101  30147602
39075724  39072048
39089665  17147249
39075186  218384
39075186  34535024
39089912  30816496
15087913  21841834
39090050  24715864
39090019  6542996
39090105  4660142
39026005  27997485
39089856  240178
39089946  21532461
39089651  207000
39074490  2135407
39089813  34582980
2865835  428110
6088562  14152477
39032886  444671
39090469  11562656
29630500  18946490
39090530  36409966
39090585  10193085
39090645  2906092
39090650  111102
39085211  25789644
39067023  39058598
39091010  750486
39091121  25445439
39091118  16959576
39070174  39028338
26430660  20353402
34381233  21841834
39091274  1374705
39088810  2268104
3115982  7837456
21096065  21841834
39091768  9602901
39091722  32170456
39089669  9985912
39088438  8028957
39091951  588004
39092062  5252271
39091715  28566599
39090867  10067266
39086998  18003370
39092161  7506844
39091619  8293173
39090700  8577545
39092353  2591098
39087324  21283052
39092431  14541975
39092458  25385173
38969033  32292675
39092453  37583898
39090791  21881992
39092735  9496474
39092858  218384
39089951  565504
39092999  9189810
39092999  8969381
39091504  3252528
39093198  15455009
39093203  3422673
25748106  18050071
39093078  20225474
39093351  14220321
39093182  14836228
39093743  20071176
39093529  3011383
39093670  26211225
39093670  31285456
39094024  32170456
39079033  38879742
39094274  7027288
39094258  218384
39094332  1891595
39087291  28062095
39094624  5167555
39094596  31197183
39094718  24105690
39093715  22185974
39094832  4244896
39094791  27894
39089743  11321491
39094901  32042638
39094933  4660142
39075681  7653381
39090513  2079830
39095177  6298566
39095169  218384
39095106  12604860
39091112  28077854
39079093  9908868
39095331  218384
39091083  1732348
39095208  33167291
4945474  1542824
39095468  12769982
39095468  18050071
39090216  32584850
39095647  695050
39095548  8767166
39095912  4166966
39095419  1492735
39096133  12953127
38977206  20340008
39091793  15472107
39096419  4660142
39096442  4261133
39096585  39092285
39096644  2465921
39096613  24644436
39096355  8466744
39096720  36170049
39092227  8238407
39094876  3831676
39097027  16329962
39094851  2591098
39082324  28981862
39091479  38394598
38714817  36144777
39097362  123559
39097095  2063364
39097528  4342072
39097588  22662488
39097643  31000081
39097725  2184810
39097684  3028306
39097714  13840429
39097709  505465
39096396  26469457
39097874  4285895
38851806  5448653
39097163  10137895
39097900  1349404
39097892  17013397
39097688  23632911
39096163  39057432
39097977  8233965
38898768  1751301
39097976  2486727
39098243  20612066
39097919  26455027
39098049  34400182
39098006  12510811
39098622  14800597
31679455  14800597
674106  14800597
39089612  6343166
39098848  3635301
39098875  33718482
39085537  154075
39098891  310870
39087738  16088499
39099488  38394598
39099567  3278207
39099389  32170456
39099611  173212
39044242  218384
39099557  10671242
39097559  1164049
8936099  1826519
39099975  218384
39098584  16856966
37006087  34587273
39099808  4685450
39099815  17729878
39100018  750486
39098636  33151866
39099647  19836432
39093795  4150053
39100182  1572322
39099366  1472587
39100321  335104
39100335  15526546
39097819  39032329
39100752  949433
39100822  2634219
39098500  11393071
39100704  4260086
39087817  38924613
39101024  182287
39100834  1299871
39099799  183907
39101250  6441218
39101391  18216620
39098959  38721421
39101341  57483
39097762  13055107
39099378  16440366
