39154415  21723830
39153646  5208679
39154906  5709034
39154826  1718903
39154370  31762045
34808054  34713411
39153633  4600656
39155068  25706216
22439726  1185448
39154796  39063043
39154796  60174
39155203  18050071
39154036  23446377
39155424  513832
39134387  153633
39155476  3737882
25697421  6674689
39138523  7360602
39155445  1560788
39155526  5069464
39155615  34366305
39153656  218384
39151952  726334
39155413  27691547
39147551  15652758
39155406  40480
39149326  34366305
22458042  3006150
39155608  28014241
39155960  17498216
39154887  10623907
39155992  20940979
39156031  11046572
39156031  823790
39155037  8016776
39137803  37118573
39156326  27739514
39156360  448673
39156174  9422945
39156372  36250353
39156263  20279484
39156469  35305154
39156556  218384
39156219  2973202
39156616  8028957
39156503  6954906
39156163  109383
29936581  109383
18072691  3594823
39156758  29971898
39150282  1019793
39156706  3093622
39156832  13544342
39156943  1451009
39156903  11952037
39156950  5082261
39156846  23047052
39155840  6601795
39155840  10930569
39156971  907806
39156660  38778447
39157436  2587669
38946025  5364278
39157545  11698448
39156090  1299871
39148286  5073992
39157516  517008
39157710  36239705
39148289  7361135
39141230  218384
39157354  35402487
39158030  5470533
39158002  28338981
39157285  29090186
39158095  12811482
39157763  13523530
39157779  13523530
39158284  60174
39158249  6589497
14021401  14783666
39155251  35833583
39158558  14870819
39155908  3832792
39153268  379610
39153268  7371903
39158965  3184118
39158099  9069379
39158873  39157716
17102336  3937624
27447430  3937624
39154907  29625133
10466015  8715474
39159149  3422223
39149894  5003142
39159179  218384
39159139  3936088
39159010  2031740
39159137  9344306
39159430  2973202
39159631  39158942
39140312  8577545
39159971  2715654
39159972  12925063
39160041  1129216
39160079  31648610
39154987  1609637
39159324  37216719
39160317  1316386
39160537  13644669
39160932  388242
39160866  10673597
39161074  3911400
39160730  25399966
39150223  21357433
39161020  39159047
22591020  4026021
39161434  588004
39161376  14220321
39161211  31496117
39161949  4450045
39160987  885009
39161375  1234950
39162200  10791588
39149783  218384
39161788  8718587
39156514  34169562
39042942  29387393
39125156  29387393
39162267  8004237
39161765  4819060
39162525  6385850
39162449  950087
39162010  35417226
39158817  37810176
39158817  17035478
39162930  5662834
39162665  39139708
39163041  14220321
39162577  11930515
39163073  3397113
35753920  28282398
39143620  31753520
39163464  39155502
39163385  5078239
39163636  23590613
39163657  1335507
39163899  2083987
39161938  20611865
39164161  1959040
39164255  4000818
39164323  2720896
39164413  218384
39164447  218384
39164225  34814368
39164551  3368121
39163979  16620980
39164304  60174
39164782  21259942
39163763  2808832
39164405  36185088
39164405  36241242
39164900  3613074
39163786  831942
39164076  33824255
39164498  513832
39164912  24428250
39164107  3505230
39164980  25531914
39165301  18257561
39163466  30019408
39165312  31970529
39162137  35990995
39165487  9257505
39165329  1628271
39164638  15201071
39155595  15752519
39165620  11321491
39165682  13700081
39157706  4216745
39165732  10769964
39165845  60174
39165891  325158
39165902  383947
39165844  625799
39165292  34094781
39166077  218384
39165633  4261133
39166037  5554734
39166004  6777485
39129549  744373
39165377  279170
39164614  2535989
12868027  33800497
39166241  2100758
39166274  633780
39166334  15627967
39166435  43870
39166111  2591098
39166495  1751301
39166409  3222649
39166572  16071149
39166589  37458290
39166578  38759784
39166028  10693845
39166504  4781323
39148938  24885637
39166731  3029079
39166819  21796827
39165280  37062433
39166895  369512
39166823  20331878
39154713  32584850
39166800  18862743
39167092  129677
39163582  1642028
39167010  33999741
39167029  23417356
39167344  4660142
39167591  11350423
39166932  279170
39146577  5208679
39167662  21835664
39166097  8865153
39167781  6735259
39140120  39143251
39167128  21881992
39167683  38961222
39162782  23353173
39168039  13081532
39167850  2277381
39166859  35323430
39168092  31241701
33553085  203198
39168488  32010172
39168671  35617608
39168389  14220321
39168832  10059279
39168901  14220321
39168826  2439616
39169002  4216745
39138019  17444862
39169107  218384
39168943  39165332
39159336  32170318
39161550  36398629
38991424  24262606
39169168  17498216
39169180  3552461
39169222  218384
39168929  4663306
39125611  10303248
39169323  4294579
39169323  80646
39169440  18916966
39169117  17526608
39169354  1196991
39169523  9170999
39168395  6156449
39169568  24644436
39169406  218384
39159146  25403911
39169654  6810084
39168458  24310696
39169653  16959576
39168481  218384
39169746  20940979
39169301  8614734
39170059  4261133
39170094  25706216
39060186  636561
39170190  1568337
39169561  11321491
39114371  19019720
39170191  3948873
39170393  13102045
39170358  36247140
39170377  9247798
39170319  60174
39170517  6817262
39170517  7381974
39170485  733454
39170258  37390864
39170418  35910683
39170142  394809
39170958  549808
39164985  8460172
39170971  92396
39170959  2683442
3176602  2683442
39168329  39166554
39171168  10881978
39170678  29881621
39171232  18234491
39171190  14114411
39171450  80646
39171263  6724467
39171052  4505566
39171459  142003
39170612  23456170
39171667  522563
39168761  15478897
39171204  15025979
39171720  495021
21635137  15824064
3579035  2134798
39171696  2717480
36233193  31503488
39171968  6127328
39172001  17498216
39172017  7449767
39154094  27535289
39171992  36901
39162425  21246766
39172136  5172421
39172170  14096814
39169795  29184358
39162851  5368150
39170116  38688822
39172375  23058029
39172189  10627232
39171827  18050071
39170939  25891531
39172707  2063480
39166949  34758492
39172154  596351
39172166  5486789
39172595  18704129
39172825  1041160
39166882  20119288
39172993  750486
39171466  604410
6682404  34487165
39173321  12573816
39119588  1501958
39173199  985431
39173336  29787791
39173358  11858159
39171855  10269701
39169852  8577545
32115255  37700605
39166336  8207325
39173578  369898
39173720  1724255
39173866  369602
39173927  218384
39174094  513832
39091311  1266674
39174132  3742239
39174009  28237955
22300102  39173982
22466239  39173982
39145297  3674422
39167316  9605913
39174022  558518
21252759  39173982
39174178  23294658
39174111  26456878
39173846  12955415
39174362  21881992
39174374  38818879
39174532  10382929
39174425  11686690
39174396  4792862
39174722  1659749
39168024  18744910
39174815  32635704
39174713  1049409
39174879  39174474
39173676  4819359
39174399  4261133
39170169  21998008
31156393  218384
39175187  4968406
39155007  218384
39174234  13278590
39173683  15564493
39175493  14484550
39175451  8299978
39174661  28494089
39175731  28793321
39171836  31627048
39174324  5884807
39174139  8609289
6688638  3778335
39150521  3778335
39173749  12573816
39175559  25791787
39175559  3818745
39175914  3559559
39175903  2249203
39176056  7951377
39175936  36645660
39176112  203198
39176132  28112952
39176141  9170999
39176189  17308669
39176183  5142418
39176286  513832
39173489  32342864
28591529  972
39176470  1355072
39176487  359732
39175411  35869078
39176502  24798411
39145864  588004
39175982  33058004
39176739  801032
39176654  20940979
39176113  19257041
39176890  39176487
39176890  359732
36918565  20940979
39176958  6066955
39177047  23446377
39177053  9450864
39169482  6641897
39162485  16776270
39177272  35685726
39177069  1732348
22522248  38961481
39174808  39013626
39175906  38921824
39177411  2721546
39174753  2973202
39174753  22662488
39176043  39011182
39176241  37606236
39177501  16968587
12090598  16968587
39171959  39114640
39177599  5703552
39169076  14304494
39177595  7156955
39177722  1299871
39177800  949433
39163947  32242712
39173431  32860792
39177857  4937491
39177715  11186811
39177452  986006
39170375  28391850
39178047  17652412
39178103  388242
39177855  4600034
39177931  5947207
39176994  1372967
39171440  4357233
39176383  2736389
39177146  35099284
39175306  15753793
39177769  10017086
39178322  1143262
39178429  6963553
39178332  5041494
39178701  15941818
39178138  3349332
39178702  12578609
39178916  23690416
39175377  10848
39178945  1485668
39179154  2785485
39179065  12343891
39179349  200640
22407585  4971877
39174226  24267486
39179431  5067604
39179412  16047901
39178032  18050071
39179594  8114276
39150257  30080810
39179426  27154401
39147058  3430181
39176149  3510
39180102  25106099
39180093  7056749
39180082  12769982
39179459  39146210
39179081  860966
39180032  10886068
39180427  22621716
39180466  21122540
39160562  39165458
39162556  218384
39180849  2489745
39180636  2973202
729640  1213394
39179098  26783219
39180633  18050071
39180833  51032
39181089  218384
39179615  7498308
39181038  3803465
39150884  13214506
39117149  1194857
39180960  14220321
39181221  10693845
39181204  28610783
39181233  31220078
39181244  11032456
39181178  21525282
39181439  19695784
39181513  1394020
39181566  35654908
39181239  25806608
39181039  13977851
39181613  10693845
39181252  26249936
39181564  925039
39181564  27358966
39181705  2411270
39181703  34996295
39180013  8470070
39181835  588004
39169732  30657269
1108589  7322147
39181641  33054229
27640893  39137110
33395781  39137110
31091741  29706764
31435353  39137110
38127427  39137110
35976079  39137110
39182115  2167916
39166940  20895154
24964285  39137110
39182185  24003191
29696701  39137110
26935095  39137110
39137043  10810203
21031099  39137110
10987516  39137110
39182279  11087232
39182290  21305344
39182368  24644436
39182372  29716653
39181673  19509307
39182455  24793916
39182596  4976871
39182590  11229986
39182531  2279030
39182447  25607247
39181609  5825520
39181557  33164976
39182764  7674786
39182788  2117538
39182890  748175
39182890  8762330
39182873  5554734
39119704  1777033
39183153  7217578
39180067  24830079
39169352  9912214
39183180  897356
39177634  20363266
39183249  13473693
28870562  13473693
39113398  22959752
14484431  13473693
39182888  8657551
28976740  13473693
39174785  17996957
39152856  38549
39183557  3647331
39183170  20010245
39183584  1777081
39183411  3728062
39182351  6151218
39183609  16159732
39183524  5005877
39183570  202463
39173147  39173982
39183829  5758660
39183514  28568149
39183809  30778382
39183891  7800604
39184003  10646921
39182916  12376745
39183870  30321636
39183910  990221
39183716  218384
39184147  14220321
39184040  17953679
39184366  3968557
39184307  3177733
39184367  3289898
32210524  2181902
22824570  1036754
37693807  2839431
39183478  23353173
24583576  2937086
39184566  9959727
39182798  885009
39184368  12769982
39184622  1436703
39184585  30887610
39179477  33472569
39077303  5554734
39184782  1397827
39172539  31313576
39184732  27670401
39181770  18644579
39181770  17863319
39180195  12487592
4423671  18821481
39175717  33872612
39184627  3481828
39184750  904746
39179634  203984
39178075  4036167
39177626  19359548
39176433  5271448
39175738  7217578
39170896  260626
39172494  218384
39160311  16162090
8715979  6432545
39183502  18387993
39167499  11237872
39184984  27226128
39166488  2407912
14892967  8229638
39164632  38676719
39163731  6787142
39180327  3409053
9866245  2344524
39185166  9238936
39185228  8028957
39161029  23762231
39160319  11512034
39157010  39138766
39144633  39138766
39159045  14187963
39180502  2294551
39156160  1519736
39148080  218384
39141163  218384
39180243  4112686
39109715  513832
39104686  9262040
39075761  277630
39180744  8474031
39185188  24600422
7831552  17037858
39177106  1269568
39184952  39182978
39185437  4261133
39185405  18279622
39185541  495021
39185316  31041358
39185605  2973202
39185647  5752829
39185741  37328017
1473868  1154008
39185872  23708898
39185549  19476668
39185861  433337
39185819  1154008
39185819  26436155
39185911  4660142
39186213  750486
39176918  3979872
39162055  39160642
10572442  10385248
39162276  3642919
39182045  38416593
39186250  677812
39152403  27919012
39186361  909185
39186380  10399521
39186256  39183638
39186444  14677448
39185603  1383364
39186423  3255993
39186514  39185861
39186151  400212
39186439  16812191
39185634  5550627
39186537  1581478
39153168  37913047
39182473  24153352
39186748  17342815
39186783  223918
39186741  28854023
39182941  26547214
39186846  3673998
38960417  38002591
39186945  16504274
39187000  261638
39187176  28008262
39187193  497629
39187307  20001427
39187397  14387690
39187384  35120305
39185615  7360602
39177881  4812440
39186277  32636822
39187597  20940979
39187652  218384
22429403  22426293
39187698  5335273
39187300  36358047
39187769  1737627
39187836  20001427
39181174  26044881
39183304  1094173
39180288  6650134
39188289  38250710
39188095  13035674
39188095  1744665
39183652  14853243
39188440  1711990
39181710  13957237
39181710  17619248
39188396  1817792
19420677  2340406
39188530  3937624
39188044  15454220
39188772  18664579
39188859  1840121
39188932  22591499
39187694  381542
39189054  29557448
39189002  11121385
39189103  11015296
39188370  1732348
39189167  18464187
39188519  2983248
39185433  39188519
39165021  750486
39184006  31771679
39188573  26931565
31798930  26931565
25445090  26931565
34391587  26595069
39189080  13033037
39189178  21403496
39189444  10880813
39189556  8732119
39187685  20836524
39187034  11701461
39187034  12548386
39189511  3094917
39189540  16488850
39189238  494035
39190289  28026932
39189959  33330388
39190408  30858088
39164292  4295432
39190503  18795453
39190591  1239938
39129240  4736
17711277  2920416
39190706  4738595
39190706  758688
39187303  24644436
39189684  18050071
39189887  4205181
39190903  7027288
39190963  725348
39190339  9256140
39190999  11612235
39190914  8733104
39188138  33353192
39191001  3127429
5427090  60174
39191016  8028957
39191314  39190006
39191286  28444598
39191175  23209464
39191340  4538321
39191431  4531560
39191052  29499582
39191450  218384
39191043  19695784
39190157  32583345
39191619  13387365
21976650  29883074
39191652  409784
39188602  3757945
39187249  495021
39191672  2729752
39191718  15888198
39190852  39160272
39191601  11384552
39191903  4904807
39191947  373419
39192053  36659553
39187834  3500829
39191949  31238370
39192119  218384
39192170  9916738
39192261  3750632
39192283  4216745
39192244  24869167
39191707  2268104
39192369  39182281
39191210  7632318
39192397  17033206
39192106  1102281
39192106  12270190
39192393  2421911
39192379  18050071
39188800  13272717
39191825  30404133
39192526  495021
39187729  32639900
39192536  16523870
39192536  29883525
39191391  4660142
39192582  31444891
39192588  12769982
5467690  13272717
39189341  27686811
39192747  436411
39192990  4636166
39193020  1816673
39193089  3737139
39193122  625799
39193154  35987399
39192936  20849987
39193214  15633242
39193266  4247807
39193299  39088064
33015636  33011297
39193306  20279484
39193377  3220005
39191495  24644436
39192478  24603037
39193349  12062481
39191070  22339883
39193578  218384
39193516  101754
39193470  495021
39193632  17498216
39193690  40480
39174382  38843403
39193417  885937
39193847  12062481
39189264  15526996
39193851  218384
38034001  15526996
39190109  14392525
36543311  15526996
34516107  15526996
36799256  15526996
39153391  14220321
37732883  15526996
34679413  15526996
39193772  14220321
39193596  35259095
39193892  2166961
39187294  5237941
39193904  7770569
39193924  12062481
39193238  2400262
39193933  8749236
39193658  6949316
39187953  5554734
39194067  5554734
39194100  5554734
39194098  3563847
39194074  38165569
39194142  14737957
39194148  10202938
39194292  7634970
39194301  9032856
39194356  3785064
39194375  3347831
39194485  218384
39194564  218384
39188890  4792862
39193145  8577545
39191719  1812244
39194709  26517017
39194810  20389255
39194043  4076601
39191486  5387174
39194876  218384
39194258  21881992
39194865  32860947
39194640  5998987
39194891  18571301
39193952  1905038
39194504  23668427
39195092  513832
4120205  1225103
39195152  409784
39194537  16022042
39195178  4261133
39195180  24644436
39195185  1674032
39195293  8028957
39195313  2811319
39176552  38347186
39195376  2973202
39195071  21740359
39187424  38188459
39195470  1643320
30713292  21740359
24057526  21740359
32064177  21740359
39195505  39192795
39195654  1814095
39195745  513832
39195763  14220321
39195514  30443537
39195852  16470615
39195865  11291933
39195031  28679758
29801754  25706216
39196143  1275662
39196143  34366171
39193021  94445
39195156  34758492
39194051  37779906
39196369  2448843
39196318  89228
39196422  20449427
39196452  218384
39196455  291978
39196508  17364127
39196519  21828099
39184773  19655431
39194718  9615891
39196638  1812883
38964828  24013318
39196520  1033089
3891375  326390
3891375  3402735
39195936  22340085
39196822  9788838
19349656  7827078
39197013  750486
39196752  24644436
39197081  22770299
39132616  1108
39195848  38063529
39190624  8854359
39197455  3797528
39197486  16137713
39197511  4660142
39197035  30615659
39197525  5522164
39196801  750486
39197609  218384
39197405  1430787
39197690  1022055
39197810  218384
39198078  10600060
39197968  30094047
39177087  30243606
39198193  218384
39198175  6382425
39198251  191757
39195451  11321491
39194599  6366530
39197392  39177669
39198503  7129285
38723068  20046089
39198691  40480
32275560  17667573
39181084  39188860
39198897  2589949
39199093  10382929
39197766  11939939
39196414  13896531
39187243  20976779
39162212  17006309
39197409  14345941
39199375  4660142
39199759  218384
39199858  8892465
39199136  218384
39196462  3247183
39199963  14220321
39199908  37398399
39199547  3771103
39189883  3655316
39199934  16138395
39199946  20198751
39200228  31014869
39200215  3127429
39196867  21368097
39200223  15825004
17760812  3655316
39197749  20327894
39200478  13842447
39200242  797602
39196812  2615712
39200686  135448
39200896  218384
39200780  26755755
39199188  18667410
39200957  218384
39201123  20449427
39201011  22680106
39201413  2409126
39201400  4958235
39201095  842059
39201438  10769964
