39195955  39194295
39201524  5095183
39201537  4301216
39200549  8063147
39201592  29339820
39201703  739532
39201686  20579007
24306644  38080022
39201775  26569724
39160047  10982104
39202078  16208365
39202047  26028416
39202076  17252288
39197411  23584120
39202251  6999565
39198000  24229505
39201518  32069126
39202404  30083756
39129823  25786226
39202269  9907160
39202683  4671610
39202598  18246053
39202695  218384
39202570  1495407
39169769  21047104
39127130  218384
39202869  12669615
39202896  30912978
39202691  166221
39203335  30716354
39203414  14220321
39203426  218384
39203677  38547068
39203806  7321896
39203664  30969688
39203664  29601394
16664808  6713239
39201976  30626876
39203762  513832
39094689  31575135
39204275  11284059
39201082  9416923
39198634  371
39204458  7442207
39202390  18050071
39204011  18050071
39204639  5525795
39204219  8613074
39203389  2745265
22543933  28124598
39204798  24710503
39204768  2118656
39205176  513832
39204786  39168007
20010245  9990117
39204678  383324
39205083  33657545
39205365  20563772
39205419  465488
39205484  13728485
39205418  9483908
39151119  18668003
39205663  723195
39199023  308276
39205431  19743396
39205527  35617608
39205904  8028957
39205613  38673261
39205870  1444406
39205870  15797442
39205131  15163967
39206036  24242433
39120918  38879742
39206097  5890584
39206004  37063674
39206189  5540064
39205885  14507658
39206401  8111677
39205245  3655316
39206011  9953502
39206252  9427163
39205857  30094047
39206428  12128844
39206402  2223386
39206669  17588563
39206779  218384
39206714  4261133
39207001  18041568
39207103  572897
39207154  8743261
39207344  16959576
39207403  3202120
39142850  39139543
39207438  1144629
39173376  39166021
39207501  36247140
39207757  684672
39207551  20834411
39207675  1196348
39198906  39067544
39207359  37575577
39202389  19445203
39207957  2591098
39203086  15142089
39194689  39185276
39208215  218384
39208154  513832
39208326  20436835
39204266  37062784
39208241  21258620
39208486  1200621
39203733  26389707
39208481  27054414
39208464  1432544
39207692  1621435
39208383  37470709
24726896  1990817
39146619  8829030
39205065  11183788
39208774  25021571
39208220  548063
39208769  2349633
39205624  26983355
39208707  38860224
39203906  6343166
39209078  12142172
39209150  3312611
39209050  7735647
39209162  3973994
39209213  14220321
39209298  14680396
39208341  25704588
39209296  766893
39208469  7041308
39209239  3747646
39209277  542938
39209197  15598698
39209490  31202198
39209276  29954052
39209554  322715
39209605  5926103
39209687  21570318
39209785  25958995
39209832  9513257
39209859  2261951
39209551  203198
39209544  34349334
39209514  8979046
25958995  22838634
39200886  746031
39191018  14941084
39210210  33078003
39210245  12806739
39210284  37277309
39210307  39022680
39210273  1154903
39210433  2937227
39210543  4216745
39198725  24152351
39210535  11030552
39210589  5554734
39210619  56974
39210622  18209552
39210296  17634076
39210495  38874546
39210546  26332883
39210594  18222286
39195615  2118656
39210731  4935632
39210357  38139692
39210774  3799193
39209079  7927716
39210878  6254703
39210044  2532729
39210740  18509858
39211204  2090706
39134323  11127950
39211215  20239503
39211326  17498216
39209516  14220321
39191893  29063968
39165744  39180678
39210688  412169
39211506  4660142
39208815  21594756
39211594  7694501
39210968  3912765
39211721  513832
39211740  21494141
39211443  23454952
39211828  4660142
39211688  29077617
39211872  12472026
39210967  38930370
39211991  513832
39212004  7506844
39212058  3505930
39212041  4616202
39212067  5605125
39212099  17150627
39195619  33203379
39209252  18727186
39209671  39202673
39197571  12769982
39201001  32209293
39212247  11321491
39212339  1299871
39194695  14202257
39212053  4878756
39206163  2741199
39206163  12422693
39212643  8515411
39212595  10769964
12342822  4512557
39212961  17980104
39212298  25645565
39197657  19254765
39213127  3426108
39210256  18409863
39208010  13840429
39213449  41406
12251537  41406
39213646  218384
39213671  23294658
39213678  2448843
39213668  19763903
39213631  29140402
39213876  279170
39213924  4261133
39212265  11339955
39214006  1682567
39214056  38703182
39212037  39189765
39214295  29308898
39214248  14112336
39203976  9397203
39214174  20389255
39214399  18050071
39214470  218384
39213391  1049210
39214351  44778
39213844  26873929
39214721  218384
39214438  218384
39214594  218384
39212285  18099717
39214972  24644436
39215047  2624410
39215179  39214622
39212670  24561874
39215089  36920356
39215214  6379422
39213626  21179403
4698791  1990817
12840153  1990817
39117354  39205950
9991253  435890
39213462  30606503
39204891  18677585
39204258  7944601
39204049  1064977
39215362  3642919
39215411  218384
39185256  35041291
39207573  5243754
39185543  13927385
8080239  5285940
39187313  813710
39183772  5790602
11340505  12418334
39194571  39191396
39203204  2372036
39215364  999172
39215889  37407811
39215710  1928342
38999997  1875642
39216054  1494953
39216048  180986
39216067  7210760
39216117  39054806
39205385  30845440
39216290  513832
39216200  39213317
39216624  2582797
39216698  38651085
39216716  23740548
39216787  218384
39216876  34594800
39217177  13102045
39217076  513832
39157092  4377861
38916461  15526996
37497101  15526996
37603142  15526996
39216759  218384
36119545  15526996
39206296  9761605
39217324  24644436
39194675  11406953
39217339  28252592
39217356  544921
39217518  218384
39217433  16596515
39216736  15607060
39213079  20302801
39217643  8912353
39211235  13840429
39217806  18050071
39217840  24644436
25005444  24887454
38987639  2780652
39218364  20279484
39218343  798545
39218461  15455048
39218468  11001720
39218498  37490359
39218324  10067266
39218509  37335102
39218582  9229645
39218582  2218999
21887463  3056703
39218240  218384
39218821  15806152
39199980  21323442
39219025  4526273
39213405  3967515
39219140  4977367
39218694  16819956
39219212  23667086
39219252  204476
39219044  1179758
39219394  18305945
39218808  17499013
39218918  9809166
39218879  4660142
39219493  2397984
39219744  2150938
39219764  28739098
39219511  13678387
39219474  11321491
39219474  39208572
39219474  60174
27569262  15943569
39191541  2263263
39220055  15501673
39220058  638998
39146853  3684274
39217907  18580469
39220393  218384
39217204  4945178
39219700  31588542
39220616  409784
39214376  600079
39220447  21798326
39216482  30128395
39220802  2762093
39220957  5384526
39219976  2591098
39221213  10693845
39221205  3127429
17693553  9379580
39211773  495021
39221287  3231215
39221354  5325226
39221499  218384
39199392  37678248
39221088  2235890
39221573  13728485
39221275  18060667
39219673  3138628
39221541  13908094
39216015  3154198
39221875  32837783
39221769  20322528
38952510  39194648
39221939  7438612
39221949  19986214
39222068  26224693
39038618  7021725
39221864  33580953
39222356  203198
39222399  13418669
33800053  33939796
39222622  14220321
39222545  2591098
39222810  27581
39222810  30026097
39222522  271521
39214622  4037909
39216672  1288718
39222911  8881676
39223025  588004
39197505  38431120
39216587  17509924
39207883  3655316
39223197  30259294
39219726  19928633
39223307  7689386
39219359  37132031
39223620  11112602
39223692  65865
39223667  32799906
39219806  1198378
39222090  7680504
39224196  2185252
1198378  1615877
39222698  8676466
39224391  2246694
39221085  25519666
39224496  3253641
39224742  200469
39224993  14220321
39225347  34177221
39225552  20345022
39225694  25203556
39225307  38669725
39220239  5388832
39225652  897935
39216222  30279752
39173487  5171593
39225851  35553500
8617662  4636141
39225400  4989091
39225017  8135215
39226137  9508518
39226203  1299871
39225525  21421812
39183331  26994958
39207683  13015398
39173081  28031008
39156945  11724311
39226108  23927702
39226406  14220321
39226368  14604269
39222015  15419632
39223994  1508711
39226324  23563252
39225868  513832
39226733  18050071
39226667  4261133
39226660  123559
39227096  3258944
39227204  27871166
39227147  5113016
39226971  44965
39227191  1955505
39216679  33087494
34906446  33087494
39226751  10168240
39131840  16163611
39227673  11612235
39120226  26818330
39227802  1319903
39110335  34496648
39087810  4249184
39087810  21667212
39087233  14637979
39226456  9605913
39227797  218384
39227887  10851273
39071073  10029235
39065830  39064869
39065553  15139768
39063253  23340150
39228062  12165200
39220375  5335273
39215711  218384
39221019  3324717
39228286  34309988
39228313  6847697
39225667  11078267
39228401  39194458
39215326  5348660
39228438  4255865
39228516  29898158
39228289  6298566
39227930  753948
39227930  588004
39228863  4176328
39228869  218384
39228725  7241341
39228883  750486
39228793  18971109
39228983  14220321
39229006  3615721
39229006  29140402
39228966  24644436
39229068  12950479
39229134  2223386
39228546  37339422
39229188  498400
26019915  23056328
39225911  13840429
39216215  33909833
39216215  23056328
39227454  3091800
39227454  3303851
39227680  39215956
39229511  20940979
39229543  38382481
39229408  18599711
39225604  16844657
39229645  4261133
39229718  513832
39229365  27904864
39229171  19196082
39229211  27678052
39229769  3964963
23211345  22607674
39226353  36932227
39230030  218384
39229946  12628327
39228030  38321012
39230071  35413589
21450060  18498801
39229900  31948285
20140981  6182771
39230115  6182771
39230132  34209690
39230282  32331737
39228247  3024168
39227522  25113256
39230477  1571973
39230470  4011520
39230701  5554734
39230606  203198
39230409  38108193
39230409  3127429
39230295  20637360
39231019  2036923
39230494  30083756
39230808  26907265
39229649  19957451
39231060  750486
39231141  80646
39231163  35553500
39230504  19942229
39227852  132799
39231336  4261133
39231114  9379249
39231275  17047694
39231011  39210351
39231073  15667927
39231478  14872081
39230609  218384
39231742  2770321
39231192  10781420
39231761  519520
39224991  19451032
39230570  39218185
39228905  7734777
39232118  13103191
39210590  15112125
39231954  22053050
39232241  195951
37897456  37828996
39230897  1411070
39232382  31657292
39232436  4836516
39222601  11782328
39223577  1819142
39223577  12947620
39227005  36888453
39232332  14645806
39210010  15933958
39232399  29270078
39232757  27524415
39020568  4459891
39232869  24051904
39233223  39215216
39233460  24890945
39233580  10344197
39233532  23434378
39233687  6121271
11041727  6021818
39233538  17526608
39223650  27488403
39233843  94361
39233966  218384
39233973  10756427
39233588  194397
39233755  29247923
39233557  15702419
39234277  4643713
39215442  21225000
36476775  23434378
39234128  23555302
39234149  9196525
39234437  23256385
39229557  7927716
39234662  38901497
39234772  128038
39234645  21497781
39234833  3577641
39234833  3627489
39234934  4261133
39234959  24562925
39234578  20363836
39230040  4216745
39234943  36250353
39234886  29815953
39234958  35087583
39235056  38785551
39192359  1457863
39235058  10702344
39235330  3700971
39235246  588004
39235416  12117195
39229493  20312759
39235445  15049859
39211266  9511882
39235461  18652148
39232779  24131843
39235463  32635704
39235605  4660142
39235640  8660613
39235375  39231937
39233322  39025707
39235728  25924057
39235468  21050408
39235858  2490310
39235858  3904482
39234524  19999665
39236098  2101455
39235064  4686543
39236136  36991935
39236104  19693835
39235985  22583525
39234672  5153157
39236502  1373164
39236342  29308898
39236612  2167916
39236132  26291988
39235285  2118656
39231322  2422468
39236686  16600708
39235645  15559979
39236715  12389318
39230495  19115821
39236841  1157201
39232136  28560557
39236427  38840183
39236379  38237559
39237069  218384
39236026  613183
39237027  4096093
39237234  394809
39237136  12769982
39237272  223918
39237317  2776975
39237368  13568191
39237390  14106953
39236975  28458052
39237527  14220321
39237586  10307696
39237373  31532477
39226395  39226863
39224798  10961714
28295588  5678917
28295588  1625234
29376759  716153
21648427  2559527
39237857  2827623
13736202  367706
39219620  6031258
39218650  36910494
39237886  2481688
38873917  39118604
39216817  2591098
39238007  388242
39237975  31398444
39237963  18028504
39238099  4660142
39213648  38416593
39238088  556153
39238299  10304989
39232880  4534791
39238450  7093186
16859316  11562656
39238406  5121495
39238585  3527203
39238346  218384
39238446  8028957
39238696  3627659
39238698  22443449
39238991  30604431
39239003  26999820
39216233  20773850
39239065  112433
39224390  25328042
39238663  1079343
39239108  5554734
39238950  14570989
39238635  23057549
39239200  890535
39239281  27674295
39210215  25310193
38172921  20515911
39237833  11321491
39239419  28058291
39238961  38029421
39239445  444798
39225005  1431359
39239610  7487977
39239891  26899956
39239248  910793
20084011  6014806
39237123  14563531
39239999  218384
39239880  26000259
39240218  20772954
39240385  21287794
39240536  29561667
39047973  11808573
39241015  23667086
39241051  1458633
39241123  31506865
39241126  15406062
39241080  15999210
39241335  5537876
39240284  15670004
39241288  737151
39241422  2565064
39241422  16297583
39236758  6531671
39240388  12231560
39241722  61870
39241822  341175
39240888  9700893
39241952  1179758
39224046  7780859
39229340  9747718
39203448  37150558
39242475  50605
39242559  618535
39242585  1930459
39240829  30988603
39242688  32960808
39242728  32422867
39243049  11950819
39243044  7189809
39243195  34901134
39243238  363681
39242524  39068941
39243266  14051060
39242788  7250631
39238197  20098626
39243482  4660142
39242459  3510614
39243733  3127429
39243908  29488852
39211597  1064271
39243647  4383571
39236356  39237598
39243495  10168066
39243495  35364792
39243620  14220321
39243889  14960148
39243185  17364127
39242867  20857764
39244698  8044186
39240505  6355154
39241529  509211
39230438  34918303
31877357  30049250
39244273  1778088
39244273  18726037
39244805  3852068
39244794  16842014
16842014  876239
39244899  18050071
39245042  27703776
39244746  20244419
39244236  6530565
39122288  8043356
39242922  24944800
39245206  2779251
39122611  14220321
39238805  29522088
39245513  279170
39245580  40480
39243357  35378288
39245862  12008908
39158473  12862937
39245439  11082696
39245956  24021093
39243237  5342375
39065725  38864884
39034687  32527713
39244583  37062784
39017251  38513310
39011870  10961842
39242453  24863293
39246206  40480
39246206  39245580
39243624  7777640
39245481  39214986
39246541  35553500
39246616  9519841
39246448  32083410
39246815  7824730
39246202  7858191
39245405  36344976
39231575  21641294
39246427  5234749
39246427  8470070
39222138  39220086
39246839  3806126
39243348  406230
39246842  15479724
39247100  9734486
39246783  27354734
39245804  218384
39246807  28250680
39247438  7487460
39245482  15504429
39246683  19827605
39246975  8555320
39247163  24644436
39240453  18050071
39193291  27302450
39244916  2785485
39246624  1126227
39248014  4261133
39248224  2140627
39248327  18050071
5052816  4660142
39248353  279170
39248391  6027937
39248391  1458633
39191193  513832
39247773  6000810
39245486  39246474
39247187  18532488
39248703  1908736
39243307  38551531
39248502  7815990
39248416  30082814
39248416  797251
39249021  901712
39248969  13228185
39248914  24030814
39249464  29518821
39249485  1129216
39248670  12353629
39249627  203198
39249405  39185248
39249736  1444406
39248520  5743545
39249758  5792290
39248402  2150108
18450500  207843
39249929  9329446
39248008  9001509
39249724  1459150
39233415  24237399
39250101  4261133
39250134  5369954
39250094  3951547
39248105  36690691
39245179  5404665
39250379  2787245
39239440  3627784
39250548  3679694
39250559  18414695
39250291  1219827
39248778  13081532
39249455  32870863
39250766  289434
39250890  9612686
39250936  39244611
39246748  612097
26075792  636381
39251105  6946746
39246225  2201925
39215063  12769982
39247856  24280370
39251341  1370021
39251063  33312260
39251512  6349822
39251514  10826916
39251626  316181
39251266  12573816
39251752  17074324
39241031  30772201
39251495  19483585
39251747  25794
39242410  30322839
39252295  13219678
39244237  8560395
39244237  5287538
39252146  1373164
39249229  39248583
39252293  39248583
39252470  4922145
39252123  1036754
39252589  588004
39252588  32332382
6119992  411499
39252466  5967864
39252466  836736
39252513  588004
39252726  5955883
39252225  8667736
39252829  9366816
39252877  4261133
39251846  2161054
39250842  14220321
39253018  13102045
39252763  10781697
39249491  30634148
39252627  36911900
39253045  18880962
39252675  27691461
38968327  37101634
38996683  31886413
39253221  2709430
39251913  55869
39251913  5209506
39252786  7681299
39252149  34095134
39245288  18861709
38708146  32840678
39253496  4222713
39252784  39230037
39253437  9802788
39253608  9468055
39253649  565634
39253469  3523442
39252154  23062179
39253256  7864371
39253256  5210535
39253714  4261133
39253793  29140402
39253140  714332
39253827  14767530
39253607  1419046
39253984  14451872
39253912  4148499
39254094  5041494
39235560  8754448
39253435  18304025
39254044  22444
39023562  38859145
39252872  357315
39252034  31871787
39254204  3075550
39254260  28668007
39253824  15522575
39254250  38819750
39229845  39253331
39253395  30198235
39254453  1167398
39252776  38983007
39254494  32995387
39253413  36698774
39254705  29986657
39254287  12605060
39254240  495021
39247453  8017463
39251498  23353173
39252317  32379805
39255078  18050071
39255055  3762287
39255186  13422259
39254934  8688668
39255295  336859
39255346  35555383
39254837  38778506
39255403  4090512
39255439  4240080
39239856  37842219
39255535  3434278
39255715  17474211
39171215  20940979
39255788  5568611
39255807  2896280
39255654  25802657
39255689  2596837
39255745  6982184
39255556  32261314
39249659  34041619
39243133  39240609
39255941  6429462
30139054  33167092
14769085  33167092
39255753  25385173
39254378  33167092
39256067  11323962
39256044  5465923
39256059  31419897
39256055  6163970
39255968  2973202
39255774  218384
39256149  588004
39256305  5040048
39256329  12744778
39256296  4012998
39256189  23433096
39252684  4945178
