8404052  8403937
8408382  7555794
8409821  1749432
8413079  2012497
8420649  1901457
9724712  336127
9725737  338767
9726375  2217878
8268528  4042179
8270207  914951
8276959  8274791
8277645  3820666
8278245  2676860
9414208  949433
9414208  4176328
9417086  195951
9418345  1014861
9430177  6826875
9709130  6921803
9714195  9713954
9474516  5590441
9474516  9089475
9481136  42950
9488020  6756931
9491364  2125529
9494036  753948
8426465  8424878
8433135  751254
8434153  857420
8434153  1455138
8435072  6938488
8435807  217902
8075254  2665983
8078562  693880
8079733  3875951
8080048  3685865
8083327  2546960
8086049  8085784
9734706  4034495
9736978  9716719
9741181  322111
9119840  6493605
9123267  4923951
9124203  2177447
9128483  5862489
9728156  9725245
9732253  9732225
9735478  3446216
9741043  967649
8279324  3918578
8284647  1846254
8289270  3577641
8289670  1376149
8290556  1609741
8441806  795746
8443227  733345
8443845  1123201
8448176  236129
8454056  499294
9217358  2045904
9218945  1299750
9219179  260749
9219179  1896364
9226718  138600
9944172  83073
9944172  1395514
9946383  9929058
9434291  3877675
9440180  4581791
9441645  1440134
9441645  2266827
9447359  1097366
9455956  9455927
9437390  3820666
9437390  9435967
9445469  4779963
9447277  113547
9448520  588004
9717504  3948569
9721347  4079099
9728635  912741
9732043  3385901
9733630  1606320
9497380  1322037
9500238  7729718
9502267  4660004
9743121  1824600
9744223  136097
9757566  9647424
9757970  9757087
9749156  4902565
9749156  5178247
9751413  840781
9751413  4833651
9756893  1216750
9761524  2889588
8091230  8092870
8100504  8077759
8100504  8100253
8107892  8106807
9506011  2046037
9511602  466203
9517861  6274079
9525574  2652034
9525574  8339059
8299380  8298984
8303717  8305138
8305253  6747242
8305839  1471188
8307554  8307294
9230794  8446247
9232449  1572420
9237746  9233922
9241673  9238420
9242077  7651331
9245353  3706819
9245353  7369216
8309640  2122169
8320879  4582327
8326302  960318
8328024  8326682
9453268  8260524
9457169  1060279
9458071  7775968
9743532  467149
9746910  1307800
9748931  5427428
9752777  6229070
8457182  2721546
8457736  3577641
8460425  4223980
8461662  4437169
8463934  2494865
8465138  1424811
9456226  2622774
9456492  3543137
9461742  9768346
9476146  1101662
9476146  1356008
9135935  192220
9135935  5916482
9137958  1011455
9138960  1289061
9144825  9817046
9147048  4261133
9769261  430707
9770948  9735598
9774842  322715
9778957  296978
9782966  405112
9758361  9752572
9764084  5740650
9767028  8759573
9768989  9768205
9769500  4460918
9253960  9055959
9262465  1397426
9263954  3237629
9277105  1960516
9278875  2533209
10907530  3577641
9946826  322945
9964896  5136054
9968111  9637388
9972166  5907102
9975038  3299972
9975867  1598119
9466134  6188329
9473983  4793290
9476664  9462538
9479663  9463841
9476303  9476049
9482764  1063429
9487578  8395523
10909169  5339200
10909837  1510520
10912878  10895826
9753594  845324
9754194  9592369
9755632  6656315
9759678  9586530
9781253  4370960
9529025  7799156
9530254  5479762
9530736  9512741
9782823  2942855
9783125  9753691
9784346  799981
9787486  123559
8107942  8107000
8109013  32243
8114693  3556351
9976817  8588838
9983612  9805441
9990907  1485505
9150090  5802331
9150156  4081372
9150490  102398
9150490  1937690
9152428  2907739
8467827  2125403
8469635  1051782
8472507  2734055
8475851  180172
8476269  6062830
8480063  3053695
8494703  444798
8495503  6229073
8500051  4408671
8502341  1135700
10943068  1391970
10948348  8061598
8503192  8293839
8509344  174730
8511283  58730
8511883  8511438
8514373  1190662
9531097  348282
9531765  308683
9545312  8090711
9546580  8096550
9548170  1951805
9785959  432954
9802836  1769489
9806029  609744
9807602  9099479
9991661  9984770
9992647  5172017
9994490  9992542
10002671  114525
10002671  336859
9286465  21133
9294302  2369082
9298514  9385979
9302509  9300978
9309074  3270680
10953285  4176328
10961452  4130460
10962279  10941869
9773644  451415
9776043  7266711
9778826  3384504
9778826  5518439
9778826  9306630
9808852  2419556
9810360  2447021
9811660  1236620
9816640  194465
9489609  2474018
9489609  2727834
9495025  355089
9500646  3247855
9500848  3706704
9480701  4905406
9483309  9480929
9487551  573115
9493712  9494185
9496877  9412416
8516177  6410333
8521026  244531
8522061  8494135
8522929  2973202
9501148  36932
9504447  4724499
9506328  1242830
9548277  190421
9548277  2960805
9550817  2699373
9571384  2333779
9571384  6062830
9571766  1894406
9571766  6880002
9575403  7036036
9309661  9309233
9312435  1825781
9313690  9272388
9314392  2592420
9321944  9321692
9155506  9028984
9165668  5281910
9167938  3199476
9167938  7398580
9188094  3794197
9192589  8918753
9779017  9728031
9779158  2742397
9782927  8019798
9790785  413084
9801624  72121
9804300  173868
9804300  743279
9806104  9807628
9807393  278192
9811320  37628
8332361  3173547
8340535  4375522
8351145  2033914
8352417  201323
8352960  8353322
9819784  9817928
9826771  8150737
9826985  9799225
9500353  4458970
9501834  610336
9502136  204476
9502136  3309042
9506339  9469066
9509829  1328223
9513073  194812
9513073  388242
9513714  7050714
9513714  7435108
9525548  466737
9529083  962132
9790790  2973202
9790790  11674312
9792053  1579495
9795899  223678
9805157  1504459
9806668  9805900
8523966  3748
8529263  1014861
8530518  1171997
8535097  8534793
8535530  5595370
8541699  2408908
8541699  6543419
9508709  2766713
9510624  1838873
9514934  51574
9521720  7201532
9521881  2594321
9577668  236129
9590243  159978
9590243  7542238
9591729  2574611
9596659  5451287
8359119  148373
8359119  257288
8359619  242822
8360019  8349714
8361527  3942880
8370158  8370718
9530285  2972845
9532691  68749
9534799  2248131
9537714  9343680
9544802  639320
9196884  3671607
9198790  147181
9198790  797209
9200226  7942597
9200964  1241695
9831515  2575538
9833152  1732348
9833724  1155617
9839103  4740979
9843097  9525513
9211543  2738737
9219012  3226605
9225047  388242
9234588  2485621
9236160  4769020
9239653  1828874
9325888  900585
9329798  4290108
9331806  744373
9331806  894864
9334478  846753
9338958  461203
9338958  8599225
9340847  307674
9342719  5332161
9347446  2612544
9347446  3553637
8372780  3516021
8373466  8319441
8375588  182197
8375588  5738442
8378596  4096783
9814745  122316
9816115  2592511
9822182  475938
9822565  4373968
9822565  6341883
9546574  469059
9546574  1398955
9562450  6509214
9564188  9561991
9566787  9566511
9569795  1177070
9571140  1241819
9573748  3711233
8542249  1128496
8554267  2655583
8554382  3225569
8559948  1354012
9347633  1449324
9349603  1471975
9355151  60174
9355304  6768793
9355304  9355305
9364128  1580647
9241874  2146331
9242712  9224573
9250264  5376311
8116180  2185320
8121682  761194
8121682  1221512
8125976  4984600
8126512  1524356
8134063  1578500
9602918  8644707
9610138  2574027
9610220  2561774
9614057  4261133
9621795  9666152
9847528  3088147
9853293  6378008
9864689  9864482
9535181  2166961
9535181  3183932
9541776  690599
9557343  9555363
9557654  1795402
9624871  364952
9627761  7176981
9628004  191153
9629390  9600773
9634470  9265990
9830121  1989552
9834916  1630631
9834916  2633776
9834916  4380599
9835601  9834760
9847186  9830961
9807029  3400324
9809344  3552461
9810412  9809746
9817734  8249483
9820231  9790436
9579421  9
9579421  1116123
9583642  853405
9587007  6411584
9597305  5793831
10003314  2846301
10003314  5160216
10005697  6437226
10011831  4400472
10013746  7563654
10017436  419163
9369089  5952691
9369523  2344383
9371748  1762101
9374203  4831741
9251483  9250275
9256901  2864673
9273913  9273969
9277457  757675
9561389  4595964
9568273  4122526
9572153  357851
9581786  822487
8381640  1857244
8388399  926227
8393179  153087
8393929  7989020
8393929  7991034
9636903  1081811
9638775  9068397
9638886  2422468
9638886  4187807
9642376  5881204
9851730  4973154
9852832  7494848
9852985  231760
9858516  6842960
9861792  3474254
9870565  231767
9867933  4261133
9870805  739682
9891197  9890132
9605100  9602186
9608099  1279957
9611986  4518630
9614658  9611352
9619195  1036754
9622246  9619970
9894255  3057967
9895542  6486450
9898299  9880665
9898650  8086630
9907138  9057931
9908010  41948
9624218  9610645
9625256  60174
9625256  4364686
9628557  9617161
9630070  9538324
8134400  2419749
8139779  3903169
8141637  74884
8141802  1697358
8144709  5283180
8145745  1470454
10021030  1907960
10027868  794663
10029472  9787051
10033616  3247855
9822980  9822080
9823716  4360894
9644073  1801549
9644073  2887600
9645995  3446216
9654019  9648969
9664261  890098
9674046  5735124
9383044  2973202
9390715  3297427
9405206  9404397
9405372  9242105
9583551  6134694
9587729  3223627
9589074  4068629
9595958  590069
8394322  1557040
8394322  2264092
8394322  4097686
8396237  6159186
8396937  764927
8396937  1581610
8397116  6035302
8404575  179427
9825647  9819982
9827183  4316727
9835105  6376778
9862824  7990628
9877396  9253943
9675450  3020234
9681227  801279
9684117  9662175
9692873  84855
9692873  5676847
9633880  9225632
9640796  1304176
9640796  3044292
9644267  4366600
9644267  4941142
9645476  2222142
9648977  53609
9650549  1959062
9650549  7798829
9912053  1549869
9919291  949433
9919291  4176328
9923436  9460260
9924235  7520971
9927729  9956992
9882110  9882108
9882612  329776
9890525  8981576
8562087  2958693
8571580  1755144
8571580  7134545
8577063  8568856
8577328  8565639
8407276  4694281
8410134  7937283
8415007  572549
8419208  6546308
8421873  1954426
8423288  817705
9598289  614302
9599200  9076634
9599357  3755606
9600965  473782
9600965  3924995
9608658  54566
9280265  2367202
9284124  181805
9298847  4822722
9300119  442423
8147168  1732348
8147168  6009415
8147168  7891771
8156477  8156137
8157227  1885161
8161922  7977557
8168224  703979
9407180  620137
9417187  9417620
9417574  9420082
9424509  2338439
9426028  201323
10036156  1126338
10037742  4489074
10042733  6973202
10046852  8447
10048617  187998
9933496  5476719
9936803  8938412
9937739  9971295
9650826  1374126
9658144  376253
9661522  5499155
9661522  6316751
9662681  3714171
9665868  1315376
9684507  879152
9688687  9656172
9690532  2188629
9695875  254149
9697377  313111
8582994  457629
8586287  8586039
8587824  2857673
8592589  8592523
8598987  2045316
9694170  329043
9697042  1858304
9697042  5646427
9702258  843632
9702258  4142177
9707967  391005
9609530  3724972
9610530  8305915
9611368  9608391
9613997  376201
9618647  150033
9627705  2332847
9629318  2754493
9630250  9618141
9630250  9630212
9639737  3220919
9639737  9535255
9872454  239917
9879640  9879274
9882780  60160
9888013  7563301
9889485  5087249
9889885  949433
9699590  4882167
9705408  9703435
9708707  1814095
9708707  7776822
9893831  9711539
9896541  6236303
9896848  225929
9897443  1191374
9902757  1404969
9300136  6522284
9300885  7278559
9644256  9641968
9645124  5890181
9655479  9655192
9658287  8087610
8424188  21593
8424188  3156432
8426217  8511044
8431440  8430069
8439607  6270546
9895450  2435216
9900245  6800590
9902738  8467533
9904640  9903907
9925917  9890653
9946464  9421567
9955387  9954583
9967155  1456956
9973072  9972656
9978702  9954294
9978702  9975186
8169595  4499528
8170331  3879992
8177147  1037593
8186858  4236998
8187143  134572
9717097  4605855
9717274  68598
9722220  840960
9722220  2391679
9732107  148977
9736751  35301
9736751  5705262
9432682  2050263
9436273  8698889
9437911  3341723
9439600  9418427
9440753  9440350
8606476  8580956
8607480  8581643
8620030  5279051
8625396  1432928
8630157  8630233
9906174  9811994
9907978  5284395
9908816  9923787
9913462  8028957
10054122  5446964
10060020  2477985
10075196  10074558
10079433  78536
9311768  135234
9313253  949433
9315010  9301968
8630743  8630832
8636092  1247119
8639967  2723917
8642907  8090582
9980573  9980974
9981059  9773901
9983182  2160420
9983282  9983007
9986125  2213627
9989197  7871960
9708031  5258696
9711150  2279030
9716605  188414
9716605  5461127
9718634  523266
9737196  384873
9738923  7261670
9741776  9651010
9742176  5779750
9744882  9742808
9752370  1252125
9929427  1912202
9933388  9815455
9939085  8028957
9660134  5316697
9663244  9662812
9665716  1517586
9667413  1992406
9667477  172658
9949700  2108503
9950717  9951750
9951636  931872
9953325  9943812
9956933  9947487
8443608  481834
8448631  347949
8451039  2668854
8451039  5305879
8454704  8448331
8470280  5569460
9329014  9328654
9337168  3203283
10084431  1358400
10096706  10095694
10105687  2877481
10106198  529085
8187694  8174009
8188829  3726357
8193010  8166597
8193596  4633397
8200047  1400608
9957401  60174
9957401  4223980
9958839  8718740
9959290  9912684
9959928  242813
9959928  8974026
9963302  9957839
9343520  9343161
9344305  6352139
9344305  7101992
9349485  8445082
9353799  7302037
9989534  1372737
9993292  8514640
9999893  795746
9450849  9444730
9453189  1451149
9458052  2142497
9458988  9458435
9461226  9461443
9721442  164926
9726951  1560216
9728423  9719733
9743038  5731193
9743663  164926
8652136  301134
8654675  8414086
8658033  2445276
8658301  5634444
8658938  8656879
9462898  7270532
9470654  9458556
9470718  610245
9474896  3452546
8481948  531353
8482991  8481025
8486099  827368
8486099  901115
8486578  1383
8486578  652292
9667511  9617562
9668013  835790
9668124  524658
9671864  9661147
9671898  9666212
9673804  9672615
9673804  9675229
9925719  9498245
9930599  9665779
9932169  962079
9937317  9936236
9956637  319524
9754642  9753192
9787961  203456
9789161  1094723
9789161  5827008
9791610  1132941
10112589  7878992
10113418  2595171
10115447  1420752
10116115  10115670
10116358  5677201
9957216  9958850
9963891  9956825
9965738  6408095
9969346  8467533
9974723  2222643
10004824  1912905
10019800  12525508
10021571  10020369
10023694  2736389
9966446  9965007
9969705  7080202
9969820  123559
9973398  6190276
9975819  4056003
9990361  9854986
9999785  5929375
10000755  21647
10025179  1813872
10025179  3390762
10027988  482309
10029360  9065182
10030310  949433
10041877  10033460
8201684  2616013
8204991  1514676
8214702  3563153
8215288  7828958
8222990  8091051
8224848  4712554
8239887  659647
9795047  1014861
9796583  3716178
9804237  2109325
9804814  3658027
9804814  9789283
9806643  7673160
9809853  2669414
9746778  51054
9754109  9753850
9756363  250001
9758028  4837399
8666239  8663919
8671255  3479734
8672456  1241819
8672456  3737139
8493387  147636
8503733  3248118
8506019  153724
8507498  4691044
8507498  8231730
8515965  2487921
8517437  5921413
9353999  2224266
9357073  4057440
9361653  2938777
9361653  8028957
9365046  9317146
10124957  148901
10124957  894860
10138593  4203646
10141387  1981683
10042913  10042573
10051051  4295432
10064269  4705738
10069600  10027193
9367169  1989009
9367284  494035
9369141  3724112
9370964  4350356
9373585  1696655
9975889  2607112
9985751  4888681
9987130  9974485
9988257  5788741
9988725  9988616
9988768  2757107
9992137  9990042
9685895  413910
9695357  9685215
9699540  2210162
9700135  41479
9703377  6034655
9704781  3222275
9475900  5224017
9483405  54142
9485694  5243172
9487166  243351
9810932  3655250
9811759  9809884
9817748  1106202
9820447  9807229
8673860  2786899
8678272  712392
8688717  4345535
9822719  234231
9825293  4725505
9826699  1531586
9834689  822811
9835866  3915024
8244568  4493139
8244582  599288
8244582  8244544
8252255  2111128
8254242  2605555
9763908  9727637
9764312  6643030
9765391  4987341
9768413  2231369
9780649  9780956
8517944  1208288
8517944  8313571
8521638  2746380
8523367  1450774
8530705  8530529
8533670  3419599
8534213  8516243
10071457  1226634
10071908  7414890
10074130  3092821
10074266  8708231
10075851  808348
10075851  1568091
10079210  1823058
10007741  6260256
10012736  464525
10022496  123559
10022730  10011651
10024070  225337
10144277  10143960
10154948  9287044
10159035  10156586
10159517  9922436
9374706  5297613
9375106  220097
9375593  3969268
9390367  5375817
9394328  1545080
9394328  5171502
8691040  16233
8691040  2969323
8694183  1127927
8697995  1123511
8711946  5739024
8711946  8710316
8711946  8711357
8714822  2744264
8714822  6441218
9836425  6890170
9839176  3872063
9842918  2613063
9844856  6082749
8536378  10805745
8539129  8538742
8542973  1522931
10030018  5541336
10031873  10028796
10032073  1616053
10032073  4411067
10080031  629955
10081268  681602
10081817  3367769
10091228  4409039
9709134  3803282
9715243  3917250
9715643  2496589
9715643  8823427
9721166  8084555
9725437  887267
9732057  9732605
9781785  9771079
9792256  2419761
9793660  10588567
9796875  1660060
9811047  7257409
10094921  1445788
10097293  142003
10101137  7328980
9992201  595808
10000059  419822
10011891  3849625
10012066  9995204
