39455956  1706882
39456310  1532461
39422053  30887788
39455623  12604868
39114947  39015528
3057526  148747
39456211  18481308
39456448  3322419
39456281  9637838
39373059  17028967
39439006  31132552
39456457  18306278
39456540  26706941
39456658  12829889
39456696  14220321
2585992  1477706
39443665  5130246
39455878  20837361
39456820  750486
39456820  13343340
39455613  20746429
39456524  13533484
39457163  949433
39456465  7703620
39455111  4421839
39457216  9212794
39457210  218384
39457208  18222286
39451372  10820340
39370930  18222286
39453920  9570342
39447205  1652128
39457299  39060938
39457398  14028959
39457613  6648493
39457630  119123
39457666  24173117
3897525  10567430
39457707  4261133
39457809  37891387
39457791  11797680
39457274  1458633
39457719  32722143
39457909  39454071
39457804  18624572
39455134  6495898
39455134  3264610
39455122  35990995
38133241  32568261
38133241  5554734
39450506  13181847
39458028  554960
39457932  8308213
4768781  360748
39457851  32784068
39443277  27443510
39443169  27380855
39441473  218384
39457802  7518538
39456678  17981723
39453039  24644436
39458397  750486
39458462  3676708
39458537  29308898
39458613  4190703
39440145  12524994
39457801  31557688
39458433  4086107
39458779  14853243
39458900  9032856
39458881  2236197
39458953  20449427
39458904  75175
39459025  2022335
39459133  18050071
39458097  39400135
39459129  34835327
39458742  19980657
39459170  306316
39459251  5335273
39459369  4915361
39453744  30094047
39458870  236129
39459441  25621055
39456139  21295353
39459693  16813457
39459727  4971286
39459764  18050071
39457706  26337003
39459832  12573816
39459832  28236870
39459869  218384
39459874  38397243
39459800  20279484
39459579  12091506
39459673  7992477
39371257  37876257
2208912  8881951
39448991  279170
39454963  34422188
39460045  36365839
39459512  588004
39458758  24644436
39459577  8250010
39459911  6576247
39460265  588004
39460069  23796951
39460294  14677993
39460417  22177722
39456649  1475543
39460557  13102045
39460638  4810664
39460671  3953233
39460757  14220321
39460851  8440558
39460836  24900875
39460836  32866037
39460870  15117403
39459695  1701839
39460972  1997778
39460737  36001128
39445818  8447947
39460882  3906232
39460847  38993378
39460575  34031514
39457311  39429987
39461274  18090465
39461389  176918
39439181  10695945
39461383  17498216
39461424  218384
39443991  1827058
39447553  18050071
39461452  18911241
39459593  27688804
39459053  6758963
39445527  8899802
39462088  3127429
39461957  33197099
39462268  32496864
39461483  39457800
39462263  39265673
39462294  5605125
13415370  15829172
39459893  24099230
16573344  15829172
39462381  2836646
39461226  25706216
39462471  14350886
28140147  11642926
39462606  31857701
39462669  27037662
39460631  38879396
39462852  4989091
39456375  39462756
39462617  5052311
39462562  6056162
39462444  3768895
39444269  25630035
39463057  451415
39463330  25337676
39459263  16075446
39299203  39237734
39463298  1132941
39455709  39455584
39463418  2382834
39463495  35351706
39463538  11753660
15925010  11642926
39463659  15112125
39461810  2617055
39456792  4958235
39463840  1700081
39463853  2295290
39462779  20646822
39463570  9722632
39462518  4905416
39459454  9554087
39462004  30864711
39463950  8028957
39460835  20039765
39382568  16905425
39464228  2973202
39458088  2118656
39460959  30128395
39443947  218384
39424944  4477535
39464215  1281952
39463866  1610030
39463866  39118324
39450671  19940716
39464438  39462547
39457620  36424991
39461330  39461276
39464662  8208021
39464640  14328621
39464739  203198
39462610  3505701
39464580  9508518
39463098  38744285
39454013  14220321
39464853  36987732
39464470  19053092
39463758  39463073
39464638  1192269
39465071  5003142
39269957  39387551
39465113  22937618
39465302  12723818
39465310  20279484
39465405  12451431
39465276  37433080
39465430  9488653
39448077  3595515
39465565  5466451
39465615  509211
39465427  1394724
39465437  14220321
39465886  5486789
39465690  1995439
39464921  4878249
39465904  5367369
39466007  34588933
39465695  19460386
39466147  22648627
39463232  7306669
39466153  12655734
39466164  20438627
39466280  883365
39466358  2973202
39466380  7928546
39466382  13634722
39461515  19480573
39462046  25690833
39465938  9338808
39465938  652136
39466642  60174
12288820  12289844
39466726  36250353
39465916  38364555
39466768  218384
39456096  6343166
39466805  586182
39466828  6234773
39466920  23532323
39467079  32648371
39466901  5467129
39466820  1831753
39467267  8575281
35507344  35312085
39466837  10747307
39466747  1516122
39450335  38850560
39466406  24926919
39467585  34425555
39465482  36535575
39467758  3837490
39467595  5554734
39467732  24644436
39468199  4174694
39465080  1817792
39468162  35990995
39468235  3677271
39468217  310870
39467985  23611940
39468715  4289331
39468715  3477502
39468771  39467614
39468614  39329179
39468016  5677885
39466789  7338193
39469212  18028706
39469193  24644436
39469035  30533439
39468102  38919165
39469418  18050071
39469405  279170
39469291  5078239
39469087  7040829
39463435  34439977
39467392  4319105
39464738  23667086
39467034  32110321
39469594  31885866
39469521  34863167
39469601  18050071
39469691  10072744
39169322  7992448
39468623  40480
39469956  375011
39470015  5619685
39470044  6378889
39469860  34939520
39460628  25412497
39470216  21818427
39469772  2462800
39470629  4261133
39470286  39405542
18471059  5554734
39470457  5554734
39470620  11321491
39471093  36281871
39463961  11256563
39469826  4318458
39460780  10662013
39469825  141525
39471193  1299871
39471167  941338
39460399  1729447
39460399  23242805
39471418  218384
39471456  5647461
39471425  11043026
39471407  33812303
39471548  11321491
39471784  4685450
39466609  26041435
39471841  4216745
39471947  14908133
39466824  17852164
39471981  1768667
39466914  32875936
39472050  3207219
39472050  3964681
39472065  949433
39472126  240178
39471677  30680938
39471677  1795139
30622823  2739441
19275606  2739441
7669589  2739441
16787762  2739441
39470972  2879085
23305476  2739441
17466630  2739441
39451207  14202257
23735704  2739441
27674820  2739441
24889359  2739441
39472457  18927025
38632477  2739441
21082463  2739441
39472522  22444
28437510  2739441
27010763  2739441
39472533  11844072
39462787  18005984
27695874  2739441
39472546  3371294
39472618  36901
39472573  39101919
13346806  2739441
35649941  2739441
39472746  4796796
13259614  2739441
36873050  2739441
39467371  20888674
39472911  38268329
39472502  11704971
39472925  28700805
39473205  661561
39466544  11223586
39473249  1956591
39473225  18050071
39473535  588004
39473493  23070876
39473347  22417010
10868423  31058681
39448809  3018683
39473296  26569801
39473879  19280058
39472500  23318109
39474085  3628425
39474032  18050071
39474219  12573816
39473915  18410726
39473915  1064305
39474328  214741
39474369  25706216
39474368  23058029
39474368  19457991
39473849  27272463
39473273  9281958
39473273  5739937
39474473  37737101
39474228  14789602
39474534  218384
39474592  8451909
39474481  383947
39474737  25645090
39474362  986006
39467222  2240189
39474986  4167485
39474967  5605965
39475137  4660142
39473709  6227590
39465707  39408910
39475141  39455159
39465434  36326790
39475189  33621808
39472162  16663789
39433817  17437384
39475688  25192108
39466848  33181034
39458653  39044087
26993390  13343954
39476046  23153671
39476097  5210535
39476083  5598181
39476102  25584677
39472270  12274606
39476272  509211
39435902  3454288
39448160  28148096
39476479  18771569
39476626  4756065
39476626  747517
39476698  20279484
39476689  27687080
39476657  5057954
39475123  35931526
39475845  29605496
39476543  7423022
39476897  1712227
39471265  2079828
39471265  10771388
39474959  30614755
39474959  2465921
39377204  1986249
39397458  8543765
39471812  1669662
39465445  25770641
39477118  7868936
39435331  21535919
39476749  36985370
39477208  4092393
39473978  7368522
39477078  3492379
39477060  7217746
39477080  31362292
39477388  18093928
39477189  218384
39477097  27257803
39475097  20279484
14385930  5389403
39477424  22733088
39477422  513832
39477524  1475297
39447451  15494926
39477675  12950479
39459373  11735902
39477805  3843060
39478146  2835368
39478216  15702442
39476815  3800551
39476385  2238272
39478396  1313373
39478289  30311514
39478397  4261133
39478628  39476681
39478836  18215899
39478660  13046624
39327992  24241159
39478945  38204018
39478864  436345
39478872  16545321
39479138  5078239
39479096  19733437
39479235  1062902
39479233  10750802
39479651  5136447
39399755  3557260
39479700  8452961
39472381  5667705
39479601  37955338
39479884  12573816
39480006  20704235
39480010  25706216
39472662  12573816
39480042  39426507
39477283  29293637
39480116  218384
39477491  37690054
39408070  25706216
34549819  34365369
39233109  15128899
39479424  5121495
39479984  20449427
39479506  18050071
39480342  9838003
2701817  1263323
39480454  19371489
39480446  18596389
39480438  19483750
39480435  36365839
39480509  30288322
39480509  5846004
39469572  11728846
39447911  7216969
39480633  18050071
39475378  15771557
39480910  14220321
39480928  347358
39480933  4261133
39480937  3577641
27363711  5120317
39481037  3615721
39480881  40480
39480969  21292114
39481151  3414438
39481162  27691560
39481270  14220321
39480759  1547476
39481229  218384
39481149  20461088
38173337  2336692
33993435  19997009
39471083  2784514
39480845  27595602
39478030  23479512
39481686  30227218
39481367  34066584
39470853  7295634
39472783  1056728
39472783  35739661
39481076  1299871
31030973  39137123
39470635  39137123
39482059  22489398
39481893  29140402
39482099  7348711
39462477  37360126
39482457  8033550
39482515  8744113
39481233  26941771
39482552  9524191
19483750  5864540
8618473  5864540
39341135  5864540
38890379  5864540
37837434  5864540
36732225  5864540
36496378  5864540
39482575  1060279
39480711  26304343
39483255  14035872
39483408  4660142
39481450  2185252
39483206  31054021
39483442  30556804
39483755  2843366
39483746  9579546
39483394  1250079
39463195  11192020
39471700  2118656
5434397  15592614
5943010  6297262
6838102  6297262
39483200  3434278
31361203  15592614
39467644  6297262
39484000  19497659
39484055  1510291
39483951  10382929
39484120  14840179
33837717  11536764
39464216  32008598
39471178  3732608
39484215  39471556
18682148  675039
39473687  33784295
39471681  21099953
39483601  39140121
39484222  19837460
39484433  33855221
39446670  1256562
39477272  5003142
39413046  4112686
39484655  2770321
39484613  1026069
39484176  27303343
39484905  18053171
39483507  8336858
39485040  15901973
39485031  38782603
39485072  7662802
39485072  4269034
39484681  18050071
39264165  34872559
39466953  38235427
39484505  3771568
39484618  18657427
39483044  39443014
39485182  39481480
39467388  16821649
39485325  35553500
606086  2979383
39485461  572897
39485547  35881685
39485032  2917878
39485565  3737139
39479597  22937618
39485749  17849078
39485885  22662488
39485880  538060
39485893  23167827
39486004  494035
39486152  1277278
39483658  218384
39486134  12152821
39482462  3598770
39486051  4261133
39480942  4927856
39486188  10175805
39486139  14220321
39486210  17498216
39486484  13935167
25141335  34437050
37033138  885009
39412036  5571092
39486502  28954361
39486707  60174
39484216  28569788
39453970  20925792
39486448  26890978
39486698  12525288
39485246  39486797
39486750  15588428
39485820  5391479
39486764  16130698
39486933  407523
39487133  218384
39487241  1604968
39486573  153724
39487324  7261619
39487450  22937618
38029856  28012283
39448324  32236182
39487075  8102125
39487151  26985359
39471127  16276971
39423134  3277367
39488104  32350894
39487386  32051184
39487993  30094047
39488209  4389232
39487081  15312781
39487705  12462615
39352313  9394190
39488358  22662488
39488329  4979889
39488321  7330665
39488533  857420
39488458  8860654
39488509  18655706
39488352  23417356
39488054  38587705
39488768  218384
39488787  402504
39489094  5554734
14485058  32648371
39486577  17582841
39487788  14950466
39489429  12749537
39489417  6063203
38842654  36648128
39489611  18966798
39489663  13773770
39488496  1086123
39488496  1892765
39488595  38311416
39490046  12953127
39490115  218384
39460334  10770550
39490065  37988898
39490556  190229
39489771  18326738
39490799  12702076
39490749  15236440
39484628  103512
39484628  1609163
39490848  18050071
39490962  15280362
39489977  39454844
39491042  37335
39478294  39454844
39488631  39484303
39491123  14613995
39490868  6004343
39473416  36596587
39490145  6410810
39491250  22662488
39457952  20159566
39491369  9293424
39490739  30653012
39488405  207947
39490948  18026236
39491439  8888941
39489449  4704166
39491665  25575338
39491716  3404057
39491845  1552301
39443287  2944106
39490319  4244896
39491881  8312459
39491881  684672
39491529  22937618
39491803  8720931
39491276  6377798
39490579  35845566
39492024  419163
39491778  22012061
39492151  12719297
39492247  1380463
39492229  11019086
39490744  742607
39491921  23087664
39491508  7788280
39492346  2515477
39492501  13773770
39492435  953918
39492500  20878325
39492600  14220321
39492569  3422262
39491986  218384
39492537  2332681
39492612  2982748
39492728  26214112
39492861  4612273
39492866  34323239
39492648  39475083
39492309  34704773
39492993  11564506
39493026  20646822
39493156  4660142
39492576  26446599
39493269  27761463
39493272  38343497
39069225  364952
39492292  23417356
39493372  4261133
39489990  10673585
39493422  2894775
39481986  21711772
39493649  29478905
39493552  28456051
39493581  3059044
39493105  17498216
39493773  10796160
39493825  381542
39493722  625799
39493838  31264172
39493894  4244896
39359802  26446599
84285  8057510
39485667  138040
36671212  8057510
39494101  4380002
2780255  8057510
38341746  218384
39494324  665668
39491719  31073497
39494458  19676538
39494261  21482500
39494349  32650058
39492279  25400555
39494560  4216745
39494562  10693845
38927969  38712365
39492876  3705937
39494624  10693845
39494582  7332611
39493609  2791611
39494753  39476951
39494605  14618972
39494804  7291964
39480919  228038
39494867  1494953
39494846  2698460
39494877  1139957
39489367  1403788
39494383  6765770
39495016  2464959
39495120  8073278
39495257  5243754
39494885  39486829
39495307  7868936
39495098  3304741
39495098  6708454
39495438  2612802
39495020  37517208
39495605  27199805
39495609  451415
39495547  4261133
39486636  39473434
39495248  6209325
39494646  18050071
39458614  29304712
39458614  11213455
39495720  2129269
39495106  6067526
39495867  3847446
39495904  4979542
39495816  9713432
39495522  4455693
39494602  7689640
39496324  10989238
39496421  21334406
39479489  29500434
39496515  21439700
39496514  39494251
38492202  4716503
37824416  32368373
37734351  11273064
39495324  218384
39494248  4744692
39496129  17392857
39496811  37872765
39494663  5425210
39496564  38396139
39496892  15086349
38055249  49547
39494325  2933
39496503  31602960
39496760  4145667
39287238  39421851
39497020  3854310
39497143  6669527
39496024  10016890
39496670  25574832
39497330  39443737
39497064  21726334
39497472  1108780
39496331  17498216
39497105  7129249
39497611  218384
39497358  2608394
39497533  28802622
39482280  39469915
39497948  4546856
39498014  4660142
39497389  33310179
39497952  504103
2760884  6163970
6163970  3258634
39498114  4261133
39495000  20218076
39498131  32319719
39497675  12391950
39278267  19581683
39498294  5884367
39497834  4261133
39495602  17811009
39498226  39435532
39498050  12357485
39496551  5396020
39498460  1299871
39387122  18064666
39498522  237104
39498536  20279484
39498511  19365008
39498619  240178
39498624  32305738
39498390  20851452
39436832  270612
39498831  21936597
39492497  24534412
39498913  28168375
39498605  29782982
39499082  922360
39498792  513832
39498034  39131108
39498953  200617
39499335  6311855
39499017  36315692
39481949  8865458
39496607  19894952
39482209  5029672
39497021  7263052
39499628  3088059
39499669  252703
39499649  39497684
39499039  39488705
39499039  17035351
39499571  17365699
39499083  25582110
39499904  9689387
39499385  28832708
39500049  3661025
39499665  26640445
39499891  35870760
39499892  3828982
39500171  1922677
39500174  17278656
39500252  588004
39500216  218384
39500062  1458633
39499987  10100887
39500403  17813423
39494168  9959727
39500642  10382929
39500630  33532774
39496673  34366305
39482583  9789723
39500894  38250710
39500654  36487476
39500595  7959461
39500966  4446366
39425700  2240702
39500706  21168141
39501117  17912640
39499109  37429405
39497123  27565056
28794656  14570989
20213052  34287186
39499102  133925
39501445  23121526
39501472  153724
39501507  6192169
39419306  27649658
39501680  12769982
39501427  1975128
39501390  17344379
39500842  25855618
39500311  8164867
39501873  12573816
39500509  35087254
39501906  2745265
39502064  1657883
39502150  26337003
39502048  12859942
39502205  28770415
39502152  6278159
39502109  3088059
39502352  4421706
39502344  14188332
39502287  1508490
39502439  2973202
39502227  26700924
39502658  33446050
39502709  3516619
39475250  8138411
39502566  31190071
39502977  14220321
39502902  6059810
39503002  29197521
39502074  3589422
39503154  14504913
39503510  1486904
30028861  19568315
39503718  38498275
19478546  2557551
29730653  2979209
22901901  2979209
39503685  5450159
39503628  23116431
39503803  7569335
39503593  18169516
39493766  7745609
39504009  28352072
39503721  3512471
39504032  22230826
39504219  14220321
39504007  39423676
39504030  13727917
39489259  39450164
39504251  27835619
39504251  19268548
39502950  8938235
39487193  3875197
39489715  37800790
39502925  39495590
39503705  22319437
39504186  9809166
39504709  5093466
39504918  4660142
39505096  3350247
39504144  22758323
39505193  11534843
39504931  39254549
39505410  218384
39487378  6297322
39502677  14052093
367971  11972249
39505306  11321491
39505539  11721181
39504944  13088370
39504666  38394598
39504666  38744285
17061948  13088370
39486157  11829958
39505934  27721418
39504478  19051041
39504540  11707586
4845418  18655648
39506361  218384
39506659  141720
39492218  23549467
39501462  30680938
39506793  4667927
