39560144  29814143
39560382  7469643
39560470  18784178
39559058  1892595
39559058  39387455
39560550  39559401
39560413  32810961
39560320  11223586
39557031  17239781
39560795  5739937
39560786  2580925
39560738  4660142
39550772  26873127
39559660  20940979
39560979  767372
39561026  2421911
39558002  32854787
39560980  18511645
39557765  36795819
39557427  24241779
39561083  5122913
39560944  5368862
39559945  179940
39557601  30314356
39559659  35614753
39557237  36861903
39561047  6429638
39561275  39480150
39561661  513832
39561836  513832
39561905  12573816
39561971  218384
39561878  8028957
39561393  20563772
39562147  548249
39562207  8759868
39562329  4841436
39562474  2970520
39562475  13763216
39562586  2573135
39561303  5259714
39562630  39542823
39562639  8577545
39553900  4216745
39562785  16749778
39562684  3577641
39562937  34717331
39559636  28307180
39193576  33454533
39185431  35871294
39558204  15185661
39562222  13137817
39563086  1227571
39562721  4952820
39562090  19219635
39563187  9508518
39563368  513832
39559941  16670209
39207788  36721216
39563230  21203111
39563503  3277503
39563310  39423367
39550077  6178437
39563029  16528167
35445150  16528167
39563572  9642732
39561277  18319605
39563683  366237
39562885  13258014
39563878  7696924
39558461  11334212
39563800  29754042
39563828  39469915
39563876  7736211
39563895  2728321
33477695  20689055
39563809  24644436
39564068  21099041
39564121  14220321
39562654  24644436
39561542  2973202
39554485  3646016
39564369  8440558
39564373  12573816
39562780  5850553
39564317  279170
39564378  3358809
39564356  1235179
39564551  12646821
39564581  495021
39563156  4660142
39564676  189430
39562724  19026884
39561180  36250235
39564739  3449348
39564610  2973202
39564785  5259714
39564859  5890584
39564989  13352531
39564989  6810691
39564573  37634767
39565301  1301346
39565239  35820377
39565356  10432441
39565356  843632
39565455  4565112
39565417  4706879
39565033  5725296
39563955  22697688
39533308  14220321
39565756  218384
39563320  26920083
39560341  13292272
39269740  34657821
36296877  38121204
39291482  39228601
39565981  2973202
28936435  4036676
39565821  22183727
39566360  513832
39566339  35763730
39566330  33314733
39564882  20539196
39566177  20035101
39566301  36241242
39567031  19389723
39566951  1536117
39566951  203198
39563253  13365914
39560869  13183630
39567345  36773355
39559820  2752868
39499778  39456491
39567499  23353173
39567560  1454913
39567387  291978
39567412  10002021
39567522  194852
39557499  25259425
39566228  14220321
39566228  32828415
39566789  35778315
39566353  35217144
39566353  29710778
39567601  26860682
39566535  18751932
39567009  6577812
39567258  2422468
39563775  35614753
39567719  39566139
39564142  5589383
39567947  8049612
39568107  12661203
39565135  39435642
39561688  39381855
39567967  28311868
39567051  23353173
39568353  1641219
33687273  12573816
39567631  4894087
39310848  22697
39568096  17863066
39568698  134934
39568820  6947587
39536539  5036700
39568674  9847054
39569217  17095628
39568586  1923273
39568586  1686569
39569251  39568118
39569372  1014861
39569368  28322636
39566560  15492357
39569247  9555143
39569754  14220321
39562162  31264172
39333741  3306096
39569986  218384
39570080  39569872
39570227  12661203
39568564  469243
39570054  6294179
39570102  268258
39566822  38669206
39570330  17286252
39570408  750486
39548658  39510183
39502255  4127118
39570670  4663306
39524950  39523834
39570337  39177106
39570704  2580925
39570720  700558
39570821  16177225
39570915  34657821
39570935  4261133
39570845  621577
39528462  5419
39567556  18050071
39569614  310870
39571352  1129216
39566954  3577641
39571485  574594
39571573  33454533
39571596  12573816
39571068  5024357
39571691  17806
13319716  696839
18790421  696839
38912244  696839
39571896  25230780
39571851  1902681
39571671  17498216
39571957  39533523
39569164  3431225
39571939  14455593
39470252  2799044
39572194  218384
39571198  12712013
39572250  28367950
39569875  13840429
39572258  30995699
39571962  3870091
39572303  11321491
39569439  5023085
39572360  2121795
39572485  203198
39572369  1317612
39507546  6901801
39572209  30680938
39568756  5287064
39572053  218760
39572592  7600910
39572995  15792158
39573025  2939914
39573193  7059366
39571064  35553500
38844865  8723716
39573470  1032981
39572954  7842120
39572906  19309915
39573762  25553910
39573716  5733254
39574184  19095796
39574228  18863910
39574253  39571550
39536630  166221
39574227  3512228
39574227  8252396
39574596  14220321
39544558  39544528
39574778  26415596
39574737  32425012
39574843  2350495
39573671  12728188
39574972  80646
39523659  4502531
39575010  15336347
39575122  218384
39572788  20279484
39575414  56974
39566397  26700924
39575271  4261133
39575126  22974931
39575108  500431
39574939  34709880
39575785  8813265
39575830  28496093
39575603  6650137
39575573  18209810
39574783  16989585
39576118  37457493
39558979  38616858
39575358  152975
39576264  12062481
39576240  20110988
39413241  39411110
39553286  24095004
39576368  9306202
39576477  1572110
39576446  1658294
39576511  1363239
39576613  13964155
39576641  19543634
39576679  513832
39573885  39404285
39576512  39566708
39576689  307352
39574862  1753838
39573987  19610320
39576513  895786
39576783  218384
39576863  662918
39576901  20279484
39576593  11354518
39573636  29079268
39576092  5262406
39577022  513832
39562446  25571502
39577049  12894795
39576603  30234238
39576913  12043236
39577289  25584386
39577359  20563772
39577379  3655250
39577499  25706216
39577583  35664725
39577717  13158613
39577749  148451
39577713  14220321
39539391  6329499
39577740  38904281
39577833  4812198
39577883  25590269
39578008  22662488
39578114  9073150
39545870  541487
39578382  39558006
39577922  33988297
39578330  26315464
39578473  5195367
39578523  2354609
39578696  15720822
39578669  2641653
39578903  1086404
39579018  5838711
39574187  29108949
39579089  388242
39578759  1258416
39573830  21567291
39576864  39450141
39576849  1009107
39578997  10143431
39579223  21881992
39574729  39157939
39579480  218384
39579528  19371340
39579544  4176328
39578831  38751123
39579390  218384
39563679  939278
39579858  17178118
39565996  31574311
39579986  3611760
39579573  30472018
39580059  14220321
39580134  3203643
39580218  5121495
39580241  5431941
39580241  5605125
39580365  225337
39580281  6462148
39580337  2168603
39580347  10553597
39580321  507602
39579612  3031497
39515336  17719018
39580709  16959576
39580765  18050071
39577711  18639080
39570752  7927716
39580853  218384
39580861  5434819
39580979  32386093
39581090  20205867
39581208  24644436
39580766  32669612
39581088  31597396
39581303  5121495
39581025  218384
39581445  8934772
39581414  4660142
39580864  29775461
39581517  7217836
39580745  37079521
39578966  38307356
39581424  22660439
39581616  17571103
39581555  16122911
39581124  32722143
39581814  29081539
39581320  31661357
39574152  2422468
39581833  2206378
39581898  22937618
39581872  2336522
39581761  39577598
39582050  28697298
39582038  47981
39582131  1751301
39582047  11768816
39582013  33636796
39578474  9981267
39581991  1101750
39582471  5121495
39582430  4585086
39582455  262427
39582251  380813
39582644  3258943
39582726  17319961
39579757  36501017
39579757  35417086
36501017  35417086
39581740  176964
39573577  1319903
39582743  7744611
39581182  39583092
39583124  2587669
39583146  4261133
39583309  5029934
39583323  17364127
39583357  30241881
39582589  1055318
38084835  37079521
38271029  37079521
39583441  9224537
39583476  12573816
39583494  8495687
39583468  32201586
39583681  11300328
39583537  30616528
39583833  949433
39583926  5438434
39581828  8696005
562457  639531
39583963  18394882
39583641  79968
39583990  7552551
39568277  14927122
39568277  279170
39584055  4233476
39584117  2914936
39584158  2973202
39578226  2591098
39584271  218384
39560697  33691038
39584341  266870
39480625  6907751
39580570  5238603
39584399  9395207
39584525  8777724
39584536  15541321
39584766  2973202
39584755  2388245
39584973  17473386
39585004  12498325
39548969  16669889
39575852  39423302
25086909  1961114
39585316  8754980
39585235  4716040
39585235  427756
39585235  10722110
39585239  218384
39585385  34711149
39585465  17242690
39585620  23515347
39585646  14580766
39585730  4931376
39585499  34677628
39585501  8440558
39585752  2559527
39585879  12933964
39585999  2785485
39585983  25800411
39583144  7550129
39586042  7184562
39586136  2547789
39586029  4660142
26742597  33431842
39585641  3418128
11381346  33431842
33842875  33431842
6833582  33431842
18724826  33431842
26266423  33431842
39376634  9093958
39586321  21522770
39586478  5739937
39586522  22984438
39586695  1262376
39586502  1299871
39585571  2839321
39586936  34413
39587060  10944989
39587128  45015
39586518  32554156
30528236  33344200
39553919  38916163
39553919  5898601
39587185  27830976
39587185  17215789
39587185  27083692
34163735  34413
39586467  39331479
39586772  27053135
39587681  12829963
39587761  12953127
39587823  750486
39587816  7030699
39561868  22745662
39587518  39568771
39587627  32648371
39587655  39587461
39588093  1009160
39565039  39546662
39588306  25582530
39586508  39546662
39588246  461203
39588236  19075671
39588417  1179532
39587785  5708992
39585661  2925604
39588014  33666071
39588616  2860394
39588784  4744751
39373654  39348568
39588769  9752972
39588788  12925063
39588788  11996135
39587285  4105331
39585740  29907038
14347493  5016253
39588935  2320069
39588476  17848674
39589014  18050071
39589240  533905
39589188  38513310
39589575  2100758
39586011  38125906
39588130  65035
39590062  218384
39589976  1363239
39590275  22662488
39590293  15687384
39590428  176918
39587374  10326950
39584839  187506
39573021  16758131
38524979  36370826
39590613  4756536
39590754  15268760
39590865  8054471
39590508  1729054
39590508  4955635
39590272  30385900
39576885  12437593
39589114  13974687
39591017  6577812
39589884  8188548
39591107  3700326
39590739  32584850
39317131  39262183
39311669  17275348
39414692  28776079
39582916  21881992
39590936  16597874
39591514  14220321
39589604  15379851
39591544  21023763
39590373  24801613
39337305  12573816
39585140  18050071
39592023  26103811
39592156  23222931
39587438  39124248
39592143  185254
39591631  38644568
39586473  2167916
39580238  9405093
39574442  12034978
39526696  6842571
39592272  23446377
39592205  2063480
39590669  15729498
39592586  38300519
39592598  3940194
39592598  21466924
38947593  30416185
39592663  12573816
39589566  8175910
39585453  39537177
39592762  1732348
39590983  18523180
39592870  2487747
39428170  30441122
39592897  4660142
39592359  31613748
39592829  32326929
39593066  17341870
39586171  36247140
39593028  1051782
39593277  39590487
39592706  5178697
39587864  218760
39591580  3131518
39593383  5642315
39535001  5050426
39588502  19974115
39589289  34497323
39593663  24644436
39593664  279170
39581663  6987005
39593613  15343743
39593313  18511321
39589590  13656004
39584578  223918
39594279  1660124
39584756  38449379
39594157  54686
39587619  17634427
39594507  18193281
39594728  19896870
39594714  39476
39594772  3577641
39588221  28627421
39594905  14658001
39594462  4048955
39595132  27285458
39594471  8470070
39594774  8829030
39595198  1674980
39595149  34589980
39595464  34074892
39595498  20279484
39595310  370047
39595607  840781
39595568  14028959
39595384  28767108
39595001  1773939
39590598  33431543
39592987  9537433
39595925  14780027
39596091  24644436
39596183  12027770
39592227  32576576
39596271  1959040
39596189  28595117
39593461  22821944
39596379  18138136
39596599  24644436
39596704  17259916
39596772  23446377
39595542  5890584
39595529  39514276
39596846  18966798
34935093  16169035
39596794  34831262
39596881  33271035
39597043  9444158
39597048  39523277
39597127  18050071
39596501  762011
39597376  15745042
39584887  7323958
39597213  1153126
39597360  5554734
39597414  5216272
39594989  20058864
39596760  16771225
39597253  3659616
39597562  14522932
39584731  7569444
39596842  29262624
39597701  466345
39597720  11321491
39597734  37939455
39597538  5846004
39597631  6101084
39596724  4015417
39597812  29308898
39598014  3446216
39597881  5121495
39598015  16600548
39598150  3859101
39597678  2309970
39598141  29090277
39593637  21624796
36194631  21624796
39597810  574594
39535994  25442709
39534520  34048938
39585662  15857027
39598444  1281176
39598064  70324
39538067  1197634
39597179  1894269
39598714  9901082
39598440  25706216
39598750  541487
39592244  4885254
39598806  2225221
39598798  881515
39598680  32353497
38860417  24106885
39599041  5388584
39599177  17137269
39599236  13664659
39594136  1598579
39599241  4660142
39599056  16924476
39598895  3322704
39596928  36139549
39599520  890966
39599591  7532202
39599621  36213333
38852104  38793244
39599486  39586546
39495938  6343166
39599468  5910385
39599468  290652
39583541  1301346
39597942  1895110
39599227  37785053
39599836  13799497
39599224  23803743
39599900  17498216
39599911  114543
39599926  3813886
39344634  23815555
39593622  28708741
39598498  37089347
39598498  39550951
39599885  203198
39599487  40480
39600080  8107695
39599058  6954490
39599994  18550127
39599829  19843506
39600193  28467253
39599978  1401140
39577658  39537177
39600197  2091589
39562617  23446377
39470906  39454484
39599467  11117134
39600158  16340072
39600443  5335273
39600490  1197928
39600543  1818228
39600548  1120140
39600357  4608902
39600596  14267781
39600710  11235827
39599955  35464067
39599442  21881992
39600899  1408289
39601062  22541056
39601022  8744113
39597736  37371264
39601097  11447804
39601050  4605206
39601131  12573816
39572031  12341672
39601082  11547914
39601313  15112125
39601239  218384
39601318  39235612
39566939  5387174
39380661  30128395
39601343  510972
39584393  2118656
39601451  31743760
39588646  18962803
39601472  4938429
39591874  16588327
39597880  22410072
39598851  13343756
39599382  3531432
39601700  968001
39601776  39157236
39601908  29140402
39601820  21567291
39602035  6134039
39599730  4956997
39602184  7609130
39602137  12506828
39602291  28102614
39587866  21762004
39602373  466345
39602360  25553910
39602344  9138790
39601008  12018959
39602442  17941531
39602454  2772778
39602005  3940555
39602284  218384
39602614  18050071
39586036  38410976
39600101  33772333
39491955  37875323
39602769  2973202
39600280  5775400
17363166  18480498
39602567  23698934
39602776  1720673
39602720  24735311
39602720  28243832
39602969  8763125
39601311  5953856
39602688  3988788
39603300  4261133
39603262  18260700
39365078  24996263
39603176  39537057
39603239  29140402
39379888  38404972
39582486  25203556
39598645  39429379
39598519  36754524
39603299  22898927
39603392  8091691
39596142  662421
39583703  17335329
39601387  20100668
5171739  1549930
39603361  699603
39603611  9353414
39603690  4290108
39603808  1370021
39603770  13566065
39603913  2592501
39603929  20279484
39602805  2548815
39603638  11078588
39603691  9638372
39604103  39588510
39604252  7599776
39604305  2701182
39538431  9638372
39604173  9798188
39604309  19896870
39604393  6058781
39604482  4176328
39604511  12769982
39604560  4697882
39604441  31684937
39604280  19544452
39604488  31159045
39604643  588004
39602676  6190776
39604759  303994
39604834  35137085
39604699  218384
39604600  7852102
39604943  34981706
39596826  6159900
39604971  15613626
39598057  10127001
39604951  15112125
39604961  4660142
39605034  313584
39605113  4261133
39605406  3173501
39605459  3034014
39585143  750486
39604989  1520800
2931950  3799545
39604201  12573816
39605457  693372
39594111  10800678
39604631  38428027
39605642  11321491
39605572  12981190
39605589  16513552
39605829  279170
39605983  5605125
39605941  2217001
39602425  19644603
39605810  5048638
39606109  23667086
39605498  18638423
39605602  2845082
39606298  4176328
39606362  1282945
39606255  114543
39606210  7263282
39605575  3985214
39606569  3364445
39606610  2158395
39606606  977796
39606753  23744913
39606734  14918462
39606546  1247859
39601645  12199353
39601645  22263204
39588032  6366530
39607044  17938186
39606819  38357441
39596445  19307006
39592426  7893511
39606923  28279989
39607165  2168201
39607268  3668953
39607208  12769982
39606477  18050071
39607023  37619609
39607465  16959576
39607563  25611178
39605100  23846971
39607683  4660142
39607887  16564505
39607998  1700081
39605344  29241165
39607946  6472233
39608217  14220321
39608128  39606963
39608325  383947
39607241  39070953
39608275  17130382
39608639  310870
39608773  5115275
39608433  14146148
39608924  70689
39607279  39537177
39609258  8511281
39609314  218384
39566749  33776405
39609534  10382929
39608631  4651437
39609624  10382929
39609674  218384
39609664  6085531
39609715  434763
39609593  34582370
39609596  15281951
39609468  1648730
39609965  9519841
39568034  18503604
39610156  25431455
39610617  4660142
39607171  2880056
38929773  22966601
39610041  34570758
39607246  3429291
38923921  22435061
39611294  21409658
39611506  2305973
39610938  3029244
39611459  6706986
39611574  29133563
39610633  17334126
39190461  19560448
39611402  1895185
39611594  4692642
39592192  29308898
39610352  263276
39583711  201323
39612101  4123455
39612219  610245
39610833  18519160
39611688  3642919
39607181  7031885
39612215  5826649
39608886  5909578
39612494  19629067
39612885  34346653
39612978  2630013
39612925  29729063
39609263  2757493
39613222  14220321
39612441  14220321
39613044  26867277
39613115  25267146
39599204  19999665
39573081  218384
39613746  27866893
39613734  30366805
39613427  14543627
39613246  12284028
39614046  2484919
39614016  12152167
39614071  22486852
39599430  34032032
39614275  2317508
39614329  1339599
39614408  24028421
39611763  35703638
39614565  1393486
39613346  18050071
39607515  18050071
39587887  39593612
39614549  279170
39614746  7991046
39609149  25193488
39614202  11321491
39607053  33908156
39614935  14220321
39592938  10557650
39615070  6717163
39614827  8490731
39614827  13968324
39611801  12769982
39614234  19757355
39615323  2681878
39613935  14692560
39606510  18050071
39615217  1068834
39615332  6649125
39615369  14220321
