39611314  29308898
39615166  21881992
39615270  14976331
39615038  10111848
39615627  18050071
39615614  37843647
39615749  14220321
39615556  4090169
39615120  39498971
39615883  5258159
39616039  2384167
39616039  189430
39616210  39611343
39616369  4216745
39616293  13415916
39599611  6427377
39616463  13269169
21105185  21500724
39617146  18050071
39616432  21895756
39616850  3148240
39616427  39313026
39617156  20833295
39617548  7361135
39617391  8024706
39617661  12573816
39617694  45030
39617284  2394935
39617980  6956998
39617645  8959973
39618033  23437671
39618361  5434819
39616459  218384
39618637  413477
39618435  12062481
39599599  15758069
39617187  20935514
39617633  9425706
39599387  11630321
39618806  9972280
39617327  33643147
39619166  9581064
39613946  229924
39619397  25168861
39619397  15086349
39617814  3679296
39619545  60174
39617568  798967
39618873  33012438
39619716  7683448
39619851  2973202
39620011  7449193
39591932  30916040
39619577  310870
39619996  2976011
39618983  23657602
39620309  7099290
39620440  6729605
39620196  11700800
9738282  11700800
39619286  4881994
39620418  30680938
39620590  2754765
39620658  12694530
39620734  4660142
39620636  3561043
39620646  39524968
39620916  1297972
39620961  7202157
39620907  19804573
39620907  4665782
39620179  25693130
39620715  11321491
39619593  39392195
39620573  1895476
39621275  38268329
39621101  6979796
39621194  845021
39617625  218384
39621305  4241545
39621161  7910623
39621516  8748654
39621475  1682567
39621057  859634
39621493  9
4127363  9
39621599  988363
39608068  24074164
39621331  13782824
39621538  332365
39621407  649614
39620001  2801882
39589809  39568360
39609025  513832
39621330  34115174
39621940  11321491
9269891  4125821
39622086  12062481
39622007  15938933
39622235  17539696
39621624  2225038
39622136  25587299
39622037  17720883
39622414  218384
39621746  196017
39590664  29308898
39621494  37406353
39621821  20279484
39622285  14604439
39620399  519107
39611193  12381563
39621702  29246238
39622879  19896870
39622582  10914576
39622946  23294658
39622976  7220681
39620211  9680903
39618411  11923865
39623120  218384
39623137  4176328
39623244  31217588
8799646  171213
1530139  5129211
39622800  26435749
39614767  22387356
39621605  201287
39622721  36962854
32657787  12062481
39623562  21921903
39623057  4861488
39623432  39620786
39623744  34413
39623390  7197677
39623597  32568261
39623777  18050071
39611342  11047803
39623203  11126977
39590220  22187317
39623967  102605
39623017  1457863
39623017  574594
39624081  6796662
39623923  39578147
39623920  15209414
39624133  4422469
39623415  29882775
39624103  17461442
39624022  33666071
39624218  32402791
39624242  4662110
39624298  39617754
39624642  23460301
39623194  20279484
39624703  25706216
39624643  1586560
39624705  849813
39624705  9491746
39624162  2247143
39624793  21387948
39624800  5236486
39625070  8028957
39625039  5554734
39625171  4065985
11500088  277569
39625406  31000885
39622019  27736288
39625535  6959934
39625814  2632882
39380547  16213982
39625833  10906554
39625557  37405034
30955091  39620846
39625506  17832583
39625382  34149491
39626265  9411540
39625577  39608633
39624130  32604552
39626179  21633115
39626289  55612
39626422  240178
39563664  30761996
39626502  1207406
39626597  12921713
39626707  4660142
18928279  204476
39626365  39579824
39626324  39622156
39626856  11389230
39625399  25789472
39626811  6658752
39626811  203198
39627103  500431
39613954  33434426
39627289  750486
39623021  39601834
39627147  17912640
39626689  2115301
39627568  13519840
39574267  39562911
39627623  15189704
39627663  15112125
39614625  29647280
39627678  8028957
39627826  23395513
39627897  750486
39624398  14263532
39604041  13914609
39627609  33996948
39628034  35473174
39621954  14220321
39628020  22735092
39628203  38711269
39628243  29050004
39628256  14086417
39626109  1460634
39626048  19872133
39619694  37827898
39628359  3143498
39628467  19843506
39628521  6729605
39624478  30843011
39628691  32557920
39611979  7532826
39628618  21242413
39627559  20279484
39606961  1617061
39629063  14945656
39626052  37431845
39625104  31574311
39629225  39627561
39628939  37590061
39629313  18418668
39629436  34482147
39624942  17604071
39611804  2202435
39610401  4423272
38684738  123559
39574902  35312371
39561994  201323
39543618  2301695
39436522  3305561
39629541  39627561
39629709  1642357
39629721  14112515
39629857  4162578
39629812  6116403
39629813  541749
39629951  312443
39629961  1101750
39630068  1132941
39629182  4759248
39630160  15112125
39629208  10067266
39630187  37812286
39617614  39423367
39628166  27475978
39625958  23911670
39537178  4651437
39630330  5210535
39630008  949433
39630339  7734077
39630086  10175445
39610638  283816
39612589  641536
39630071  27563850
39629599  4491625
39630704  5121495
39630900  18022809
39626745  8229473
39630903  5183968
39627835  38155882
39631134  383947
39631083  3708850
39603631  26285539
39631048  4228849
39631199  5727106
39631017  2849450
39631412  16500379
39631365  38446097
39630534  32010538
36237034  34361379
39631634  5056645
39631510  13814157
39631624  203198
39629131  2973202
39631573  34361379
39631778  4825683
25903346  2276572
39628809  14662313
39631881  3202120
39632068  3831051
39599144  1046966
39630645  39305764
39630645  37080258
39632240  3651354
39631877  7115445
39632422  1018822
7695982  1842414
39632255  17863066
39632556  14220321
39632676  11949808
39631965  4002234
39617708  38893970
39632477  12769982
39585796  37800790
39633171  19074171
39627504  25698710
39608006  25927660
39594291  36577020
39631810  34205589
39583646  18557251
39632324  18299806
39633630  14655023
39633713  14220321
39633921  5690351
39632625  142003
39632625  32353118
39611868  4311854
39633795  4660142
39633474  16712877
39634233  22444
39443589  14194119
39633835  218384
39634433  23696317
1203479  1048481
39632835  1024559
39634136  21365714
39634427  11957643
39634823  22937618
39634415  14320909
39634788  39251005
39634858  12004603
39634945  25426780
39632570  20600721
39634808  38442248
39630692  31006683
39631314  2228735
34877415  35036547
39635165  11664522
39634260  2939914
39635336  24297829
39635310  4261133
39613668  3804062
39633635  22406633
39634491  13198131
39635746  4660142
39635500  218384
39591657  31254725
39636197  14220321
39634711  22427663
39635749  10267910
39636222  24142541
39626968  38390177
39636350  7355187
39636497  31999102
39636033  4261133
39636629  3718215
39636585  5818312
39636806  11960584
39633601  30094047
39636967  537174
39636895  60174
39637085  13627863
39635704  24644436
39635772  24644436
39631609  24644436
39636981  2741493
39498067  36577020
39637592  6444576
39637633  38711269
39633904  13093709
39614867  39612771
39628343  27215013
39637473  3967460
39628544  36329305
39637611  1921168
39638326  60174
39568040  3634101
39638531  18050071
39638580  17364127
39638463  9239462
39638176  18387993
39638730  8911230
39637618  4216745
39638952  10361206
39638925  34350851
39638455  20896825
39638729  39634889
39625230  4728824
39636299  37925649
39639119  2138429
39639170  310870
39638395  14220321
39638892  9349910
39630363  1047580
39639677  14220321
39639344  29040647
39626524  18457576
35739743  35622438
39634478  13031219
39639650  24865828
39639122  34362904
39638559  6791520
39639952  4148699
39639952  1535631
39633897  27181454
39639611  12160639
39639548  6509106
39639354  39637566
39633371  23417356
39640507  1883321
39640758  4660142
39640729  1665533
39588483  10714233
39640696  2308944
39640496  22937618
39640821  29217690
39638164  8228281
39641033  29308898
39640154  34361379
39641102  30074492
39637370  22654170
39641293  6120931
39641179  13633954
39641299  14220321
39632811  29577977
39641341  17430006
39637734  31314373
39640292  26073690
39641692  751681
39636249  37876257
36700704  12661124
39641260  38674027
39639317  1906734
39641749  21685911
39641738  24644436
39642036  9827819
39642066  20253267
39641863  6115896
39639351  7165395
39642100  28380544
39630079  11893053
39641547  2349633
39642137  11711417
39641791  1013354
39641766  1878882
39635361  15623347
39642261  10534053
39641588  39641020
39624653  36577020
39642207  12467335
39639301  39393111
39642661  79126
39642241  4174080
39642489  459083
39642739  203198
39642786  4835891
39642832  8336858
39640562  13270491
39642622  5554734
39594206  23645091
39642971  4508313
39641812  3195580
39643012  35298388
39642979  23353173
39642979  23653778
39643234  30696006
39643113  19718634
39642340  25870669
39643412  2422468
39643064  11731377
39640021  4112686
39643114  30664258
39641304  14916484
39633188  750486
39604172  218384
39627695  260236
39643842  4092914
39643613  4607745
39638139  39634968
39643782  34797017
39642892  4098195
39643642  1214365
39643642  2973985
39643348  21015587
39643926  38834042
39639502  492994
39630324  649154
32809148  4984600
39636665  4567904
39644175  625799
39644264  376278
39644264  949433
39644153  14516590
39644371  21012357
39644447  218384
39644145  37403728
39641379  34322471
39644495  1882692
39640254  17085538
39634359  22845489
39642061  8623938
39641510  20838344
39642947  4261133
39644455  2559527
39644591  29262002
39644269  10866005
17105684  8959152
39643418  30547931
39643991  39621999
39644376  22952531
39644952  5089841
39644573  7476174
39626679  39492752
39644391  15091155
39638136  37511719
39645064  39431896
39644309  3716633
39645068  16905425
39644453  39641798
39643368  20556339
39645156  1210047
39645387  3446216
39645448  4261133
39628813  218384
39641494  6723720
39645422  3732422
39645422  8398772
39642422  31394140
39636388  34738845
39645616  613183
39645723  218384
39645754  22444
8435575  2737650
39644700  2737650
39645881  3163615
14897529  2737650
36733513  2737650
39641673  14662313
39645943  5168451
34718121  2737650
39645892  4885254
39645809  34855040
39512980  35712544
39627358  16921283
39646143  4840819
39646138  6134006
39646193  28801144
39646305  12561734
39646395  4261133
39645902  5121495
39646558  8028957
39646437  30680938
39646254  22252904
39646709  25706216
37899856  37904739
39644168  36967604
39646537  26446599
39630492  5967500
39646784  1396668
39646893  1207406
39646893  10665591
39646366  1660124
39646836  610245
39645373  16570295
39646036  22011073
39608921  33685195
39646194  6764621
39644529  19495318
39647028  8686331
39647112  5121495
39647131  588004
39647151  273313
39647210  19951850
38519660  38286901
39647152  1475297
39646955  36628496
39647310  5890584
39647353  5971645
39647454  18050071
39646228  22704047
39647595  6366211
39647334  5589807
39647813  7674786
39647285  39637652
39647944  8001823
39645304  2318288
39648011  14220321
39647966  60174
39648008  29200635
39647533  18317732
39510712  39513461
39648369  25706216
39648338  5200811
39648330  21028819
3359768  1847580
39615922  9911004
39615922  18715613
39647622  27016803
39648605  18050071
39627928  28061516
39648622  14220321
39632634  31336754
39648704  18595488
39623735  38326486
39648735  34213926
39648887  7069076
39648532  38886661
39646474  30323224
39649014  4152322
39649172  495021
39648409  3730019
39587991  30889217
39639691  15535336
39649272  21263673
39649019  6282307
39649344  4660142
39648083  12129892
39633004  37137579
25238478  39446125
39642731  38881722
39643416  32307146
39649583  27384684
39648132  6558921
39648132  6933598
39649591  513832
39649061  4528047
39649831  34571
39645594  19964553
39645594  30094047
39646766  804256
39650043  141525
39627018  29403786
39649680  18197348
39650009  34316000
39650118  495021
39650227  4660142
39650332  2588181
39650347  1402803
39650456  1563654
39650471  10291997
39650530  182287
39650560  7220681
39553130  19203501
39650602  4831322
39650681  6259982
39650681  9549780
39650447  34361379
39650591  10460250
39650656  34069282
39650758  39628263
39650689  5508993
39642949  574691
39580887  279170
39650859  986006
39650932  2612802
39650955  3737139
26831503  17904088
39650671  513832
39649046  38108981
39649046  32709075
39651078  4421706
39650396  17257878
39651323  2808753
39651382  513832
39651131  24488518
39650837  2063480
39651184  36193159
39649416  18932
39651302  29941662
39633367  36464879
39642969  5762491
39640840  14220321
39640840  2813232
39651771  6954906
39651795  4616202
39628578  2952667
19310299  21668148
39639146  39619889
39651901  710609
39651863  23446377
39651944  13184067
39652056  298708
39649852  16854280
39652142  5739937
39652171  2330840
3738748  1847580
39652591  8875706
39652749  15547198
39651983  23942364
39652227  1103027
39653133  15166079
39653182  22187233
39652318  18050071
39648390  1197733
39653434  6118635
39653161  572547
39645069  2933737
39653755  14127529
39653863  14695129
39653934  18050071
19729641  8300844
7395280  8300844
39654008  8169001
14644020  19729641
29669006  19729641
8692076  4968406
39564966  23756176
39654070  5419356
39654222  218384
39653957  15226019
39654200  30798906
39653866  5003142
39654456  40480
39654387  5121495
39654340  5342375
39654517  5890584
39644380  7164536
39654747  39633432
39654187  39652721
39654471  39634968
5471515  5278281
39640308  10420902
39651319  14270100
39655317  16969060
39655219  18204904
39655335  8393947
39655329  1238016
39655329  30490193
39655329  1067226
39655323  40730
39655027  273238
39655559  4780088
39655544  5654819
39655250  7574251
39655749  218384
39655526  15873302
39655605  218384
39655289  5324415
39655307  35545579
39655981  513832
39655173  9619030
11062212  5675017
39655098  5675017
39655457  24297829
39655561  8875818
39656086  5229809
39656188  21026134
39646717  3586106
39616564  3964681
39615238  13035764
39648685  12103953
39656778  12739909
39656867  9161769
39656562  10457086
39656921  17788990
39647021  39647106
39613650  1976383
39656952  10661949
39655998  14655913
39657083  684672
39657132  5467129
39657023  10822656
39656184  19420999
39657248  14046838
39656916  39568941
39657013  2951915
27624849  1660124
39657253  4745311
39657253  14682005
39657464  2274242
39657554  14320909
39656678  22087407
39657781  4660142
39657310  25679623
39658024  22745662
39658166  12165200
39658166  15479928
39658268  2521420
39658292  949433
39658095  38546130
39656884  12614953
38955606  38953199
39658578  14241133
39658446  29747224
39653795  3577641
39658632  2377506
39655966  39566820
39658929  37357745
39656785  16125389
39657773  16460258
39659082  31464867
39657598  39651834
39637941  15873302
39659444  10693845
39659473  203198
39651363  32584850
39658233  12199353
39659570  5890584
39659813  37301273
39659002  2037209
39659446  218384
39653740  24644436
39655987  24644436
39659946  6123915
39660067  5598181
39660178  3563847
39660086  23417356
39652262  1101750
39660264  10111042
39660428  18050071
39660292  16962880
39643665  26843974
39656374  4981977
39660370  12341086
39650855  24871504
39660209  25174183
39660695  2697253
39660444  26848266
39658792  2167916
39660843  17778372
39659821  31543508
39660922  625083
39660980  18238372
39660980  20353402
39660810  35635774
39660683  12551891
39660683  17498216
39660561  9161355
39661324  621542
39661324  4176328
39661300  1187518
39660082  86780
39661386  10487104
39661411  39648464
39661476  14524322
39661476  2265357
39661519  10673585
39661374  30862988
39661563  5813971
39661140  27929875
39661379  19370130
39658904  39549717
39661698  20035101
39661748  12861560
39661620  28269752
39661523  947810
39662025  10718840
39652750  1355728
39662349  588004
39575476  29625133
17904088  11972084
16296521  11972084
39662389  240178
39662553  24049020
39662515  12734721
39662305  2382912
39662419  39618943
39661542  11148567
32069982  15873302
39662432  32612324
39662776  23020934
39662579  80646
39662752  5622889
39662708  14478380
39662131  949098
39663078  2960772
39663345  929276
39662372  20054047
28615220  25298829
39663559  372250
39660762  38122121
39661978  19225179
39663590  39572235
39659835  5270272
39662966  14709014
39572006  39662689
39559742  37421747
39663681  1240387
52945  1832987
6062830  1048481
39663729  15883416
39642679  19742805
39637652  11148567
39663805  294865
39663904  13498419
39664099  46155
39664010  37897748
39662262  37993783
39664168  1373164
39664229  12573816
39664278  2686147
39647617  23822376
39664438  12645647
39642545  5180375
39658948  750486
39627170  27247767
39664665  4211209
39664782  8816736
39664771  39383289
39664807  4903611
39663410  1995615
39664940  8700636
39665001  19935045
39665043  21564993
39665054  134099
39665054  60174
39665108  37873639
39664418  12573816
39609848  39489263
39665222  33817045
39665252  1200621
39633359  26909682
39664907  39132385
39665420  11087232
39664833  30603609
39665600  4176328
39665561  38711269
39665640  4244896
39665488  34940396
39665731  12463049
39665791  666811
39660451  11731377
39665339  3506796
39665693  25876274
39665693  28335833
39665681  10034149
39665608  1299871
39666224  1124788
39666184  25706216
39664633  5208679
39666249  218384
39666512  34970064
39666571  25229505
39663621  35464067
39666734  381542
39666315  2917056
39666696  6294778
39666672  24644436
39666836  1290975
39666138  3059420
39667010  10914069
39667094  5864485
39540966  39515218
39667262  695050
39667364  310870
39666784  2540969
39667368  1267869
39667244  8028957
39666846  9581064
39666827  11321491
39667503  8228281
39667457  37240128
39666880  10865025
39667581  20353402
39667452  513832
39667480  7853302
39667506  8976627
39667493  29967202
39667741  34888863
39667798  5121495
39667623  2167119
39667871  1955505
39622289  11194831
39667121  1664785
39667918  6320113
39667942  24022728
39667982  21883149
39668068  12062481
39667599  5286922
39668106  2622624
39667845  16858965
39668163  23446377
39668419  3434601
39668417  610406
39668486  21406057
39668510  27447220
39667949  16959576
39668645  8114535
39668646  22830923
39668020  588004
39668633  218384
39668805  39251005
39668833  190421
24533601  5600448
39668838  4244896
39667963  35290008
39668682  12466493
39150940  31201730
39669018  3446216
20664852  21248397
39554724  24068604
39627090  37799486
39669232  13429129
39669199  10299148
39669389  33666071
39668939  4636166
39669425  9086880
39659966  5808923
39662728  1960473
