39714332  39118012
39714968  1200621
39715000  153724
39715041  495021
39712669  37093711
39715292  495021
39694592  38604316
39715340  4261133
39715418  23714141
496440  962132
39715305  496440
39713533  233870
39715625  166221
39715369  37378652
39715768  1922677
39716028  1625234
39716035  2637864
39086290  60174
38650637  38599930
39716245  13670991
39716225  428073
39716362  39569250
39715984  12573816
39716218  1467913
39716567  16969060
39716760  32057148
39716352  16837806
39716849  2138527
39716819  4562479
39716940  11893996
39717048  12473210
39716652  191842
39713589  2340406
39713202  39313965
39717046  31707616
39717361  38951362
39717381  1912536
39717521  23515347
39717660  2182884
38777262  5804256
39716346  38777262
39716346  5804256
33341702  22662488
36880785  3481828
39715447  8755637
39666013  39702623
39717879  32584850
39715759  11060833
39716836  218384
39717931  1802051
39715335  16378099
39715511  18418668
39654343  12041633
39592094  2422468
39717926  39247362
39717029  36594569
39717581  4764978
39718316  24444738
39718343  5554734
39718122  38502560
39718246  31854738
39718107  9982039
39718433  19563708
39718433  19226816
39716374  13616425
39718284  26741191
39718601  37897519
39715408  13616425
39718278  2280375
39718692  12120802
39718505  22442378
39718302  11731377
39718784  7918250
39716929  3787514
39719015  9133570
39718792  10043022
39718520  31613748
39719051  4194207
39719142  34530852
39719068  21325661
39707390  39482954
39719215  4394079
39717664  3757229
39719428  5739937
39713882  34711237
39693701  4214731
39719451  32064754
39714934  35712379
39719559  4261133
39719680  10915713
39719527  4261133
39719664  7446946
39718218  12004603
39718218  9019224
39719912  2372854
39719912  15479928
39719960  36012239
39720073  14220321
39711324  10210338
39720004  1782080
39333508  39137982
39720246  4643713
1079648  272730
39720201  36901
39720032  2818796
39718879  39717301
39720738  264745
39719833  9714041
39709074  15805882
39720869  28057683
39720722  38558523
39720653  6578355
39720357  2932392
39447765  78536
39720631  20830998
39720522  23498628
39721097  451415
39721127  38711269
39721207  5298401
39721371  5554734
39721741  1684202
39708519  34657821
39721899  7929796
39719682  912479
39722103  3963716
39722140  12594537
39722115  217902
39721758  5252979
39710012  218384
39720150  10006891
39722335  9468187
39722562  33248473
39722540  22514855
39722251  28016578
39722557  1777864
39722800  6323417
39722645  36690301
39720747  34089153
39722206  24024549
39723190  4602902
39722446  3535231
39717216  37452463
39723390  2973202
39717863  6366351
39723499  12080552
39721298  4341897
39723621  26646362
39713816  24644436
39723206  371
39712910  2167916
39723812  4261133
39723335  15014980
39545787  39431407
39724033  32170456
39714770  38761713
39702182  2816369
39724227  15112125
39724114  922476
39724200  9189172
39723370  31054910
39703169  1575141
39724125  14220321
39724585  5110021
39724619  4261133
39724567  23823010
15487488  664852
39724702  10172411
39708075  33248704
39724484  23321300
39725070  9466265
39724979  1643227
39723553  12715635
39723085  7745609
39723085  39721099
31627848  23321300
39725050  2610679
39717967  37071177
39724812  428918
39724998  2334712
39717712  39336531
39725081  6548504
39509529  19218243
39725294  4366730
39720743  29758607
39724074  16576547
39725408  28570505
39725424  39724359
39725490  3117262
39724713  14387690
38265536  36861628
39718210  24570269
39725441  3786823
39725501  27395998
39725649  18093928
39326577  12066870
39726020  2371118
39725861  20723803
39725708  22756372
39725708  15933958
39726082  1559770
39726249  39723426
39726174  19171044
39720692  756492
39726309  3524150
39718833  23935840
39725188  5554734
39726601  18093928
39726528  38768737
39726686  26688477
39726033  39688256
39725271  21215299
3868122  30753001
39726872  12093726
39726114  218384
39726957  17484764
39662290  30766968
39727101  2784514
39717528  39640469
39727057  4420188
39727125  21115179
39721063  31968162
39721314  39644585
39727355  2770321
39727323  1490869
39720264  38288161
39643373  39698862
39726955  885009
39725323  6061505
39727525  18111902
39724936  38009932
39725033  37876257
39727626  1014861
39727620  7273338
39727633  4261133
39726615  155436
39727771  8607984
39727898  1531093
39708055  13474218
39728018  5668429
39728004  2087103
39727922  21982987
39727922  1660124
39724172  2812520
39724142  11487596
39728265  14268981
39725590  3854317
39709657  27624850
39708579  2612720
39727266  11708967
39728402  12113699
39707853  10783864
39707384  39685255
39707384  39174539
39722203  39229430
39728345  10428798
39671016  9519734
39728373  36104796
39660788  1720421
39728497  14220321
39728354  8832304
39728479  13002362
39700270  23665064
39728607  20429595
39658077  510972
39728581  3112946
39716195  17260867
39726428  12859942
39726428  60174
39726428  23515347
39654877  38768737
39728184  34743987
39726204  18050071
39729099  218384
39729105  1299871
39729153  11235827
39724502  38868833
39724502  9378613
39728974  20939299
39729439  12573816
39729511  5287538
39729600  38768737
39729616  14150628
39699759  39696470
39729700  4216745
39729609  13195738
39729780  23643218
39726939  1005552
39729801  320929
39729716  17531684
39670257  18511645
39727098  27540068
39729959  4988915
39730142  12908008
39730170  28404482
39720651  33603156
39730268  2330942
39681380  10871898
39730570  18877437
39729443  156503
39730457  29428227
39730642  276927
39720055  6296374
39730675  20321216
39730815  2939914
39730858  16652199
39730839  2839321
39730818  8722926
39731009  7085967
39730288  1814095
39728975  11533284
39731388  10499941
39731388  1642357
39731463  18864041
39731516  8028184
39731064  8206370
39730143  20279484
39731641  2976011
39731275  2668312
39731182  3569347
39731515  1662909
39731649  5121495
39731785  10440303
39731965  3994336
39730083  10326853
39732003  37812286
39732034  7702885
39731779  3171426
39731993  4597820
39731919  3277503
39732092  381542
39732081  13317566
39716769  36301478
39731939  10205437
24446524  2201925
39732106  12015571
39732212  39628695
39732220  13451605
39718952  9827139
39732145  32564703
39732206  149055
39732451  19886065
39732452  39732136
39732478  982054
39732572  16969060
39732549  11321491
39732221  6086334
39732699  14604699
39732453  22225006
39732857  19443524
39732893  1132941
39732965  19482730
39733014  12769982
39732528  25456250
39732831  16959576
39733223  4005409
39732888  7868936
39733373  4015417
39733427  7805748
39733427  18535621
39733481  18050071
39733504  4647665
39731189  7213178
39716872  21226808
39733112  31095710
39733962  5027853
39733949  4385597
39730563  33055190
39734060  40480
39732415  15521451
39733917  21581824
39733588  39415212
39733900  32656222
39734306  34995740
39734416  1520800
39734406  369755
39726924  217776
39734443  6599646
39734107  218384
39734435  2360252
39734327  4660142
39734629  28250680
39734580  32170456
39734858  16657512
39734785  8704423
39734926  11774099
39734984  3294889
39734940  4660142
39735062  211383
39735108  19647532
39735096  22084104
39734637  11892729
39735289  4570366
39723908  2685512
39723908  906402
39734444  28201985
39735364  20326356
39710294  39734444
39733722  495021
39735433  36717376
39735543  30094047
39734820  16907336
39734820  20576509
39735694  22937618
39703646  38363566
39735584  39033818
39736025  14664031
39735748  24644436
39736188  21393027
39736156  240178
39736121  311165
39718178  5812220
39735714  25706216
39736406  3894119
39736410  819793
39735667  1585525
39735667  9526726
39735933  31174250
16034454  2631397
16034454  31174250
39736638  8111677
35970043  19951328
39736310  6258160
39736225  9188572
39736686  9032856
39732147  3522372
39736611  9253686
39736255  10905423
39736869  25706216
39736889  8047943
39692851  39735846
21641716  26446599
39737086  6441218
39737135  4244896
39736563  8558709
25963720  14125038
32329066  4722289
39737394  2367015
39735824  218384
39736916  32170456
39737551  9329446
39737454  218384
39737579  5495815
39737566  180158
39737522  5146182
39734812  23254901
39737680  3737139
39726218  23023650
39737883  25050311
39738013  34172888
33753880  14950260
39738067  25248855
39738067  22895991
39738132  513832
39734568  1475297
39738392  1607336
39731552  39729307
39738445  2421911
39736427  36289495
39738463  4968406
39730137  13983365
39738488  4612273
39734632  34317044
39738594  173814
39738487  27734364
39738497  2151305
39738696  500431
39738793  4968406
39738019  3208538
39738283  12001953
39739175  37549594
39739244  16490382
39523465  546433
39739245  4734116
39739975  39695450
39739113  39631144
39739556  1020749
39740485  39612388
39740773  20655060
39730617  33599805
39741008  23414984
39741243  13405129
39711719  10359485
39725723  24538384
39740822  15618135
39740620  240178
39740888  5554734
20372840  10431944
37606774  5876296
39736940  38292793
39739283  39737355
39741580  33220693
39737355  36933153
39586186  1299837
39741622  21380951
39741633  18932
39738143  7129717
39738143  9299489
39594397  39616026
39571363  39616026
39742074  588004
39742116  14220321
39741733  22444
39730451  23760370
39732462  14220321
39742325  1996122
39740092  62936
39742394  17870544
39742357  7438963
39742407  62936
39742450  10211470
39742069  218384
39527816  1338728
39742713  37915972
39742785  5790602
39742409  2478230
39696018  22822406
39742756  23353173
39743157  10990998
39739903  3737139
39743273  18925161
39743291  8903854
39739541  9257505
39743365  39469915
24386440  2631397
39743290  4825683
39742683  37956482
39743711  32820325
39738709  17244774
39744049  1377279
39743930  2401478
39739736  4970255
39743904  1498648
39744046  6480577
39736493  19042857
39743632  240788
39743906  21895756
39721588  4148499
39744297  4057489
39495589  39493103
39743795  29140800
39744902  7967037
39744967  3168306
39744805  5387174
39744550  12692727
2543338  147267
39707045  11875760
39744165  3925337
39745263  15233340
39745163  24746397
39745312  9265719
39745027  22662488
39745377  30985049
39744291  37801370
39745398  4772425
39745398  882420
39743397  39659939
39744140  15944285
35909704  22937618
39745675  19872693
39734763  5180365
37871646  4736
39729242  7730150
39742320  32915967
39745904  39033194
39745694  39743008
39742968  12113699
39744612  17159668
39743080  30680938
39746132  38767635
39746277  154577
39746030  11420217
39746483  203198
39744998  218384
39745381  12739909
39727621  5249779
39746427  53513
39746492  19695784
39706281  201323
39746626  20692950
39694455  5811528
39746359  12301358
39738715  18050071
39746410  23782409
39746735  39661111
7570808  1878907
39661171  12598133
39747201  24748565
39730953  9343594
39747018  3409053
39724669  39716681
39745144  1817792
39747583  23446377
39744426  24621449
39745866  6609719
39745866  25812456
39746962  23771034
39742103  14088804
39747775  1442925
39744305  13016797
39747812  290884
39742617  1153465
39747536  8243008
39748069  15745042
39741282  279170
39747850  12769982
39747971  533905
39748093  22937618
39747895  60174
39748147  2767709
39748142  28656068
39748311  4261133
39748280  17498216
39748306  3582671
39730238  2269586
39748470  2963809
39748478  32584850
39739628  5153157
39748629  17675935
39747800  12859942
39748466  31209195
39748740  39728749
39747791  2977356
39748876  23616226
39748934  14220321
39740286  18277233
39749096  1551382
39749176  218384
39740798  27773313
39747881  28306645
39732071  158633
39547020  37925583
39749314  18777235
39748569  29449285
39748776  36863608
39749612  14411818
39747506  39733781
39749607  14220321
39749698  4261133
39749715  7043649
39749710  14220321
39612711  21027477
39749975  15112125
39719753  27677283
39749990  39746390
39749931  13476959
39707693  5493510
39750211  13643491
39750260  28456319
39750208  123999
39741846  2799231
39750181  483745
39739050  39597315
39750555  470440
39750517  39141646
39743165  8466643
39750711  429529
39750496  38046880
39749574  34485313
39748101  16571021
39748417  11885127
39749862  4049428
39750949  37946990
39747766  4373046
39751099  38823758
39751122  33264959
16005715  17364127
39751287  23667086
39751279  7607353
39751417  588004
39748946  5175728
39749357  2995926
39751459  5364062
39734993  39588554
39751495  11321491
39685578  33868896
39751949  240178
39751582  1203087
39708070  14580120
39751499  21621465
39751442  16704290
39752056  25430786
39748232  12675575
39751775  2418473
39751874  27237066
39752228  39725861
39752089  21216164
39749679  21317631
39752399  15825081
39651681  10067266
39746607  8049520
39752500  9389503
39747438  31013335
39752595  4636166
39752645  16959576
39752704  406230
39751241  2118656
39752393  1726630
39752822  6969881
39752433  3537878
39752844  12573816
39735263  4402310
39445968  33795597
39752065  39550951
39752065  34115174
39752999  1917576
39752958  17364127
39753052  12769982
39753052  28988260
39753145  7724993
39752960  38807341
39717693  29051011
39753668  4261133
39753714  1953857
39753755  39747837
39750659  39427650
39753838  10364079
39753912  4233476
39753743  8049520
39735704  8991506
39737307  24528527
39703873  1140358
39751284  34101255
39753868  7485670
29900458  30353272
39754248  1971925
39750086  11332535
39754181  39502357
39754265  2973202
39754265  22662488
39754351  14220321
39754252  12573816
39754332  710551
39740707  28190534
39754287  16126769
39754428  2486191
39754368  1379934
39753736  5563152
39754474  279170
39753919  1527803
12270954  710551
39753374  53162
39753361  32254803
39754640  39750718
39754643  12451431
39754662  11321491
39754736  72852
39754223  7684815
39754856  4667651
39754990  5488504
39755068  750486
39743702  7660545
39752684  20353072
39755165  38644568
39755067  60174
39748975  29172741
39755344  14998961
39755178  409784
39755178  29140402
39755178  19648240
39755525  14220321
39755525  23667086
39755595  2151212
39755681  400135
39755681  17170
39755581  29986657
39755581  28239337
39734594  23992051
39754599  8577545
39755756  2364982
39755756  38415960
39755782  5554734
39756153  9410
39755892  22606115
39755948  15066849
39748321  6794000
39756360  8447
39753108  2689265
39756295  32862540
39756367  901115
39756292  279170
39756315  15805578
39756493  21567291
39742799  3963708
39742168  218384
39734389  29937456
39756589  2274242
39734289  29591150
39734289  2652094
39756529  37317594
39756749  23515347
39756403  5907031
39756816  218384
39756953  10921809
39756654  33047452
39756743  29572225
39756017  15660722
39757067  3115388
39757227  16596515
39757220  30299671
39746769  9555403
39757113  7714677
39757368  2491222
39757537  17865286
39757537  2089056
39757296  2644637
39757702  3204782
39757690  1005073
39757724  9883682
39712380  5173796
39757776  7220681
39717983  23126562
39757770  18988348
39758013  588004
39758017  218384
39758131  25706216
39758201  29140402
39758255  14950466
39758224  21672334
39737645  19826444
39758351  7960489
39758371  19941825
39758193  3216752
39749294  18716530
39758415  423379
39758008  7837456
39758506  16983539
12791747  7038432
39758537  18195322
39758212  484750
39758481  6047565
39758004  25254091
39758718  2343558
39758718  19524100
39758754  8004237
39758828  513832
7591791  4672289
7591791  37161202
39758487  39184911
39759017  513832
39665618  39649975
39750683  3616181
39758975  484709
39759033  2158395
39759176  3363106
39745109  25099054
39736099  218384
39759351  29883882
39759280  1470488
39692519  9164164
39759541  12573816
39759545  10211145
39759694  588004
39759729  986006
39759549  9516906
39741277  32226756
39759983  203198
39759947  38881151
39760051  5335273
39760163  10749010
39760152  3737139
39760225  10792603
39760022  34413
39760265  39556352
39759971  17334917
39760287  17710571
39760391  4736
39760393  22578853
39760430  17852269
39760547  7701532
39760557  32991051
39758135  196661
39754186  33831289
39754412  14984804
39760776  34478742
39760844  16498286
10255738  24644436
39761082  25706216
39761073  277258
39759797  16995265
39761290  6701853
39761302  14220321
27787242  28300023
32218814  28300023
39761406  13422259
39177747  4501061
39761780  27728466
39761827  9514179
39761838  38767635
39748613  6290053
39761779  10143093
39761970  18621568
39762013  2397984
39762392  17432735
39762310  38334652
39762315  26578167
30994632  30978178
39761464  3418128
39761544  5890584
39762087  8567114
39761975  200422
39761724  23515347
39762122  30558660
9522631  1455988
39762788  13060
39730637  16040761
39763084  1075603
39761359  34713860
39761917  39429342
39759108  39709197
39761850  2933399
39763512  6503824
39753941  846659
39763528  14267781
39763736  38632331
39762109  32043793
9379489  5554734
39707749  7617990
39761450  13664659
39763735  11089371
39763848  16021367
39764175  3505140
39762960  20746429
39758148  13044805
39764326  14220321
39764362  11423677
39764516  2194992
39763982  39710405
39764560  19254765
39764536  24029163
39750860  30951733
39764357  218384
39763521  491595
39763521  298830
39764880  5741476
18457340  4459379
39764735  4785864
39763214  32730906
39765228  2283210
39765265  388483
39765287  695050
39765301  8790809
39762774  25853393
39765727  769963
39766053  25150570
39766002  1596782
39765658  5616822
39764316  30128395
39765215  14709014
39764281  3832792
39766039  3648564
39766282  203198
39766298  218384
39764065  1126338
39766145  36384375
39764194  19822127
39760721  2633112
39762028  22310912
39766427  10382929
39766831  6118875
39755918  9668572
39767064  2839137
39755409  11861040
39759228  39753168
39766559  18337836
39766232  35749833
38000941  5531252
39766340  38972736
39767845  30214147
39764484  18050071
39768051  2591098
39741583  16552753
39765276  8073278
39765276  25353000
39767893  1124597
39767893  495647
39767473  23353173
39767449  5987003
16165628  16015874
39763371  18620153
39765625  34784778
39767559  8466790
39767898  509211
39768379  1131425
39763355  30724239
39768576  15076176
39768026  768431
39768591  4720271
39768358  17559019
39768758  9719683
39767411  37891839
39768981  31048953
39769045  447898
39761362  38977390
39767300  4928271
39765986  1475297
39768265  734600
39769240  5554734
7380027  4594395
39765509  7214069
39769433  1516889
