39768544  39743023
39764288  580085
39768561  31307737
39769673  12769982
39765922  18050071
39767849  18050071
39768917  2411270
39769807  21805590
39769957  31885409
39770064  1373164
39770064  11864926
39762696  39492386
39764686  39357917
39770208  8722806
39770243  172875
39770255  4045161
39770381  218384
39770263  39739669
39769921  39513979
39770364  36250353
39770340  2802055
837916  36250353
39770478  34157716
39770733  104799
39769190  11025495
39770783  18050071
39770471  26676200
39770827  36250353
39770815  12783217
39770284  12737970
39753113  6579563
39771131  201724
39771155  19465157
39771155  2140627
39771294  5322285
39771375  39751401
39770686  17410342
39771211  16090487
39771519  1026069
39771408  20474303
39771677  1197575
39771780  32635704
39771951  4660142
21646877  39771791
39758793  37624369
39766560  767851
39772066  4484424
39771610  8698726
39767815  33663461
16628243  2581565
39769694  10406552
39772291  1232040
39772394  155932
39772472  5554734
39772436  11922383
39558158  39052139
39772590  28980582
39770905  21881992
39772536  30153942
39771885  24684193
39772732  11321491
39772385  18443956
39754767  22047238
39772818  4178695
39772845  2300142
39772860  18050071
28299773  28213871
39766171  39569208
39765648  33407250
39767626  27501794
39768229  695050
39773111  15412467
39773158  12532339
39772921  8239262
39750712  16933606
39773153  20515679
39771591  14219571
39771254  588004
39773400  2160788
39773485  1490693
39773366  38268435
39767790  42294
39773584  14028959
39773606  7606387
39773335  2271373
39767259  31867549
39773861  588004
39773633  39177316
39773621  31264172
39773886  1675037
39773961  4261133
39772422  37946990
39746969  39714095
20245229  1988813
39773971  218384
39773901  4463363
39774079  2591098
39773037  17543883
39774137  463155
39774234  3481828
39774062  17498216
39774268  114543
39774305  3934693
24697556  23714411
39774372  9191803
39747172  39744911
39763695  39744911
39774340  30676874
39770348  22183727
25248855  33278558
39771290  17217022
39774315  7869592
39772877  13400071
39773968  23343449
39774558  802437
39774562  14220321
39773554  2910611
39774764  218384
39774813  1700081
39774836  7811701
39774882  5597099
39773285  19258460
39767535  3388109
39774650  19171075
39775161  18050071
39775109  2375222
39774930  20035101
39775147  2185252
39775258  4660142
39775011  2167916
39774033  30728062
39775288  33348770
39775389  17886992
39775590  23667086
39775582  37590311
39775685  1123344
39775569  1660124
39775823  31260512
39775872  1373164
39775927  17498216
39776024  19675138
39775953  4099422
39775874  14220321
39774074  39680159
39775801  60174
39759311  1289026
39776308  11321491
39776245  480261
39776262  1268504
39776178  24892035
39776209  24644436
39776467  25706216
39776397  225337
39776227  39737813
39776436  15768757
39775485  21274865
39776505  13800775
39769682  37263316
39775459  9002771
39775833  3032246
39776653  12954193
39776681  60174
39776730  6555040
39776643  32056731
39776771  39476
39776628  16435152
39776598  1582285
39776830  9354966
39776829  2600191
39776966  35725455
39776922  3323001
39777059  10819469
39777148  4780119
39776948  29109678
39777119  39477555
39777235  1481488
39776619  3059395
39777302  12960690
39777302  1642028
39777302  20439442
39777422  18888345
39777171  14277067
39776732  10376604
39777565  20449427
39777602  33487624
39777737  11704255
39777698  23667086
39777268  5082452
39777268  2960772
39777877  13204002
39777874  15729498
39777681  3255
39777690  733454
39778038  513832
39775791  217424
39777378  20279484
39778078  218384
39778014  19344214
39778242  111102
39776204  8836093
39778298  4216745
39778376  12573816
39778322  37418372
39778387  32978506
39574875  4396059
39778473  24410581
39778432  692000
39778585  10240161
39778585  11842416
39778692  4922145
39778296  30368706
39777927  171480
39776790  22171558
39778263  2973202
39772773  7082623
39778937  218384
39778956  13102045
39778911  1447094
39778842  1768062
39778469  8189466
39741203  10352587
39779144  9330394
39778561  901115
39745894  37804335
39779504  3737139
39779442  21861148
39779298  1037839
39757333  23276491
39767749  36221498
39779535  17101548
39779588  2559527
39779671  218384
39779742  20908413
39779173  11782328
39779823  3244361
39618546  16646114
39777794  28306524
39779897  35867038
39779878  1780009
3074525  2754765
39779949  11922383
39780092  2450954
39780164  2354609
39780144  17952514
39454583  29225190
39780366  14220321
39780327  31776949
39780463  4408110
39780513  60174
39774425  36016288
39780625  6729605
39778294  3909267
39780263  218384
39780455  12009910
39778542  2158432
39777968  39592675
39780624  36783190
39777990  35578083
39781196  2988017
39781232  29140402
39781324  23667086
39781474  23667086
39781351  2688547
39781488  2973202
39780809  17174786
39777281  9564322
39781583  29308898
39781585  1226040
39781643  9898549
39781811  16662393
39781652  1894269
7628311  1894269
16052956  383192
16052956  5014317
39781603  39555453
39781930  4616202
39781961  9468584
39781832  18093928
39782069  101100
39782067  19221678
39782086  558216
39782042  492384
39764472  11321452
39782118  3422673
39782262  32170456
39782324  32170456
39782502  39738804
39782378  36725982
39782842  25706216
39783014  39521667
39783024  17174786
39782888  21680473
39767496  5210309
39767353  12004603
39783396  218384
39766776  669367
39783102  12249495
39783601  29140402
39783508  22937618
39781169  9560600
39783247  31657306
39783597  9605913
39783620  20138355
39783452  280033
39783580  10899384
39783762  3127429
39783726  6954128
37986602  12696791
39783950  14630288
39783857  6658752
39761836  2919878
39784084  39519822
39784250  14220321
39784453  20716812
39784895  8722806
39784580  38477569
39784998  39784614
39784983  14995000
39784687  33260509
39784401  4660142
39785290  19944644
39785448  22444
39762418  11485271
39778412  21731439
39785385  16752799
39785112  1826159
39785481  29986657
39783810  9860090
39785526  6174182
39785526  14390722
39785889  21052377
11619112  8480100
39780156  8028957
39785576  19651009
39786174  203198
39786240  1665533
39783915  12202656
39783471  13109840
39786243  6057130
39786368  11797216
39784606  24102104
39786205  18050071
39786523  4685173
39786345  28833473
39786619  23294658
39786338  2548815
39776545  25164257
39783346  24245262
39786691  34784778
39786774  16969060
39787051  3194529
39786122  34756064
39786964  34692972
39785074  14793396
39787201  15131619
39787054  4205181
39786227  6784463
39787370  1652128
39786621  14220321
39787794  610245
39787433  39580824
39787769  6061505
39787719  6298566
39787841  542938
39787989  10079990
39787562  6045307
39774482  39776940
39787442  7174007
39786646  11100821
37722353  38579632
39788194  4660142
39788332  218384
39788386  4261133
39766564  37478237
39766564  38856115
39788231  29284236
39787953  31903005
39788351  12404868
39745713  39704743
39751036  39704743
39753785  37356761
39786535  3501516
39786481  39784274
39777179  39504805
39788839  3820269
39788726  154136
39788922  5529087
39788961  1240852
39788847  79797
39788871  17498216
39772220  12888490
39789206  14802128
39783177  14523468
39789294  218384
39788629  31999486
39789368  17547473
39789481  8819738
39786273  11453944
39789520  32782922
39783383  13521833
39786709  4906148
39789572  4660142
39789644  170956
39789713  5554734
39789676  5864146
39790061  37451498
39790240  2745265
39790419  18093928
39790732  28584669
12262019  39789125
39790691  11007178
39790892  38519762
39789033  35137085
39791064  33670991
8956247  8190675
39791178  4261133
39790998  1817792
39772053  39739927
39791263  4261133
39790930  39778440
36598919  27407355
39789668  39790515
39791162  20035101
39789569  25977452
39791469  3226519
39789125  7627098
39789439  30094047
39790567  39537177
39791680  12769982
39787522  26664511
30976088  3991905
30976088  18862114
39791529  961048
39791747  4421706
39785803  30094047
39791846  1680528
39791928  3127429
39791928  133973
39792038  5466451
39770948  28244911
39791675  15683032
39792044  10213703
39789784  18422140
39792177  31842983
39792177  31590714
39778204  11084395
39792311  60174
39785822  19695784
39792257  1014861
39789786  5442436
39792483  4325267
39792484  39091161
39792360  21999178
39792660  4660142
39792873  218384
39792854  26960703
39793112  3903537
39792242  20001427
39792242  24487805
39792926  5451016
39792927  123559
39793288  203198
39783142  705395
39793320  12731428
39793379  1661586
39793545  6744283
39793365  12947668
39793658  3069589
39769085  4145667
39793611  13447554
39793273  19676750
39793763  13840591
39793930  1827965
39792053  26700924
39794063  12769982
39783797  245062
39793064  39158816
39744348  3225862
39794190  2063480
39794182  2601620
39794312  4261133
39793798  4562479
39794590  11934468
39794618  9605913
39794669  21722375
39794668  513832
39794378  39617207
39792657  16356420
39794763  15572411
39785737  14391055
39794927  218384
39794544  38547998
39790102  4313841
39795028  8028957
39789707  8809943
39795255  25445439
39795252  14743941
39795414  19109131
39795393  16474143
39795510  13102045
39795330  15253875
39795565  19543862
39795615  6464404
39793620  39647719
39795567  27983
39795724  42294
39795266  25867584
39697289  27838660
39795170  14472359
39795861  3339136
39795795  218384
39762116  218384
39795891  1064977
39796048  39795842
39775613  3106452
39785296  39739927
39790304  39739927
39792075  11976446
39796133  419163
39796081  31429582
39791432  4112686
39786941  3106452
39793361  29444898
39795946  37792720
39784811  3541077
39768936  2422468
39796250  17637195
39767508  4112686
39793462  10174050
39796220  588004
39796369  938733
39796175  3756609
39796440  383947
39795856  11923865
39794391  2818179
39792477  39777657
39795790  39777657
39796695  17851478
39796580  4685450
39789054  204476
17201227  13748124
39796789  31998355
39795246  322936
39796998  513832
39797080  17232414
39797080  12347775
39796576  9421966
39797029  16704290
39797101  19324700
39797379  37872765
39797178  16062867
39797246  14166269
39797470  38062497
39796825  4261133
39796336  19695784
39797464  27195956
39788795  8638621
39797890  354038
39788976  19096228
39797790  18752171
39797938  35306111
39797987  14602062
39797787  39005958
13939675  14602062
39798208  6821532
39787345  32543340
39792464  3297132
39638982  537174
39638982  39636967
39798009  5081910
39798138  23515347
39796949  19774975
39797329  5998410
39798466  28325553
39798540  17470595
39798697  19565118
39798702  36247140
39798789  19986290
23765708  24825925
39798736  16252269
39798870  39756291
39799119  18050071
39792998  10879104
39799322  2655925
39798834  32635704
39799331  32471748
39799669  11227620
39799377  15578528
39799896  13886168
39799996  39798697
39791995  107701
39800097  241789
39800164  5187530
39799635  12634516
39800194  18050071
39799590  13374533
39800335  32648371
39800387  513832
39800396  3641845
39800462  4660142
39800061  1078146
39800131  11978995
39800630  2973202
39800524  1132941
39800527  553682
39800747  10693845
39800750  20627138
39540824  1748129
39800806  29877030
39800803  20279484
32182100  32528880
39800886  39481549
39800893  5554734
39791056  10222835
39551966  14282369
5392693  363681
39801637  39782553
39796692  337704
39795725  6194419
39801874  513832
39801854  4086108
39799563  18642355
39801973  16904830
39652940  5543540
39801084  36358047
39800291  9703888
39802245  513832
39794360  24874027
39802370  2973202
39801583  8515524
39802435  10790457
39802464  240178
39802468  25706216
39802579  3999205
39802539  11321491
39800909  4328620
39800909  17045941
39802731  670662
39802701  15913788
39802291  23019432
39793265  21624796
39798596  16645620
39802833  6610022
39802548  27959258
39802952  20652409
39803055  2612802
39803204  1059559
39799560  3988788
39803459  10693845
39799316  10562904
39799316  3760626
39803442  18098482
39803425  16108446
39803213  39783284
39803819  3552461
39745902  39508387
39803972  25168030
39803932  19662233
18563019  15487421
39782571  35975202
39799575  858980
39796282  4176328
39802118  1727772
39798551  1789945
39799898  765396
39801441  25675943
39803792  39791584
39803991  37967120
39804173  40480
39804183  218384
39791971  6848970
39804095  1733877
39801885  10376604
6607890  2776932
38026410  2245442
39804596  14220321
39802383  16522648
39804679  1991175
39804553  29969049
21078950  6740333
39804396  1991380
39798807  8412834
39805255  4660142
39805308  761194
39804808  40480
39805322  20563772
39800596  12054133
39805361  3748
39805225  223918
39805460  22842289
39805460  8505651
39805492  5391069
9710895  5121495
39789325  39787043
39805141  6343166
11744890  14211303
39775058  18153234
39805625  513832
39804211  959063
39805742  1091945
39805836  495021
39806101  33015652
39786783  39638718
39806355  24644436
39806340  3178247
39805926  14060161
39792017  513832
39798059  588004
39798059  6275327
39806587  13764514
39806653  6343166
39806628  203198
39806793  2592764
39805652  35301998
39806309  6293403
39773563  16226444
39806778  3732809
39806917  60174
39807019  12409529
39805456  10382929
39807064  2158395
39807031  22206430
39806030  4261133
39807004  32019724
39806626  45135
39807143  509076
39807382  21708192
39807404  27414344
39804786  11804721
39807581  6870499
39807643  475779
39807639  3964793
39804377  1812244
39807600  588004
39801686  30822210
39743798  16879703
39807261  14220321
39807796  168736
39807769  9106166
39804018  33540479
39807718  39476593
39807756  1196192
39806071  339923
39807468  14836560
39798729  859253
39808023  5554734
39808130  18050071
39788463  39798375
39797260  4617935
39807879  32648371
39808128  30650327
39791565  4528047
39777244  39776142
39807066  2631726
39808314  34168673
39808288  23294658
39808365  18050071
39793453  291978
39808414  23353173
39789225  36206407
39783641  5682809
39780946  3590165
39769472  4012571
39808444  513832
39767160  12269537
39767160  20843486
39808196  32561050
39761810  2407398
39758365  1921894
39756899  2812520
39635345  39795993
39807938  12004603
39756119  20439062
39725533  657144
39808465  1978933
39801181  10239088
39803048  867979
39807239  5554734
39808421  542938
39805604  6056162
39805879  12769982
39748422  4107096
39808528  24644436
39804480  39802640
39808404  3422673
39807818  31465430
39808562  15043981
39742447  39743507
39808891  8049520
39808822  4843158
39808790  13863795
39808870  27102344
39808226  20749406
39808878  409784
39808996  3052130
39809039  11369360
39553233  23834663
39572106  12937798
39809151  10693845
39573434  68335
39575329  16813267
39608222  10867193
39809231  8517779
39809305  1528298
39809386  10233550
39809401  31102360
39809332  39736901
39809356  3413291
39738762  39435246
38653112  32557920
39809530  2225600
39809050  4660142
39808372  213042
39809480  17498216
39809633  12573816
39809518  37946990
39809092  13082074
39809764  3737139
39806051  5121495
39809796  495021
39809065  1665533
39809864  16969060
39809896  8865458
39809913  2510115
39810024  39809603
39809475  39584707
39809925  750486
39809716  16580270
39809750  7143120
2911442  7143120
39810154  11321491
39810089  20392772
39809828  18066322
39810122  12927169
39810217  218384
39810240  14220321
39810232  31102741
39810176  11731377
39810170  11828317
39810298  4244896
39808520  1958808
39810225  38381971
39810163  39806138
39809575  32728860
39809834  39174195
39810578  279170
39810540  8028957
39810323  18803354
14769408  426258
39810600  9596652
39810663  12429029
39810476  495021
39810673  25330946
39810832  9979970
39810885  4261133
39810637  33664350
39809152  24349543
39810802  7868936
39811071  34361379
39811071  9549780
39811103  165779
39804871  16422847
39811136  12897374
39811055  20563772
39808972  37958879
39809877  521171
39811221  7910339
39811201  17863066
39811258  5554734
39811326  14220321
39811106  13692661
39811301  12796973
39808576  39159704
39810423  3911966
39811432  39807907
39811278  10382929
39809772  1094872
39803148  1392383
39810931  28416547
39803741  17150627
39766258  25376089
39766258  34413
39801149  5279017
39801149  3718383
39798785  2770321
39793858  36435532
39793858  34413
39791961  2784514
39791845  5711084
39791646  27476845
39791646  218384
39791370  12734721
36235986  8177628
39787784  34987954
13013666  6495633
39784347  6164167
39783863  25706216
39784515  14694852
39784515  24173117
39811660  4261133
39811548  15890014
39811647  29140402
39811647  409784
39782314  2770321
39774131  37145331
39777836  769963
39776341  218384
39768151  225337
39768151  3481828
39811707  25706216
39772414  3665404
39811788  750486
39811876  18050071
39771427  1305350
39805146  3059044
39811941  25445439
39811921  218384
39811539  5767228
39812008  13203992
39811951  24025340
39811992  5997027
39812163  9789723
39802659  38839693
39812288  218384
39812386  2166577
39812331  500431
39812495  3452485
39786480  25395797
39812628  20279484
39806544  1741820
39812216  36315692
39812626  14883008
39808914  39347591
39812634  2395160
39812496  38381971
39812803  14424071
39812341  3536283
39812437  2063480
39782350  21722778
39812901  32170456
39812470  13840429
39813012  5998183
39812807  3446216
39813105  24836815
39811805  6908143
39813160  4687208
39161508  949433
39813370  14127529
39813517  9756567
39812516  218384
39812746  5502761
39813772  17484764
39813752  5739937
39813730  38987391
39813999  192319
32373168  29808573
39813124  218384
39814161  3665404
39814161  15351261
39814005  25706216
39814254  218384
39814116  12113699
39814370  195207
39814452  10259504
39814362  9317582
39814626  949433
39814595  32089505
39814658  4612386
39814648  19733437
39814736  8421103
39814624  5590381
39814737  23667086
39814473  27412084
39814542  16886179
39814768  736590
39814768  36449456
39814806  3306007
39318516  39298378
39812735  27903681
39814833  447048
39813570  6375873
39812955  6472016
39810125  38820570
39815092  1373164
39802251  25607247
39814506  13964735
39815072  5031116
39814527  38479251
39815251  8440558
39815269  14220321
39815316  18050071
39815157  8004237
39815270  3832792
39815346  4761728
39815055  5041494
39815609  32584850
39814906  39731070
39815489  4477850
39803811  17083318
39815696  16602668
