40009561  34251587
40009797  4772425
40009797  28177370
40009962  18967441
40009712  1268504
40010027  39692497
40009520  2866380
39973947  8366610
40009850  32557920
39968922  6252678
31458492  14796620
40010024  8333838
39965856  30094047
40001170  1720244
40010102  7645178
39955182  26630318
40010180  6970754
40010259  18050071
40010087  2139134
40010428  27726592
40009019  15889131
40010294  35473174
40010522  22489398
40010005  588004
40009328  16755991
40010915  3830644
40010634  40009927
40010875  6490416
40011098  1552301
39912963  17244157
40011089  21122540
40010815  37653784
40011186  4244896
40011183  936422
40010851  20940979
40011308  2185252
40011448  34934687
40009873  4204915
40009690  17931814
39990902  283751
40011801  513832
39962714  7705470
40011974  7381150
40011967  23294658
40010951  1143262
8899929  410502
40012068  38768737
40012115  218384
40012212  4176328
40012018  39272386
40011813  14033351
40008652  24487943
40012327  6886493
40002169  13735701
40000975  14966102
40000975  7535677
40002381  35043874
39992048  39302814
40012764  3446216
40010160  33203379
40012757  22662488
40012895  26298829
39998268  33590378
40011924  19711675
40011768  29606475
40011768  8708632
40012997  18238173
40013095  5796288
40012891  24102775
40013159  218384
40013182  3053593
40013496  32648371
40013488  817853
40013473  4815627
40011238  39907938
40013701  29161481
40010778  7168790
40008593  3577641
39941922  14019028
39992580  36176474
40013950  218384
40013864  8079238
40014228  32284139
40014393  8976627
40014367  6962156
40005279  37565858
40013978  138331
40014349  25611999
40014432  5051687
40013867  59895
40013088  37367854
40014911  3967996
39980503  26071747
40015032  492994
39990232  36063269
40014849  22662488
40015002  4113041
40014664  471928
40015274  2674174
40015353  5121495
40000868  20279484
39999374  7194688
40013365  35539848
39998151  20342828
39958852  6457768
40010549  218384
40015146  21258620
40015654  22937618
40015898  11769555
40015456  1363239
40015495  979975
40016114  18348065
40016213  29166809
40016346  455050
40016472  4994201
40011243  27965401
40016206  14220321
40015818  12833490
40015222  34413
39921322  38746788
40015969  4570366
40016689  7861699
40016608  60174
39826236  10443461
40016565  297303
40011165  30680938
40016603  6034297
40017083  4396974
40009982  39037594
40017325  16657399
40017334  3806536
40017074  14584830
40017148  19036188
40017202  1475297
40017127  6012640
40017006  5300714
40017474  24479155
28654065  5765853
40015584  33415302
40016695  7371903
40017546  10592753
40017751  2686855
40016144  24247512
40017932  17863066
40017264  13454295
40017949  21287794
40018022  4616095
40018252  13102045
40017653  5794414
40017166  17498216
40018069  10781863
39967478  24494237
40017746  359424
40018193  676615
40018552  23287304
40017287  40014725
40018882  1458633
39974286  38879742
16369146  2563934
40019078  6274008
40011616  24644436
40018535  4829054
22063368  21762194
40019263  24644436
40019295  30566848
40019456  21509982
40019564  16846531
40019130  14478304
40019507  32648371
40019632  17498216
40019592  33260808
40019695  14028959
39976419  13539132
40019589  7050404
40017762  39101291
40019908  39491273
40019986  31264172
40020011  37394458
40018334  4770025
40020087  36871527
40019861  7493287
40020332  218384
40020466  36527482
40014350  4261133
40020539  4176328
40018499  34486417
40020657  21843172
40019118  201323
40020613  22662488
40019426  40002865
40019603  21213779
21213779  1208442
40020955  6352454
40019372  10944621
40021168  2627473
40021096  25174183
40021157  6382539
40021360  5346186
40017465  824295
40020288  14220321
40021291  1293529
40021492  40004991
40021030  218384
40021461  15454220
40015167  3206344
40016896  4261133
40021827  7958613
40021687  12547683
7958613  750486
40021805  38388277
40021924  18827081
40021507  2749796
40022000  5121495
40021945  2867470
40022217  4736
40022240  39038358
40022427  10917878
40021902  9273016
40022803  9581064
40022628  10693845
40022396  689677
40022631  24938616
40022613  604831
40003998  2746561
40023012  6045476
40023029  218384
40022791  6734521
40023107  6411361
40001822  23720487
40023038  39425088
40023171  14208256
40022805  18510031
40023081  513832
40023157  34513460
40022854  5658457
40022854  8036691
40022650  1520429
40023405  2230500
40023560  14220321
40022949  2129693
40023655  4660142
40022987  19098143
40022851  218384
40023758  28952411
40022793  218384
40018151  40004565
40018151  9274494
40023947  3360772
40023872  1682567
40018838  20968170
40024079  2225221
40024173  279170
40023349  31217970
12129774  21265629
40024250  119123
40023859  18222286
40024248  9733638
40024542  8257714
40024551  18296755
40024552  3915961
40024640  4056306
40024718  27394710
40024734  12142172
40024799  60174
25020451  27462582
40024709  14187963
40024996  2418473
40024977  15931607
40024704  1133770
40024081  1373164
40024486  5387174
40025079  25888193
40025166  22662488
40025314  14105611
40025348  8550114
40025224  791328
40025395  36175414
40004198  2254872
40025383  4226747
40025383  129389
40025434  13096933
40025359  1267283
40025594  2282609
40025647  9921676
40021341  218384
40022687  164194
40026010  23417356
40026096  240178
40026252  2774142
40026034  32148218
40026277  39568096
40026360  218384
40026345  24644436
40026341  1055336
39841091  7313491
40024658  6403851
40026544  2612802
40025955  768431
40024257  7950268
37072517  34685825
40026551  4660142
40026590  17968020
40010616  3122635
39630971  1729824
40026907  12503527
40026104  18744407
40026765  1847092
40027075  39581943
40027021  6729605
40027238  2414105
40027264  24504582
40026837  9605913
40027224  16284403
40027332  40024539
40027314  988363
40020029  1456529
40027497  6386093
40027803  12573816
40027759  14220321
40027868  4261133
40026763  36577020
40027707  10219781
40027930  26989493
40027284  33082835
40028080  18422021
37822849  2386873
40028146  34241695
40016235  14220321
40028238  27394710
40028027  17324849
40027980  3996904
40027980  14748910
40027598  16734186
40026294  36740657
40028406  4261133
40027846  5739937
40015127  17410270
40028682  12573816
40020905  5478351
40028399  25706216
36238887  26236351
40028790  40027754
40028927  8719276
40029004  218384
40028882  28310594
40028342  1512562
40029255  32217764
40028884  21306720
40020351  39458465
40028300  29455081
40029664  1963298
40029138  8104187
40029658  33188920
40029482  3531251
40029887  5706437
40029857  20268262
40029946  7246279
40030028  664700
40027437  4122393
40029899  29686788
21263160  20968492
40016966  35553500
40030301  218155
40030321  1496180
40030345  2531221
40030365  19551339
40030425  4716503
40030318  28901909
40030488  8004237
40030305  14028959
40030565  7176792
40030590  22867077
40030461  35785615
40029414  39106454
40030710  30094047
40030754  10143093
40030612  218384
40030635  1255492
40030971  15151369
40025532  33359960
40031009  495021
40029507  16045643
39971018  3577641
40030569  6302185
40031070  4446366
40030303  13711152
40018738  11480763
40028555  1335830
38571032  31243068
40007188  25187742
40031692  8906722
40031718  32747095
40031804  12791501
40031683  36147802
40031872  6182964
40031872  826948
40028377  18613023
39569496  24026458
39569496  19255296
39842964  12115691
40024523  7556591
40032137  27205018
40031657  4660142
40032572  513832
40032650  5554734
40032170  324486
40031883  750486
40032702  15822062
40032716  1953530
40032771  18093928
40032775  1894886
40031530  7183198
40032973  4061197
40032907  27659720
40032790  11321491
40032962  6547602
40033178  4421706
40033317  29140402
40033334  218384
40033258  218384
40033542  3173635
40033575  14220321
40033347  153724
40033780  4479683
40032958  38401850
40026353  29861096
40033798  5739937
40033512  2049245
40033789  10404194
40033787  20035101
40026161  38879742
40034015  428918
39973976  4261133
40027019  742466
40034321  2973202
40034303  4261133
40034527  14028959
40034598  31136928
40034668  21774629
40034546  26842504
40029744  29732575
40034427  33820142
40029409  26748069
40028444  21595413
40034804  23515347
40034621  37779459
40035030  8147027
40022609  39985259
40034906  10244973
40035104  5285448
40031928  39640469
40031928  37995870
40034986  1267869
40035360  15993356
40035466  23515347
40035498  203198
40035580  3492322
40035580  8320002
40035593  1556387
40035632  22374117
40035544  894263
40034265  18429491
40035659  276927
40030009  20734540
40035796  16068662
40017152  2624869
40036323  2332330
40036249  438939
40036468  31045735
40031076  1625234
40036593  2835626
40036145  6098646
40036672  17299581
40035623  9053819
40036765  378415
40036804  36901
40034591  4660142
40032938  2185252
40036930  14052872
40036689  23417356
40036949  39770303
40035467  6029473
40037362  15980665
40037407  5554734
40033119  6840668
40037276  12859942
40035355  16809744
40037541  25052758
40030315  14220321
40020314  17161172
40037593  14612314
40037540  3655316
40037871  215497
40037790  7853130
40037971  34665069
40037971  1675272
40037971  39785325
40036463  37441326
40038227  4660142
40038249  3088059
40035123  4421706
40037768  22662488
40035706  20329355
40032599  2422468
40038149  10404348
40038817  169511
40038807  5782783
40038889  5499574
40038895  10382929
40038394  40036586
40037071  218384
40039003  31264172
40039069  4261133
40038966  25213497
40038939  5171593
40039007  15230446
40039308  15513467
40039376  218384
40039366  18178406
40039062  154109
40038871  9680215
40038904  4793604
40038748  218384
40039513  5554734
40039643  4660142
40039643  39016363
40039496  24150809
40033564  17054000
27832963  6797096
24150809  21547180
40029934  8732403
40039690  1696877
40039490  89228
40035040  39849984
39845775  15447102
40039910  5739937
40039933  15370288
40039839  31755765
40037366  31002592
40040034  2343418
40040206  4570366
40039226  14926368
40039226  10454232
40040431  37878946
40023715  37746516
40040818  9547291
40037623  37969389
40040741  19324740
40040479  5686276
40040955  1485983
40041020  180986
40041065  27308772
40040421  27874469
40036180  23001428
40040582  4660142
40038100  1313390
40040683  29923879
40041344  40031962
40041367  21814825
40038148  18050071
40041418  1021645
40037570  5121495
40041376  25840438
40041540  38940858
40041632  2631596
40039725  922398
40041988  28867751
40030068  12476515
40042019  12734721
40042078  34437557
40042025  19083357
40042211  4343202
40041687  21881992
40041571  31729187
39700875  39616256
32116297  12466188
40040514  29754714
40042338  39957266
40042214  8799439
40042214  2276271
40042532  34296290
40041274  6120931
40042343  38983904
40042418  24970420
40042740  55612
40037552  39950713
40035517  9377914
40042812  218384
40042889  3271931
40042725  2844565
40043039  307674
40043066  17139453
40042711  7550383
40042711  30423496
40043106  513832
40043174  3987006
40043207  1241165
40043312  15042849
40043195  4181784
40040669  3422673
40042538  15790743
40043324  218384
40043477  9122078
40043497  1520800
40043424  12382053
40043539  40042654
40043259  15425663
40039177  37192827
2683739  343865
40043881  24279
40043590  11321491
40036712  218384
40044060  9466265
40044067  556771
40044244  218384
40044183  2591098
40044183  24279958
40044200  12279601
40044076  109383
40043727  6349232
40042416  10975387
40042416  24535361
40044401  20353402
40044526  17863066
40023499  1036856
39929665  5475202
40044815  9786058
40041811  4068033
40041811  1149929
40039862  11808462
40043754  4076601
40041494  32638134
40042964  16618071
40044928  22451848
40043179  3552461
40044735  5363502
40044855  6651829
40044960  218384
40045126  9133570
40044361  5151077
40044787  17784390
40045139  11321491
40045199  21107329
40044182  38229953
40045333  3072307
40045345  5291606
40045026  37482366
40045401  35553500
35518226  15989618
40045366  4806911
40040673  21325661
40045534  2958684
40045567  28322751
40044116  3144053
40044116  644785
40045835  279170
40045955  15868248
40046049  11592109
40045907  32170456
40046175  23507853
40046183  20932090
40046259  495021
40046169  49379
40046332  22752075
40045833  30631286
40046402  495021
40046291  8749929
40046701  40025129
40042229  13704752
39638051  39592576
40046903  203198
40040715  176514
40046801  4215737
40047009  40025585
40045372  35717353
40047073  12936804
40046938  11321491
40024116  25163891
40047256  7844359
40047216  6343166
40043051  1453591
40046866  218384
40047594  417568
40047594  618535
40047650  16963066
40047679  38545700
39542975  35180562
39829570  28692229
40047711  31597953
40047843  1552301
40047866  35553500
40048030  5605125
40048063  1132941
40046202  16063391
40048023  2167916
5609648  21067625
40039809  34147515
40048087  2211867
40046244  3753869
40048143  134845
40047774  38213668
40048721  4660142
40048844  39429342
40048643  10693845
40048221  72121
40048890  750486
40048976  23696317
40048996  40480
40048800  13782269
40049280  15112125
40049313  27953588
40049329  4072348
40048186  36709767
40049543  13773770
39811519  2019588
40049010  18050071
40049638  21418760
40049556  4261133
40049480  7093393
40049634  27137689
40049488  10951449
40049573  32256206
40031098  33641221
40049972  39782510
40049784  11914514
40049992  7069076
22808065  4583792
40050157  4638108
40050160  897356
40050274  5684160
40050199  32313150
40050360  22539815
40049274  7474717
40050355  39996295
40050572  18200427
40050584  13796759
40050068  218384
40050624  1634268
40033480  30547283
40050662  7678844
40049414  4216745
40050597  21465988
40049483  574594
40050718  13247473
40050874  38801257
40050553  25269636
40050621  750486
40050455  21405674
40051248  3632075
40051195  17575442
40051337  5089565
40051253  35186
40046177  10175812
40049455  40030243
40051564  218384
40051648  240178
40047041  6656324
40051347  20779242
40051656  4261133
40048028  17863066
40051505  14220321
11202920  5001002
40051923  4574218
40051966  11377944
40048138  13855111
40051999  33051386
40047865  40008863
40052334  23924373
40052206  18049064
40041570  14473180
40051240  14249712
40048695  20149750
40052921  4660142
40052987  36247140
170686  9387610
40053121  17736571
40053140  218384
40053148  7936572
40053220  1148218
40053203  17530230
40051879  24508592
40053313  12019454
40053350  17498216
40053509  11144513
40053683  26337003
40053658  2531952
40053831  8440558
40053610  3692254
40053617  9542820
40053814  367192
40053890  3534507
40053882  12605107
40052836  17531362
40006559  15412808
37960279  36771882
40053927  40027969
40054005  4261133
40053959  3394835
40053923  2990973
40040212  15100101
40037121  3045208
40052985  18050071
40054138  10636389
40033096  9196525
40054461  40053090
40054428  588004
40053434  9847470
40054399  5332562
40054571  6159313
40054570  11321491
40050265  9848556
39991319  240178
40054805  336859
40054559  4389644
40054911  33791230
40054982  666811
40044502  5209372
40052368  4531396
40054969  10965280
40053786  22662488
39819238  7722159
40055405  24652074
40055330  13950642
40055371  7691816
40055640  24170256
40055648  218384
40054149  10873295
40055551  1257507
40055869  972922
40055654  26516942
40055619  8353948
40054422  39516199
40056075  14033193
40054607  40049981
40056129  17942508
40056271  6441218
40054041  750486
40055625  28045091
40056225  19401403
40056115  5337040
40056445  39253681
40056332  16568
40056470  2228430
39790468  39784420
40056549  39767873
40036179  11741302
40055472  21895756
40056472  276927
40057028  572897
40055398  5452422
40057145  1537202
40056471  218384
40057376  4660142
40056180  5746544
40057417  4660142
40057019  36378316
40056772  19184019
40047501  21253560
40057617  23840639
40057598  38767635
40057755  36790279
40057653  4649639
40057653  35650681
40057941  4958235
40055841  1217088
19416117  21067625
40032737  7707495
40058184  26938441
40058100  218384
40057495  28365839
40058043  2123514
40058504  218384
40058446  39335295
40057450  38590937
40056204  31095570
40058570  1629324
40058775  11273197
40020985  29630538
40059277  20449427
40059348  10837670
40059531  132988
40059558  2745206
40059144  25604754
40039228  8282266
40059514  34957430
40059553  955110
35804688  37445468
40059677  13948344
40059733  1451009
40060049  5767228
40060152  10693845
40060151  39396572
40060082  22542834
40060370  15209831
40060241  2063480
40059628  8708945
40060536  4261133
40053888  6259844
40060652  27464168
40060528  23515347
40060649  218384
40060700  9191803
40060134  14101694
40060563  4130486
40060831  26360281
40060852  24693440
40060846  17850191
40060893  276927
40061060  5554734
40061093  5554734
40058761  1814532
40061220  750486
40061209  2708237
40057721  5706437
40059474  7352254
40061348  2612802
40061366  39549717
40061545  1373164
40061452  17764525
40061110  7461265
40060227  12573816
40061375  26028918
40061742  2591098
23220862  15545326
40042241  17386462
40061719  34413
40061547  13710867
40061748  22662488
40061915  8689184
40054081  28789950
40061080  25595104
40054962  40038679
40061686  13553837
40062091  12425287
40056526  22710627
40062192  22147749
40061532  513832
40062290  2973202
40062346  10649036
40062265  9385778
40062293  1475297
40062293  22662488
40062494  1232793
40062033  922544
40054545  40049308
40062663  4564251
40062719  39644585
40062758  39807319
40040236  8485950
40062063  5351629
40062793  550703
40062755  5767325
40062662  518000
40015539  30966412
40062767  18848537
40063057  39581943
40063091  6921105
40063166  39238588
40063207  13603445
40063153  26434458
40063128  10938360
40060526  8348030
40063452  20035101
40063069  4660142
40060525  18038947
40063616  32010172
40061267  11088365
40063741  12573816
40063649  39160889
40063747  881085
40063737  14220321
40063783  12573816
40063373  122105
40063842  218384
40063866  5554734
40063738  21672104
40063916  11179318
40052656  35614862
40063813  19881763
40060333  40058697
40064151  218384
40064101  780334
40064101  8136788
40023164  10835849
40055175  4425350
40007114  36191516
40064356  2245442
40012194  1902311
40032377  33454533
40055741  18050071
40064401  1687620
40063036  36715648
40064626  12573816
40051405  29162881
40064723  4176328
40063939  9408437
40064548  2973202
40064826  12573816
40064849  11355623
40064768  40062165
