40064873  21893203
40063745  40064876
40065074  19887729
40065219  31303435
40065255  5554734
40065209  2026054
40065304  13102045
40065271  34619350
40054411  23353173
40065325  1207406
40065403  12573816
40059300  4261133
40051121  1516054
40063662  812571
40065055  14295469
40065482  24504582
40060809  17551193
40024442  5595425
40064990  40480
39978674  6115637
40065408  18895915
40065666  22937618
40055160  40061908
40065846  1751844
40065674  32470543
40065934  30429062
40065910  13142347
40066079  521171
40066109  4539469
40065874  5826649
40066006  39854443
40066060  854128
40066209  3705318
33295290  28575636
40066243  24644436
40065024  4261133
40066265  5005388
40065676  22662488
40066420  23446377
40064756  40065525
40066529  25706216
40066444  1634268
40066707  12769982
40065000  31281235
7237118  6366530
40066654  11488014
40066830  218384
40065941  29101103
40066766  4660142
40066377  1732348
40066377  6873070
40066970  107705
40066763  952914
40066763  2158395
40067012  4421706
39603549  38934851
40067190  5584586
40067216  29140402
40067222  23515347
40066515  6751749
18414384  10693845
40067416  22662488
39813767  12996657
40067112  37482366
40067524  38306726
40064983  493386
40059500  9475241
40067456  17498216
40067116  34225927
39814820  3446727
40067348  31733776
40057910  31662713
40057572  13323976
40067609  218384
40057471  1241813
40057165  21122540
40054696  2295290
40051044  20656663
40067653  26372884
40067641  13102045
39982506  23349180
40067847  24791854
40067844  25589406
40066563  12829163
40065369  5197814
40067411  13443262
40067411  2675655
31001539  10416424
40068069  5698378
40066405  3453220
40018743  36190757
40068219  16252269
40068143  1665533
40006310  6193498
40068278  22662488
40068353  2928845
40063484  4272666
40068506  60174
40068524  2590640
40068512  739993
40068590  19693782
40069131  750486
40069121  12108021
40069263  4289331
40067602  38381748
40069383  24085680
40068767  5387576
40069395  38276007
40068014  12289853
40069435  588004
40069384  39770303
28821722  24034544
40065465  12145067
40069692  4261133
40068982  16588064
40069660  34625440
40069349  6646845
40069225  38410159
40069972  3719150
40070004  1132941
40070136  1494953
40066773  12128829
40069895  36091242
40070306  3475601
40070787  271440
40070276  33666071
40070387  231767
40069590  11238953
40070893  949433
40069704  677038
40070639  3099581
40070639  33785180
40070967  4421706
40070957  20940979
40070968  965023
40071151  2485244
40065398  40062905
40071245  14391299
40071260  22662488
40071284  4172722
40071455  12573816
40070442  5121495
40071458  3801557
40071370  19843506
40034369  36577020
40067868  25335509
40057096  12744928
40071671  8000022
40071753  8299545
40008221  34761151
40008221  32584850
40033316  40071148
40071896  10693845
40071602  4025635
40070059  40480
40070059  32010172
40070141  21302658
40071925  40062379
40071822  10404348
40070745  13049571
40071933  8767166
40068285  17300318
40070561  20286913
40071733  218384
40071978  29549836
40065420  3965752
39825987  20286913
40071738  38538413
40070645  40069517
40072220  5315908
40072235  40066870
40072289  6867131
40072212  5181320
40072217  17071504
40072304  33666071
40072152  16388959
40064595  26808965
40044795  20547819
40072521  409784
40072341  10693845
40060957  40065252
40072178  26793359
40072652  12573816
40071337  40061173
40072553  577575
40072608  22482870
40072709  1116123
40072716  34052216
36396717  24989218
40072597  21410770
40072825  25706216
40072843  8321096
40072902  16388959
40070296  9508518
40072872  29308898
40072668  15005500
40071796  11321491
40072704  4072190
40072335  6910641
40073036  20529247
40066469  15995919
40073097  3637936
40073044  13208673
40073084  36590549
40072998  19986290
40072805  40054674
40073119  8831060
40073215  2600191
40073236  1876191
40073254  1207406
40073235  36137200
40073319  13840429
40073339  7318011
40073451  40073069
40073453  40069870
40073345  34502950
40073525  2839321
40073070  8938235
40073670  5020906
40073659  218384
40073818  22252904
40073830  1700081
40073843  26963510
40073951  11114622
40073945  401656
40072498  218384
40074160  11790104
40074299  20773850
40073935  2307283
40074337  21483479
40072098  40066439
40074394  28535693
40074511  20337489
40074545  18050071
40074743  1647322
39938204  6495898
39443440  218384
38800547  218384
40074736  40062136
40072111  6011115
40071894  11950819
40072395  13591983
40074851  17527468
40069451  8420705
40068674  5283649
40067990  22650506
40065972  3207219
40061708  22397289
40075030  240178
40056944  14844687
40054334  533905
40049877  960733
40046209  36901
40075089  33422419
40073976  39581943
40059654  606191
40057876  10666163
40048013  261638
40040177  13089234
40007967  9942594
40074042  2459524
40073975  14863010
37431724  5487269
40075257  4261133
40029053  20003675
40026495  2490771
40075378  927945
40075461  4944278
40075410  7020417
40070766  14436127
40075647  218384
40075663  513832
40075518  4540754
40069015  8316882
40075723  3255
40075875  16641119
40074857  826948
40075877  23452375
40068183  7125289
40075918  1031273
39891686  4777685
40075701  27715697
12514970  1716266
40004848  12750681
40004848  218384
40076134  409999
40076161  65035
40075942  6157485
40075969  39975396
40016301  16796076
40076086  20279484
40076439  15112125
40076330  14022215
40075907  16906686
40076694  25706216
40076206  6772603
40076839  513832
40076858  32170456
40076656  2973202
40076978  2531221
40077127  12524322
40076526  14819058
40071867  16166457
40068356  36598500
40075607  10087819
40075734  24366078
40077190  13445688
40077385  218384
40077517  521298
39937972  35198264
40077063  6567742
40075121  4660142
40077345  18791882
40077695  25706216
40077599  24533643
40077625  218384
40001762  8566531
40073709  33885059
40077924  17620380
40077996  5685406
40077955  29140402
40077494  5524632
40078073  9162705
40078179  33549444
40077394  23515347
40078318  39728723
40078342  9754103
40077034  53162
40075279  8496182
40077796  36687936
40076959  29557683
40078338  24258938
40078161  524761
40076939  279170
40076939  4957900
40078749  14883250
40078685  18050071
40078937  218384
24887709  7177012
40078888  6790930
40078759  2531952
40075280  22288871
40079126  4848611
40079264  513832
40079308  13102045
40079419  27701156
40065632  34037094
40079492  859562
40079543  23299684
40079614  40068985
40056222  2154220
40079817  4660142
40079804  14371092
40079833  14220321
40079793  17373339
35547662  34910928
40080000  19896870
40080043  27110563
40079173  2609259
40076875  24502282
40079033  5237791
40075372  38183538
40069749  33573929
40076352  18713321
40080392  14220321
40080347  6101741
40080399  4587952
40080399  1665533
40078790  17898236
40080426  5346186
40077294  12887014
40080512  5554734
40080530  18115153
40080645  1102392
40080584  14602062
40080239  2560946
40080483  37800342
37826573  171480
40080919  9044059
40079203  4955635
40081083  9697604
40081197  218384
40081343  5855758
40081204  494035
11994366  25491732
40081458  218384
40073870  895659
40075693  35450990
40074926  31668163
40081750  30464770
6951895  4543228
40081927  14593415
40082103  15382561
40081998  20175122
40081929  30680938
40082226  2864238
40082353  6310865
40082371  3127429
40082462  5711084
40082634  10693845
40081448  2738879
40082567  1660060
40082870  962033
40082870  6605640
40082837  4261133
40082201  15978370
40083223  949433
40083349  12573816
40083097  22937618
40082833  6927611
40083290  38390177
40083121  15980665
40083527  12573816
40021951  28486038
40080183  22095569
40083833  4969171
40083617  11691931
40083465  2973202
40083282  32595517
40083708  16215066
40083556  1469764
40084133  5346186
40084196  21808160
40084172  279170
40084392  4660142
40084365  13835676
40084502  4244896
40084239  16334310
40084532  949433
285760  186822
40083812  16529716
40084827  19147
40083072  13496039
40084885  13594788
40084636  35758857
40084181  26313978
40085031  30094047
35174154  2551859
40085212  30094047
40085284  1741820
40085346  35945473
40047860  1512602
40068702  24630507
40085534  2174866
13901650  4893953
40085871  676824
40085831  1036666
40084086  6244217
40085948  508630
40085977  561066
40045779  30376601
40085382  1299871
40085955  218384
40085892  408659
40085836  2020088
40086145  949433
40086145  38959281
40086206  5193860
40085983  6405127
40085708  5386482
40086309  4261133
40086236  16221776
40086236  13331054
40086120  34322296
40086364  218384
40086252  554276
40078972  36490539
40086460  9549780
40086589  554063
40086622  6210895
40086630  406294
40086752  15516413
40086842  218384
40086396  2336242
40086932  40060498
40086972  275004
40086123  13792168
40078941  5004233
40086075  15548816
40087161  8350853
40087105  14220321
40087299  24897145
40087327  5201619
40087387  40052179
40087198  211383
40087509  7829518
40087523  39540646
40087691  588004
40087306  8356842
40087813  3460440
40088038  2063480
40087507  39921432
40088317  8336858
40088365  347441
40088303  467367
40087480  31111721
40088304  24680771
40088412  5554734
40087215  13276021
3992735  434287
9404857  6337976
40081961  14307341
34743736  931092
34743736  18078595
40088124  5121495
6615665  1793532
28351886  11309840
40078558  10035752
40088817  37801370
40088616  6644997
40088801  513832
40088801  14602062
18078595  8458434
40088116  1741820
40088815  9508518
40089112  557340
40082614  40082528
40087015  39757121
40089224  4958235
40088253  39075043
40084270  17497819
40089386  4660142
39349762  39408733
40089300  307179
40089459  4359910
40088267  18480474
40089310  3922994
39686305  36566698
40089595  15112125
40089490  673203
17098329  4051887
40089173  29507113
40089818  203198
40088699  1036754
40089062  26571328
40089591  35589563
40089553  1458535
40090125  40087828
40090119  8710619
40090182  12569308
40089860  4372197
40081884  218384
40090378  23446377
40090339  3489133
40074443  367768
40080826  25706216
40090144  33139020
40089578  2850573
40080146  215497
40080146  17058195
40090488  12835577
40089941  45494
40090586  28909705
20471989  827785
40090496  35473174
40090696  1895476
40076246  40480
40090671  279170
40090648  24644436
40089179  218384
40090596  23667086
40064732  80476
40090901  23446377
40090872  12573816
40057130  7313559
40090776  225337
40072918  39433221
40090084  1255492
40090721  17778372
40091111  218384
40090933  32514219
5944760  1636038
40091204  1660124
40091302  127803
40091335  8813265
40080311  7304257
40090835  8299545
40091323  25706216
40080236  14220321
40090955  218384
40091636  1090650
40091235  40049249
40091778  496096
40082623  13780736
40091844  33689933
40091851  509211
40091745  1299871
40090435  37624369
40091986  4261133
40092020  750486
29798532  24322738
40092103  5016253
40092194  787700
40091804  11321491
40092284  453018
40092202  5694933
40091820  513832
40092522  18050071
40092564  2838038
40092619  513832
40092666  60174
40092357  1299871
40092684  513832
40092672  439485
40092745  3507042
40091953  518000
40092914  2973202
40092507  6416564
40092715  16373420
40092892  14220321
40092125  11830174
40092903  24902737
40092876  3877765
40091557  39622724
40090502  20940979
40092936  5834062
40093043  3059044
40093077  16500299
40093147  4421706
40093228  2145727
40093015  16749121
40093268  18050071
40093381  40031690
40093454  4213379
40093418  10168408
40093439  934775
40093485  5554734
40093464  2341837
40091345  750486
40093448  218384
40093599  784929
40093594  4316710
40073387  38363566
40094051  11560339
40093447  20369409
40091449  8047943
40094075  4736
40094154  4015729
40093759  18862256
40093997  24516976
40094324  18050071
40094392  13420029
40090947  5788527
40094438  9018584
40094525  17245415
29649700  24965213
5127600  5129788
40094573  3680429
40094737  4240080
40059657  32990836
40094680  218384
39763265  39759114
40094945  39075043
40094898  977796
40094959  2612802
40094943  14444284
40085772  32946577
39759742  39784028
40094960  3650125
40094714  25629022
40094700  28233561
40094989  17498216
40095007  1299871
40079680  22855483
40077762  4181934
39859648  18097478
40093779  39955336
40094590  218384
40095500  10894504
40094967  2531221
40092009  14963776
40094964  34886008
40095586  3530065
40095633  2063480
40094627  4491720
40092615  3833190
40094775  12004603
40095648  4261133
40094169  36820700
40094622  218384
40095885  1894269
40095907  15083119
40076423  20406497
40096219  24236912
40096258  10734106
40095751  4261133
40095949  12785702
40095733  27917471
40096321  4586779
40096579  28250680
40096617  5554734
40094717  15132276
40094563  9708113
40096616  3845018
40096616  432842
40096719  40032060
40096610  7225168
40096775  5162409
40096692  13533210
40095614  279170
40096874  12769982
40096841  39415052
40096873  8369219
40097078  232535
40002623  11102194
40097182  513832
40095430  9691057
40094822  22662488
40097280  19341619
40093571  22662488
40093821  279170
40097257  12573816
40082954  25553910
40097432  30376601
40097360  8084926
40097438  7745609
40095232  39917730
40097489  23177726
40097545  14220321
40097487  23446377
40078777  3224834
40097258  25299887
40097408  37563199
40093532  37482366
40097490  12453580
40097590  15558392
40097590  354038
40096800  40075966
40098038  291978
40092652  23515347
40098101  3476732
40098048  218384
40098248  12769982
40098248  18050071
40097777  4205181
40097777  8776344
40098320  1708444
40098166  5777760
40098388  218384
40098378  13285441
40098266  572547
40098322  30854434
40098553  60174
40098452  4660142
40098829  39586525
40098774  4176328
40087081  31690561
40098887  495021
40098043  142003
40099022  24710503
40099108  34835327
40099003  26999820
40099002  3074434
40077730  26306326
40099568  40087389
40099726  18246547
40100029  3088059
40099927  7141229
40100091  7674786
40100049  21623432
40098651  33960249
40100201  15112125
40100041  5962995
40035618  290899
40100470  16896188
40100620  25869885
40100664  218384
40100523  16234983
40100689  14761015
40099439  4570366
40100757  431866
40100962  5943368
40100990  28996956
40101264  34855381
40101355  26763702
40101104  39650122
40101394  36012239
40101202  3822648
40101540  2197974
40101247  32323196
40100556  8976627
40101764  218384
40100758  218384
40101739  2812770
40101739  23584120
40101194  20358456
40094082  4007942
40101330  36861903
40101991  22025363
40102301  13355989
40102534  14220321
40102778  9316023
40102654  2184513
40087815  36575529
40102643  33914589
40100850  3930975
40102971  7706095
40102150  22935621
40101928  7233328
40103262  26454649
40103230  203198
40103105  10270078
40103346  6690445
40103658  34361379
40028600  3577641
40103723  5706437
40067307  39827728
40103569  25567897
40104083  6115612
40104327  4827538
40102652  10292001
40104338  14950238
40098147  39849984
40104249  22431647
40104481  767372
40104595  9991799
40104715  2040560
40103560  9513082
40104797  784929
40104788  1995615
40104993  5283047
40105046  4660142
40105250  15643280
40105149  5270752
40105273  7055393
39622221  14243131
40101575  1143262
40105539  9605913
40098814  277224
40105654  1806286
40105552  8625709
40102527  10841124
40098225  40099701
40105783  588004
40104255  2973202
40106113  1195826
40106408  33379114
40091508  2185320
40100150  12573816
40106675  949433
40106581  1078118
40106695  26072752
40106715  792460
40106551  5208679
40106368  18838301
40106869  513832
22756372  16596515
40101328  30912270
40107250  40106314
40106303  24492770
40107388  9547291
40106843  1831410
40106843  13897246
40096706  3222572
40105337  39605193
40097890  3871768
40107391  34643604
40107553  3519664
40107628  37020413
40106511  8865458
40107794  39811018
40107777  2033912
40022116  14220321
40087038  1755348
40093253  7344258
40108396  218384
40108153  14236424
40108626  218384
40108648  5562261
40103172  10872154
40070735  36785014
40108503  25504149
40102580  7349401
40108973  16098046
40089745  16032826
40108935  279170
40109210  2846283
40055606  40069034
40101179  35120939
40109159  13206724
33994673  4880960
40108256  7821701
40105262  39410967
40105262  21039904
40109568  29918246
40109534  1184123
40109219  16891729
40109585  20577557
40109625  5554734
40103302  21895756
40103302  6021369
40109718  4348478
3194529  4348478
40109755  39829626
40109237  218384
40107875  19572753
40109974  72899
40110165  5809951
40095970  1696551
40110233  14220321
40110364  15112125
40094640  17834145
40110168  39932800
40110473  14425262
40094223  14978296
40110510  12274748
40110430  7776306
40110431  8376310
40110600  2973202
40110779  1873920
40109983  12222689
40110868  26584754
40033309  4127836
40111046  14677490
40111168  8028957
39988473  218384
40111449  2918831
40111427  18050071
40111158  1145558
40111118  15017132
40111459  495021
40111329  7953725
40110553  28148257
40108818  34920
40111540  20279484
40105830  7292291
40111780  3737139
40111868  18050071
40110968  36672236
40109315  23353173
40111981  11321491
40111635  33645685
40112235  20035101
40112119  27392743
40112415  15146052
40112070  16779366
40112185  40104912
40112277  40111601
39455596  10028214
40030909  35716939
40112707  203198
40112724  1207406
39701337  21955256
40112412  2831484
39666578  36334016
40101500  833997
40113018  20449427
40113030  29284075
40112563  5153157
40077113  39136026
3506678  1731346
40113050  3536670
40113141  451415
40113185  166221
40112228  6405512
40113056  21062427
40112835  1775865
40112684  4736
40113303  19440952
40111426  10178292
40113348  21254608
40113348  12208735
40113369  16946307
40071115  17554960
40113490  4336637
40113633  5874652
40112596  2141520
40112984  12297376
40091900  11620698
40113037  26334526
40106229  33549941
40112891  10659459
13578749  5049315
40113437  19937880
40114066  40480
40113009  963601
12346203  2631001
26461965  2631001
40111560  10418975
40110936  33616094
40114405  513832
40114416  8103860
40114535  4660142
40114172  18410726
40114172  9626417
40114564  20522887
40105404  39893614
40114626  4660142
40114561  207000
40114635  7261619
40114544  13730188
40114624  24644436
40113986  5287538
40106585  24106181
40112966  31591914
40114838  9233000
40007281  12573816
40114681  26047844
40114817  12590931
40114096  20449427
