40167957  218384
40167898  5331901
40167899  18494379
40168163  9450864
40168149  34512
40168182  3154310
40168385  40152689
40164373  21978658
40168552  218384
40168544  952914
40165294  32693061
40168795  6086008
40168795  4654388
40150220  39855827
40168846  15048223
40169256  2439782
40169307  4660142
40153193  15851751
40167700  5573310
40167237  4660142
40169503  9872829
40169780  37582096
40169834  16134733
40168527  11529297
40157611  151777
40134642  40132194
40167233  15597666
12910548  26884733
40170219  2851420
40170158  18050071
40170384  40151426
40169097  4736
40169871  15338727
40170288  36038454
40169797  4206612
40170764  2460501
40170734  10077689
40166418  23441481
40166849  39989324
40170876  9329446
40170877  16982449
40170859  32584850
40170904  40169403
40171009  218384
40171028  4958235
40171190  750486
40171075  5955548
40169653  37151681
40153617  31539005
40162938  25721884
40166636  7790725
40153848  2132985
40171544  12483748
40171592  2953254
40171956  7112872
40170748  3507042
40172067  23661734
40170116  3937000
40170116  26412895
40164228  17415900
40172155  23364761
40172789  2167916
40172969  4660142
40172776  17813423
40172927  6323417
40172887  5078239
40173364  10258259
40173111  500431
40173336  2223434
40173545  6180012
40171622  36578503
40172021  1981349
40173668  16959576
40173519  29998783
40173638  4528099
40173699  1777357
40173386  19937880
40162491  500431
40171323  2011142
40174054  2091168
40174006  36913730
40172438  9665984
40173946  218384
40173594  15745042
40174115  9753875
40174224  56107
40174222  2591098
40105953  11340312
40133228  4734845
40174401  3561493
40174440  4616746
40170742  37024928
40126666  40123199
40174556  415687
40174377  12573816
40174831  153724
40170917  5554734
40174839  2547306
40175153  22412078
40169703  70324
8150191  7768269
40174935  24099404
40175212  25439279
40175232  3830644
40175380  18438196
40175149  1207406
40175427  1812020
40175520  14220321
40175583  24644436
40165189  518000
40163507  71074
40173458  18050071
40174604  5671719
40175312  20832862
40175458  6623231
40175094  14429703
40175196  27454025
40175780  3142495
69828  941100
40175796  12866413
40175622  28060633
40175999  218384
7589405  6304293
40176017  574240
40175769  5465923
40163671  39883424
40174105  9605913
40174105  2591098
40173453  8614211
40176110  27929875
40174878  497261
40167108  7057845
40175008  436120
40169165  23546303
40165227  908672
40175347  40168199
40176417  3542061
40164477  4350440
40160266  6086334
40176489  3577641
40176392  4261133
40175658  16792001
40176559  1398022
40137348  4138754
40137348  9071568
40176543  26515058
40137110  16871367
40176741  4600024
40176820  4148499
40174104  513832
40176744  15399937
40176958  39551937
32079032  32438334
40176988  15553496
40176988  14199931
5429874  21097002
40171363  40153355
40172225  1195826
40176836  37800790
40177108  5041494
40170908  35370732
40177119  1968522
40177224  10741165
40176979  3748
40177098  2743989
40149471  31994536
40177378  26049174
40177399  39429994
40177629  11321491
40177669  28768952
40148295  21686499
40156612  569698
40177745  6092388
40177828  16708103
40177855  396145
40177709  15146052
40168871  38079288
31779594  4660142
40177555  3007330
40178133  5879013
40177978  11222291
40178088  5812493
40178320  35553500
40178489  45015
40148473  29273672
40178456  5878952
40178505  1823306
40178490  3380519
40178578  11321491
40178668  29771911
40170234  18395998
40178942  35818179
40179008  2612802
39711853  24777985
40178947  19166783
40177027  9014659
40179249  18612712
40179311  24002369
40178747  6171500
40179435  6729605
40179362  10261579
40178084  8004237
40179424  4943958
40179542  17112852
40179641  12068971
40179674  36605454
40179571  20279484
40179811  23294658
40179339  40020703
40176644  24723374
40180008  11719495
40175120  25573000
40179607  8187288
40180037  30988586
40180165  218384
40179840  30063792
40180060  40172516
40180097  18971109
28768952  27131984
40180131  455612
40180215  7485670
40180214  2546078
40180176  4261133
40166698  5694385
40180437  36328690
40180432  15245307
40180296  10812272
40179729  31746907
40180638  5805059
40180740  500431
40178028  13568543
40180881  2723397
26726264  40180295
40181089  2439087
40180388  8482268
40181156  39960482
40181178  39588223
40180861  703396
40180795  9397532
40180532  39810255
40181400  18701670
40180828  12002620
40181333  21242110
40181359  22520883
40158460  18192550
40181451  513832
40181485  5611963
40176460  6560672
40181665  2531952
40181068  35553500
40181553  12253361
40181810  3577641
40144131  38363566
40157441  34826567
40181690  96428
40181852  949433
40181837  5580039
40181951  10580158
39956468  24454037
40157007  13421172
40166864  4057948
40181969  34269466
40182296  15834879
40182296  21895756
40182153  11535237
40182375  9508518
40182320  4261133
40144528  26683441
40182511  16284629
40178430  31316581
40181449  2003194
40112273  12573816
40182582  32243918
40182627  2973202
40162405  19697846
40182644  4570366
40181664  8101532
40182309  37634046
40174857  3029214
40182319  2174297
40166601  22100408
40182460  15622001
40182228  34413
40182855  40182849
40180443  2158395
40182924  13102045
40182573  8321316
40175226  5890584
40142782  32425784
40142682  20497895
40066544  1296646
40183244  30506649
40183379  588004
40183475  9549780
40183524  492519
40183293  40179123
40179643  9400615
40183586  163542
13692065  40056264
40181865  14775195
40183659  19092488
40181257  7738439
13360675  3341202
40183045  218384
40182893  5431941
40183874  21785933
40183951  1752499
40184133  4795447
40184219  25706216
40164615  40128160
32219513  2895894
40184332  12573816
30967676  2895894
40183851  1241399
40184316  4261133
40184207  1752499
40184375  13613336
40178938  40153355
40184295  588004
40169241  13704028
40184690  218384
40184821  4216745
40160334  21030712
40184353  25802322
40184908  11321491
40184984  7619058
40184739  1684120
40185052  8754444
40184893  8470070
40161113  56107
40185090  30340628
40185124  15603087
40185303  1207406
40185186  26369
40184970  25670173
40185412  17498216
40174641  32543340
40185465  26454812
40185415  2397984
40185334  1604588
40185602  513832
40184108  13407036
40065811  8091090
40185786  1169456
40185793  32463601
40185767  495021
40185825  8513042
40185949  180172
40185985  5287538
40185675  2113216
40185323  25706216
40185940  40142576
40182570  24644436
40185484  24644436
40186099  11448068
40185956  18971109
40186208  36901
40185727  2167916
40186259  4216745
40185677  25254091
40186277  19843506
40186140  35549385
40186509  1608842
40186469  31930026
40186191  22662488
40186276  24981736
40186600  6402812
40186691  14220321
40186697  8110934
40178951  40136922
40186571  12823005
40183282  1682567
40183282  8949252
40187009  40180615
40187018  218384
40181759  10404348
40180625  8837454
40183639  6620165
40185428  35685726
40185433  25706216
40184484  25224954
40172720  495021
40187334  6667243
40187329  9125995
40186537  24933430
40187396  383947
40186936  32170456
40181523  23047098
40180383  40178056
16005535  218384
40186682  17650207
40187413  29478920
40187439  1630631
40187439  8455045
40187598  25706216
40187644  388242
40187646  27679851
40187594  24644436
40187655  33089334
40187815  218384
40167983  523619
40187782  1239938
40188039  21067625
40188099  7899525
40187179  1915001
40168811  12004603
38777297  11197247
40188570  2711522
40188579  3995825
40188792  16812034
40185567  11612235
35652988  14539072
40188777  31532953
40189200  218384
40189022  17498216
40189136  31390466
40188409  3052442
40189389  20322528
40188116  4781095
40189247  25726689
40189429  6841275
40189549  29898158
40189566  949433
40189613  11997012
40189596  27466317
40189270  13183579
40183334  4817651
40188067  22662488
6574134  4479758
40189577  218384
7546493  4479758
40189974  218384
13032374  4479758
40189384  40178938
3409823  4479758
40190012  60174
40189943  17721126
40190362  8792775
40190508  2970520
40190568  2575048
40190568  18251340
40190292  6426117
40190641  11040438
40190627  9691985
40189714  9791714
40168578  26198860
40191021  39747338
40191200  7196889
40190941  23962562
40191326  29411302
40191437  20035101
40191149  728972
40191457  9864267
40168401  40172529
40186606  24928866
40191636  1402005
40181057  21768321
40191628  40184870
40094486  17279967
40191673  13864464
40191904  513832
40188251  22053050
40191655  725782
36110026  21097002
40185563  11783062
40192163  10376199
40191976  5907673
40190417  19488357
40192265  4261133
40192169  12902980
40192140  39072202
40192262  24471618
40192388  9748160
40192066  14086516
28369091  30642954
40192196  2854144
40192504  6152671
40192602  14716053
40192746  2788080
40192748  31315181
40191213  25164142
40192661  29136244
22700943  8563970
40192818  8443480
40192908  1962181
40192725  2268104
40192990  22421852
40193018  22726051
40192946  20279484
40192503  214741
40193156  16570663
40193221  1007481
18174416  1007481
40192630  30239092
40189529  240178
40188998  2511876
40184167  39750474
40168188  40177288
40182565  4706499
40192887  34651234
40193291  37801436
40193311  4660142
40175989  27674088
40193342  18093928
40172814  261638
40172775  40186345
40193376  3422673
12079109  13225913
40193407  4216745
14755048  11966785
40167356  14392186
40193411  11466441
40157582  17920147
21411904  3812849
40106976  2371436
40193469  513832
40193467  472000
33453497  23359075
40193494  850878
40193525  40184911
40186570  37335102
40193517  12755755
40186590  30299972
40188491  38251009
40193628  15655070
40193673  4584541
40193721  21881992
40193739  21924156
40193608  5121495
40193800  14220321
40193834  40193494
40190224  10424335
40193823  473099
40193819  8321096
40193968  204476
40184340  30299972
40194011  25794294
40194081  3492904
40193983  39560794
40191185  38489504
40193639  23515347
40191113  37513780
40194175  40480
40194169  218384
40187438  21477210
40194428  9898372
40190902  27296361
40184824  10175812
40171137  22692564
40193095  8470070
40194752  20302595
40192716  1494953
40194796  21833367
40194746  60174
40194831  2600191
40194865  14241133
40194506  31038611
40194618  127803
40194931  23667086
40192788  10775367
40195026  2263681
40195051  6082586
40195061  37801436
40195250  10938529
40195260  8894258
40195287  33035085
40178222  1853009
40178229  10586153
40178422  35335128
40195617  1064977
40112268  1544317
40138622  3100837
40195658  10259504
40195636  248246
40195798  29676056
40195858  10259504
40195955  39676939
40195902  23864234
40195902  7978510
40196051  11321491
40196037  13102045
40117574  234217
40196128  39643390
40195944  6820666
40195998  13991494
40196284  36250353
40196295  3144610
39984569  470139
40196228  20346
40195940  9313769
40196305  11363659
40193190  10367698
40196338  8858008
40196192  39549717
40196201  952861
40195524  7839648
40194345  2460177
40196589  2063480
40196648  2492214
40196706  13594788
40182678  7536760
40185364  27160121
40196892  4660142
40197020  2064636
40197027  5554734
40196985  218384
40196952  18050071
40197107  2368539
40197239  4660142
40197246  26378842
40185349  9460854
40197333  20713729
9024172  3272454
40197548  24350509
40197313  263400
40197700  3501338
40197895  3144610
40197940  21592630
40039902  23679283
40198100  31591914
40197035  38336390
40198136  18050071
39865367  38193043
40198320  64036
25074197  36932240
40197156  39758449
40198406  2612802
40198485  1295199
40197440  1197634
40197981  11656532
40198050  25878770
40198445  23417356
40198596  3905437
40198668  3167154
40198830  14220321
40198848  3387222
40198853  32129064
40197260  204476
40198875  12573816
40197845  9732709
40197609  9561320
40199102  13102045
40199089  29140402
40199120  767999
40198826  3066167
40199141  22646463
40198616  40480
40198798  37592694
40195660  21642505
40199237  1296646
40187802  40187899
40199717  218384
40199583  1432245
40199583  3422673
40199778  2025282
40196124  5697305
40198296  588004
40199996  4890789
40200003  3664272
40200023  2136556
40194825  756786
40199955  40480
40200007  15736719
40200270  9208921
40200354  6343166
40200388  19078461
40200477  218384
40192410  6049256
40200796  24378375
40200736  5554734
40200776  2425728
40200959  750486
40197590  744226
40200991  4538017
40200976  553143
40200663  214741
40200838  182287
40201235  7241393
40201231  18057669
40201296  28720949
40201226  958170
40201318  40080220
40200379  3225891
40195772  2447880
40201309  1670862
40201330  1351925
40191812  16369726
40200744  8676222
40200715  17074324
40184876  5142103
40201539  5549617
40180280  11441666
40201583  209840
40201536  25632356
40048428  11079135
40201828  9694118
40201825  6158933
40201818  5549617
39990858  11040399
40201204  2699086
40201900  7967037
40055659  40145186
40200367  37577405
40198974  8651695
40202017  218384
40198578  1684120
40174411  28250680
40201971  4247037
40202079  7929364
40201654  5372896
40202135  18042133
40078110  40078992
40201939  5554734
40202002  8967970
40202163  19274789
40201058  35212213
40192827  255202
40201911  36136310
40202677  33816038
40202677  24551
40202426  38525383
40202811  2573135
40200060  40200367
40202763  39797361
40195235  40192905
40202497  13729294
40200092  37914191
40198295  40187994
40202947  27929875
40200360  1101750
40202323  9547358
40203126  8028957
40202528  27897172
40202534  4261133
40197719  23858488
39820621  20770497
40199162  14392186
40190704  29433824
40203283  24644436
40143801  20001229
40197188  25383488
40203441  40174377
40202896  218384
33329205  33328308
40203353  29984009
40203546  979975
40203588  509211
40203152  8028957
40203612  147454
40203407  28119189
40203662  9251354
40203782  23180761
40203787  32648371
40203871  3270680
40203949  18050071
40203862  19114742
40203934  31974837
40203808  750486
40204125  40195751
40203784  21559497
40204104  22437809
40204097  901115
40204238  30875040
40204274  19583217
40203495  33923
40204449  19843506
40204388  32648371
40204483  2973202
40203551  4461123
40204526  4421706
40204555  11321491
40200874  2526772
40204641  11251791
40204050  5549617
40204606  12165200
40204213  5490861
40204688  826948
40199554  33958189
40203102  40203469
40167216  3832792
40204957  495021
40203733  17632475
40157715  20363386
40203687  4918399
40202661  37603618
40205117  9525415
40205108  38978266
40204114  3653462
40204114  32619895
40204639  1000254
40205115  6543841
40204937  7142961
40144524  40098940
40205213  11321491
40205147  218384
40205142  18050071
40204869  23446377
40205007  4261133
40205299  4261133
40205358  513832
40205366  7443997
40205489  32039950
40205525  2448843
40205626  40480
40205326  17526608
40205671  1837261
40205724  198431
40201143  2422468
40169132  10517268
40205783  8425077
40195129  40178332
25501252  37586811
40205802  14220321
40205871  3061
40205950  4575326
40205943  8748831
40205856  22244598
40195153  36304011
40205309  7597559
3000461  4148375
40206142  10444004
40206186  2206378
38680228  38669507
40206201  122327
40206136  10065267
40206181  5468350
40205884  10849687
40206253  985281
40206248  7911776
33431155  32579734
40205756  12657954
40206426  5526169
40206538  5343689
40206537  13668154
40206345  6159900
40206607  19931929
40206554  31828279
40206187  40193618
40199853  40200789
40201291  4327629
40206783  279170
40206005  4261133
40206699  2002500
40201852  2032742
40206562  14142853
40199309  363681
40199309  3680637
40197962  11332535
40206981  279170
40206859  14327647
40207048  25706216
40207154  35409446
40207217  12772221
12772221  14112515
40171792  16996732
40207063  38732948
40206929  9752760
40207292  40206888
40207320  12668681
40207445  40002355
40207203  32931886
40207787  21292010
40203255  17863066
40207851  9170288
40207731  30482441
40207947  25706216
40204384  1770010
40207988  30444377
40208059  13102045
40208135  18908897
40197116  4885143
40208232  513832
40207648  23294658
40208323  1461432
40207513  29293637
17529860  1378593
40206955  14782809
40208494  16902716
40208471  283375
40207106  18967441
40208992  218384
40208217  2674174
40207331  1169539
40209093  223918
40207645  37370746
40209222  495021
40209012  4660142
34366171  1275662
40209033  24644436
40209017  490091
40209252  14405773
40209270  513832
40209250  14220321
40209331  1252190
40209312  38977872
40205516  899514
40209025  1846599
40199689  176918
40209472  5689830
40209439  11620088
40209500  513832
40208228  33645685
40209764  495021
40209813  18050071
39986561  32882529
40196330  18050071
40186219  18050071
40208259  18050071
40209887  14220321
40196610  38634897
40210016  8777257
40210058  218384
40209462  40144465
40210097  40174973
40210061  16280699
40210139  8103860
40210177  12119645
40210252  15112125
40210352  12573816
40174713  40149972
40210304  218384
40206966  8403908
40210639  17584782
40210742  6305752
40210761  5767325
40210734  1383797
40210734  1066589
40210722  19605217
40210929  40210252
40168711  40170672
40210824  40170672
40211013  2762977
40210865  18862743
40210900  13722014
40209426  22662488
40211127  29177794
40211148  32438334
40211397  28213678
40211444  18470645
40211435  1789945
40211372  3538858
40211558  4666024
40157484  37586811
40097628  21067625
40211478  19052428
40211670  14220321
40211511  11118749
40211678  12573816
40209273  24879737
40211731  20215744
40210096  7804335
40210096  3366281
40211744  15317157
40211892  25229124
40190190  40201394
40194826  40192329
40212060  31328184
40211103  8611313
40207866  6753782
40208291  15038413
40212251  24024549
40212418  21181926
40211933  5701031
40211873  4261133
40212426  21881992
40171237  13840429
40199553  13664659
40212545  6495898
40212681  7560285
40212791  218384
40212852  16518393
40212820  881223
40212736  18915075
40212937  19324700
15279783  14767530
40207579  2252872
40213091  14040241
40212705  15264319
40212615  31353591
40213282  4261133
40213076  35676472
40213227  2157963
40213431  728360
40213490  32799353
40213243  17364127
40213308  6575875
40213060  13835676
40209014  33194594
40213630  8470070
40212916  2011142
40209913  1692933
40190211  9604625
40213757  1133770
40212790  15576548
40214064  4216745
40213691  8608587
40214235  142003
40214266  6343166
40214274  40163655
40213966  10925632
