40226605  2706500
40269725  240178
40270419  2793150
40270095  3655316
40266278  9690009
40258083  7320319
40253275  40251562
40250318  28669459
40270533  3832792
40270739  5223
40245914  32942207
40270730  3518778
3249949  28669459
40270651  1502910
40245515  40243280
40243781  14059558
40242138  12943819
40222760  11814506
40270889  18639766
40239367  1993727
40235037  2655956
40233748  8087693
40233266  1239035
40227797  2480060
40222680  24732753
40213896  7938809
40268670  21001652
40213105  72852
40213098  10973766
40230550  20411440
40270989  25706216
40271028  175554
40271148  610406
40269241  7056749
40271000  6298566
40271285  5221017
40269710  2186931
40270664  10934664
35417213  311955
40271382  35111090
40271118  37602729
40269857  39279205
40271129  13548118
21109292  1081234
40271487  218384
40271441  23717953
40271741  1682567
40271743  197675
40271361  670734
40270617  4806823
40271606  32129687
25322839  6638520
40268545  23353173
40271936  9108855
40271958  13078338
40271988  7456807
40272179  5611963
40271863  11555997
40271863  26517164
40272039  5024056
40272412  5767228
40271491  8542221
40269027  34167003
40248451  247483
40272568  14220321
40272731  4057236
40272724  23436437
40270973  19834611
40270870  218384
40272823  39423367
40272793  364946
40272705  34157455
40255534  18499765
40256888  40201574
33484516  6638520
40267859  13483860
40271126  24052360
40268287  11017461
40267540  9133867
40273293  13102045
40260869  16814416
40273594  203198
40273389  1184624
40273635  23667086
40273752  4685173
40270400  6638520
40271795  32763958
40273855  18971109
40273913  12617244
40274084  218384
40274119  7129285
40274057  32170456
40274182  513832
40273959  22662488
40273614  4611363
40269724  22534356
40274108  7152427
40272894  16577120
40274246  1960799
40273442  474451
40255012  11700487
40274585  20385588
16645010  6638520
40274707  18233630
40274726  507138
40274632  11633332
40269627  452859
40274714  10914576
40274760  513832
40268502  26945580
40264131  17387072
40275023  40128689
40275071  19356055
40275101  6910071
40275129  3397098
40266963  5525795
40275217  522563
39969156  40260326
40275216  363681
40274771  15156758
40275283  39825034
40275482  29560088
40274307  35931526
40275582  5482873
40271913  9549959
40274671  22029033
40274683  822707
40275834  13102045
40268090  40240377
40270920  40271016
40276210  7313559
40275290  40273789
40276106  119123
40276022  40274539
40276348  14220321
40276535  6560493
40265701  10706070
40275512  5008804
40276674  5528885
40276534  24644436
40276800  5917496
40254297  23557063
40275615  39993683
40277138  1894269
40277129  6338898
40275969  22044163
40277328  588004
40276942  40084931
40277522  5775352
40277475  4885675
40277475  91150
40275947  5890584
31127171  5529625
40277407  3068534
40276987  33855177
40277839  4660142
40000580  35553500
40277871  12436497
40276580  162187
40277710  1169539
40257850  40251893
40273556  513832
40277717  7511821
40277976  4314741
40232345  9429205
40277973  20998816
40276685  1665533
40276242  33304747
40276442  40258236
40278248  5956993
40278300  5456626
40277950  9018584
40278402  14475260
40278366  3512471
40268254  17658831
40278381  17223096
40273703  2740806
40277655  2722408
40278529  13615
40278579  957124
40278614  30509149
40278753  6486450
29119257  5890584
40278244  1289850
40219895  2098368
40277983  18093928
40279018  9133923
40277703  26213049
40279324  29293637
40279243  6501522
40278432  5525795
40270190  218384
40275524  12769982
40279307  1019793
40263511  3003855
40279291  1726630
40279460  153724
40279582  175415
40279286  703453
40274923  9391838
40279966  6921105
40279821  462297
40280075  48239
40279852  325426
40280137  15112125
40280193  1207406
40265324  10301794
40280134  18880341
40278314  46585
40280333  6473679
40279284  3445590
40279583  30356716
40280548  23740548
40231600  279170
40280535  40161085
40281127  39973160
40281148  949433
40281145  388242
40281413  28970287
40281464  20940979
40281430  218384
40281118  899103
40281769  14422722
40281601  6311855
40280576  39918784
40281813  6172212
40134983  6322916
40282068  25203556
40251461  19226816
40282184  24245324
40204960  1647260
40282186  11726665
40281858  2225814
40182686  19464202
40282274  4261133
40282379  60174
40282560  5960620
40282671  20433053
40282562  10613131
40282258  17716657
40282391  1299871
40282273  13471519
40257956  40256091
40282404  16571739
40278805  17267140
40282613  2298242
40282489  4261133
40282823  29811082
40282958  2475065
39958452  32300376
40282677  25917610
40283256  7571002
40282858  33020974
40283249  18527092
40283315  13262226
40261351  40245709
40283240  663059
40278739  80646
40279251  10730362
40279987  17364127
40282758  7181699
40283456  4387419
40283325  3656371
40283460  218760
40283418  6052966
40283421  1175208
40283523  60174
40277830  30680938
40283546  11321491
40283645  3627941
40283591  324665
40283764  15112125
40283796  29254182
40283705  26273663
40284013  3010840
40284124  18364175
40110379  18613851
40284474  15933958
40282552  4348802
40284510  39085397
40284292  11625439
40284628  1014861
40284690  203198
40284798  750486
40203181  13676585
40284893  24783862
40284789  9642732
40284789  523237
40283049  6657213
40285216  513832
40285221  3746725
40285388  32648371
40282424  31764532
40285469  5431351
40284760  5082452
40276905  5288434
40284393  1302428
40280135  161738
40283091  40218472
40285307  2448843
40279196  9985912
40285742  10219557
40285799  7999148
40274205  14820104
40285623  2422468
40280260  39777851
40286363  40480
40286375  475779
40286339  2541627
40286439  20449427
14820104  14444520
40282588  4172722
40253444  2672355
39736458  39262534
40264810  28736818
40286098  18848537
40286098  10675399
40287115  1641219
40286868  19902756
40287150  15112125
40287108  9510252
40285908  39173982
40287450  2559527
40287485  34727037
40287566  515684
40287418  18967441
40287788  4343596
40269115  28964500
40287822  14220321
40281129  37418372
40286239  21646467
40287833  11071100
40283475  39187424
40288112  11321491
40287818  4970899
40288266  23017859
40287816  20725901
40287124  29308898
40288336  1922910
40288336  32414
40288483  29331890
40288449  16056591
40288529  40266767
40288282  3747155
40288732  20158394
40288683  6284396
40288821  13840429
40288839  28766377
40288890  11321491
40288761  218384
40281046  26315403
40289027  18631499
40288900  34194042
40289165  295579
40289387  2941169
40289496  3446216
40289284  32170456
40289531  33347108
40289675  12573816
40289760  26350667
40277045  39884653
40289916  11321491
40289909  7594508
40290012  22937618
40290000  14199788
40289862  10559191
34315073  14216893
40290301  17001961
40284233  1978456
40290352  6847360
40289917  2653188
40290404  2354609
40289874  24831484
40287895  25881041
40290361  3939099
40290566  2207179
40290604  19148407
40290440  25706216
40290482  14091387
30018538  21558
40290739  218384
40277786  40281659
14982560  11692699
40291144  4421706
40291243  18050071
40290293  40289621
40291288  36315692
40291301  182287
40291271  17590226
40289860  20279484
36156093  218384
40291269  21038960
40291465  1949229
40291317  23667086
40291557  27785265
40291499  10382929
40291290  12677061
25763351  7953053
40227860  255147
40287775  15724868
40291607  16944357
40286704  4954507
40290960  8813753
40286062  31764532
40289611  22049963
40292176  56974
40291643  9020372
40292272  13840429
40287845  32584850
40292697  3923129
40292303  35813186
40292606  4746299
40292921  5006229
40040150  2397984
40292777  3431906
40292947  30779411
32184812  35175439
40293091  13013638
40292550  1027247
40293014  28860914
40293108  17596339
40293108  1584370
40293262  8865458
40293400  32695934
40291201  28371982
40292590  39974126
40293554  4668640
40293410  2407912
40293711  24451
40293246  13424755
40292727  23353173
40291874  4660142
40294027  18050071
40294038  20436835
40294044  35754397
40249759  36018238
40281298  4918106
40293913  20279484
38521181  89228
40279763  6892906
40274511  509211
40244170  12538238
40273542  15474933
40272594  8725673
40272594  34171348
40293977  18093928
40260555  14424500
40248695  20383647
40293175  3642035
2597104  189645
40240348  24532229
27436734  12581437
40236271  7571635
40236271  20449427
40231188  9343739
26223629  6893968
40209956  5515859
40287750  40280031
40287829  226910
40294639  29781543
40291654  9721830
40294482  4439595
40294703  24237129
40294552  27372828
40294142  10619301
40294805  16592632
40294936  30199130
40294980  30431726
40294994  18789695
40294994  1235179
40295106  40209170
40272502  40294614
40295233  10560114
40295229  32170456
40295231  1917576
40294383  38859906
40286417  25964824
40295710  17709561
40295755  3156682
40294236  19327020
40291321  4597071
40295930  24142576
40280125  36569406
40295793  730133
40292288  39277962
40295984  2946631
40295796  13052548
40295822  26373135
40295994  34552037
40296223  8185295
40296319  32170456
40295850  1954685
40295918  18932
40296475  20339473
40296313  34808498
40295754  3384204
40296769  6346492
40296740  218384
40296918  10149959
40296918  1700081
40296823  451415
40296789  11321491
40296789  23446377
40296892  29489951
40296944  261638
40288551  777548
40297250  25550711
40297225  6094053
40297387  8228281
40297381  10085570
40297371  3653462
40297371  32619895
40297535  5113016
40297507  10417730
40297131  31653738
40297571  10243018
40297315  12820074
40297177  26763974
40297656  34860526
40297357  5332801
40297761  36209912
40243244  5689830
40297937  15034764
40297907  155932
40254389  32501238
40298127  15746264
40298161  39252280
40298065  7911776
40292566  11510870
40298202  91688
40298143  203198
40298256  29293637
40298066  1801549
40297784  24856821
40298586  240178
40298187  40230693
40298486  218384
40281052  34758492
40298666  9768843
40293538  8087407
40298356  4148499
40297534  588004
40296953  35704351
40298903  526125
40274135  1041551
40298978  4112686
40298927  8117566
40253247  39102198
40299071  10585103
40293058  17493384
40299427  34660641
40245772  40246666
40299186  11439829
40299519  16284629
40299519  8612206
40299352  2504536
40277551  40288539
40299170  218384
34435188  23262160
40299791  4660142
40300010  14028959
40300347  218384
40300091  8752034
40300420  19095796
26650869  19950310
40300863  16195226
40300707  22937618
40298905  26226583
40300890  12799972
40300906  16375519
40300885  218384
40300483  4203506
40299371  14330314
40300918  27134516
40300791  5752829
40299438  4261133
40301286  32985100
40296764  20262869
11653677  4444475
40301694  2764017
40255220  13883277
40301360  25147094
40270449  10463898
40301888  11116446
40296036  5556664
40296036  3816015
40302022  1001694
40302104  15684888
40295016  40297511
40301978  1103149
40302258  14220321
40297359  31936598
40296639  8470070
40302601  11497376
40302636  1817300
40296214  35370613
40302903  39581820
40303143  5613954
40301960  4194489
40297111  3765234
40303421  15998415
40300622  35264670
17121143  2722060
40302926  17148679
40301753  39423367
40296271  5210535
40303244  3404699
40303177  4172677
40303983  4660142
40303500  1120140
40296815  13790752
40287032  8683772
40299141  2973202
40298895  4261133
40298514  18050071
40304361  21495209
40303214  24567737
40304519  20002503
40302257  3630500
40304673  5554734
40300543  33890525
40304840  13860219
40304878  451415
40304926  20279484
40305003  4660142
40304857  18558156
40304608  14220321
40304332  2042780
40304813  13885234
40304505  24019652
40304788  5890584
40305242  7325278
40184266  16969060
40305295  2799755
40305461  553682
40305461  625799
40304422  40301699
40298295  10333016
40305533  3217842
40304289  10077840
40305792  1299871
40305785  35132451
40304497  4186746
40305546  17880287
2010257  16876698
20907696  3279743
40305789  13389398
40305789  840781
40305549  5529718
40305939  13836018
40301032  30805337
40306433  1431094
40306645  20279484
40306645  3127429
40306321  245192
40306211  3216398
40306875  29851572
40304803  30362950
29851572  8004237
40306852  9549780
40306876  30944577
40297786  3206344
40307018  31885409
40307070  18025337
40301467  218384
40307109  15417174
40307187  114543
40261115  13950338
40307304  3052442
40307017  11477415
40307349  29140402
40306810  11728356
40307004  9560600
40307501  3927
40307369  40283368
40307461  1708510
40306579  11164667
40307594  1208320
40307567  10110266
40305354  34814659
40307819  588004
40307819  753948
40307837  2167916
40307415  37390798
40307173  39590834
40307847  588004
40307815  3577641
40306281  40290695
40305147  16730364
40308021  14220321
40307458  26139423
40308036  27558425
40289001  11225511
40251108  32568261
40198316  32568261
40166408  32568261
40142062  32568261
40115892  32568261
40106888  32568261
40073915  32568261
40063417  32568261
40061716  32568261
40063145  32568261
40023570  32568261
39958405  32568261
39904874  32568261
39842995  32568261
39822294  32568261
40307872  1602934
40307872  40305172
40307872  8427352
39782843  32568261
40308226  113829
39712765  32568261
39703867  32568261
39695314  32568261
39574707  32568261
39563765  32568261
39528798  32568261
39501626  32568261
39414833  32568261
39405671  32568261
39402298  32568261
40307139  38987
40308326  14373625
40308244  32038226
40303442  10382929
40308376  14220321
40306456  14584018
39028819  13773770
40304475  13773770
40308279  218384
40308484  218384
40308306  495021
40308489  572897
40308166  218384
40308573  1922677
40308402  15933958
40308603  60174
40308577  2464104
40308468  886955
40308695  1553382
40308581  37136878
40308610  22680948
40267399  20204284
40308876  24938616
40309001  2985353
40308894  1299871
40309135  11665884
40307724  10538717
40309218  1241728
40309382  20833295
40306637  3941729
40306637  14047832
15230306  2770321
40305986  15385270
40309288  10079266
40309282  20618355
40309539  40296781
40309502  40292238
40309607  11321491
40306581  82831
40309701  6429638
40303559  6754102
40303559  13464152
40303305  17301938
40309627  38634862
40309759  4261133
40309915  38819569
40309813  20908047
40309922  3282510
40193207  11671588
40304104  3127934
40302203  5116491
40302203  5230966
40294918  750136
40309963  3260935
40293422  1675766
40310031  1332260
40204068  18936195
40310116  13233304
12699645  3118059
40300548  40294886
40205008  3475648
40310301  24644436
40305179  30680938
40309111  27661170
40310434  222877
40306759  24406501
40310552  1180860
40310446  38905887
40310468  1865574
40310649  588004
40310647  7314635
40310581  3786881
40304846  38767926
40310761  9508518
40310757  679915
40307884  2742276
40310829  1373164
40307810  2265412
40310788  2371118
40309899  218384
40311042  13811020
40306902  7063902
40311190  24644436
40311291  22444
40311213  15730827
40311389  25706216
40311299  40289135
40311369  8564047
40311503  36023297
40311564  18881144
40310008  33979508
40305754  14854485
40311751  17669626
40311930  2784514
40311967  12550135
40311902  218384
40312031  22894599
40311839  13547775
40306410  21566379
40312196  60174
40312185  9107240
40312185  14119988
40312185  21616264
40311045  39522372
40312137  4660142
40312400  11784980
40312428  5257259
40312633  34530852
40312693  750486
40312261  3038229
40312699  10690466
40312789  25706216
40312828  218384
40312837  14220321
40312966  3093622
40312976  38400103
40313023  40226281
40307861  596351
40313009  10048899
40313185  18050071
40313257  31471982
40313218  9303890
40312419  37650
40313271  2059740
40312951  8202048
40313427  40480
1596086  9549729
40313502  28499886
40313581  4018182
40313483  3749512
40313412  279170
40313756  3385936
32610015  35837285
40313611  34366305
40313844  11349333
40313686  12554917
40313749  10767265
40313657  8976627
40312630  4261133
40313374  5898099
40314046  11332535
40310052  3406265
40309394  5649536
40314061  17734781
40314165  2591098
40313872  1069066
40314161  27929875
40313836  541749
40314176  16880721
40314093  726549
40314368  40313624
40314393  10338708
40314243  24435661
40314650  240178
40314718  14932247
40314477  6113869
40314757  40480
40314828  36092304
40314802  22984866
40314733  14018478
40314584  5689830
40312974  31032686
40315006  40313246
40314571  20001229
40315250  10841124
40315287  10169654
40297521  218384
40315046  16969060
40315351  1475297
40315419  4931892
40315427  13102045
40314741  21592630
40315106  25992510
40314127  4017034
40314604  10147488
40315705  1296646
40308712  39658813
40315728  24644436
40315774  15281904
40315801  9487034
40315889  17549584
40315638  11133632
40314695  27085656
40199260  27500381
40316002  13111985
40315791  218384
40316117  4537411
40316471  38479859
40311007  54989
40311007  19165125
40316699  6441218
39954322  39953287
40316739  3762763
40316291  6649363
40315875  31909103
40316010  1019793
40316661  7559608
40317157  7651020
40317315  886722
40317295  19437223
40317277  1223305
40317408  40317085
40317193  26206439
40317418  24504582
40317278  2798330
40317500  23442182
40316371  218384
40317458  625799
40317012  31518428
40317708  949433
40317720  588004
40317801  39502357
40317789  12573816
40278773  38063837
40317976  25314336
40318022  5890584
40317940  3075130
40317459  4032957
40318310  218384
40318385  513832
40318250  7877576
40314361  37062784
40318462  14220321
40312259  2264574
19396616  5178292
40318464  1225146
40318265  7064673
40317074  40316258
40318142  6954906
40318714  39185025
40296097  40297660
40318275  35366457
40319085  11231638
40319085  29308898
40319143  23719175
40319044  40311279
40319024  5554734
40319231  18552005
40319325  1054022
40319229  32875114
40319398  40059240
40319519  23446377
40319305  3583724
40319579  3238482
40319017  12314451
40317531  2654749
40319591  7811468
40320020  218384
40320023  1239938
40318037  1433204
40319858  38161901
40320112  4279435
40320262  4020539
40320205  4760215
40319701  3561381
40320363  26044416
40320381  24487805
40320286  3159644
40320421  29001508
40319551  960431
40320594  409784
40286835  26292885
40320498  4452565
33362905  24088730
40320794  223952
40317921  35805809
40308813  12803768
40319571  30169467
40320698  3801557
40321020  262427
40317177  24912796
40320971  10555118
30931948  11321491
40320969  4728824
40311334  6718196
40320814  21633173
40316899  218384
