40366977  8221630
40367178  10670068
40367207  3698592
40366998  1299871
40367418  30680938
40367603  4968406
40363500  15381198
40367561  7812178
4478742  5026961
39000007  39113026
40333059  24154194
40361541  19571019
39482265  39484196
40367885  495021
40367919  218384
40367938  40055835
40367965  13013638
40367945  5733842
40367827  13063095
40367609  40101130
40368184  25445439
40368094  11596884
40368276  24501497
40368124  12904978
40368216  13653358
40368448  7563169
40368561  827424
40368606  22662488
40368629  5619202
40368589  17774188
37150910  29312809
40368740  27581
40368819  11832914
40368731  25553653
40368683  949433
40368686  99552
40368813  3800512
40354490  893417
40354399  4750806
40368955  926916
40295356  6169522
40347570  14257373
40303814  509211
40367272  15623347
18544419  227459
40338684  19602931
40368964  14886881
40338045  17880146
40333383  23294658
40337076  10222342
40368957  2971473
40367805  40221314
40335148  1403674
40334640  6022764
40322062  26205102
40369059  26807610
40366569  10668282
10668282  740287
40369097  464874
40369187  8357240
40369273  12136156
40369282  287871
40369352  40358666
40369440  18296755
40368175  10701504
40369501  1348199
40369552  8028957
40369559  11732070
40369496  21976630
40367715  5057223
40367637  21326601
40369752  38768737
40370103  26125191
40370144  1694751
40369218  218384
40367809  19858590
40227290  20563772
40370387  16424091
40272911  677419
1058964  2530
40370473  1153465
40370499  19733437
40370562  4108313
40370602  40366523
40370300  40368106
40359010  4660142
40370033  9581064
40370973  4772425
40370706  5502761
40370996  7357852
40368061  18050071
40371201  5082044
40371176  5164642
40371274  9813573
40371541  12573816
40371417  14220321
40317506  26340275
40371392  7290438
40268297  4772780
40371884  5121495
40372001  845058
40355054  28040883
40371982  1669821
40372135  7961363
40371503  18250340
4693884  1509654
40371698  1509654
40371301  2523467
40353175  40068926
40372508  588004
40372615  5587676
40371082  40049016
23462869  16860877
20020129  16860877
40372296  32170456
40372713  19116435
40373008  29140402
40373063  1303347
40372411  3552461
40371517  24581305
40303121  4419804
40372345  4660142
40373145  218384
40373038  20035101
40372022  29613676
40373396  513832
40372846  6958982
40372846  4651437
40373472  218384
40371803  4660142
40373476  387736
40373358  1896185
40372581  27756632
40373672  2559527
40373672  2649213
40372956  239103
40373756  153724
40373698  39675896
40373931  1992384
40373931  383947
40373228  588004
40374031  17365045
40374071  19102831
40373974  14756412
40373280  32365542
40373923  218384
40371128  14143185
40374367  5554734
40374495  4176328
40374642  9904017
40374733  7108668
40372034  3832792
21788241  5337101
40368097  36221133
40370883  7880843
40366502  13161747
28656196  24120888
40375228  22937618
40375168  5003142
40375051  498400
40375343  21358800
40375799  5057267
40376016  11494848
40376114  28505501
40376225  203198
40376399  14220321
40376450  11805662
40376391  2761563
40376664  3338642
40370007  17579168
40376768  851880
3579548  851880
27592365  851880
34009525  851880
40376733  2595124
40376946  1895981
40377083  14220321
40377089  40376269
40376790  12020227
40376789  218384
40377197  8988780
40377288  9001509
40370619  4663306
40369585  2329417
40376844  51470
40377713  218384
40377762  40354842
40378125  2729637
2800589  2263996
40377552  8150745
40373339  18050071
40378345  32170456
40377495  20324546
40377349  35721206
40375275  13991873
40378660  218384
40355767  35920585
40378791  4198906
40368580  4328501
40287771  13248066
40375636  16667148
40378928  2972600
40378891  10640804
40379026  1380463
40379107  2821663
40379177  26285280
40377233  5890584
40379243  17127351
40378910  12592913
40373676  19075671
40379277  6638085
18228324  1117584
40378299  10879551
40379465  19290762
40369610  12557707
40372735  27162374
40378810  24644436
40379523  4660142
40379253  37076867
40376386  38948102
40379513  4153517
40379710  392473
40379724  10879551
40379508  9801624
40379895  18145682
40379847  38768737
40379900  2571164
40379969  17330160
40379334  30713773
40379470  18050071
40380439  182287
40380445  14220321
40380429  11965112
40380629  6059643
40380760  5554734
40380913  2559527
40380903  4010158
40380578  2770321
40380907  274626
40379853  28791652
40381074  9864947
40365727  22797768
40381350  17
40380149  6298566
40111381  11463734
40381369  19291816
40381649  11321491
40378540  36576380
40373149  22178041
40381225  1623540
40376433  13242444
40380169  39858471
40381864  7324722
40382182  1223305
40381992  2200227
40381693  24520523
40381956  7484318
40377706  279170
40382404  18050071
40379721  218384
21082037  23294658
40381960  204476
40382666  588004
40382666  23587917
40380995  15841301
40382780  23000693
40379759  7784421
40371992  4216745
40372306  85190
40372066  5554734
40382935  1279957
40344571  23653778
40344571  6215239
40383124  5473981
40383168  187406
40383128  27806693
40382073  12323403
40383285  4576867
40383270  2973202
40304560  2973202
40383426  121631
40383497  17498216
40383352  18320035
40378773  13064613
40383694  4660142
40383272  1996518
40383715  2864673
40383715  8836093
40381793  4685563
40383811  39403369
40383635  1525664
40383799  2033912
40384088  307674
40383505  6656451
40383505  3460503
40384215  29140402
40383557  10021603
40384173  27000018
40383735  20035101
40384432  16344088
40384297  35813376
40384498  36556637
40384641  1787939
40384760  27888429
40382998  8249770
40350332  36325212
40383654  7975417
40269443  40349437
40384845  5388584
40382327  5554734
40384406  37997283
40384909  1060008
40381607  9475589
40384751  5738595
40385112  585234
40384917  1900154
40385072  2835140
40385113  4068629
40365800  40328508
40385073  12031682
40385104  4281424
40385074  9977393
40385347  610245
40385427  218384
40375310  40338339
40385130  23740548
40385479  20507228
40385653  190967
40385627  4289331
32941697  33494909
40375024  33494909
40385811  24644436
40385885  60174
30538746  33494909
40385897  1239095
40385613  1113819
40386018  16437173
40386089  18815820
40385595  5199862
40386090  1207406
40386020  5573310
40386309  14017996
40386309  9539921
40386324  3382473
40386254  35742689
40386386  16132176
40386336  24458953
40386545  26430259
40386579  13516689
40386714  1373164
40386831  8234484
40386775  7220681
40381711  10929453
40381711  23663963
40385878  35036345
40386769  29172158
40386986  21972652
40386740  1402757
40386054  218384
40384839  13102045
28386048  28549489
40387549  18050071
40385769  2977497
40386964  18877213
40387617  9981823
40386928  32170456
40387512  9240608
40387874  4261133
40387001  1566595
40387668  1319903
40387982  2745265
40386596  2589275
40387902  29281040
40387932  16245521
40387978  24643522
40387978  32170456
40388127  30641478
40388180  4469984
40388236  18422384
40387640  28494089
40388286  9233000
15491894  5978510
40348182  17922557
40388553  7344258
40388583  40387151
40376024  7754695
40388616  223771
40388065  29964177
40388065  40373776
40388718  14220321
40388075  5078239
40388545  9707256
40388901  750486
40388979  40364102
40388653  15725789
40388189  12461871
40381775  15144046
40389261  1636877
40379460  31411665
40389276  17498216
40388962  370357
40389381  22277613
40389435  23294658
40389185  12734721
40383682  14423157
40389572  14220321
40389672  3382473
40389500  39088064
40389765  25706216
40389760  30678303
40389682  750486
40389639  11598567
40389589  1614236
40389641  12436763
40389928  31764532
40389887  18203169
40390013  6779645
40390022  34115174
40389935  19194436
40390129  26174531
40389997  34102562
40390243  2846283
40390240  4498482
40390293  13840429
40390028  349025
40390405  29655304
40390559  13905741
40390601  19620667
40390039  900207
40390668  798545
40390678  10403434
40390678  588004
40385171  20054047
40389824  433331
40346336  29177693
40390574  34426794
40388820  22296312
40391023  22937618
40387025  16753429
40391035  14220321
40369962  34036488
40389193  4261133
40390396  11640458
40337411  40390746
40314106  22662488
40391256  802854
40388269  2379224
40388269  14998961
40386762  3195614
40388058  6320113
40391239  24111854
40391535  18050071
40391554  40372656
40388200  20876254
40390598  20389255
40391523  13944956
40387397  23667086
40391142  5657446
40391394  30564053
40391745  4660142
40391744  8028957
40391912  857705
40391428  3816718
40377310  14220321
40391871  4261133
40385920  20110092
40392009  25706216
40375383  16196327
40391110  24644436
40392071  19017466
40392130  32237554
40392114  23243454
40392249  218384
40392303  2973202
40389350  8051902
40392370  18050071
40392355  2887292
40392434  2591098
35762226  236129
35934261  181719
40392530  16959576
40392896  18050071
40392893  16527863
40392933  185937
40393110  3713643
40392247  6739566
40392318  4999988
40393166  18050071
40393194  10738634
40393091  40389142
40390335  25706216
40392875  1516249
40393235  5201576
40386012  30940627
40393025  33343231
40386130  18798793
40393410  509211
40393439  15275195
40393371  4660142
40393367  19125362
40393483  18050071
40393498  23294658
40393512  5554734
40393472  11337941
40393429  5196186
40393537  18680044
40393602  18433488
40393691  218384
40393342  10299148
40393823  647769
40393655  12858028
40393623  23294658
40393297  18863153
40393830  12643121
40394223  33773157
40394313  33840912
40394420  409784
40394174  38036498
40328927  20000749
40394560  8440558
40393793  336859
40393871  17731247
40372755  40280364
40394733  20736561
40394606  24662289
40394700  9293887
40393362  15390345
40394986  4800267
40395118  40392807
40394610  2185252
40395128  17392857
40395233  34861337
40395273  750486
40393599  30406420
40392546  218384
40395299  7885096
35297686  34702296
40395763  10333098
40393824  3730244
40395679  3002605
40395862  14684077
40395459  1397440
40395091  37549594
40394546  1250643
40385457  1938921
40390309  4913588
40344886  2602823
40395831  39502357
40386068  24992980
40358263  25372636
40221742  40266053
33026213  5071601
40382954  3617020
40396198  20035101
40355262  883365
40396155  37829019
40394658  33026213
40395516  18198176
40396455  1061697
40378552  4811106
40396512  39974078
40392577  4216745
40386618  13540907
40397083  642650
40397046  14268981
40397183  40386618
40397223  17947565
40383580  37360114
40396335  60208
40377079  14047583
40397627  24930277
40396766  2151212
40397798  510348
40397792  16180422
40351439  1880471
40397689  3653462
40397812  22662488
40398121  35994521
40397940  38068786
40398304  3561493
40398226  22662488
40395456  19779608
40393902  21961839
40398472  2107354
40397434  21567291
40397602  16987474
40398810  14220321
40393705  6990729
40394415  28094645
40399006  218384
40393757  40371579
40399151  218384
40392640  11409621
40399409  359494
39229004  26990057
40399523  9417967
40388567  19889132
40399622  10865095
40399511  40395456
40400081  29140402
40376228  25876755
40400111  37828398
40399923  21287974
40395841  18050071
40400094  7282236
40400314  383947
40399793  8865458
40399922  40398038
40400243  4521655
40400167  2052579
40397848  7304002
40400564  3307409
40396010  40389822
40400532  38543524
40400869  18050071
40400937  39849984
40400106  11590642
40401037  2403122
40401176  588004
40401191  218384
40401148  1024070
40392401  40336248
40401166  10110266
40401251  654113
40401342  218384
4848263  5069464
40401417  39363997
40401193  17604322
40400254  8269096
40401572  24227874
40381572  13893138
40401731  495021
40401761  19692157
40401659  31409458
40401884  3737139
40401588  5122231
40400529  24655815
40399874  25086374
40401924  4897359
40390527  16586995
40400396  25411375
40400668  4155873
40400668  39694864
40402011  29015781
40402133  10796160
40402114  3862455
40402187  218384
40382370  218384
40401305  218384
40402243  21488056
40402061  3966747
40282533  218384
40401347  16873256
40401976  2052579
40402403  2973202
40402360  17516259
40401017  218384
40394812  18050071
40398716  7137786
40393240  14028959
40402587  25706216
40402865  16710800
40402892  798545
40402642  21914632
40398829  1358541
40401512  28302019
40396732  18153234
40403022  16027840
40403022  6558921
40402867  23515347
40403042  2420389
40403286  1096449
40396179  2065863
40403084  12092575
40403428  171251
40402048  36629439
40403294  39618803
40403642  22271923
40401608  28858351
40403742  3748
40403820  4736
34103171  5356011
40403970  877523
40403489  3052442
40401320  33765071
40404044  5121495
40404178  2443353
40404259  60208
40397386  32991051
40390438  25706216
26507417  23189650
40404297  16374253
40404365  588004
40404436  237104
40404449  37430665
40404456  13841217
40404677  38577448
40404081  7538120
40404755  12425287
40403823  35464067
40404603  21667262
40401138  7895105
40405139  1630631
40403590  23353173
40405124  29717210
40405371  2541752
40405441  6168498
40392149  3725878
40384996  9379426
40405667  152580
40405661  13638898
40401035  2835559
38043593  25445439
40399110  5884807
40405636  4716503
40405789  11679567
40391297  10019123
40406022  37549594
40406078  19480916
40406146  8665231
40406165  12769982
39051095  28453165
40405630  40405354
40405354  40403711
40405464  31065204
40402786  13033037
40405588  5041494
40404067  13102045
40406462  40356855
40406660  6036292
40406650  10693845
40406582  6319775
40384438  36247140
40406628  18941093
40406761  20449427
40406850  12573816
40397073  10434599
40407116  15843169
40407189  6219454
40407199  4660142
40407243  93695
40407222  38852811
40406592  19871714
40407282  1289061
40399763  34352140
40407482  13304543
40407103  35637770
40407622  406230
40407737  11321491
40406686  20860931
40407920  13390458
40393564  19979532
40407724  23515347
40407586  23452159
40388133  13730597
40408283  40101130
40396827  225741
40385709  26690730
40408378  25706216
40408606  10787796
40408462  1961030
40408734  40480
8446005  2126607
40408560  3340342
40408560  5339499
40407756  1577719
40408754  4501636
40388520  19510860
40404714  18050071
40408182  4924036
40408971  8659808
40408997  11200137
40408791  40388505
40409130  8236945
40409110  2622144
40409110  588004
40409040  513832
40409012  24786399
40409228  30767594
40409269  14220321
40409279  12453580
40409252  5546874
40409188  37901541
40409409  12953127
40409427  13748124
40409334  2763659
40409491  7853130
40409567  5554734
40409399  30152832
40409592  17417308
40409451  6770350
40409263  29431920
40409674  627435
40409666  144283
40409666  3213717
40406348  11321491
40409864  7481456
40409913  15710125
40409924  40201533
40409696  15458774
40406712  32723639
40410097  218384
40409030  38744285
40410132  18050071
40410194  2763659
40405760  6481304
40409816  5004233
40410598  8595627
40410588  11062919
40389481  16561349
40410214  3225862
40410587  388242
40410796  15112125
40410703  610245
40407419  40397131
40408848  39904632
40410806  17093252
40410226  3422673
40410889  35686555
40411028  4757565
40411133  9581064
40411210  2735173
40409206  16017919
40411274  11962457
40411266  31170331
40410719  27575562
40411457  240178
40411419  15646973
40409750  6890796
40409750  17289964
40411499  864688
40411355  14965112
40401510  23782425
40411479  322938
40382741  14014086
40409037  14220321
40411689  32170456
40405557  3566146
40411214  4569825
40398423  31433655
40411723  18250229
40410435  4962630
40412031  4261133
40374277  16732021
40412094  2785964
40412374  588004
40394737  29624015
40412327  13416153
40412465  28892434
40412550  12573816
40412596  7350155
40412715  35044431
40412715  24325477
40370804  7488643
40412618  12547488
40412759  4810664
40411509  3319586
40412758  398395
40412912  3558119
40412935  3821261
40413088  5646285
40413165  409784
40267662  23149613
32082366  1918111
3212485  1918111
40411917  2614072
40413401  5083194
40405528  40344693
40413390  20601190
40413388  60174
40413598  513832
40413444  37176397
40413662  610245
40396981  31581409
31223801  17303935
40413933  5554734
22482527  13922618
40407176  32370543
40411221  37183389
40414141  5554734
40414098  1108780
40413162  39456909
40396291  30818602
40414247  29167294
40414329  23521496
40414349  2921049
40414441  19913834
40414143  7903314
40413844  29149308
40412184  38700240
40414485  228783
40414510  26812757
40414510  2196414
40414590  2591098
35333680  15461967
40414411  2585650
40342226  861778
40414797  5172183
40414747  14570989
40414839  513832
40414895  21895756
40414892  15776500
40414932  2333285
40415032  513832
40298933  19075911
40413483  7343833
40409466  40412835
40415058  6441218
40415232  8710619
40414278  37230750
40415638  17649875
40415718  1568091
40415724  2372315
40415853  218384
40415415  2327841
40415657  13967063
40416113  13482027
40416189  111102
40416147  6245382
40416093  5741095
40416366  9329446
40416390  240178
40412681  18938152
38485171  37517183
40412445  40411264
40416719  8115722
40416649  40224324
40413451  20210583
40416589  30678062
40415625  610245
40412427  40480
38891941  24212723
40294612  35232053
40417203  33855450
39987406  24212723
40417326  10281962
26847006  24212723
40416902  3491329
40380112  23163567
40416045  14790014
40416887  24825840
40415759  7674786
40417574  164194
40417426  5466974
40415653  14584187
40417422  4922145
40405907  7986048
40409873  6914152
36332005  31415213
40417776  1986998
40417751  31415052
40415573  4660142
40418054  31652359
40418019  4643340
18019226  17212722
40345943  279170
40415583  1458633
40415583  588004
40418044  12277945
40418265  5947661
40418195  36432073
40401477  40400109
40416642  8754826
40418452  16100
20461645  40416493
40355687  907360
40418766  6457130
40418652  3555791
40418839  494594
40418576  25511351
40298543  25511351
40418905  43249
40419049  34202496
40417064  1299871
31090616  3555791
40417656  4216745
40399132  40375547
40254520  40148014
40419306  2350937
40419410  23250805
40418971  5838735
40415765  219585
40419497  16959576
36319304  37517183
40419736  5554734
40419024  32368555
40419777  10665591
39904402  32998902
40420089  1014861
40420025  252785
40419874  12192592
40420125  1398664
40420191  6998355
40417748  12605498
40420151  32453989
40420282  23446377
40420241  1606797
40420368  4660142
40420400  24085680
12642830  9871119
