40467446  34115174
40431860  26821319
40465823  20129775
40470911  1500718
40471042  886955
40471069  542938
40470178  34115174
40471048  849168
40471175  11918999
40471253  15616660
40470448  7519339
40471290  32561189
40471443  588004
40470108  32561189
40471407  3395286
40471519  240178
40471359  23515347
40471597  1299871
40471727  14220321
40470510  22662488
40471728  29983929
40471728  19433366
40471509  2457246
40472038  7943763
40471323  28250680
40471610  3726721
40471804  23217002
40465079  513832
40472264  20853142
40472265  15925980
40472119  24013410
40471791  18222286
40471984  2983832
40472270  5748216
40469227  28465766
40472485  24644436
40472596  13393393
40472601  22928841
40472645  5351948
40472733  7806563
40472712  39550951
40471365  4141599
40472063  3397644
40472873  6913403
40472482  18358604
40473205  513832
40473472  21069668
40473550  12573816
40470272  37661166
40473594  14220321
40473528  9508518
40473660  33321095
40473794  11907053
40448001  39107529
40473922  12162660
40430421  279170
40474026  4535647
40474287  336859
40474262  14220321
40474410  17498216
40220762  8294465
40468887  845021
40474472  20799131
40474571  5696412
40474612  9581064
40474471  15014333
40474060  1719261
40474722  30290205
40474581  1053467
40474699  32370994
40474833  495021
40474867  495021
40474139  6159900
40475083  21567291
40430277  40453859
38908707  16227122
40471871  8885201
40475121  19695784
40463951  40440233
40475286  613183
35975837  34602806
40474873  2973202
40475301  21282920
40455590  4177291
40475377  4979542
40475469  10156386
40466940  30094047
40475452  17024685
40475287  40387155
40470582  2379221
40470582  8819842
40474252  1484347
40474252  29140402
40473929  2591098
40441666  5803472
40475627  14220321
40475590  10007986
40472677  25706216
40475171  20582335
40472809  8938235
40383386  36245481
40475493  3404301
40475766  18050071
40470006  11625096
36355100  24205093
40469087  2297347
40475650  885009
40467357  8064570
40466002  218384
40465415  559839
40465415  7294634
40475533  4660142
40460168  5134555
40457669  12705355
40457669  34413
40456578  2558695
40456477  27770378
40456477  4211189
40456477  218384
40432393  10382929
40475931  38718690
40475505  2301285
40470506  4291077
40464754  26871303
40474113  40475019
40476283  35117203
40471434  2265664
40468042  37828758
40476433  18350632
40476136  40384910
40476507  306316
40476885  744494
40476741  1222184
40476997  9508518
40477104  218384
40472613  7098411
40446946  27498840
40455367  27474503
40477099  222598
40477269  513832
40474323  218384
40476549  40457121
40477587  4660142
40477587  16150606
40477792  18038774
40477839  354044
40445075  2914936
40441012  40469587
40463488  430274
40477989  1473155
40470983  37940296
38356104  24302170
40476326  4186021
2847386  2823211
40478335  27140891
40478253  3975376
40478652  20279484
40478785  25372318
40478753  218384
40478843  387707
40478508  25925556
40478996  12044616
40479375  10786087
40479418  10659133
40479575  24042774
40478612  1711990
40463293  2139134
40479662  18544830
40479769  8216437
37288482  1169539
40479971  11408427
40479671  27947143
40479533  40478077
40478371  670563
40478371  26179677
40480101  218384
40450075  37335102
40480388  12664463
40480005  16400711
40479839  21982987
40310626  38649533
40445057  38649533
40480030  7108504
40480809  15933919
40477639  30639785
40480569  17498216
40480589  39995201
40481109  40480592
40481148  1144783
40481234  27636373
40479448  26735715
40481588  2872090
40481608  513832
40479464  5605125
40481740  18050071
40480551  277772
25457546  11731377
40481760  34394466
40481876  4359627
40481901  4244896
40482044  2559527
40463950  35977916
40480175  1472498
40482119  19940603
40482260  4521426
40482526  2559527
40481883  14220321
40482431  8947423
9071568  2168610
40482788  2168610
40482342  23056328
40475587  379906
40475587  39429994
40483120  9978400
29311372  12268538
22134279  12268538
40483100  6064510
40482463  38390177
40482463  38829138
40481897  118884
40483378  26257266
40483694  666811
40483708  29509272
40482140  8619505
40483846  30639785
40484041  1497586
40484041  11154673
40484045  3127429
40484223  1818587
40483966  1196991
40483817  10143093
40483975  20043313
40484102  276179
40484484  29844181
40484587  1257721
40484596  14220321
40484726  8322398
40484379  15023441
40388687  36457947
40485039  10364657
40485080  4660142
40484999  23735265
40484822  26551575
40485124  1838619
40485175  25766876
40485386  29133563
40485259  3504660
40485272  1475297
40485749  5041494
40485918  218384
40485744  2201472
40485527  5192238
40485527  17360464
40485836  32648371
40485332  30680938
40485856  20563772
40483521  218384
40486095  7520432
40485768  218384
40485949  21212822
40483164  39951696
40486097  18614344
40477674  9594229
40483160  17677649
40473932  14950475
40485202  4370160
40486119  218384
40486339  4955732
40477491  12574414
40483424  14309032
40463378  2268104
40486383  39537177
40486405  2091589
40486454  18287482
40485993  20699393
40481395  9855127
40486461  122102
40477495  2820453
40484368  620843
40486379  1546711
40485801  39824767
40448554  11077857
40448554  9298275
40486705  22937618
40486767  12921713
40481772  218384
40483040  2973202
40486917  4292914
40482777  11321491
40486877  6885269
40487025  4487028
40486984  883365
40485677  4734580
40485986  25550850
40485986  1757260
40487314  4660142
40487311  14220321
40487325  268272
40487065  370357
40472633  23403430
40472633  26878933
40487415  3581981
40487264  7478336
40486601  24644436
40487701  554063
40487701  17341870
40487056  33664350
40487682  8212699
40482981  30243606
40487985  21069668
40485962  13231247
40488037  24644436
40488110  750486
40488222  9381926
40488343  17364127
40487788  10739572
40487931  14741061
40479517  17097245
40488454  3660046
40488437  23667086
40488399  21060645
40488539  33820638
40484233  28955976
40483822  3899364
40483822  3971970
40483822  2539095
40488803  2973202
40488828  17498216
40488730  9769703
40488782  218384
40472883  40389567
40488301  1052248
40489067  6682093
40488429  423228
40488429  3384504
40489143  4116419
40489097  469357
40489224  895659
40484180  8595748
40489391  18081521
40487359  954560
40489452  1559955
40489269  38513237
40489674  2342162
40489138  13356549
40489633  4969171
40489286  2216471
40486798  3876563
40489909  8575281
40488267  2802687
40489908  5273844
40489461  3280353
40490071  39849984
40490017  3873215
40489868  1238881
40490127  1232097
40490088  37732820
40489433  4002462
40490103  4163343
40489980  3350247
40311397  39788099
40490427  2930848
40490393  1614723
40490439  1669821
40490395  36942399
40490455  2298870
40490264  6756454
40490709  40097976
40490248  2443325
40490747  18050071
40490749  2318123
40471318  7735267
40490875  1395506
40490875  5343437
40488952  977796
40488726  22713652
40490825  3839982
40488716  28944233
40490921  6756454
40490950  750486
40490950  111102
40491100  18050071
40491197  1239938
40491021  11756907
40491169  2029976
40491430  381542
40487049  16058736
40491323  6343166
40479392  27015644
40481639  4785654
40491650  16251625
40491611  750486
40489451  35971042
40491668  625799
40491721  19896870
40491687  2167916
40491157  27878402
40487768  9475589
40491676  10830703
40491912  588004
40491942  1867861
40491875  5864540
40491664  4843304
40492133  29440299
40492197  1132941
40492138  4404084
40492188  24508592
40492127  2232934
40492125  2883840
40474725  12955266
40492372  18582178
40488148  35553500
40488576  5226285
40492556  17244713
40491851  24823915
40491851  38732587
35971281  20279484
40483703  5033047
40492229  20279484
40492635  32855128
40492675  36250353
40492808  14028959
40492887  1798285
40491206  31692355
40491723  13258378
40492950  203198
40493049  1751301
40493060  29140402
40493104  1922677
40493123  23061921
40492778  35050960
40493157  2268104
40492368  5846934
40493421  12573816
40493364  3561043
40493394  27282673
40491600  21568652
40493454  4265546
40470654  1198124
40493632  8871711
40493602  11321491
40493667  12573816
40493518  27405826
40492460  9605913
40469042  8088179
40493907  14853779
40493984  143847
40493984  237104
40492414  13416418
40494261  2973202
40494079  6611412
40494292  211383
40473244  8907490
40491681  6532273
39390373  6532273
37004179  6532273
36590597  6532273
4648772  6532273
40494342  1511230
37361344  2508215
40494361  2402579
40386887  40378895
40494525  4261133
40490641  9849950
40474365  18646756
40494620  25706216
40494532  62137
40494755  2559527
40494778  11321491
40494912  5890584
40494926  986006
40494609  37211940
40493521  40453899
40493521  13591983
40494515  5121495
40495087  3418128
40494624  1519736
40493567  13102045
40495306  2185252
40495195  3924049
40495058  40491443
40495482  37719306
40495585  3445590
40494974  2912817
40494974  3059333
40476505  14624298
40495699  22252904
40495693  9130184
40495234  19978597
40494995  1091372
40494995  28374901
40495335  38452561
40495775  1249548
40476975  4309723
40495842  385558
6477269  6749255
40477935  34443104
40490628  16137713
40495754  28770415
40495953  4261133
40495733  32773115
2074074  4710142
40486295  40361715
40495765  513832
40496034  2973202
40484504  2958684
40480260  8949252
40474522  33291631
40496085  32580250
40496161  218384
40478566  15824726
40478589  4796764
40488874  218384
38672546  39001956
40487526  10275769
40454031  34097281
40486094  252055
40486094  1750273
40473583  10695139
40482914  3481828
40481734  14826143
40496331  750486
4531941  13264511
26793716  4531941
27435798  4531941
33490297  4531941
33661893  4531941
40495812  5249537
11155106  31584762
40464592  37495375
40496424  40494875
40494215  40373595
40496280  451415
40496408  1064243
40496518  613183
40495268  15556929
40338096  4543228
40496399  38344184
40496661  40157131
40496630  5121495
40496690  2973202
40496666  38360276
40495924  14171230
40496913  4989483
40497003  9908781
40496910  1218905
40355946  215497
40497007  33668949
40497157  38807579
40497103  16182115
40497273  39205043
40497070  14220321
40496126  39228043
40495550  3913736
40497361  30696307
40497324  12715246
40417961  6341024
40497484  5195303
40497100  19561332
40497580  17786318
40497710  5682943
40497710  9845011
40497617  12234817
40497898  2706125
40497922  18842779
40488484  2309767
40498071  363681
40497986  218155
40498139  12574853
40498175  17134653
40498219  8033550
40498292  19789102
40498315  4202538
40498279  9959727
40455914  1960473
40498278  12635401
31765638  12635401
40498612  12423614
40498657  40347224
40498657  22730001
40391763  15112125
40498654  14220321
40497587  36932
40497587  2682745
40498615  3822535
40498450  24644436
40498797  12573816
40498868  588004
40498468  19896870
40498919  7961363
40390979  40499044
40498938  14220321
40498281  16330831
40498757  27421417
40499278  218384
40499423  18050071
40499426  27579592
40434857  883365
40499801  40373595
40499937  14028959
40499905  4477850
40499468  5545649
40499215  7131652
40499215  529085
40499668  19737327
40482541  15125920
40482541  1960473
40499840  7172784
40500186  40499235
40500140  14028959
40302441  26508193
40500247  3124012
40391938  8004237
40494976  17883655
40500378  10085184
40500467  20795298
40500441  4618541
40481442  547821
40500426  3949642
40500768  218384
40500598  1686699
40500743  495021
40500480  109383
40500905  40466162
40501209  12066054
40499938  19658891
40490323  25747499
40501045  17623694
40500356  8466744
40203220  40161934
40501134  817853
40501390  19348248
40501383  39677197
40501598  36541966
40501427  13874777
40477951  11540184
40477682  16201607
40502098  2147333
40496356  218384
40502093  32648371
40497379  18940644
40502090  7208769
40501095  4801776
40500756  1485435
40491342  11094429
40490662  18782503
38183435  2965747
40502396  17331024
40501734  8563535
40498047  40473943
40497282  4701532
40500200  18060667
40492146  31473489
40501942  14220321
40502848  31340868
40459072  854128
40472402  33734683
38113842  37650208
40498463  19790790
40495713  8023306
34205941  35804693
40492977  36942399
40503432  22011200
40503253  2471935
40503293  3130983
40503080  15455113
40503828  14220321
40503858  25203556
40503809  7647097
40503762  23521496
40504198  25706216
40504263  3618340
40504002  7745609
40504362  4738595
40504466  40469467
40501142  977233
40504099  218384
40483263  34584801
40504418  14524209
40504774  18325025
40504977  37726874
40504736  12769982
40505126  32648371
40505511  203198
40501992  7072423
40505604  302096
40482081  17189042
40505902  432493
40131277  4660142
40505953  5501959
40502475  739689
40506012  588004
40505712  18050071
40503406  27263365
40506134  16594185
40505976  36014508
40506326  19398339
40506313  39572183
40506345  3921527
40506675  8767166
40465418  40464150
40506668  6177719
40494112  40492373
40359164  40315443
40479055  40315443
40495252  1615877
40506884  8080217
40502479  3356400
40506988  2552483
40507081  2832018
40506142  8777724
40507148  16380966
40503201  15521372
40505665  1808294
40506851  4824342
40506531  7437602
40500823  18050071
40506817  17340474
40507548  1442925
40507623  21497944
40507747  14768951
40506357  7206801
40507803  12301358
40507868  4261133
40506837  31886144
40507636  40435789
40504647  10547638
40506916  24844681
40508186  17364127
40508268  9184141
40508284  10160664
10160664  2973202
40508285  365191
40508436  326390
40501642  33026474
40508646  500431
40508636  8608587
40508600  5187530
40508763  11498068
40508669  4660142
40493838  40428756
40508942  8270612
40502418  29045637
40509060  7858262
40507697  27631629
40507697  10990998
40472878  20492015
40509348  4845813
40508183  19224028
40509551  23667086
40509603  18050071
40509667  494035
40509619  5967035
40509489  17995706
40509489  1869304
40509774  34486832
40508949  9237485
40509204  3637936
40509204  33481518
40508986  2559527
40509889  35303370
39915941  39878011
40509985  1847789
40487308  14220321
40510198  12754256
40510066  1847789
40509884  2835559
40510363  207947
40509968  27398517
40510030  1005073
40509183  17967114
40509183  14384559
40509183  22566653
40483260  1835986
40510599  30149034
40503329  13770715
40508699  6270782
35780715  263005
40510733  3642023
40510946  6277944
40510903  2612802
40510744  14081128
40510993  14800862
40510995  513832
40511188  9980262
40510981  2115497
40511158  24547471
40511389  14220321
40511570  11907245
40511658  218384
40511607  20101211
40510240  30005940
40510240  16932825
40511538  30678457
40469754  40474409
40497593  40289456
40497148  1529412
40511808  6350680
40511611  40306125
40511877  2973202
40510323  18220340
40511828  1457305
40512121  762011
40512040  24644436
40512159  8465006
40512270  12062481
40512344  37946990
40512271  40497199
40510150  861995
40512293  5121495
40512316  40296781
35656288  34878276
40512646  33621808
40512793  750486
40512670  25566581
40512866  39051760
40512414  4003552
40512752  38673261
40512752  24814646
40509891  4469984
40513157  3481828
40513147  30641478
39978391  10336899
40513277  4261133
40513127  40273509
40511172  25553910
40513247  3614197
40513428  14795145
40513437  12549547
40513572  25706216
40513537  226910
33747775  13517221
40513656  2305014
40513841  21044798
40513273  14364
40513920  1751301
40513317  3523145
40508500  40506417
40514076  31164078
40514131  8205691
40511846  25177004
40513368  15479928
40513164  14013576
40514188  1240373
40514295  1867861
40514252  218384
40503284  8551735
40514527  9589158
40514202  3804577
40514545  5121495
1971738  406230
40499807  40512992
40500385  40481268
40501120  9316023
40514592  7144118
40514849  32635897
40514667  643879
30350490  7261670
40514969  40511500
40514963  3799193
40515069  610245
40514685  8110934
40514852  8944525
40513691  2784514
40512715  1621394
40515285  6707695
40514907  11321491
40514994  4706499
40515367  11808232
40515474  39523528
40515515  29056507
40508157  1231195
40515679  2973202
40515714  1132941
40515701  34566349
40489497  3575681
40515272  13866472
40498917  25526833
40515771  4660142
40515819  12573816
40515909  15853469
40515874  25504149
40509634  17951294
40516064  4693120
40516148  20838624
40515788  39383289
40516210  24644436
40516048  7559121
40515657  32170456
40516046  25611999
40511931  22618056
40516027  1451009
40516394  11480763
40514356  3070587
40516558  19660189
40515475  24644436
40516517  36033607
40516521  5554734
40516477  40470188
40516708  203198
40279863  35623845
40516347  40362031
40517010  5554734
40516485  5448468
40517067  2559527
40498742  218384
40517019  35473174
40482460  11026733
40517161  10705669
34797688  20035101
40504922  35946880
40517214  2386714
40511665  1962629
40512221  5342375
40514931  7431268
40514680  40491793
40517693  40373595
704758  19669786
40517566  3873361
21073975  23046081
40517856  19835824
29496306  4648540
31599427  12173294
40517992  1255492
40518061  40479804
40505853  1036347
40513991  1559770
40508079  5567721
40518210  11321491
40475001  8831060
40496810  38366204
40518456  218384
40518477  7923369
40517851  30199130
40518225  22096398
40514551  2591098
40514950  9147129
40504116  2587345
40518585  7343833
40518690  9043172
40456586  9475792
40503417  179123
40518778  9525882
40519064  762011
40519123  1313120
40518905  19366401
40519235  12503527
40478008  38213814
40519428  14220321
40518571  18767330
40519517  31861190
40519484  40232165
40354699  18390709
40518860  9322070
40519454  12547234
40520015  15776113
40520245  26819222
40520178  14961271
40519471  4660142
40520443  12113699
40520542  885009
40390342  15164742
40520861  513832
40519898  26771279
40520544  35999
15548525  7462942
40520570  6058394
40505164  7813436
40519519  27727980
40521312  203198
40521524  16153221
40521570  1570759
40521511  25611999
40521879  1461432
40521996  28381212
40521894  4179655
40521923  38999602
40522094  280435
40521245  3172332
40522089  7723549
40427775  40295188
40522086  15646973
40520029  3109067
40521694  14220321
40521066  1299871
40522144  4847089
40522392  40131096
40522485  4519739
40521167  30392626
40522533  15491661
40522271  2118656
40519102  35503457
17360818  35503457
24869007  35503457
40522738  21233033
40482363  24900875
40522754  2167916
40522786  12423614
40522713  2245442
40522928  10053731
