40522398  40521442
40522963  203198
40522975  218384
40483814  16416601
40522626  22036365
40522804  7381455
40522598  33139000
40521729  4526829
40522500  4465948
40523318  21881992
40523272  108819
40523351  388180
40523310  34614057
40523184  1176908
40523394  37904739
40522819  20204257
40523415  218384
40516176  3753869
40523345  37228286
40514384  18823527
40521162  18677649
40521890  6866238
40523553  14392700
40521629  4928271
40523889  3552461
40523726  1448458
40523867  11957643
40523264  13058743
40523983  1700081
40523983  13098143
40521687  22602143
40498599  40497326
40513650  40497326
40509380  40497326
40523246  32837808
40524250  9651784
40524191  3917250
40524554  1553382
40523736  10925632
40521852  13047321
40524833  38499156
40524493  4162749
40524934  13890331
40424698  4660142
40524813  10342657
40525308  10563619
40524827  10170913
40525399  19732011
40525036  11433432
40525035  7763983
40524769  26291988
40525473  16626735
40525572  1442925
40525504  5002966
40521782  218384
40525057  218384
40525911  37216841
26771279  371115
40420921  12907238
40509939  3016448
40503756  11165944
40477252  19274127
40526219  12726860
40520607  40237295
40526281  588004
40525491  1220213
40526293  782629
40526528  20340138
40523252  9194871
40526526  21736844
40526491  2442675
40526771  7285714
40524044  30680938
40526856  8153048
40526096  9319242
40526120  12847502
40511166  29816008
40525622  15225673
40527055  24699576
40526198  6848608
40527035  33783643
40507293  9516025
40526546  34920555
40527123  25607247
40527105  4261133
40527301  767999
40527543  4968406
40527657  448981
40522020  7487526
40525085  2973202
40527062  492262
40527902  11321491
40525410  6402681
40527595  23417356
40527732  34939425
40528050  4324410
40525652  15563921
40527490  26828246
40528396  6510724
40528844  9301109
40528769  3903488
40528898  3127429
40528898  7890685
40528898  20279484
40527901  684672
40527768  24644436
40529083  14220321
40529111  218384
40529251  7223359
40527030  1595611
40529270  2488406
40529331  1299871
40519260  37729583
40529586  14028959
40528228  20839384
40502868  20268482
40529788  21044798
40529930  949433
40529907  542938
40527010  2632441
40527010  22466328
40530095  15281904
40511325  38493543
40530278  218384
40530390  17407664
40530490  218384
40530561  11321491
40517350  40390634
40530631  218384
40530152  38849270
40530724  686353
40530751  6491463
40530493  12360533
40527523  14022368
40530765  7795066
40530887  27506477
40525398  29159840
40531060  8028957
27510578  24214643
7533801  24214643
11364879  24214643
40531293  22745662
40529910  8306654
40529474  40208051
40529086  18938276
40531569  5969081
13606178  326910
40522366  27340099
40531660  25799408
40516554  38284814
40517812  11621740
40531964  25706216
40531954  22937618
12032214  3249524
40532035  3845018
40531810  5423760
40531867  60174
40532211  38987
40531734  4742467
40532420  1414755
40532408  11588654
40532485  750486
40532328  14373475
40531795  38179060
40529616  19812930
40532446  11097658
40532879  4015417
19614196  4015417
13424365  4015417
10044321  4015417
40454918  101055
40454918  17253545
40529914  1373164
40532930  21242110
40519122  40473943
40533118  33821631
40533185  7202616
40532942  24644436
40533061  122616
40522454  29199807
40526775  4233605
40533139  37176397
40417920  701704
40533486  218384
40531843  23566734
40533287  495021
40533519  2901102
40533492  3903488
40533527  4039608
40417606  9507648
40533198  8875818
40533660  19273904
40401290  1191374
40528184  19414060
40533999  22937618
40534009  11073841
40533880  38513646
40534054  22284557
40534186  1669821
40515811  605027
40534185  19109960
40533757  40530536
38608050  22520903
40534168  1021793
40534298  4261133
40534127  218384
40533688  22716542
40534340  4350440
40534411  34119639
40534438  12573816
40531584  38207465
40534468  38902440
40534589  354883
40534531  5013844
40534843  513832
40533698  3068534
40534879  1429172
40535024  8358084
40535020  21593
40534740  6869312
40534840  34247930
40530464  13309289
40535272  20449427
40535203  6696027
40535174  33047452
40535384  29977652
40535384  1586587
40535711  25706216
40444908  727844
40535877  1602934
40535946  10804982
40535668  2671145
40520097  3485825
40536238  17717506
40536414  218384
40536451  14220321
40534245  4421706
40536381  1761626
40536330  40534420
40536373  24576515
40523500  6668963
40536637  23018769
40536387  25070547
40536774  5890584
40536782  15130309
40536828  274626
40505012  12004603
40536845  23924373
40537144  409784
40536315  37185056
40536694  18050071
40537066  2612802
40537250  10693845
40535673  12902783
40531129  1055336
40537151  18769109
40537221  2552130
40537411  20035101
40537363  18668556
40537289  11978995
40536995  203198
40535537  3988788
40537701  38533338
40537718  1132941
40537673  30739460
40537711  14383710
40537748  767999
40537947  513832
40537872  9342578
40537271  218384
40538047  19605150
40538080  40520003
40533787  588004
40537723  16228248
40537732  9872419
40538247  10050906
40538209  12062481
40538190  10130858
40537972  1187518
40535917  29189281
40538405  12437986
40538400  9110487
40538526  359494
40538396  23294658
40538577  14886881
29137597  5717312
40538704  27776026
39978853  3611760
40538684  4244896
40538879  218384
40538927  7572599
40538811  17030173
40402704  4692245
40538281  218384
40536427  40535745
40490779  21197977
40539165  1247486
40538968  12573816
40518031  218384
40463273  848132
40539175  25706216
40538976  39176196
40539559  33612956
40539474  8938689
40539449  33139000
40539542  20940979
40539561  451415
40537755  919076
40539907  16641119
40539932  23294658
40539970  23667086
40539882  20954668
40539915  218384
40540144  4686543
40539999  34835951
40540338  5527114
40540268  20563772
40540244  4261133
40540502  15266634
40520175  9236332
40540627  4216745
40540561  1643227
40540709  10012303
40540778  11816444
40540798  32170456
40524283  4660142
40540266  1065774
40540038  218384
40540908  25361895
40532618  37674401
40538878  28441007
40541052  40520049
40541051  11963508
40541136  40478342
40524629  1814095
40540983  39989475
40541279  203198
40538436  18887264
40540796  218384
40541853  513832
40541854  21659691
40541908  2906582
40542088  3997327
40542348  39229202
40542376  7464271
40542332  26022250
40542550  2577172
40542571  8715860
40542412  4660142
40542705  2289395
40542804  21895756
40541604  4343202
40542754  6370690
40542500  3100365
40543113  11303532
40538635  218384
40543173  218384
40543530  35472511
40543647  3552461
40543635  1267869
40440967  35952538
40534826  487073
40542434  36221133
40541211  5093842
40541617  3305561
15236440  1523126
13594223  1523126
40543820  30801879
40543932  1388871
40543548  8204214
40544197  32648371
40544238  9605913
40544159  9923890
40544246  31764414
40540648  21142686
40543195  6735917
40541057  12347256
40544231  33369038
40543392  13944956
40544386  24024549
40534487  5882221
40544493  14220321
40542473  10382929
40543835  21950107
40544639  766559
40544780  4968406
40544868  40525850
40544830  9409195
40528173  17518564
40544599  12233562
40544599  4350440
40545193  20153455
40545156  20095002
40544273  3822621
40544827  56692
40544544  9617348
40544544  5890584
40545375  8951810
40539275  40543645
40545734  1360869
40546049  23033939
40546209  218384
40546301  20853142
40545910  495505
40546250  4660142
40546368  18050071
40546383  1597405
40546399  7826737
40546392  23353173
40546664  240178
40546417  1296646
40546675  6084218
40546374  24912055
40545493  6337897
40546153  149274
40545133  19020059
40547091  40546695
40546431  4181668
40545447  23152816
40547043  17894638
40547239  34835951
40547007  40545227
40351755  21587122
40547289  13102045
40547364  20279484
40547382  40546695
40541018  371
40547025  18782503
40547238  17960929
40522049  37527102
40547046  9158428
40547262  36693510
40546150  31238348
40513094  3939636
40514885  4736
40547709  12769982
40547472  35680979
40545401  16041229
40547507  36288523
40546757  8604286
40548134  2175694
40548183  40546469
40548115  17498216
40546733  2167916
40548353  8477346
40547263  202813
40545807  189549
40542559  2290365
40542174  17546601
40538367  24070885
40548526  307179
40547954  23164598
40530768  3232744
40548433  1747654
40542496  4261133
40535542  15318357
40535542  11217683
40529363  39622247
40525289  2353141
40534078  218384
40548795  28450263
40544924  1494953
40544305  20705399
40548397  27550094
40547089  307650
40548598  37549594
40549223  12065329
40549223  203198
40548880  28961014
40549255  203198
40538786  16482949
40548148  24837401
40538753  17619185
40548774  1407451
40549423  4672505
40515712  40353191
40549522  203198
40548456  28788082
40549562  20997687
40549323  19977666
40549633  33860288
40533169  25293045
40550100  7486085
40548945  218384
40550106  32010172
40549733  16820681
40550182  3951768
40549839  8028957
40550059  12004603
40550167  24852247
40550256  12751258
40550601  3166792
40549759  20940979
40550172  1632280
40550547  5121495
40542592  40503468
40548919  1590723
40548919  1191054
40425076  265960
40545922  28443527
40549420  7471255
40550556  1493969
40550971  2579373
40272150  2111333
40545805  19661198
40551170  26289472
40551239  9466265
40539079  11268501
40550859  19930070
40551397  949433
40551260  9449489
40551365  5796718
40551448  38540176
40544944  335250
40551593  363681
40551724  16000196
40550999  8153750
40551789  203198
40551695  169511
40551819  34713973
40551867  2063480
40551570  276927
40549832  35020791
40551915  31296452
40550124  19843506
40549960  27736347
40552190  21511142
40552251  4716040
40530010  4660142
40552270  4386127
40530007  18041112
40552202  725556
40527447  1008886
40549854  4997493
40548543  14934640
40548543  218384
40552503  513832
40552560  9673718
40552534  9636605
40552735  16782498
40552669  29391037
40552853  218384
40552875  18222286
40552933  14595810
40552846  7168993
40550126  18060667
40498005  40482935
40552336  27128947
40553285  23086383
168892  33761
40553470  9792664
40553441  15971599
40553627  4261133
40439165  21225000
40553406  14220321
40553773  33353014
40553073  4140448
40058409  4304757
40550878  3177733
40553893  18969783
40553928  4685450
40553947  19075671
40553997  1261875
40553931  31018005
40553814  6961643
40113805  32577960
40553515  40517087
40554159  23141572
40552852  3951547
40554205  14211973
40554234  14220321
40318677  12231644
40554289  1744967
40553436  2973202
40554388  24644436
40554370  6105513
40554440  513832
40554397  26720841
40554389  25706216
40554533  33645685
40554280  35537134
40549213  2808646
40551520  22273321
40554654  16959576
40554602  38982807
40554736  1575141
40554569  15086040
40552999  621290
40554438  12026842
40554027  16959576
40554941  11573974
40554789  5554734
40555001  23371938
40554710  2396493
40555168  16633620
40555175  3508605
40555317  1132941
40554820  4573528
40554023  702342
40554469  132988
40555378  11816444
40553331  33589985
40554898  503093
40554898  7177158
40554686  3579079
33589985  9767391
11193640  9767391
40555340  16091823
40555622  24644436
40555611  4261133
40555748  19547091
37090650  9767391
40553715  32689627
40555910  588004
40555909  5746544
40556067  1750106
40550871  2897733
40555526  218384
40555987  15048887
40555797  17832583
40556085  194852
40556392  16922214
40553205  3997659
40556437  2255861
40555335  4244896
40556484  29140402
40548541  11983875
40548429  21801496
40548429  3616471
40546951  1241148
40556486  19938008
40556486  3454965
40556486  40271759
40545311  8767166
40556633  2505181
40531078  9685377
40541616  2350489
40556688  4660142
40543527  23516064
40539293  696117
40556803  1565600
20791354  4706499
40556376  14220321
40556498  46155
8039534  38922990
40556809  19733437
40556892  24814577
40555852  15160859
40553936  29452141
40557143  14598812
40556001  30150829
40556722  14028959
10764781  7691251
40552586  20279484
40552069  979256
40557029  110923
33416792  7522565
40557371  2143476
40557271  3362600
40557436  750486
40556489  5554734
40557419  3362920
40557522  1658294
33278529  12343714
40557507  34289313
40554384  15529664
40557580  5682408
29191013  2918920
40556153  218384
40550049  513832
40555382  3784197
40552218  22664146
40557805  5554734
18967243  10649707
36384911  15530886
40550572  19843506
40547499  8389150
40557648  36982173
40557441  23039028
40540915  2056221
15909229  8955638
15909229  218384
40539268  1098117
27093607  25950310
34878755  28552589
13435942  2707322
40525883  2807840
40525883  31892125
40524361  218384
40523760  218384
40519524  19421027
40557645  104420
40519457  2036970
40518354  409784
40555931  13674327
40511125  40395785
40510837  12558206
40509028  21913408
40557538  10222835
40557793  25706216
40557307  18895915
40556483  12174723
40556483  8047943
40558204  10841124
40558195  6597444
40558264  11003154
40557429  15753224
40558346  17248462
40558231  674715
40557928  39644585
40528549  9303534
40558281  15349189
40557959  35975673
37451489  9479806
40554269  18979837
39799717  29184090
40558454  12614011
40559071  20955465
40558990  4261133
40559161  10981968
40558530  5573775
40559110  10075751
40559208  30349412
40557060  1313120
40559406  21236359
40559527  3668089
40559642  5554734
40559459  34663318
40520647  37089347
40559705  5259714
40559825  16959576
40559910  39520499
40548000  26367452
40527578  5455394
40559984  13600029
40559678  14875480
40558495  14106165
40559410  43116
35777072  29184090
40560424  14220321
40560473  26255
40557884  34422426
40556663  6229769
40560705  363681
40560719  17253545
40560531  13274592
40558455  38120169
40560360  2862238
40561010  24102104
40559433  29110892
40560070  5554734
40560767  28830543
40559787  40498558
40560694  20859052
40558842  36553272
36169809  36446114
40560348  634826
40559693  3175321
40561405  3127429
40559386  9945628
40561400  40549853
27156553  9028662
40561699  761194
37235136  40551110
40561830  1301346
40561835  18711896
40561900  513832
40502257  3602110
40555295  33187112
40546819  48239
40561925  588004
40561253  13050516
40562076  6685396
36466853  36467271
40558059  14220321
40561748  6137218
40560707  1085801
40562101  15474139
40562026  14220321
40561906  2422468
40560524  4830588
40506833  4064275
40546749  40546695
40561536  4701532
40562587  33193994
40562599  38256768
40562867  2234204
40420627  20441308
40562886  1021793
40558830  18050071
40562633  1826519
40562199  1398753
40559164  2577305
40562112  1809347
40562938  14220321
40563116  34304341
40563132  15112125
40563141  22937618
39957345  39530520
40563126  16789614
40562070  28494089
40562952  2770321
40563313  15112125
40563200  13773770
40563368  7571326
40560905  31763413
40540835  40560760
40563509  5555449
40529529  37601189
40563557  29636880
40563357  3191837
40563540  23667086
40561909  5121495
40563677  908672
40546653  6625551
40283318  37553362
40543987  1187518
40541381  11218299
40563935  2861915
40563912  451415
40563995  218384
40563941  5471217
40564062  10895306
40559132  20237531
40564109  2807127
40564120  2973202
40541377  10370204
40564139  5554734
40503153  34540634
40564129  19154224
40564154  2269840
40564262  4279435
33736301  15324758
40563966  15287305
40564259  16095220
40564302  588004
40564250  27420594
40540100  9922101
40564181  27524415
40564410  20035101
40564275  25721884
40564197  695050
40564400  625799
40554208  1099178
40538013  9229645
40538013  840781
40564313  17483182
40552679  16699007
40537750  1610030
40564509  513832
40564588  5554734
40560444  218384
40560390  23007567
40536984  7890160
40564489  14220321
40560192  11692699
40564625  40536020
40564647  40564580
40564664  4261133
40564831  4261133
40564748  14220321
40565020  23900610
40564304  29308898
40565093  1247989
40565096  768431
40565163  3755136
40565243  332872
40565273  3029244
40565315  750486
40565360  33785305
40565473  12769982
40561162  35464067
40528937  276660
40565184  16946878
40565184  1126338
40565650  1531456
40565220  7245
40565714  7007817
40565836  625799
21447599  2189800
40559526  134934
40565810  4969543
40565984  10230438
40565931  14220321
40566063  4162531
40556856  658763
12557612  904036
12557612  2399307
40565480  3262287
40566189  2906582
40566231  4261133
904036  2399307
40566325  4261133
40558282  3367288
40558282  2847386
40557910  509211
40557910  9972391
40566488  2120228
40566521  15112125
40560612  3470880
40566596  22047158
40566606  37805885
40566671  203198
40566740  33025988
40565169  3439946
40566764  5187530
40566188  38432243
40566214  31130457
40565227  40362204
40566257  31956422
40566673  21723183
40565244  18688971
40567029  18025337
40565031  30451274
40566924  11306811
40567135  39173982
40567060  40556528
40567155  7081339
40567031  11032015
40567255  22662488
40567250  19655189
40567227  12573816
40563328  2079719
40567373  17722497
40567271  12713563
40567452  14146148
40567385  13724781
40567251  15048223
40567531  10851273
40563024  4660142
40567550  4261133
40567637  218384
40558774  18340173
3476732  869885
29292133  869885
4767401  869885
39863930  18050071
40566617  31542243
40566622  23446377
40567407  22937618
40566391  344380
40566391  1755199
40567818  29140402
40567969  2279396
40568053  9457835
40567848  5554734
40568110  22624379
40567564  4985762
40567607  32635704
40568179  24831573
5328565  3874012
40567716  37335102
40568175  8028957
40567838  39522840
40568350  3477741
40567542  203198
40534355  2530
40568388  12175964
40568298  12013584
40568298  2920315
40568394  4261133
40527633  4201296
40568383  12475850
40532230  29421409
40531622  11922383
40568452  588004
39566563  16245767
40568527  4261133
40567669  13037637
40567680  20011389
40568505  1132941
40561317  4660142
40568562  1051379
40560550  18050071
40567122  18050071
40558293  18050071
40568811  1634268
40561934  34125066
40568832  18050071
40568861  14220321
8310657  3665115
40568823  10887211
40529815  18539992
40525958  6750880
40528816  10976897
40526828  12438689
40568929  30993434
40569004  218384
40567478  35783337
40568721  13606458
40567876  14694852
40537162  32194245
40569035  495021
40569017  16626013
40569333  10004112
40568906  1535404
20033846  1535404
40569379  24428051
40569234  11487981
32408653  23854857
