40610927  16902716
40617357  28371982
40617468  32233636
32233636  28736175
40617212  3230067
40593828  32923213
40617625  2664045
40615682  351489
40617889  40615506
40617917  4660142
40617890  766559
40617953  35775207
40617871  36143230
40613197  31231565
40617715  22444
40618254  26228747
40618254  15112125
40618291  28456051
40618270  30423838
40617327  7373567
40591699  3392386
40618303  18642505
40618229  22937618
40618478  5413158
40618075  9475792
40618599  36120632
40615689  22553483
40618606  19859282
40618606  16084642
40618693  6393943
40618567  31620625
40618654  40591823
40618979  1670891
40618748  4660142
40619117  16090487
40308183  40511346
40618779  2114185
40619052  36271899
40619194  21083945
40617479  1252992
2698269  1401904
40619082  3127429
40619388  4172722
40619013  594266
40619573  21567291
40619569  35464067
40619599  1902311
40619199  7970580
40619751  513832
40619856  21881992
40617228  5035323
40620031  218384
40620068  5413548
40620309  180172
40615206  4736
40620372  845021
40620372  22662488
40620467  26350141
40620496  217776
40620416  30454635
40620565  12575068
40620565  15635436
40620275  34963757
40620701  12343081
40620713  876239
40619163  23353173
40620685  12573816
40621100  691676
40621125  33001490
40615128  10994964
38270796  12550398
40614362  12550398
40620294  4951751
40620826  245180
40621362  3626901
40621315  1930025
40620354  5392344
40611420  39677035
40621491  6559463
40621444  12566166
40621329  34785417
40615879  13194081
40621936  40603558
40546292  4086107
40546292  10732690
40621962  40593884
40614655  18470702
40554927  15201071
40618861  15655012
40621244  1475297
40617628  18093928
40617628  7485670
40617955  25706216
40617898  919387
40622211  14220321
40620913  39582869
40622311  4660142
40622281  13503241
40622241  21075453
40622414  10377030
40622580  5262096
40622626  14443259
40622639  16631636
40622816  879603
40622742  40579481
40622929  19184889
40622994  218384
40623108  905222
40621562  28264907
40623177  3127454
33304808  31419897
40623448  513832
40623457  23353173
40623541  7056749
40623596  8962700
40623517  3583020
40623544  2932648
40623678  34361379
40623731  9617348
40605890  33828836
40624089  5048638
40623234  1186789
40624103  14144679
40624065  5347357
40624042  40603558
40622416  27254013
40624325  14220321
40624571  7383163
40624433  17444679
40624605  218384
40624699  5181578
33217977  15739263
40623053  909516
40624821  4009885
40625001  473282
40625144  5223
40624805  18050071
40521608  37645916
40625238  35937875
40623909  5554734
40573308  38459106
40625167  1088544
40621167  24576515
40624155  5890584
40625621  5685923
40625953  1520800
40623911  4736
40623507  30080810
40625619  12573816
40621693  7531449
40625934  40586948
40626232  22662488
40626246  24790607
40626247  2193012
40626237  40480
40626371  24900875
40626219  1485983
40626390  18835047
40626244  1014861
40626517  6116931
40626554  8933054
40626585  307179
40626629  6343166
40626746  2277352
40626803  4296281
40626978  17254008
40627248  867518
40627245  4945178
40626426  8028957
40621212  24402737
40627542  13377668
40627552  7995223
40627484  114543
40627627  218384
40582517  12337388
40627806  223918
40627801  15006618
40627802  9121395
40627430  23392111
40626379  3469908
40627856  4660142
40626320  15376475
40628258  628526
40628325  38067678
40627670  2062292
40626757  448910
40628534  3871984
40628823  32404247
40629008  36173379
40629008  36213333
40629115  548986
40629216  25705371
40629328  16736119
40629247  1066589
40629314  39894084
40628933  5023645
40629215  16959576
40629255  218384
40629694  14424565
40629303  3697202
40630211  218384
40630060  25008504
25008504  14056300
40627505  37560534
40630053  37076867
40630063  30439524
40629782  1957466
40630311  7694843
40630584  15363138
40630589  5890584
40625578  12729265
40630384  27395777
40630738  907360
40630828  19197013
40630528  9146498
40630505  34361379
40631074  15265605
40631101  4778627
40631199  9381926
40631311  22937618
40631365  8255533
40631468  8704059
40631474  15370288
40631392  12036776
40631640  1877475
40631730  23911703
40624763  24644436
40631421  25855137
40629761  12391377
40631678  34850587
40631884  6159900
40632057  40627865
40632040  7771011
40632073  218384
40631948  40626725
40632114  11920504
40631591  40585888
40631992  5041494
40632226  23596490
40632046  13102045
40631057  9855482
40632362  2411270
40632306  23740548
40615837  31286924
40632484  3726721
40632543  40201533
40632597  18737407
40632496  13247473
40632775  23515347
40632522  1073336
40632352  26216297
40628152  40630322
40625548  31885409
40630130  34608621
40632616  16068993
40622693  18050071
40628642  18050071
40631406  36951787
40632918  13475581
40633061  12769982
40630665  401656
40631277  279170
40633004  1723168
40627295  31630280
40632823  25231022
40618083  2973755
40633341  5187530
40632975  6249095
40633447  13102045
40633209  3473438
40627357  28093260
40633444  30680938
40633323  33058004
40633658  1241178
40622681  34929305
40632840  32885735
40633886  10820340
40633996  203198
40633539  13033037
40633717  10808924
40634118  20940979
40634058  5554734
40634104  16959576
40634135  1077347
40528004  16831250
40528004  5643321
40633554  12514558
40633943  3286525
40634342  18651039
18274450  18370309
40634376  58207
40634579  8051975
40634294  33309792
40634620  737409
3668081  941985
9899372  799981
40634738  7117084
40628966  91108
40631658  21279559
27332811  13503213
2860718  13503213
40631056  8928601
40625944  7056715
40635140  15361632
40634122  12334803
25709322  8028957
40634941  2889871
40625231  4660142
40635126  18664579
40634679  32654929
40617028  8868338
40616624  27230874
40625724  14220321
40613868  538060
40631076  40236304
40635438  218384
40631132  2422468
40635418  265192
40635513  12573816
40635495  20279484
40635200  37406353
40635304  30937525
40635614  23869552
40635670  36419713
40633884  28407831
40554245  3734009
40635667  14220321
40635950  4261133
40636047  25871381
40636079  4584541
40636213  5554734
2647761  4814398
40636226  21417305
40636260  23515347
40636415  4150233
40636443  23456742
40636443  5554734
40623345  2396493
40635654  13207746
40636459  4301179
40636597  6196413
40636637  108819
40635911  8554479
40636817  33795026
40637086  26768449
40636716  14105650
40637153  14220321
40591603  22248918
19354434  26067249
40636323  26067249
40636498  10010220
40637373  35158315
40632333  5369246
40632583  218384
40637359  13211277
40632217  22927124
40637269  3076414
40637403  6099243
40619087  6819957
40637211  18435317
40637159  461203
40637425  33387879
40637743  4878756
40637812  39223443
40637792  10154293
40636858  739241
40637918  38307356
40638035  19098143
40634810  40624735
40638119  25706216
40638026  40637273
40638183  218384
40638288  2970520
40638060  21626439
40638060  197986
40638241  13484667
40638293  14790148
40638254  2774170
40638456  14220321
40634675  22893299
40638328  37795648
40638582  2973202
40638591  31096597
40638589  6493605
40631329  27301960
40638960  9731920
40638557  34191486
40639046  18050071
40638980  34380112
40639023  768431
40639188  2276271
40639065  33627048
40638179  15086040
40639372  487258
40636182  19657220
40639463  218384
40639556  12953704
40632189  32543340
40639664  7877553
40639901  40579481
40639871  283406
40638965  25290520
40639933  1665533
40640074  4244896
40638961  38528856
40637024  3303962
40640140  25493837
40637187  11731377
40640110  5923436
40640413  775296
40623228  33727506
40638612  19225387
40640672  35163361
40630316  37076867
40640814  218384
40640856  3508605
40639137  16798796
40641036  12552714
40641191  18050071
40641288  38004506
40641139  16167305
40641319  4207134
40641444  25445439
40632998  39622724
40641682  5287538
40641409  35944619
40641611  5210535
40641375  4421400
40640576  25678373
40641506  2612802
40641970  2541401
40641476  4244896
40642010  14170778
40615956  40186455
40642142  218384
40632858  31635259
40641127  8639567
40642572  28503449
40642518  9998402
40642044  106179
40631841  8767166
40612635  936249
40642654  7758859
40641826  10004112
40642902  4261133
40642943  7177881
40642430  28322636
40642936  3781406
40631422  54142
40643107  218384
40642199  22444
40642800  3555057
40642810  4660142
40642727  11321491
40643333  15112125
40641624  3549206
40643253  6947799
40641535  802437
40503883  10268033
40643371  16717848
40275025  3373995
40643260  40641864
40642765  2554229
40643409  16095301
31164538  6126472
40643609  2813925
40643784  1985941
40643773  18478078
40643832  14309136
40643848  5554734
40643691  14220321
39154001  37974658
40643927  16819023
40642173  37241730
40642439  40641696
40643952  2553982
40644071  279170
40644213  218384
40577699  2635923
40582844  40521622
40634611  37525108
40634643  9281334
40644384  36004926
40644592  33507868
40633294  6289474
40644705  5554734
40644578  40623132
40644689  25192108
40644669  23167485
40621165  23156780
40644762  628500
40644842  1063007
40643976  39564210
40644732  3246185
40644899  135909
40642505  23667086
40643613  10350142
40645125  10990172
40645148  10399685
40645086  4963171
40645321  687789
40644339  8047943
40645435  11024646
40645575  541749
40645691  8962700
40645751  24644436
40645851  37241730
40645877  2591098
40645871  17981723
40645637  32170456
40644810  2839262
40644810  4026111
40645611  38688028
40645970  394767
40646040  2533563
40644591  12385651
40646186  3097415
40646240  27070547
40580147  1517611
40646400  20449427
40641587  15691243
40646395  36693510
40646468  39578214
16105147  9540990
40645917  15627030
38973527  7745609
40646532  1435177
40646622  45494
40646603  513832
40646576  2025282
40645786  4930914
40644900  6574564
40645665  20406886
40646772  215497
40646790  588004
40646855  9086913
40645510  26287031
40630461  428918
40646280  25778212
40637959  34201325
40647318  22392328
40638349  40296924
40647679  1696877
40639112  34851795
40647744  2801878
40647137  23599671
40647436  10377783
39061612  34678400
40648204  2650177
40647897  25013024
40648023  8284919
40647853  35925482
40648263  38416593
40648423  4660142
40648505  2354210
40648419  32342188
40647067  218384
40645216  19622341
40636245  32353093
40644739  40098364
40643287  2112715
40648858  18139756
40643869  3256269
40648028  4736
40648700  14220321
40649042  16647221
40647147  19613494
40649064  30892206
40648943  22166074
40590838  40506276
40649145  3479324
40649079  2167916
40649269  31748991
40648672  2161054
40587036  40539994
40649181  40306928
40646016  16787738
40649440  6260089
40649531  2301285
40649526  40506144
40649406  4112686
40635427  1390983
38893920  4216745
40649719  17759004
38068813  36355613
40650050  5545283
40650597  1874966
40614034  5131904
40650548  16433781
40650808  455612
40647205  218384
40651421  31433817
40651502  419119
40648019  218384
40650740  17368067
40651319  38520900
40651319  39038358
40651935  7766486
40651934  38439170
40643663  39897925
40651917  40627844
40652007  9605913
40651859  2630054
40651769  11158454
40648704  17437633
40652165  3202120
40652053  14220321
40648765  24232799
40652227  8496241
40652551  4123455
40651504  2388087
40488868  2725750
40652647  10693845
39467853  2194992
40652865  3374061
40605392  31480969
40652855  35745541
40463704  4261133
40653174  588004
40648345  1767513
40649685  18835219
40644979  22867286
40645335  326390
40652829  4933958
40652924  39953678
40410111  40351492
40653828  1129216
40653542  40270879
40651645  9037108
40653925  16098046
40653887  218384
40654040  2450954
40653237  10382929
40654516  9343241
40654565  1111837
40654555  15112125
40654443  1314045
40654948  9579930
40654965  986006
40654680  23431191
40654339  1944267
40655074  7599533
40632868  1063007
40655535  6789927
40655646  7486012
40654895  9960908
40655616  4459379
40655932  24495845
40655977  36150812
40654352  34748747
40656038  153890
40655473  19563106
40656301  4556099
40656361  17863066
40656141  1578778
40656189  4386675
40656436  2160920
40655173  5554734
40637048  40655225
40656489  5976289
14673716  6217378
40656416  33701144
40656570  4526113
40656630  2422468
40652677  218384
40656846  33021525
40656878  2631001
40655568  431391
40656840  399078
40656574  9276078
24469257  3106452
40656942  18382788
40657055  24644436
40647925  15117416
40657102  12721911
40657016  31337317
32296706  29447314
40656803  24692746
40657148  2771171
40657257  1704407
40657257  1790704
40657257  7564033
40652691  746171
40652691  2253166
40649576  10302119
40648441  38619628
40657151  12595327
40655041  3676919
16447951  150543
40657454  1625208
15220545  2693776
40656978  33410816
40657570  12803604
40652064  7041123
40654911  1696751
40657714  2549320
40657747  218384
40657197  10058883
40657677  17003133
40657366  26568200
40657769  12573816
40657950  623172
40657820  5678567
40656124  1187518
40658029  31975237
40658086  1313373
40658189  5812493
40650890  39879979
40658296  3242873
40658154  35373221
40658436  8192569
25214897  8192569
40658420  12246039
40658381  2973202
40649235  18261788
40658400  21145187
40646687  40626215
40654634  3404699
40647107  6330200
40658961  25706216
40658566  10434599
40658884  39637079
40658727  11238232
40659070  31230761
40657119  16577120
40657258  1566595
40658511  37310866
40657776  5554734
40659115  10333016
40659222  66066
40658466  12702076
40656949  1080207
40658834  32222563
40659504  4316710
40658619  3577641
40659647  4261133
40653034  6602244
40658866  31654913
40659551  513832
40659782  500504
40658938  33724296
40659786  36667258
40658153  18461894
40659716  11118491
40659630  2879132
40656455  38548317
40656455  11321491
40659524  34709898
40660183  25706216
40660147  4261133
40660215  833997
40660310  1906717
40660170  19886311
40659945  16259729
40660190  40654197
40660526  29140402
40660319  12423179
40660620  13128552
40652955  22008755
40611734  9213660
40660631  1251192
40660522  9861355
40646500  12718723
40650204  1996122
40660872  35464067
40660666  16516971
40660531  40628009
40660859  10605197
40660827  40480
40661086  25048769
40661023  1301346
40661053  501816
40661157  10153648
40660985  4261133
40659684  30037914
40659989  359494
40659989  3804005
40661354  5961000
36767413  31857143
40661666  500431
40660603  36113453
40661767  1132941
40661786  595646
40661921  2531221
40656352  12421989
40662048  1413540
40662032  40429954
40662223  218384
40662356  18379238
40662161  17863066
40662379  3937513
40662017  1143262
40661175  2709821
40542361  31939277
40662600  2973202
40659622  2156120
40662499  4261133
40647095  8272583
40662329  20223233
40662684  218384
40662274  5849154
40662913  218384
40662867  32648371
40661282  218384
40654700  10561923
40663227  40480
40662077  9151619
40648769  29798445
40662384  18808018
40663283  4057527
40659510  1867728
40661745  40027980
40663072  33973724
40663474  10490610
40663299  20279484
40663378  8113782
40663520  32164356
40663417  27109944
40662049  7419787
40663463  7173019
40663499  13704860
40663499  6473679
40663347  13724778
40663660  7397768
40663712  29650029
40663179  1247989
40663126  1630631
40661239  16981921
40663939  4660142
40661211  20513596
40663755  750486
40664058  18050071
40664020  17364127
40659904  11905506
40663338  5078239
40642746  10990998
40642746  9202224
40664094  23667086
40662480  4922943
40664304  5369682
40663385  32251987
40664384  7072423
40664348  2403122
40664457  25663538
6839145  10339365
40664855  16134549
40662378  40481224
40664379  1811100
40664885  247483
40664852  14220321
40664964  3730019
40665004  985272
40664888  240178
40664888  18946728
40665118  23294658
40664988  1056728
40664988  23593052
39815611  2508215
40665288  9028662
40624537  33187086
40665250  4878887
40665417  31613748
40660781  3552461
40665423  1281795
40665516  8500184
40665536  3384504
40665481  5836833
40664157  40617550
40652017  18978523
40665504  16040601
40663435  2339440
18961619  18693878
40663999  13102045
40665965  1663807
40575672  36563635
40666092  3481828
40666120  1239938
40637771  36358111
40663532  18050071
40666164  14220321
40666246  27663854
40666347  2988017
40666326  9780025
40666326  27662162
40666309  22390122
40666567  1120140
40659077  30204426
40666586  4526428
40660927  30094047
40666778  995593
40666839  60160
40666878  513832
40666868  1711990
40666917  16426976
32750943  9039014
40665181  10006609
40661588  12573816
40665904  13977851
40666592  35473174
40666446  18521661
40667064  495021
40666987  2591758
40667171  16208787
40666094  13890542
40666150  7957405
40667312  25706216
40666207  12666452
40667480  5904045
40667183  686439
8452130  7593086
40667748  14220321
40649747  23515347
40667965  29140402
40666402  35247677
40668046  29140402
40668162  2559527
40668161  12769982
40668154  8299545
40668271  40621404
40657742  1110409
40668495  429529
40668601  25345748
40668608  9713432
40668651  240178
40668621  3975236
40644111  26153148
40668999  40626922
40667661  20010882
40668006  30024922
40668469  218384
40669419  2051162
40080238  40625577
40669593  36932240
40522119  40625577
40150331  40625577
40628266  11395171
40669559  13793119
40669869  513832
40668619  218384
40670005  3032874
40668785  808867
40670056  7870265
40670247  16660039
40670045  17498216
40670484  22444
40656734  218384
40670778  11157814
40669514  7911003
40670992  4684663
40454754  32428993
40671069  5380177
40668777  218384
40670768  218384
40660508  276808
40660125  665453
40665530  6239148
29739954  6756888
40671201  2541597
40213648  23681571
40671379  4058912
40670948  5133240
40671586  919244
40671543  383947
40666406  28906601
40669645  11821303
40671143  12715945
40669105  1660124
40668743  8373944
40672006  15198718
40672122  509211
40672179  7949752
40672107  39931755
40672025  18562060
40560197  39931755
40671581  8729410
40672384  4261133
40672401  6340160
40672370  4310946
40672467  25397145
40668907  19939624
40670201  1138460
40667159  17779744
40672706  18914792
40672890  25252506
40286869  17047694
40668648  19878285
40672301  18672135
40672634  1144805
40671540  18093928
40671689  38220543
40673003  40625680
35550840  28435734
40660711  25858400
40673268  18614270
40673335  14153904
40671165  2973202
40673463  7220681
40673445  13790597
40668710  11707586
40673006  684672
