40584777  6162401
40673605  10984614
40671864  1014861
40673639  40661823
40673606  12301358
40673653  13275812
40673833  750486
40673097  11674426
40674003  21617047
40674115  7520432
40674086  505262
40584969  11962457
40672002  24100372
40674134  22139114
40674650  14220321
40674488  19273658
40674232  2631001
40675251  22204836
40673705  16108968
40653224  16920291
40674919  3083499
40675213  27688193
40669064  39849984
40675604  466345
40675495  5879675
40675402  32170456
40675280  17338074
40675280  348410
40675921  14028959
40675276  217578
40675851  4960048
40675831  3302356
11755127  7857323
40676083  2973436
40672504  18232194
40676290  2062258
40674988  19429089
40675353  4262567
40669077  7203515
40676261  21570318
40676261  40006317
40675746  2451154
40676081  21881992
40676579  4757565
40676688  18562060
40496328  39567353
40676702  40671873
40676524  9455537
40676231  4261133
40672829  19952200
40676892  1207406
40676938  18697034
6899580  4553861
40676868  10618605
40677159  21038960
40677280  9568852
40676445  32212408
40676181  38669725
40677371  11711426
40677344  13661801
40676177  3770989
40675830  27430648
40675830  40660809
40677389  38987
40677488  12769982
40671844  40633287
40677567  37897748
40677267  13377850
40676439  7451423
40677788  12125311
40677788  23709840
40677805  22937618
40677661  24864613
40660860  19183209
40674235  4660142
40677858  26327391
40675504  370357
40678134  23353173
40678183  22444
40675919  5900703
40678247  13592236
40678007  7745609
40659267  40655813
40678310  4389644
40428206  39190880
40678299  30790036
40678548  4660142
40677963  33161640
40653179  188414
40678560  7745609
40678513  22937618
40678629  4266489
40670576  22856136
40678802  19695784
40678919  29983886
40679076  113829
40679106  8150745
40679139  493490
40679173  14220321
40678500  4725950
40679059  1888779
40679363  4261133
40679299  15556499
40679508  3972854
40679624  588004
40657624  40678961
40668598  40313699
40679282  16737006
40679806  40672773
40679868  5890584
40679715  8773133
40680086  15537424
40674696  16970982
40679611  40130479
7193539  588004
40680247  14386
40679775  56107
40678755  7813321
40679561  32170456
40676570  295104
40680441  613183
40210751  12676746
40590948  825794
40680484  4419804
860459  2819934
40680301  22252904
38932943  1207406
40680587  12065885
40680561  4660142
40671833  22864254
40679969  15887461
40680497  17778372
40680789  18079593
40630882  21013912
40680322  30005437
40680924  32170456
40680614  35614862
40672988  30456901
39435623  35610652
40680402  2036654
39410967  3556650
40660213  17856580
40681304  60174
40681352  14220321
40681352  23667086
40679991  15034859
40681336  5826649
40681731  4261133
40681769  166221
40674233  473282
40681802  750486
40681474  22745662
38069490  4736
40681826  16218855
40681985  6001917
40681985  4594280
40681502  8686331
40679736  21577782
40682177  2973202
40682177  12769982
40677351  39791672
40682217  218384
40682146  218384
40682103  8495687
40682293  3404301
40681088  10123503
40682301  79923
40682378  4040001
40682368  20528472
21604215  7540397
40682362  4316736
40682610  247483
40681403  21612365
40682433  40660809
40682419  9735394
40677243  2422468
40669723  7446301
40679475  38709732
40682753  5554734
40682598  2571398
40682713  15441745
40682665  4331439
40681202  17498216
40683169  218384
40683099  6242955
40683199  612231
40683335  18441846
40679652  1442925
40683504  24900875
40682241  6481627
40683715  17380300
40683236  6439085
40683756  1373164
40683570  19640148
40683215  15892877
40684017  40682932
40684009  750486
40683740  40682932
40653382  35186
40684058  15209414
40644500  5103026
40684205  1708444
40684056  2973202
40684273  3577641
40678307  218384
40684374  31248257
40684418  39537177
40683211  21329882
40684551  32988099
40684342  35351198
40684246  27882839
40684820  26021903
40640054  28467011
40684403  40684299
40684964  1290318
40041522  13134490
40683788  34582370
40685030  10617703
40685081  25706216
40684371  6019627
40685037  7819163
40685037  40682932
40684615  1475297
39055129  27227994
40685256  24504582
40685226  39171589
40684754  11922383
40684495  26981232
40672906  6134006
40679309  11438307
40685031  218384
40685561  38997242
40683599  28627421
40685705  2130712
40567333  9046675
40685503  11693219
40685827  3437059
40685738  33440405
40685876  4350440
40685913  18050071
40676186  31843443
40686001  16061019
40685397  9679097
33743917  33440405
40686014  14028959
38405514  33440405
33460420  33440405
40686081  20137493
40686134  38157293
40686360  750486
40686290  40480
40686463  5890584
40686558  22444
40686607  25816064
40686597  14051795
40686591  6254703
40686323  20541905
40686593  5101895
40686469  4701532
40686846  1493722
40685628  11099466
40687068  2610679
40678230  34366305
40683665  6704780
40669365  40674393
40687103  750486
40687206  20044559
40686961  18634079
40687507  18605403
40622201  1101750
40683137  20279484
40683644  5489461
40687607  336859
40687599  28383638
35020533  37393737
40681408  317315
25252506  11374196
40687893  588004
40686739  33527077
40688027  13365553
40688039  4261133
40683181  696782
40688046  12301358
40687788  40578278
40688008  29837572
40688197  4968323
40688274  3737139
40688279  626759
40686841  32345768
40688330  21873048
40688025  4698538
40688399  762937
40687968  1056728
40688463  29308898
40688402  14744746
40688568  3528420
40688535  26895317
40681697  35582521
40688767  7811608
40688685  10523701
40688202  32170456
40687749  31177707
40672769  209840
40688866  218384
40688929  34835951
40688947  33220693
40689005  5676992
40689005  3807606
40688811  11167793
40689067  40361107
40689341  37923481
40611853  1596782
40689556  33007799
40643820  7655127
40689465  24310696
40689624  14473321
40689535  32538305
40689782  8117523
40689416  8150698
40690042  951336
32119925  30673331
40690035  11321491
40690278  4261133
40690320  30680938
40690133  22745278
40687679  13622923
40690588  4261133
40686456  40684710
40688466  228912
40690695  19590865
40686132  228912
40690624  459729
40690595  5424494
40690621  25610727
40690881  29317140
40689889  218384
40689861  218384
40690966  5369682
40677994  18906571
40691234  39106454
40691294  2132718
40691335  4421706
40690546  111928
40690546  1024389
40691537  18990170
40691631  14028959
40691664  1014861
40691570  4203009
40650657  127932
40680289  40683926
40691699  30199474
40691098  10178980
40691184  40386836
40691791  14678434
40691975  949433
40692087  8163746
40690845  1980452
17591490  451415
40691891  11978995
40690451  4967135
8868604  451415
40692206  2612802
40691239  1047342
40692237  750486
40692272  32175356
40689009  24007129
40692294  23983916
40690746  24254189
40683657  39677035
40691922  14392051
40692511  132988
40690199  32170456
40692654  39591531
40692703  18835219
40692680  31357181
40692460  13193549
40692785  218384
40692229  33505992
40692880  218384
40692923  588004
40689109  370357
40692596  28998093
40693039  60174
40692812  9170140
30800524  40691226
40693134  218384
40693152  114543
40693323  11165971
40693363  31625962
40693368  218384
40692752  29492333
40693568  1922199
39974515  1026069
40690452  35693068
40690483  40654442
40693636  5739937
40692606  40473943
40693182  21881992
40668400  30125410
40693801  3698200
40693020  4243684
40693855  1682567
40693874  24662571
40693931  25905086
40684351  22568962
40693945  28135338
40692397  17312734
40693905  513832
40693730  1549641
40692625  18222286
40688634  31633302
40604483  12055511
40694102  218384
40693128  14678593
40694182  5438307
40692416  4261133
40693979  31541532
40693534  9508518
40694308  39262534
40694321  30196216
40694413  401656
40694389  4261133
40691931  3577641
40693985  33446391
3866537  2785964
8089920  2785964
5841894  2785964
40691725  37259185
40691725  31198222
40675984  19733437
40694463  12004603
40693999  27117949
40694541  18050071
40694882  1449805
40688822  11124777
40691299  4261133
40690703  11321491
40694516  37484660
40664760  40694030
40695230  29140402
40695293  218384
40695290  23294658
40680167  241145
40695430  12573816
40695269  7767218
40694975  4736
40695503  61033
36444913  33198849
40693438  2707322
40695647  750486
40694709  25650553
40695695  5554734
40692683  2346806
40695829  495021
40695612  39085397
40695741  33000951
21466449  37424302
40695938  7443459
40696001  27299923
40696001  24735516
40690787  12504776
40695644  7674786
40696176  5554734
40696023  5335273
40696212  8572565
40695913  20940979
40696021  18702105
40696273  1299837
34558205  871858
40696293  684672
40696374  8028957
40696321  40677787
40696333  11922383
40690871  34709898
40696480  20420934
40696620  22937618
40696642  18050071
40696613  3770322
40696613  19210935
40696388  1685206
40696442  35284909
40696109  40694672
40688845  8234445
40688845  9535954
40695515  4787421
40696580  5371047
40696464  6010864
40695077  2529617
40696816  8428641
40696563  23686505
40694430  397488
40695098  14735630
40697025  1301346
778378  4666450
40688239  12162629
40686656  2612802
40681867  111155
40697124  19537515
40697095  9001509
40689123  115703
40696993  4928271
40696749  3988788
40697262  40694804
40697185  37907096
40697392  17993395
40697392  36464879
39291553  19890824
40697707  12573816
40685709  1811706
40685709  218384
40697233  13287302
40697820  3713643
40697813  13058198
40697579  218384
40697824  6142944
40697979  111102
40697979  750486
40697986  5207115
40696882  296667
40696331  18841693
40697999  9723208
40698083  11321491
40698157  17982409
40698183  4152097
40698183  28079696
40697956  34250207
40696637  9826558
40694357  10964882
40695599  1434779
25180640  9590885
40698453  21567291
40690169  17150627
40688561  39849984
39758954  25362990
39758954  520328
40684088  218384
40680949  218384
40697351  40698323
40697851  9945409
7996335  8157755
40685415  7726852
40696435  494816
40698494  23515347
40695690  12293979
40698557  513832
40642595  29580978
40671319  3044580
40668761  2243655
40698552  4244896
40698700  8174964
40676560  4928271
40674617  153724
40674211  3389264
40662847  218384
40671945  28948599
32345287  39849984
32345287  15167899
40669554  214741
40664810  3572160
40667410  16353893
40664780  35186
40662528  218384
40698639  4660142
40662064  22599719
40697199  18014403
6077572  3138384
40636342  32923586
40698452  4261133
40698724  9650265
40698892  5210535
40698956  35324795
40698953  25395016
40698834  12805535
40699085  10429204
40696678  16378480
40699105  8435183
40698589  21881992
40699318  513832
40699336  9990454
40699440  25706216
40698090  5335273
40698912  14028959
40695637  33954150
40699371  577298
40699613  9550627
40699746  39173982
40699895  2904862
40700053  12062481
40697523  40480
40699774  13840429
40700113  1301346
40700242  26455843
40700273  6112220
40700320  1686174
40700320  6802573
40700373  19561332
40700512  218384
40700485  37418372
40700534  4804968
40699062  40612345
40698755  11269559
40700960  10220510
40700950  38416593
40701042  21982987
40700600  38080353
40701143  147181
33174276  12319025
40701149  12319025
40701250  21895756
40700958  4930111
40701366  495021
40700173  40480
40698591  24881255
40701618  30398646
40701589  39528337
40701433  27240421
40701761  11251340
40701454  1186017
40701033  5907031
40702065  5300802
40702245  3974796
40701288  27338161
40702372  3674930
40702476  750486
40702276  14028959
40702544  2900447
40701040  13521937
40697181  588004
40697181  3650081
40702639  17290916
40702658  306313
40700855  2409126
40702721  14220321
40702821  513832
40697252  32648371
40702727  7743372
40696350  23667086
40702826  11102358
40703190  218384
40697274  3642035
40630585  2697299
40703206  11962457
40703469  3581741
40702228  40205664
40703546  8215308
40703621  8269096
40703353  36939790
40702054  1025029
40703784  6105767
40703868  10769964
40703609  918026
40703531  15814592
40698990  19255272
40703855  2392284
40703855  14786941
40704291  10623913
40704330  12231453
40703937  750486
40704345  3911400
40704367  1063007
40703674  218384
40704576  588004
40701991  28312245
40702278  25381981
40703304  15633341
40477283  30672648
40704902  17498216
40705040  40702785
40705050  20279484
40704341  845021
40704341  12769982
40704908  13840429
40703307  20556773
40705153  3974242
40701972  23446377
40705229  21427985
40701587  19013961
40701049  4261133
40699641  28443864
40705444  22252904
40705398  29998873
40704071  29545524
40705591  34638065
40704247  13944956
40705681  33950745
40704448  18050071
38146926  40704841
40705752  4261133
40705722  28317625
40705498  31885409
40705770  4105331
40702449  40702176
40705921  27628273
40705909  23081234
40701693  6346119
40576163  25706216
40706136  218384
40705468  29053580
40704232  40570234
40706221  9977045
40699284  15991036
40696514  29525975
40706079  8617889
40706268  30461620
40706403  38436542
40706449  6441218
40706429  11589302
40706303  1463707
40706493  4647368
40700517  25158084
40706685  5605125
26350775  27592837
40692866  27592837
40706474  7137401
40706679  513832
40706815  1207406
40706200  17334759
40706669  13255907
40706623  5272433
40706919  6441218
40706971  24085680
40690031  2340406
40698717  30128395
40706990  4261133
40706964  625799
40707002  32170456
40707130  3680429
40702674  33547312
40707236  16523789
40707151  18791396
40705063  40193916
40706983  40705012
40706058  1227571
40706991  13716723
40707306  17125842
40706233  757675
40705951  11270588
40707267  39709606
40707445  40704388
40707362  15024616
40707307  218384
40707550  60174
40707682  18050071
40707710  22086128
40694029  6211919
40694029  23708898
40707721  18050071
40706335  311627
40707838  12573816
40701241  40693750
40701101  16385225
40698789  1066933
40707734  11812095
40707750  28512394
40665729  8551735
40707989  2211867
40707982  20078107
40704432  40705460
40707719  26446599
40708013  7089313
40664573  25631695
40664573  4154961
40662475  25482876
40707979  12769982
40708231  12769982
40708252  20035101
40704346  40653158
40708433  31419897
40708521  4261133
40708389  218384
40708613  13441307
40708289  4261133
40708603  12764706
40708652  24722368
40708652  10811645
40708623  31198503
40708728  5301226
40666712  34314789
40708930  32170456
40708901  19414060
40707704  39024354
40703397  15031576
40708890  14457303
40709135  34233615
40709143  4824342
40709111  3011668
40709220  12892814
40709216  10016890
40704541  24612348
40693770  9127434
40658089  2081836
40655598  11743019
40651323  22639587
40645588  10091271
40709711  24900875
40709629  14028959
40709473  40700827
40693857  37254695
40709753  5554734
40709738  11458239
40709689  31978592
40693143  39232380
40702679  17274032
40702679  8649828
40705309  12567054
40709806  1517030
40709612  24037711
40710021  40373595
40710026  39195558
40709888  40698797
40709701  4233793
40708281  5562321
40708917  10052568
40707238  13102045
40708876  25007427
40710046  13973481
40705155  218384
40709127  5554734
40710035  740936
40704755  218384
40703330  218384
40710198  1470488
40702562  223918
40707968  33182096
40709391  518000
40702068  20910867
40702780  218384
40701952  218384
40708837  23353173
40700652  42519
40653771  5364278
40649743  35540823
40649728  122105
40710241  24173194
40710288  3249524
3351837  3130311
40647208  5554734
40625394  16069106
40617533  40598173
40609768  3255
40589387  218384
40584285  513832
40577764  18544830
40567455  40480
40564700  36021370
40708187  40473943
40710581  7141461
40710506  14967462
40701569  11655003
40710527  40325787
40710667  38253295
40710543  3435751
40710833  5443682
40702250  36658053
40710892  6276501
40707439  2973202
40711060  5121495
40711116  373419
40711147  1042902
40711171  19896870
40710717  39944703
40711413  147181
40711475  1812891
40711487  11773116
40711547  35246713
40711645  27806693
40698806  24644436
40703801  18050071
40709930  18050071
40711564  9490485
40711796  4261133
40710914  29493292
40711724  12850676
40710591  4233123
40711889  18050071
40711140  40638511
40711328  6442050
40711927  13059729
40711877  12251922
40711965  4438228
40712095  8486294
40712215  5554734
40712309  14205329
40712128  12149217
40712415  111102
40712597  588004
40712590  3302255
40712486  11321491
40583180  7381900
40712811  32170456
40712464  3986503
40712954  218384
40713063  10414210
40692049  2808177
40710961  15028648
40710961  22570929
40713002  40701911
40713217  30885551
40713164  218384
40710106  1413540
40712898  8229473
40713354  33500266
40711878  19404074
40713274  40673359
40713537  504103
40705093  14220321
40707641  20940979
40713662  5566970
40712579  39731497
40709417  14183121
40713994  409784
40648119  29189559
40714624  588004
40714571  6957631
40714571  4066538
40714571  1814095
40714724  3481828
40714679  2928102
40713590  11060483
40714405  7031964
40714761  52550
40705299  4801366
40665967  4422016
40712781  3660806
40714915  2697253
40714963  30046748
40715021  40695387
40662364  16136943
40705059  40699798
40662620  1432924
40710296  13705045
40709765  218384
40710390  40624409
40715264  11255353
40329578  35725750
40714655  40373595
40348675  3222463
40348675  15405442
40680872  21961142
40715405  255414
40715659  32290879
40715530  6190331
40715763  14220321
40708805  4376329
40714104  23417356
40715508  37801338
40714447  19936483
40715805  1526826
40708429  1138460
40705532  218384
40715927  16418193
40715087  37624369
40714893  30109219
40715656  10645994
40709140  1869155
40715836  367155
40715981  27632443
40712102  2396493
40711286  6030115
40716305  14863010
40716309  14220321
40716203  20644230
40709034  4660142
40716671  40712519
40712519  40330634
40716696  12606526
40716451  15863066
40716932  15112125
40712393  2309558
40716766  32153318
40717285  34240770
40717206  23417356
40717447  5216314
40716982  34691716
40716085  25270108
40717665  4261133
40717762  6822725
40717872  10986525
40717780  279170
40717418  279170
40717950  9586585
40717930  3457022
40718057  1450393
40717267  1414045
40718268  19177721
40718268  38972736
40715284  86458
40718157  35271988
40718157  20204257
35271988  20204257
40718414  23546818
40718662  218384
40718662  26621060
40707996  40710912
11280277  7450600
40715923  15660969
13681536  7450600
40718265  15204162
40719074  2075337
40719232  3266675
