40719232  531659
40719304  6259443
40719414  748062
40719357  23294658
40719247  193182
40719543  18898743
40718817  19696308
40719563  2591098
40719574  32112927
40714528  12446039
40718535  18050071
40719771  15454220
40719364  34058101
40719050  4685563
40719808  24639335
40719808  27736186
40719808  28322636
40719216  29883989
40719216  776283
40720006  949433
40719910  2353141
40711285  34065588
40713262  513832
40716248  2396493
40720063  226910
40718316  23983916
40717288  45135
40714575  4485229
40716573  14113419
40720330  1442116
40718214  1042618
40715744  31376095
40720531  40718214
40720554  8906722
40720632  248603
40720398  7027288
40720295  218384
40719960  22311440
40720313  438188
40720670  18735758
40720877  3575451
40720827  9475589
40707636  33492792
40721117  588004
40721108  19642308
40721108  31984929
40721097  1014861
40721235  218384
40721193  949433
40721281  23152454
40721229  20631922
40721135  10965759
40721296  218384
40712661  20761396
40720833  612231
40721320  1504717
40719277  13824669
40721289  9142833
40721420  17863066
40721143  27254432
40721552  11321491
40720280  2265503
40718149  10518151
40721712  17397195
40720401  3320400
40681766  64860
40670824  4261133
40721950  588004
40721902  28906859
40698414  35317555
40722047  13575562
40722175  15366436
40722256  11618278
40711740  40440691
40722286  30680938
40722423  23740548
40721972  28489626
40722710  39173982
40722760  3778335
40722769  7323118
40722783  1039986
40722797  35366457
40722949  240178
40722871  8504258
40718541  307674
40722795  6030071
40722890  19137276
29142778  22444
40723166  26908049
40720390  4545081
40723253  5121495
40723253  12769982
40723305  18222286
40723340  18808226
40723171  2091465
40717461  2184513
40717461  9593128
38251015  8052513
40704454  18882258
40723831  31590652
40712366  10257301
15398930  3106452
40723468  26266525
40723877  40704326
40722940  15581687
31590652  2809024
40716778  30002257
40723564  13955667
40724078  5986497
40722375  11922383
40724152  4261133
40724202  30634148
40723992  9554947
40724364  1019793
40724158  15015744
40724411  138884
40718933  40589514
40724403  24644436
40724473  20449427
40709596  1200621
40723461  28628667
40724293  20021846
40724615  10040291
40724142  6644997
40724882  18050071
40724878  15461574
40724959  5890584
40725075  16137713
40725034  16959576
40725017  7479520
40725056  38388570
6316157  1764970
40725002  5554734
40725217  9128737
40725320  83439
40725303  13942268
40725468  1458633
10278914  40723862
37292628  36374335
40725728  1169539
40725648  5379120
40724760  33751509
40725781  470256
40724654  218384
40725786  177506
40725661  12573816
40725917  7947886
40725475  8528557
40723810  8745418
40480153  10918907
40725535  40201844
40682707  40017358
40725834  29151499
40726116  40723862
40725638  3105984
40726253  218384
40717139  4576115
40726330  19162331
40726352  218384
40725273  2371436
40726303  27394710
40726415  15268767
40726595  13543428
40726580  218384
40726580  10699422
40726493  14301498
40726872  20569306
40726942  10765787
40726842  7709803
40726842  6212305
40522426  26662725
40726983  18012222
40617567  28100644
40727171  5775352
40725854  17556976
40727126  12573816
40727282  212198
40727420  16678929
40727059  2575037
40719692  37839171
40727467  26720759
40727338  23667086
40727395  279170
40727626  36228836
40727406  5291008
40726513  40221317
40727617  30112255
40727878  22950751
40727515  1568091
40727933  240178
40727215  196972
40727978  14220321
40727947  218384
40728043  24644436
40726837  30601892
40728092  1069621
40724539  14028716
40726761  38146012
40728241  265953
40727893  218384
40728337  17880977
40728387  1243070
40728388  63166
40728258  8558709
40728459  2063480
40728536  13844875
40728397  203198
40728495  8880088
40727545  217678
15336613  14837168
40726628  17466067
40728519  18050071
40728281  17298353
40728635  7192524
40728677  37812286
40666688  24285563
40728874  5798473
40720163  2548493
40719283  8195608
40725487  4594733
40728872  20534689
40728748  34582370
40728907  40499655
40719739  2464959
40729089  1451009
40729258  14220321
40728701  8403273
40729171  12767588
40729319  4528982
40717405  3013449
40717405  627435
40716448  15147751
40729390  8777603
40713450  40705710
40729360  15112125
40667713  33778471
40634499  2835559
40629237  15112125
40729161  2623585
40729572  22741215
40620617  2299890
40600655  493386
40583193  4663306
40729581  30266983
40729619  146134
40729708  4764916
40729602  36250353
40723066  37770751
40729830  9547291
40729799  19570413
40729436  2344933
40729871  6218494
40729776  60174
40729734  23667086
40725009  1081486
40730091  34570812
40642391  10376168
40730321  312443
40730355  29147709
40730333  15209136
40728482  38501128
40730139  2359014
40724819  18093928
40728006  16251822
40730603  23740548
40730623  218384
39599111  40556441
39599111  7065164
40730736  5889696
40730671  750486
40731104  39723267
40730943  24070714
40730446  3294293
40730766  38730889
40724762  13356326
40731163  1673967
40721429  17649475
40720766  218384
40720218  218384
40719186  388461
40729454  35137085
40716790  513832
40716790  26693369
40716232  6581605
40711850  20165564
40712606  5554734
40448603  5554734
40704215  40703379
40731236  21564
40731076  16350158
40726606  32635704
40731564  240178
40731504  218384
40731382  19095796
40731675  1031273
40731718  22097747
40731744  5121495
40732018  11321491
40731942  4660142
40724854  3655059
40731032  24644436
40732044  22309285
40732153  15895050
40731551  20338540
40731972  3709560
40712193  21251242
40732292  28745507
40732312  1192054
40732188  21633115
40711254  29380867
40732269  4660142
40732539  2591098
40732709  18050071
40732660  20563772
40732350  4255614
40732919  40480
40732088  36247776
40732816  218384
40733046  4802015
40733062  8440558
40732949  6913512
40733056  34866510
40732807  40731989
40731837  11529396
40733185  3497115
40622765  29117592
40733377  29140402
38772742  36361610
40733463  34557160
40733175  35275026
40733603  13102045
12100239  32648371
40731916  32648371
40733771  222309
40733871  23981391
40734096  5815423
40723695  40651245
40734139  10678229
40734370  14220321
40734539  16331767
40734724  5932641
40731995  8261619
40734801  526125
40717743  29319799
26832050  9978884
40735133  1665533
40733493  1168807
40733978  2603700
40735421  23871694
40702022  20838344
40735435  37800790
40726821  5280131
40735718  17759004
40735718  14930073
40735856  4660142
40734473  10077689
40734846  12573816
40716978  5127991
40736117  949433
40699751  34851088
40736198  40721015
40736332  14464213
40736332  175739
40736324  32170456
40735210  26422948
40734903  40732404
40736502  5820810
40736579  19766044
40736205  218384
40608083  246801
40736659  203198
40733949  21881992
35275026  34147515
40736611  32486447
40736750  17863066
40736748  13102045
35571123  1520800
38933029  1520800
40731996  37151966
40737183  5294311
40737045  3402679
40737045  38212252
40735389  2464959
40737367  22937618
40737129  6927763
40734844  3695224
40737359  24342026
40737498  4660142
37835124  4736
40736828  8571078
40737270  29624189
40736019  30454635
33320748  4033723
40333194  4736
40737786  1549801
40737904  1445506
40733395  15380187
40737989  6224626
40737713  12814334
40737526  40735175
40633311  4525001
40737605  40531678
40738146  218384
40738208  9393532
40738225  10825926
40728889  23417356
40738297  3127429
40738360  39516198
40738130  40736197
40738237  107405
40738392  12065329
40738392  203198
40738272  40037493
40738416  3024197
40736337  40411078
40738575  8038989
40736647  13009174
40738787  1014861
19878367  4994458
40738800  18271348
40738914  2973202
40738894  11555180
40738385  3604562
28489867  28470843
40739199  166221
40733571  218384
40739331  33074979
40739361  23294658
40738676  7069076
40738676  4350440
40735795  40017629
40739332  8608724
40739332  17510979
40739525  18508786
40738976  2633628
40734884  4112686
40739586  20098626
40739502  668228
40739666  5890584
40739673  6974231
40739600  4958235
40740000  30148999
40739959  13274625
40739962  6922442
40740037  28413423
40740125  24644436
40740219  32366714
40740228  1014861
40719788  39750113
40739489  13944078
40740296  13840429
40739995  8261376
40740304  218384
40729836  4792862
40740263  201183
38850169  39200592
40735696  31400299
40740421  15655012
40740429  8204078
40740699  218384
40740613  5104094
40740176  11637354
40740701  8686331
40740992  13594788
40741250  2591098
40737483  18050071
40741236  13674835
40741447  2246227
40741364  13900119
40741479  16896193
40739618  6475971
40740892  34010439
40741633  7457618
40740890  8282139
40740352  27394710
40740158  40713589
40737930  18038671
40741983  8299978
40728437  9723208
40736280  11321491
32229228  9723208
40739553  39791672
40741287  7438612
25644512  9723208
40439881  9723208
40741904  10500775
40741571  4202544
40220383  12064202
40742283  34983567
40742352  39849984
40742292  17498216
40723287  34905675
40734861  8336858
40742536  203198
40742334  4182603
40739487  40736346
40742638  11313051
40742638  18050071
40741431  29450399
40740973  26370688
10638769  1759987
40742747  2184513
40742883  40740687
38624833  9723208
40742742  8163746
40740687  40728237
21982987  9723208
40728237  40726876
40742922  180172
38548428  9723208
38426277  9723208
40743048  19250477
40742820  40727292
40743144  8215308
40743139  904746
40741914  6776327
40743265  6650398
40743282  9605913
40742962  4234619
40742907  20350473
40743270  6216547
40731553  1250103
40743343  4660142
40741833  6349421
40741776  6079241
40741931  28519997
40743033  4261133
40743412  5554734
40743579  26356521
40742988  40036854
40743527  40723012
40636999  40723012
40555084  36096716
40743741  4736
40743630  1105815
40743875  4660142
40743936  684672
40743638  32648371
40743952  218384
40743873  40527164
40733167  20646822
40737052  801740
40743611  24034776
40744028  11922383
40743855  34901318
40744111  17821699
40744207  36535575
40744012  218384
31383951  17821699
40744300  16388959
40744222  3538858
40744407  36627613
40744123  245192
40743747  2401489
40744463  17009628
40744788  9596652
40744841  2770321
40743363  32197775
40744791  612231
40744786  14220321
40744704  9257505
38107364  9723208
37919021  9723208
37978661  16596515
40739176  24410685
40722766  25465215
40745312  6491463
40745312  2631001
40692150  7176980
40745494  14220321
40745022  27766054
40745472  2232934
40745469  19695784
40745778  8281475
40745642  6455979
40745635  2612802
40745869  23047052
40746041  9229645
40745771  24644436
40746098  3084366
40744258  6616227
40746165  695050
40746165  1184123
40746180  3186725
40746174  9559561
40746345  31764532
40746195  39816272
40745200  11321491
40745790  2770321
40743956  600795
40744861  11873878
40722360  16970106
40743351  3257972
40735846  33817785
40746719  18050071
40746638  17498216
40746638  12859942
40746725  19437701
40746751  19718634
40746726  12573816
40746713  13638898
40746895  36788873
40747003  8725673
40747165  35553500
40747211  35553500
40747045  251420
40747188  949433
40746650  10382929
40747250  28947571
40747377  124326
40732856  4506105
16702357  12734721
40743104  21978557
2602013  116038
40747477  9430568
40747603  37444685
40747493  20279484
40747813  19814713
40747986  35186
40747419  1809494
40737518  33636796
40741744  13274066
40748023  180986
40748070  147659
40713336  11490988
40747817  4837110
40748122  2050505
40748369  21530577
40748436  4261133
40748121  8962909
40731657  33085339
40748520  2380019
40748276  2760995
40748640  30251867
40748660  23669720
40747198  8070224
40748641  1828010
40748018  27334455
40748765  365191
40748845  2973202
40735916  778382
40733504  40480
40748735  5049122
40741174  40722142
40720217  35364409
40749056  11862679
40749078  22311440
40749089  4261133
40749034  9560600
40748431  218384
26446283  26445234
40748534  28952873
40748881  218384
40748881  36321755
40749307  18222286
40748338  8667747
40749455  36248974
40749572  37499748
40749590  32170456
40749645  37086562
19001379  17150627
40749809  949433
40749920  4616202
40749986  38755076
40750041  3380484
40750088  40744262
40750126  38688702
40732349  40733091
40750178  36901
40750373  750486
40730233  15576548
40750405  23294658
40750355  199333
40746559  16178640
40750586  5223
40748527  13773132
40750619  26337003
40750987  826948
40751049  141525
40748242  26827192
40747595  40516878
40744362  21686231
40729615  18285624
40751222  4660142
40751221  8757389
40748051  34776898
40751454  572897
40751435  3691974
29794281  27556807
40751588  34792323
39808031  27833976
40751665  3418231
40751476  37538
40751120  110344
40751657  5525795
40751657  1069666
40745437  24024510
40752071  10075751
40740337  35512139
40752032  3608159
40752005  18817807
40738549  20690987
40752127  218384
38554101  17661400
40732174  2091465
40751558  10021603
40751924  535004
40749207  11302338
40749124  10367698
40750511  36482632
40658377  39849984
40711300  4454430
40752612  218384
40752672  4261133
40752616  1325905
40752731  8004237
23958975  23934361
40752938  10441437
40752181  34582370
40738531  9232308
40751875  5947661
40753162  21587093
40752974  38786036
40753233  21659691
40749632  9996452
40753428  8336858
40753563  4261133
40753251  5864540
40753625  4258700
40753361  7220681
40750519  240178
40753528  10765705
40753670  12769982
40753602  40751561
40753614  24644436
40753968  11922383
40754073  17401958
40753874  39046377
40754021  38741361
40754027  141525
40754027  6385792
40754202  17840893
40754259  4261133
40746514  21634026
40754401  4261133
40754400  1809494
40754414  69539
40754405  409784
40754354  3028380
40754701  845021
40754936  22489398
40755005  11603005
40755105  2631001
40755065  1239938
40755158  8212699
40755198  27936772
12404340  21495616
40754258  40663895
40755448  409784
34650332  3337372
40736830  18852821
40755493  1695365
40755171  1752079
40755171  797318
40755442  2890670
40753765  39504805
40755403  20413987
40756011  369220
40755652  5890584
40756075  4261133
40756111  5634104
40755929  9689104
40755929  26489928
40756139  518021
40756299  1299452
40748363  4401431
40756546  10617469
40756542  3169825
40756630  2168484
40756162  7142091
40756936  883365
40757172  423376
40756919  11024977
40757439  2206378
40757090  5768846
40756940  236129
40757449  33182309
40757336  24328679
40757519  203198
40757669  38660832
40757612  218384
40480898  40756801
40757165  13955731
40758141  12573816
22287249  1549641
40758297  1475297
40677326  32646757
40745551  40713882
40758507  513832
40706093  36197283
40757748  18116305
40758468  36285064
40756366  8250814
40758666  10143093
40758666  20035101
15673274  35701597
40747263  9187586
40747263  588004
40758623  1778958
40758729  2254749
40758783  498400
40758937  7553567
40758937  7872633
40758974  29729331
40759094  9050345
40751048  7807334
40753869  574594
40756421  14553417
40759202  14220321
40758797  23417356
40758261  4986476
40759391  15629599
40755526  4216745
40756790  9667944
40756885  4736
40749459  1138460
40739171  11060212
40759314  18050071
40759548  20279484
40758769  40721378
40759594  17863066
40759579  8205691
40759623  15117030
40759646  8336858
40757810  23417356
40759688  11488988
40759660  37812286
40756338  4827752
40759699  4084341
40759710  5142051
40759879  20035101
40759743  8111677
40759355  38064557
40759978  16959576
40746651  40059463
40757565  1587716
40750235  25706216
40717007  1219909
40751054  34214108
40751054  27833976
40754776  646012
40759735  4193784
40759903  6177975
40695516  35553319
40760147  31613748
40760636  206384
40754930  1663807
40759685  21663752
40759613  400794
40759255  18082
40760278  12595019
40756220  29308898
40760706  14350556
40760706  9581064
40753909  3083829
40760713  4915462
40761114  9364400
40761236  22958723
40754180  5495332
40761501  2823211
40761454  8133074
40761425  9005766
40760189  19665200
40761701  21982987
40759775  40597626
40761696  1204804
40761043  19081654
40758456  18972518
40761762  25261028
40761267  33243230
40740393  17630727
40761985  127803
40760642  22939130
40762146  14220321
40762152  4189807
40760262  2587669
40762477  5365689
40762614  545957
40656321  2593154
40759211  12803768
40762881  1373164
40762880  35553500
40762955  3985214
40761921  24651467
40762907  4436207
40755774  27385633
40762901  1359412
40674928  3493405
40762137  4916735
40763266  20449427
40763306  409784
40762948  21881992
40763376  218384
40763332  15005670
40763465  9243578
40763178  11194041
40446122  3541038
40738437  29406902
40763529  502795
40763941  40761780
37712574  2809024
40763125  27430269
40764027  29758774
40762910  18050071
40758535  18050071
40763850  18050071
40764263  5180382
40763895  14853243
40762874  21012006
40764301  550038
40764301  4071117
40762824  553682
40762309  32816436
40763119  40764250
40763119  25706216
40763283  35273091
40762741  23502342
40764506  2206378
39076395  40764105
40754642  36142683
40755243  5853380
40764697  2237080
40762972  11985251
40764869  3704194
40764888  7321896
40746963  3523628
40764729  28707435
40765034  14220321
40764785  14958516
40765069  11255256
40757186  2267993
40764512  30794273
40764862  34623780
40765199  14958516
40765269  2167916
40761943  37520878
40765422  85190
40765447  19590865
40763922  32632210
40765572  7776451
40765446  3443687
40765152  17280787
40764815  9581064
40760722  9109438
40765917  27943053
40766146  1117916
40748592  29673129
40758158  39114249
40766466  8028957
40766692  588004
40766535  18217865
40758546  168610
40767024  8173232
40764966  9104181
40766071  5778452
40652519  822323
40763992  30234238
40767370  40761116
40767264  6186770
40767166  7371903
40767393  11928583
40767448  24339807
40767689  18050071
40767649  22913577
40767694  28358790
9524623  4421257
40768020  14220321
40766702  40744728
40768062  4709175
40767869  4608902
40768003  326390
40767939  22753755
40768133  2025585
40766730  24099404
40768410  36999437
40767590  12916340
40768459  4261133
40768460  218384
40768460  4716503
40768852  13840429
40768651  17732005
40767954  1503579
40762022  40411078
40768997  2979297
40769048  30366805
40769049  9334636
40769099  40754689
40769131  5311334
40769195  18050071
40735215  11489428
