40769241  26030590
40765766  32121353
40768717  21567291
40764753  39821783
40769428  7406448
40769603  19590865
40769704  36247140
40769304  38253295
40769838  10136620
40769520  7737850
40769832  1895110
40769820  336859
40770124  218384
40763793  3476430
40768869  3619484
40770082  2575048
40770132  7999148
40770132  18050071
40768911  9119323
40769877  2973202
40746959  14350856
40765472  26538627
40770252  22632441
40770202  3121109
40770745  17364127
40770650  4209090
40770650  6168422
40770534  22937618
40771013  513832
40771096  203198
40770956  31816095
40769335  17498216
40771117  14087743
40770693  710586
40771138  38307356
40771193  4289331
40766515  6149673
40771405  8228281
40771410  180986
40771215  15112125
40766130  16424091
40771362  23294658
40771270  32693061
40767998  1262695
40771651  513832
40771717  5121495
40771847  31345435
40771946  3357369
40772001  5775352
40771843  946946
40771843  3586106
40771942  13277667
40772226  2397984
40772230  4616202
40772242  4261133
40772294  32132574
40772385  17408769
40772439  40754895
40772393  12772221
40714290  3413189
40772568  40759884
40772475  149772
40772750  6961389
40769974  35166217
40765767  23667086
40771590  6296945
40752829  36118978
40773043  4770627
40772958  20450662
40758536  38469005
34809847  3748
40773124  20181020
40771337  7062882
40773324  15117303
40767411  31202367
40773333  33682895
40766823  9807208
40759483  29561033
40772867  7894865
40773467  1051379
40773547  12090896
40773412  54142
40773584  2397984
40772543  122105
40770031  25706216
40759272  39630946
40759272  10515887
40762832  3519151
40773163  588004
40762174  1606255
40773795  1663807
40760965  2770321
40765682  8767166
40754684  23526362
40748816  5554734
40499338  10796160
40750550  19084352
40772687  12573816
40748307  19630106
40738040  218384
40770184  750486
40773794  17979216
40773948  38118429
40772534  22444
40765131  4622516
40773613  23087446
40774126  7220681
40773545  1014861
40774149  10266281
40774054  16959576
40774057  21182407
40774287  15146052
40774278  22662488
40774315  40771736
40773906  9789225
20435348  40774127
40773665  25203556
40774202  23519779
40774321  9859211
40774489  24276260
40774301  26946201
40759788  213375
40759691  40740744
40751525  40408091
40774578  835790
40774496  32806173
40774584  2979383
40774672  36446114
40773988  14028959
40774814  16561550
40773097  1918383
40774277  2091465
40775089  513832
40774579  314636
40774839  35373221
40775165  495021
40774558  28509939
40775235  588004
40775210  10693845
36602672  17045550
40774958  31760134
40775502  21937091
40775471  1285294
40775541  13166884
40775606  750486
40775636  17603907
40775701  21017188
40775747  14690666
40775846  24161336
40775999  18050071
40776274  23220357
40776278  8545590
40776392  14028959
40776333  8440558
40776352  8440558
40768337  5834778
40776206  10100390
40776233  7354786
40775175  35774777
40775042  1723287
40776599  588004
40776654  6828366
40768606  5619202
40776827  13207697
40776855  37300495
40776701  20261517
40776918  18050071
40777463  18024539
40769295  32194245
40776110  15058663
40777565  7674786
40777669  17127355
40777911  363681
40777767  10827872
40763244  218384
40777897  3881434
40777980  9605913
24760306  181408
40778109  5786697
40711546  1045845
40776818  16081618
40778469  218384
40778480  1007340
40778592  901115
40778567  3951454
40778567  5290342
40778556  5416169
40778530  1069666
40778660  10266038
40778804  12051
40779181  910374
40779232  19316709
40779001  32170456
40779260  28419188
40779254  5376427
40779457  19911762
40779721  5605125
40779192  17692774
40779074  2185252
40760337  27117687
40779816  11778477
40771002  8367421
40780053  223918
40779629  30506406
867687  2811626
40779066  3787514
40771887  1262965
40769360  16663711
40780009  529098
40780009  59232
40768614  5216192
40767407  498400
40767148  474679
38873036  724526
40761016  218384
40780556  7681555
40778307  37549594
40780502  901115
40780762  29140402
40780119  1213790
40759606  16519277
40781102  18777989
40781199  21881992
40781404  4338464
40775989  3988788
40777874  32884195
40780271  35186
40781488  420223
40754828  6531632
40774081  40751641
40781024  8145886
40781910  19801727
1272682  103725
40781898  16487258
40782169  3291655
40770283  12573816
33269538  25192838
40781252  25192838
40782324  17863066
40782323  34963138
40782354  4268085
40782556  4186320
40781486  33047452
40781630  3328990
40734825  19134023
40725232  14220321
40782821  4040001
40782927  22937618
40782841  218384
40771390  1677880
40619005  33621808
40782989  1770010
40783137  19835824
19835824  10775894
40783216  218384
24134108  5541813
40783306  4797050
40781236  5642315
40771837  8348506
40780220  6049882
40783670  16330248
16330248  14313446
40781336  14517808
40778392  37038676
40775704  7146088
40783630  128038
40783756  203198
40783712  7064039
40784081  24099404
11131734  7621897
40781351  26273664
40780088  16027521
40785008  11269224
40785151  21588959
40784718  8777766
40784669  18248024
40785234  4818181
40782462  4276061
12769629  12300886
40785448  24696007
40784327  17364127
22867427  13960153
40784321  2153180
40785829  986006
40785652  37130639
40785074  7056836
40786085  38939153
40785924  12564015
40785967  8001823
40780605  29308898
40786036  18050071
40786370  7671072
40786273  40344588
40786456  3422673
40765220  19364332
40786377  24707936
40786377  13559076
40786657  6242955
40786730  13635563
40786751  15112125
40786751  1285911
40785441  10369837
40783626  14649645
40725909  11036989
40787006  35994521
40787090  24370928
40787025  6289538
40787312  588004
40787147  56867
40787211  6763550
40787211  38980892
40776770  4421706
40787371  1481178
40786720  20096514
40787037  20744525
40787555  218384
40787050  6734521
40787669  678236
35467402  13700273
40723314  18964295
40787571  2075337
40787514  31560080
40787718  3002668
40787885  236073
40786281  27324641
40786616  6252679
40788041  24644436
40788051  26195553
40787032  2983248
40786977  218384
40785745  31651545
40783121  40778837
40783018  13045279
40788339  1373164
40787414  25843845
40788300  4909167
40788357  4205181
40788508  513832
40788382  27071351
40784660  20580017
40788821  218384
40789044  4228975
40778603  6146778
40787783  201101
40789290  12750307
40789315  18929483
40789240  542938
40787142  18019990
40789374  17150721
40789536  11321491
40724419  25339056
40789581  6005609
40789673  8809943
40789822  40714761
40789685  37488869
40788832  19676750
40789940  39569616
40789884  8336858
40789855  3361490
40789999  14767530
40790133  24644436
40772096  22544741
40772563  37367769
40782317  18635599
40790226  4437916
40790270  376867
40790483  11468221
40790554  8687440
40790649  4261133
40789744  4123455
40790770  35700066
40494288  19339296
40790891  14220321
40790717  4072770
40790892  662421
11535819  4072770
40791038  17364127
40787217  16203629
40790860  33588241
40791221  17354668
40791267  6670879
40789780  5570747
40788212  33636796
40791425  5926103
40791641  2973202
24385235  40424031
40791462  5554734
40789671  16380966
40787945  22330250
40787945  2514539
40791544  33891709
40786369  4958235
40791814  6142238
40790558  10874950
40790809  5256000
40791893  17953590
40791991  5431941
40791373  22339832
40791931  588004
40792115  23740548
40792031  1108
40792031  2412704
40791649  9632793
40792106  19700551
40787618  23305599
40792633  1221957
40784388  6446221
40792714  40363317
40788214  11089861
40791043  22138111
40782868  218384
40791372  3669970
40779527  21205732
40792798  423379
40792787  26545549
40792509  32269421
40783970  8054989
40792237  4732544
40792956  23294658
40792745  24644436
40791697  2382834
40766653  4295432
40790679  7947579
40764233  12649641
40792327  38034491
40793167  25932519
40792894  21881992
40793223  39042435
30657789  29795817
40793413  14220321
40793542  8907490
40793138  10623458
40793584  18771524
40793691  371987
40793652  218384
40735492  4357101
40793746  17330139
40793866  37050860
40790238  37517208
40793632  10865957
40793979  11321491
40792257  31227363
40794079  15986677
40793804  478167
40794252  14220321
40794280  5343689
40794288  22850721
40794287  448438
40794302  40782700
40794344  236129
40794608  432493
40794629  40659153
40787617  15056506
40787617  3350408
40794716  4720271
40794746  23294658
40794739  1239908
40794791  4756049
40793230  6467277
40794796  17613613
40794801  3577641
40794888  2600191
40794893  24644436
40794911  3249524
40760370  308436
40794897  40709317
40794973  22026676
40794958  15698790
40795142  20481520
40795344  8450472
40744790  11321491
40795684  26997705
40795083  12301358
40796097  218384
40796114  32635704
40796188  11321491
40795515  40517731
40795515  15300673
40793706  4597926
40787583  2446764
40796380  4261133
40796437  8004237
40796539  33340283
40781308  8250389
40796570  11313450
40796859  19109131
40796841  4261133
40778327  7963520
40796800  17364127
40796964  23740548
40796701  17855428
40793434  12573816
35466503  1056728
40793388  14187963
40797070  37537026
40796461  13869627
40797190  6662029
40796955  22265463
40797381  14028959
40797390  40733377
40764497  35242944
40797040  31136223
40797459  1464291
40796531  2195764
40797412  17006496
40796846  14860078
40797355  218384
40797369  40628749
40624436  12410528
40760733  34041619
40796538  10559191
28868749  218384
40798385  2570972
40798712  218384
40798294  32170456
40798825  1917576
40798907  14220321
40782395  13318726
40799027  37624369
40799129  20853142
40799247  5113374
40798249  59895
40762733  10736790
40799021  203709
40799234  980770
40799234  16806126
40798949  8463286
40799545  10382929
40799397  4261133
40799309  35763730
40798499  15201071
40799490  15063287
40799782  4419785
40799609  22165996
40790726  28173128
40799739  9053658
40799951  8028957
40800088  35937875
40800249  218384
27801199  9932446
11530651  9932446
40795790  33007134
40795649  26644231
40800564  4660142
40799028  28494016
40800667  20572016
40800282  15186562
40778629  16508451
40799527  218384
40799963  1625208
40787250  23104750
40786638  34921365
40796013  1986751
40795977  218384
40800653  15398072
181189  568977
291553  568977
40801300  38580523
40801291  17474211
40800168  20649387
40801411  16045643
40714012  11828270
40801496  14280539
40801435  8044930
40800520  218384
40801616  3132126
40801525  19543139
40801849  34366305
40794955  11753871
40800854  249087
40801720  17075070
40802123  218384
40802182  15727326
40802354  274439
40801527  2925765
40802459  4967656
37317947  34868810
40797326  60174
40802013  21044798
40802588  2530
39397873  39378166
40801709  34522306
40803343  33021525
40788023  7732242
40803493  751681
40794670  564392
40803633  16966961
40803645  19327020
23781707  28543752
40787573  3244361
40803511  37076867
40803857  6396101
40804223  40790981
40789817  39179650
40803295  9617877
40803295  12135518
40804378  588004
40804139  40089443
40804365  18374009
40796739  40799070
40804578  14220321
40804318  1576753
40803710  18050071
40804756  30143037
40801359  4261133
40798978  14733374
40804816  35650681
40797666  18070154
40805045  180986
40804978  18148486
40803819  37367027
40804422  13330011
40805455  22444
40805377  10209056
40805041  4660142
40804941  5096538
40804890  4637238
40805726  10004066
40798947  26010791
40801561  27430648
40805722  12945687
40805773  8091303
40805639  19399419
40804652  17498216
40805979  14220321
40805893  40766222
7324773  9508518
40784481  14800597
40806077  1361340
40806106  30129822
40805777  36211405
40806260  19207477
40806334  218384
40805797  20312759
40803085  205573
40806395  8130602
40806310  40763519
40805861  20279484
40806029  12753805
40804061  9137157
40806553  5121495
40806624  1069666
40806812  6354132
40806718  23068508
40796308  7378228
40798977  4660142
40787708  6417641
40806976  218384
40806931  423172
40807003  26710650
40806985  4255598
40807116  814878
40807114  4660142
40801865  17878234
40806032  750486
40807214  2559527
40807296  513832
40807437  14220321
40802704  18664074
40807207  20279484
40802737  12126518
40807580  23065378
40798863  11215485
40807422  14928711
40807756  513832
40804788  32124170
40807760  32117659
40204838  40350767
40807853  16111337
40807627  26739778
40807972  2430208
40807819  3700326
40808061  4261133
40805974  2784514
40805716  4607745
40808022  20279484
40805482  30147602
40808116  8475940
40805863  5658488
40805654  6898779
40808131  279170
40807351  5450076
40807300  12769982
40808220  5554734
40808188  4261133
40808264  4481485
40808275  19742834
40806267  769621
40808306  3806062
40808419  3144610
40775443  2184513
40803357  40591413
40805645  32850604
40805401  10225878
40804930  14220321
40804777  31010096
40804699  1473295
40804090  4112686
40803644  6687580
40808155  8503636
4466098  750486
40808637  892928
40808637  2545192
40808550  7493287
40808627  19144006
40808735  2973202
40797129  14985930
40808778  2559527
40804141  40764964
40808901  10301363
40808751  6669575
40808695  602706
40807724  8028957
13003828  40802071
8359048  40802071
33412703  40802071
34685129  40802071
14200021  40802071
20456875  40802071
40809162  5963266
40809401  5605125
40809455  5893163
40804552  32995559
21985201  40802071
11371673  40802071
40809546  14302489
40808712  20501345
4868903  20501345
25232499  20501345
40511862  20501345
40809649  3750632
40809705  8236
40809716  32170456
29019434  28383685
40809450  25337241
40809814  26457096
40809658  14220321
40809827  14220321
40809901  710551
40809519  14220321
40809331  40473943
40802467  1932091
40809226  21421004
40810029  25889234
40809451  10143190
40809982  8759868
40809982  4014535
40810212  20449427
40810212  5762938
40810259  6343166
40810250  3133209
40810203  9818354
6425799  40802071
10872370  40802071
1997531  40802071
148901  894860
40810308  37071177
40806930  10506105
40809393  1134189
40809393  15132390
40810553  36239705
10776047  10506105
40810531  29255473
40810661  218384
40810476  4399528
40810177  4803935
31394416  40802071
35406763  40802071
11501619  40802071
40810749  11321491
40810749  728229
40810889  39547992
40810856  25714673
40808511  588004
40808511  5997027
40811046  2373995
40802620  34494780
40809138  29255473
40596675  36640315
40749341  31378895
40811162  6278296
40811436  11226603
40811516  14265581
40811557  26795461
40811621  28886725
40811570  13476267
40811689  30868023
33649061  39315867
40811737  14116415
40811851  952914
40811613  34430666
40811859  2276021
40811844  6558921
40686408  39177576
40812149  35186
40811031  38321628
40812205  14220321
40811865  13849582
40812132  1922677
40812174  14220321
40811961  26076985
40812276  218384
40803954  421860
40812337  328249
40812337  8688668
40812274  31518428
40811735  40790335
40812360  24644436
40811946  21881992
40812607  4969243
40811987  21058935
40812508  11853167
40810654  7748473
40810418  4002462
40812673  7292355
40808719  3772945
40812691  6970346
40806371  10382929
40805964  8115722
40812714  19486882
40797029  4216745
40800007  791328
40812706  32170456
40742012  21528687
40797756  13102045
40788791  3024002
40812435  4851672
40812638  13102045
25581299  40802071
14277554  13650372
40783210  218384
7209306  750486
3572480  750486
24588588  40802071
11030022  894860
6717109  894860
40780710  30137564
40781237  1844688
40781237  3923129
40805050  999172
13221769  750486
31965928  17191575
40813442  1032914
40813461  12214801
40812534  15559359
40508371  40473943
40813571  9470056
40812764  38222584
40811288  1756743
40813152  40797344
40813811  1538663
40813811  7735838
8579391  1944280
40813818  37513244
40811451  2218999
40813898  2973202
40813435  4247662
40813986  3528420
40814004  4244896
40814004  7027051
40814028  18050071
40812816  25037095
40813983  8202319
40813543  17498216
40813561  17498216
40804597  1313120
40813917  2885173
40814328  37840646
40813185  36246622
40814393  20120682
40814500  20424279
40814068  20424279
40814132  7364150
40814128  31146984
40814637  2496119
40814406  21162186
40814146  25414352
40814914  25291115
40814920  29299136
40815021  424366
40814274  6441218
40815190  40814646
40814824  279170
40736268  26898752
40815795  750486
40815669  36173379
40815669  35032182
40775442  1554099
40813787  2323292
40816142  3118067
40816174  388242
40816224  40814463
40816234  826948
40816228  10258507
40816384  21811643
40816429  20279484
40806116  17675226
40816485  4756565
40815963  4261133
40816668  11040472
40813204  750486
40759497  32975210
40816927  14439231
40813655  40477196
40581749  39980096
40807225  25767596
40816822  13405822
40817025  204476
40817074  1420381
40816854  32919918
40817130  14187963
40817218  218384
40777419  32608289
40817363  2132242
40817080  1207406
40817080  21581824
40817326  574691
40817285  1732348
40817492  6913230
40813371  10664856
40817563  8499361
40817384  6081339
40817778  4421706
40817746  20002503
40817684  23252891
40817817  7927716
40817863  14220321
40817062  4131092
23572363  4131092
1285527  21048136
27236072  1169539
40817876  218384
40817704  7625144
40817828  23616226
40818173  279170
40818029  4343206
40818285  4660142
40816942  40817275
40817401  27773313
40809806  29133563
40810670  40809289
40818395  28016578
40818477  4266756
40818534  2407398
40818338  3577641
40788431  49547
40804493  2353141
40818539  28714411
40818640  1614236
40818608  11781183
40818724  40744909
33961438  37577785
40810453  15424834
16256051  8725673
40819100  180172
40818918  218384
40818661  218384
40819299  12769982
40806444  11002603
40819391  1526688
40816592  34758492
40697248  18493449
40819584  40480
40819550  4261133
40819661  4660142
40816796  19575747
24595421  13773770
40819772  279170
40819836  4660142
40819471  218384
40818873  14027537
40816924  9621162
40820065  4988226
40818206  1371012
40800982  23256536
40814171  34847972
40819957  1755199
40813306  17097036
40452759  29545704
40817857  26331071
40813675  931092
40820381  29583849
40819899  32170456
40820460  19354696
40820649  583336
40816606  39516198
40820838  12769982
40819706  40683106
40820960  40642456
40820356  4142046
40821017  166221
40820406  40307075
40808986  4321044
40821051  8363531
40821221  38177434
40821016  32170456
40821403  5554734
40820082  28421966
40821413  40694974
40821044  37219078
