10728358  5065898
10729894  483666
10731016  24886
9098436  9109245
9101001  3577641
9101001  3820666
9101101  533905
9101680  14762
9110468  9111406
9446111  6511254
9458761  9066625
9467903  2825272
10724305  3602405
10730253  10724374
10730670  931762
10732559  4660142
10733729  2474143
10680256  4635448
10681842  351733
10681842  2181079
10684932  10684482
9468789  239002
9470308  9434205
10476965  1626290
10479773  2699086
10480114  2576910
10480573  805547
10601998  10575369
10604170  10601453
10610888  217961
10617397  3545432
10382340  41479
10382415  5039500
10383901  5979861
11227424  11170503
11229231  11228339
9120114  856397
9123815  3996857
9135411  8854420
9145057  216259
9148258  621356
9148801  9148371
9818807  1217721
9824840  9824291
9834049  7092765
9845745  3009380
9850895  40480
9850895  7301637
10733338  32369
10736631  7161313
10736831  10333217
10744269  8850346
10481450  2400828
10483917  902031
10486364  3658413
10486666  2731022
10486998  4018919
10489806  2389457
10385841  5793011
10386691  7323657
10394379  28002
10394379  2397984
10394840  2027613
10399527  2468132
10490035  10489741
10492605  8006087
10492682  6544874
10493516  10492588
10399809  205853
10405743  4713680
10405868  10019049
10410559  10409955
10737975  10737617
10741851  10662013
10748539  8482331
10749624  4691782
10754687  398037
10754687  590501
11229831  3790681
11230700  1452914
11231435  10042857
11234576  1500955
11236115  11218324
11237651  5761960
11237651  9949387
9842155  4236854
9849392  7537377
9849639  3737139
9852383  936066
11239927  3577641
11244004  8971261
11244471  10107258
11248080  3109715
11248433  323972
11258844  7180198
10617969  2869222
10618746  1669190
10618746  10617982
10624785  65034
10628472  235762
10630842  4157810
11262319  556241
11262737  11161065
11262737  11254462
11270225  981714
10496217  188166
10499191  10497658
10510121  10513155
10511325  54142
10512495  10521906
10512495  10524625
9471762  9468608
9474405  14762
9481990  4181870
9153295  3724112
9154081  7377645
9154288  3703554
10415746  4506718
10417818  702185
10417954  10417643
10421712  10420971
10425174  10412784
8651365  6646052
8661376  750486
8661376  5555464
8687798  6679434
8694635  2823043
10426442  170394
10431029  10363891
10435466  1116123
10447966  2576060
10457887  388242
10466243  3330427
9854604  817853
9855791  9849138
9858850  6993325
9868176  12245920
9870048  2324108
9871350  9084393
10503112  461791
10506009  1647481
10507983  4310473
10509685  4897844
10511961  8445197
10514565  1055812
10686011  6885087
10687340  10685502
10689087  199184
10711672  10711498
10749350  5286301
10755816  136458
10759809  490677
10766112  687490
10766112  7858817
10512602  1467201
10514644  3384504
10514644  5938802
10516346  951021
10516346  5990725
10518779  561107
10755708  1377926
10758031  10757687
10759716  60174
10631180  56708
10631235  2033914
10631678  10631445
10640604  6866238
10645577  2416483
9852831  147468
9852831  9309093
9859800  3442333
9860136  549799
9860136  7177586
9873925  8898925
9873925  9569334
9154481  9143000
9158082  330471
9159254  9158678
9161976  5827091
9167485  8596217
9168771  3763935
9170743  9170452
11271544  11271206
11271544  11271645
11272748  11272682
11277078  11280531
11277427  11277090
10647790  7497067
10648526  5423211
10650255  1095311
10650864  2794056
10650864  4718305
10660415  874433
10664202  2279647
10766204  4277844
10768391  10433536
10769829  10767057
10771199  8672872
8696922  367884
8698394  5131691
8699179  8698879
8703174  481725
8707854  8707465
10470112  3577641
10478586  861986
10483416  4935632
10485763  1922497
9482544  5915340
9485416  655065
9488509  7846495
9489963  9485768
10665197  7165582
10674991  4616159
10674991  7661258
10678742  529085
10678742  7131652
10681752  3259261
10681752  4003476
10520617  6348479
10525629  821011
10525629  1299452
10525740  7995212
10528471  4602259
10529275  10528570
9879072  403291
9879072  907284
9881127  2629392
9887279  2507377
9892976  2529184
9892976  5009411
9894397  84209
10520615  10512495
10522330  10499230
10522798  10272129
10524538  5174115
10531647  10530301
9172222  9173727
9172658  359494
9178245  3826905
9180853  1529068
10766226  8774753
10770656  10761186
10772278  2256913
9182875  9069379
9183254  9139835
10775543  2848134
10776313  263400
10781661  7058339
10781661  8007832
10782061  2243177
10782431  694596
10714198  10522372
10720900  451415
10721193  657983
10724583  725556
10725469  6708085
9875695  9797854
9876648  807506
9881226  5719118
11284115  4379213
11287506  428276
11287706  8203571
11288778  4383187
10533251  3872611
10541382  87359
8714655  8714066
8723916  1394229
8725301  1465573
8733589  2447791
10774836  236129
10777243  3737139
10785131  4599936
10788089  10761916
10788925  784929
10684358  8987858
10690440  154314
10692846  10687890
10693039  1057622
10693884  10693575
10492801  10430083
10497613  10477378
10506973  423379
9495962  154136
9498770  6009487
9499456  9409295
9499456  9495509
9504268  8172918
9512610  9518920
9183668  8149005
9185919  7310511
9194200  7591492
9200559  923822
9215556  5871053
9227917  31059
10704344  10661295
10718677  7320600
10721726  586642
10724034  2524680
10725729  3573623
10782814  7281160
10786460  4286299
10786460  10777367
10792306  5676106
10792306  8330663
10792757  2508605
10531513  541749
10531513  8796151
10532117  464098
10532283  9043152
10534998  7833209
10541573  6729710
10546887  2521959
10560034  1720421
10564237  3649485
10569751  10533336
9900949  2429511
9900949  7366775
9909837  2830659
9909837  9909468
9918631  881335
9918631  8625936
9922154  7280831
9228610  9174881
9231718  2326835
9235998  550038
9235998  7273573
9240049  8263371
9241035  3282578
10731260  10731052
10738441  3139608
10748065  10748075
9515435  9513938
9517239  9581062
9519362  3384911
9519362  5611724
10789740  10231349
10792984  7984041
10797564  2508605
10805552  217961
10509495  833724
10513614  992115
10514900  2997405
10515643  3041837
10524821  7081339
10792991  10404348
10793442  10792207
10794080  10793865
9924796  9877824
9930212  9929868
9243157  668188
9244050  9015568
9245086  795746
9247944  1427840
9882462  1711193
9890922  6045384
9897423  1989698
9902318  2084327
9902384  4842056
9902384  5359930
11310337  11306555
11329622  2559245
11331158  4785933
11334787  11333580
10795467  1373707
10803755  495021
10808669  920353
11339314  5599642
11344612  5483357
11349827  1521462
11357383  4864620
11361510  1571691
10730309  2579666
10748691  8532296
10763810  7878512
10766082  6200910
10535359  866769
10536091  21558
10536091  419943
10536670  1881922
10537597  10536863
10543520  8028957
11362646  79923
11362646  815354
11366522  1089018
11366522  6503994
11369147  1316156
11369147  3726721
8733675  3485528
8738705  1520136
8754281  3061054
8755867  7598789
10569951  4559699
10569994  805107
10572325  7194851
10572870  8186893
10529876  5846385
10530369  4598036
10540847  10540484
10545545  6019009
10751166  803366
10753838  5262174
10774987  401422
10775323  10315124
10776459  1568091
10777770  5447771
10812304  7805814
10820728  10067452
10831724  592396
10837290  1686099
10837290  2550166
9534420  148398
9534420  2091284
9535620  9535082
9542958  620137
9549077  433895
10809737  1168766
10812162  3498128
10825866  10825183
10826500  790858
10829257  4038479
10829861  2662778
10829861  7539071
9551867  2478434
9561760  9560151
9570920  2374567
9571455  7200251
9581883  253834
9250745  6853057
9263163  5985009
9268979  4926113
9271551  614794
9276124  9274651
10572904  3256834
10573831  4590957
10575708  87753
8757540  1289881
8758961  8303969
8762970  5555912
8769086  3954438
8772080  64639
8778931  1871958
10543545  1434144
10548268  2745265
10553241  5414731
10556522  10543055
8779368  3053593
8781989  8771089
8783576  8783326
8789392  2701695
8793857  8599260
10766875  1585390
10774506  10768752
10774672  2106700
10774672  10301240
10779209  250517
10784223  3153815
10784223  5497061
10566043  10588652
10569919  40480
10570787  1661273
10570855  1917576
10786631  649614
10797393  10794496
10799263  4665782
10801878  122102
9934305  371651
9935258  9928889
9935292  9933002
9938232  2886252
9942980  1130560
10837825  2591052
10837825  6361586
10843270  507942
10845377  161738
10846700  6965576
11371637  714108
11372555  674635
11373742  358016
11375882  11378467
11383401  2213627
10783479  3150942
10783815  5062916
10784390  2213923
10786905  2141520
10786905  4771330
9906864  1518711
9919181  8702365
9919215  7139867
9924997  4665957
9928205  3072730
9930562  3057771
9938835  5193893
9584087  3949009
9587746  3307816
9588418  1014861
9594133  92859
9594133  4791883
10787105  10735845
10792453  1732348
10792896  10786110
10794282  10786587
10798494  4052770
9595519  4873810
9596706  97599
9604544  6793728
9605194  6382526
10803407  3672527
10803407  8406307
10803586  7190571
10807553  1916574
10810802  3552974
10814103  4333720
9280161  9197816
9282433  3577641
9282433  3650125
9287413  8977855
10550382  4634993
10554219  7035328
10558738  4197976
10833320  1132941
10836796  9327218
10840055  277055
10840055  6170531
10572693  209199
10572693  3425966
10572902  6549054
10578977  10578636
10583989  10582427
10850443  5353164
10858681  6585856
10860854  7825873
10864148  4293596
10886039  439463
10886525  60174
10887026  4829569
10802774  5238953
10803935  10720756
10809101  10809921
10814538  10813196
10578852  6034813
10581081  9800824
10900579  8472121
10905760  10885871
10559356  3857874
10559967  1425303
10562500  4329396
10562500  6541644
10564929  7118318
10840221  10839608
10840289  1132941
8796430  1739836
8799787  8798973
8810633  8810124
9950067  9280654
9952154  2124600
9954377  296618
9957585  511785
9961514  125557
9965007  7108559
8811120  1995328
8811505  388242
8817571  6495225
8818457  556133
8822016  42294
9289835  3207238
9293772  9328794
9295058  5402925
9298059  9309706
9307383  6481668
9309491  4978689
9947009  8286982
9947009  8775807
9950183  5800993
9952187  3009380
9954629  263472
10584402  5594686
10588771  2673045
10591911  5071743
11394365  2934844
11394884  11330371
11397173  105252
11397292  134099
11398024  949433
10820062  8192647
10821334  9780709
10823672  118884
10824201  8811603
9612432  2009296
9612618  7082364
9615890  1028443
9640226  8948
9643384  6379195
10566040  1474377
10566426  3818902
10567051  10558952
10569434  6242976
10569434  10222797
10571238  3452546
10571524  7487977
10906595  136880
10908318  10959134
10908553  10892803
9955497  8499601
9962334  9958703
9963538  9371837
9969435  3009380
9975868  5349028
9644438  9337581
9644605  4925760
10815342  11237536
10818925  5324938
10822401  4389738
10826549  1514676
10833551  10828562
10842882  1527942
10849432  10825263
10850951  2607545
10855414  51269
10855414  10046601
10858222  7630862
10863017  10403860
10843368  8152739
10845601  10828272
10860559  10850258
10864292  195975
9314085  4198041
9318858  1678010
9330897  1265270
9330897  6122747
9333555  2644637
9336606  428110
10592256  10035980
10599467  10579309
10601203  1659433
10602250  401847
10602518  10206648
9656219  50605
9656687  49500
9657623  493376
9696731  9564823
10607462  10606920
10608057  2837921
10614550  4207134
10615720  737198
9699539  3241751
9704033  201323
9712826  1128723
9716502  9715195
9720578  601300
9723553  658955
10592547  758849
10594794  10593432
10598031  10664051
10598206  8303589
10910340  10897803
10911075  2582690
10912998  10959134
10915069  3499450
10916391  3755988
10828150  4703390
10828245  1442853
10831753  1899846
10832423  1378378
10573178  10580303
10573514  3649574
10573514  6269616
10574064  1257385
10575093  3790909
10863051  10862686
10869220  702185
10869220  4289899
10873883  1894843
10878227  2044467
9987486  1137575
9993468  9975453
9993468  9976007
9993951  9950144
9999669  1060279
10000269  3900564
10006872  9997298
10879244  94037
10880465  3455532
10881835  10881037
10885111  452281
10894837  10892554
10007255  113547
10011501  8353801
10014109  9997272
8825209  2808535
8834433  702745
8840499  415687
8843707  2983248
8844243  5472379
8850260  8156405
10611910  482202
10612276  10612071
10612969  3658488
10613246  1557400
11400618  11400147
11402954  2049502
11403107  9216441
11403107  9277780
11403507  11347539
10897143  5024744
10900104  843049
10900755  10900705
10901040  6720985
10906337  979256
9340393  540066
9344701  81283
9345930  3896286
9345980  2214141
9348338  2263996
9348338  3299655
9725544  306400
9738379  9737389
9740366  767999
9745263  2624376
9749825  2189479
9749825  5426972
10918488  2631001
10922279  588004
10922700  136097
10617915  8868604
10627786  8491466
10630283  8923423
10632130  7631841
10633100  772946
10637903  6362222
10832487  10832483
10832487  10832489
10846427  8556794
10854717  8516825
10856194  2201335
10856930  1147359
8852768  1659157
8856961  7165395
8858684  2020261
10916755  2828648
10918863  10902042
10920399  8502357
10920399  9523521
10925530  949433
8867457  138394
8869780  2070603
8869965  3240296
8877654  354703
8882097  2851938
8884570  1153702
10581534  3295672
10587725  2448256
10591987  10584580
10598271  4933823
10929223  7094118
10932232  8706192
10948044  2647761
10967263  10966999
10865503  1114048
10867836  1732348
10869383  2818208
10869822  440739
10872580  574805
10638380  9842197
10647072  1426826
10651850  10645427
10652211  2159725
9750961  9201402
9761890  1571076
9761907  8409913
9764197  9758795
10857532  10676104
10858559  8446099
10860231  10850123
10865811  9186780
10014494  3243348
10016081  8336856
10021361  850701
10023818  8981296
9976102  3706515
9978778  9976230
9979982  154314
9981654  9981348
9982773  9982088
9984743  2049330
10873116  2430782
10878089  9863736
10879761  1217228
10880411  10877228
10883062  1043339
10883062  3770513
10883062  8582405
10888435  5573211
9764601  859562
9767541  466521
9778070  9775548
9351539  2660571
9354311  9353937
9356862  5404592
10619862  10616783
10621057  10621269
10622036  5159314
8888113  7650833
8891672  3965043
8894329  541954
8898073  8897237
9357998  9273992
9358098  4325789
9364893  7755857
9370130  8882628
10925504  396748
10945411  3772290
10953014  8689336
10957341  3306314
10889053  4364392
10891700  10891522
10892997  10892724
10893997  109859
10969786  819213
10969935  6260902
10605627  10586752
10606752  2973202
10615512  10615151
10866690  3339722
10871036  10871809
10873008  269106
10876986  8816129
10877986  7441112
10970672  5444510
10979395  1412712
10979746  1626870
10964782  1917576
10964782  10853630
10967637  593463
10969475  1847789
10969611  304093
9780478  6317298
9791205  2417287
9791438  752818
9806967  4250745
9813166  1794369
10896941  195853
10901846  1314743
10901846  2937273
10902446  3826832
10907283  3917250
10908930  10907990
10663307  973081
10664686  148857
10665515  203090
10670204  2746047
10674748  448125
10674748  3284185
11410592  838724
11410592  5569867
11417412  57483
11421223  2482848
11421542  8605137
10980131  2783803
10981518  8194006
10983790  2938037
10989205  44961
10992949  10241554
9818264  1124753
9819850  9526139
9829427  9881506
9836030  9485934
10623625  1986732
10627662  6518215
10627812  3921145
10631781  2551337
10027011  744373
10028162  934012
10028162  5420384
10030100  9721344
10031691  2551238
10040379  7673127
11424967  1080247
11427890  3773430
11430316  11434723
11439207  11172264
10004097  1333498
10006237  4002411
10014308  10001086
10993435  10990873
10993850  3371535
10994571  7539125
10998780  10673585
10999652  10414805
10623231  322749
10623231  4937402
10627575  10626437
10627988  11071392
10641015  1434779
10642092  113886
8899096  14271584
8905547  1672083
8917193  43180
8918816  4404574
8936763  2739859
10971198  10436017
10971649  10968973
10973653  10973359
10990769  10977699
9371416  2264428
9373024  8951822
9379933  7814688
9391972  512174
9391972  9392330
9392208  9389923
10880794  104420
10888641  514155
10889120  9706903
10907166  1922707
10912741  5473981
10675573  10407308
10677390  1912029
10677390  8028957
11441829  7781542
11442730  5645258
11442998  9721114
11447964  7632120
11452175  11277058
11456170  3411749
11468637  1286114
11470423  11469591
11470509  121499
10633235  2481455
10636700  4191492
10636779  4365116
10636818  5151591
11006603  6880283
11007154  7681510
11018735  1067464
11018735  5944254
11019722  8877448
11023551  1344917
11026774  11027619
10046482  10045303
10048554  52797
10061924  369602
10061924  1748006
10062373  4665117
10911699  5605125
10912785  3389348
10913678  156911
10913678  6953528
10031020  10018327
10033045  4736
10033194  222557
10033760  10033248
10039244  10035576
10041950  2612487
10647976  10647731
10648367  8248568
10650205  949433
10651920  3373885
10918100  1641957
10921699  10931043
10925852  356809
10684342  8735393
10688979  10688513
10691226  10685467
9392644  4615813
9397381  1059409
9402804  510348
9403990  9368333
9407677  9391499
9414286  9398713
10991505  3916439
10993441  2593768
10993692  730299
10993692  1061697
10997938  5256114
10641848  8202938
10647464  10025114
10651619  7517171
10668749  9139138
10672625  735204
10675215  2146046
10931159  528486
10931159  10926192
10931868  10930922
10932138  1205444
10932138  3753542
10943793  3014940
10945272  3129374
11027059  11011619
11032489  1009181
11032489  3649529
9836579  4388967
9851270  116368
9856032  285793
9856032  2288937
9856032  9855870
9862502  779875
10047766  1777131
10047851  3959817
10053667  232736
10054484  568995
10054484  7537377
