40848479  22662488
40861420  2937585
40859121  40668409
40865062  7865159
40862496  14618081
40855984  9682942
40865019  9238731
40865040  5402765
40865276  18978395
40851075  35229149
40851075  24042774
40864625  4880937
40862056  24002369
40784383  40689672
40865541  26456219
40865771  1847789
40865392  580924
40865748  16569620
40865891  1820815
40865682  19664691
40865985  40862887
40865833  14028959
40865839  7883502
40769226  4597763
40866120  40022586
40866112  218384
40866056  24214934
40853084  30130639
40866074  19075671
40842896  10040961
40863254  32239549
40866337  5435228
40865901  5554734
40866135  6584635
40865075  6792197
40863449  19681724
40866279  13295735
40866076  40863883
40866485  3318853
40866557  40856866
40866868  73663
38914557  20050939
40867185  17498216
40867236  8872525
40866680  19468639
40867226  513832
40867428  128560
40859766  40850675
40867484  22824104
40773111  1415438
40867676  32648371
40867689  15854504
40867811  2075337
40867911  5163444
40867856  1259716
11914085  2118656
40867723  40242702
40859073  2370960
40867445  13194926
40861414  31948285
40824853  1808855
40868269  11433871
40868332  100003
40864671  38416593
40868330  4261133
40866436  40863353
40868195  24679868
40867986  40822666
40867563  2592092
40868489  24644436
40867985  11918999
40620676  4660142
40864656  40611986
40868704  7505623
40868918  31915018
40866936  38307356
40868926  14225932
40869270  6393943
40869334  18050071
40869572  7488039
40869551  17961719
40869703  12100574
40868854  2154249
40869555  22523131
40867801  30269011
40848551  24383788
40856378  2429678
40869710  4629643
40870170  23294658
40868388  5687035
40868388  556153
40870351  8219555
40870334  40557214
34471231  28150967
40870605  36949358
40870397  218384
40870706  2397804
40838976  25072706
40476762  28788994
32578535  5607283
40868471  34488484
40870836  1817792
40866340  3481828
40867973  21235279
40870578  11225912
40853253  33562731
40869651  40838083
40843717  17946221
40860740  24129088
40869969  36143283
40871079  31590714
40870980  32300132
40867648  307179
40871086  10282075
40849178  7787531
40839168  13748124
40869961  14673708
40829237  35525601
40870808  19578433
40791443  5388584
40773517  20585717
40790178  2591098
40824042  28660200
40860231  2054022
40774470  85190
40871483  29999900
40871518  2185252
40870972  7628249
40609576  7615214
40871540  768337
40748820  23093470
40757399  24711100
40826573  22600217
40871777  36286894
40871808  35553500
40871753  218384
40824825  3827892
40871624  24335487
40871091  3219758
40871872  24644436
40872168  15863066
40743085  1482395
40872275  19836015
40872351  40835803
40871900  9354022
40872583  15112125
40872454  3679694
40871161  40749825
40872478  35481990
40872947  18698317
40873038  16373484
40872372  14810444
40872927  5570747
40873344  2986931
40858990  3844934
40873150  1437323
40873526  4836290
2843101  2833003
40873556  1516876
40871526  5111572
40872650  3348460
40873726  4660142
40873724  218384
40873969  40847962
40873840  37986872
40874027  35959850
40874054  120083
40852399  40473017
40853627  24014122
40874094  5121495
40872612  9376031
40819034  12511933
40874554  2629357
40874579  218384
40872353  513832
40874552  3434278
40874639  15206890
40865881  23232027
40874588  529085
40874727  17498216
40874724  4870667
40874407  10404348
40874687  202605
40874622  7348768
40796310  16525617
40875055  6638520
40875182  7592129
40874731  39222302
40858785  4261133
40874938  14356248
40875250  37649
40875042  8565044
40875181  15870567
40875454  10201977
40874228  34183184
40874842  5150274
40874842  19601975
40875613  3737139
40875299  218384
40811763  40873843
40875868  17364127
40875615  36450139
40876000  218384
40876050  513832
40876039  4660142
40876166  8273313
39995476  32435545
40875746  6076047
40876424  1431094
2614862  4810841
40876251  12680080
40876222  413898
40876260  13825108
40872566  27605390
40868858  10765755
40876882  14220321
40875335  364952
40875335  31044
40877085  9354791
40877124  8668108
40874291  8808921
40877190  8321514
40876952  337355
40876986  20155989
40877128  21420491
40872895  6211145
40851454  31424561
17635866  7306669
40873681  7306669
16731174  7306669
40877562  16959576
40877355  2450954
40873322  1740700
40873322  16965515
40877561  20563772
40877749  750486
40877723  495021
40877723  456713
40869373  18082
40869191  14220321
39053094  9644044
40866219  37550772
40866219  6666423
40877768  13102045
40877609  1788238
40878066  9133102
40877846  513832
40877877  31014586
40877972  70855
40878368  12949907
40878378  25172595
40878117  10671813
40878513  1021324
40878430  223918
40878605  1783849
40878556  5554734
40878640  25378611
40877487  35492437
40878593  15013077
40878773  2134844
40878637  1594660
40608290  22763370
40877284  5572304
40472311  39068374
40879089  4736
40879056  20279484
40861552  13278590
40879179  2054022
40877170  24662898
40879328  19026884
40879291  14510711
40879462  6623231
40879537  38010936
40873935  21260302
40879693  218384
40879736  40846933
40878301  32170456
40849179  40289964
40879861  15112125
40879852  4012523
40879887  2612802
40879982  11312737
40880227  236129
40841452  40878935
40880177  12083148
40880585  32170456
40874963  14553804
40874963  3306007
40880706  1669821
40880706  29658685
40880659  3903650
40881004  40826384
40880272  40875486
40881302  4689856
40881416  513832
40881498  4518641
40881494  40648353
40880583  8992437
40881582  9393885
40822249  31917595
40881715  3522888
40880402  32572399
40874864  10615606
40881870  20947488
40830776  40788481
40874782  11647362
40882440  40880782
40882264  261573
40880896  13412156
40872714  8207325
40882548  30606503
40882708  218384
40877441  31415052
40882905  203198
40880734  40882548
40883028  2422468
40882729  218384
40876490  11731377
40883083  1301346
40883195  5554734
40883239  3178342
40872149  1688099
40882607  34413
40883525  9459062
40883564  10808109
40883709  588004
40883724  30083756
40875542  218384
40882048  17498216
40882235  22662488
40883472  694102
40881474  60174
40883969  13664659
40883576  35553500
40883483  2722159
40837960  33265663
40873103  6989895
40881606  3413448
40878900  4652654
40884323  218384
40884325  4588787
40884163  1843506
40862327  2490610
40884722  2686855
40868194  23382627
40884427  47981
40884971  218384
40885016  20035101
40884735  14315401
40883580  4883590
40885181  3138564
40872577  3409053
40885194  13840429
40885308  5102602
40885464  182287
40884646  33077129
40885089  33724256
40885845  3106452
40885572  14678593
40885444  750486
40885974  218384
40884819  4159910
40885939  218384
40886084  901115
40884764  40742048
40886268  40879741
40886258  2706129
40886193  22225782
11280282  12330522
40850736  23162299
40886377  979256
40885735  2263996
40886483  1301346
40886461  5955548
40810659  12297959
40885528  218384
40886750  1494953
40885360  33016389
40886882  40373595
40887084  1390255
40887008  10329863
40887128  37711082
40668409  40518875
40887076  40297891
40887164  22534183
40887258  22300206
40887213  2062020
10289182  22300206
40887175  10195343
40886562  1568091
40885142  33097566
40887302  10143093
40887600  2698673
6116669  2828925
40887648  23353173
40882465  23653951
15788709  29685364
40884868  14220321
40887720  9987045
40887634  2592501
40882859  25706216
29803136  29685364
21733642  29685364
4633183  29685364
40880958  29685364
40884435  1303872
8369140  9795533
40882327  14549125
40887916  5593512
40887836  4877844
40887836  15112125
40887990  39338480
40846982  31232589
40888141  24321991
40888484  4648438
40888421  5117188
34672572  33852166
40607745  40609870
40888760  9411530
40887139  25900632
40883091  218384
40888670  17804830
40889033  4261133
40888209  27060702
40889053  8201716
40883536  38513912
40888826  2973202
40889298  11321491
40889089  588004
40889292  1042247
40889292  1198094
40854589  20654274
40889438  4475367
40889526  8981463
40889477  18050071
40889715  5613898
40834985  40856866
6065374  4049498
40890003  21524642
40554984  3079365
40889659  31618975
10518414  7641110
40883659  36085722
40890470  8517089
40890489  1475297
40887955  15011422
40890640  14220321
40890640  23667086
40890263  18050071
40890682  218384
40890684  750136
40890102  22171558
40890494  5078239
40889767  38835758
40890881  36286894
40890752  10756323
40890776  24644436
40891085  22681141
40890512  24071525
40891184  40831356
40890995  23667086
40891204  40169483
40891175  31067265
40890189  34167607
40890877  23353173
40890535  37629690
36564680  36853091
40861972  600107
40891306  11321491
40891247  1021324
40891207  5106674
40891341  32170456
40890238  40857289
40891653  2397984
40891715  106591
40853892  28977005
40891855  13781216
40891836  6005865
40891830  19376969
40891923  5102022
40890252  894860
40892083  30306755
40892200  22937618
40891866  11157043
40892280  1450731
40884335  16189742
40890944  7036158
40892153  4119448
40892382  5187530
40892141  19261374
40892241  25568027
40892473  5683154
40892116  15071312
40892460  31836796
40885147  8923114
40892327  2710764
40857368  28929452
40891278  40835870
40892440  17870999
40892779  15008758
40889915  40892280
40892762  495021
30210940  31836796
40058571  31836796
39682348  31836796
3951722  643694
40893098  802437
40874432  4244896
40893463  40891746
40892478  9162933
40890095  28314368
40885105  36243724
40893229  35537134
40893645  27670401
40893641  1574009
40893641  19843506
40893508  4264304
40893508  6441218
40893538  34026903
40893541  40878498
40883605  15201071
40893063  17399897
40893677  5890584
40893306  8479480
40893872  18795467
40893607  35860313
40893866  40856117
40893948  14220321
40893979  35553500
40893928  27039943
40892035  4352573
40893869  4261133
40893203  40355474
40894248  5245600
40849474  40894051
40803002  40894051
40894253  2770321
40888856  1699958
40891841  218384
40892608  2081418
40893092  22618056
40894517  12769982
40894692  29141641
40894651  32260243
40600985  27196811
40894730  4754011
40894677  31694949
40894854  4660142
40894914  23944657
19467939  23944657
40895034  40644096
40895273  8321514
40895331  218384
40895504  409784
40895354  1414365
40895542  4348760
40895171  19131336
40895638  4261133
40895998  6648941
40896065  21982987
40895380  17863066
40894510  24003092
40873597  18929483
40896138  4216745
40896138  22463062
40895553  32522989
40896400  2973643
40896219  26657058
40896197  14220321
40896528  4261133
40896323  2491158
40896584  29658298
8497203  9028662
40896727  2726657
40896758  4244896
40896830  18050071
40896794  39537177
40896963  5121027
40896981  2659900
40897093  12769982
40892938  2025449
40892954  11599069
40897302  15290981
40897392  8167668
40897572  2140627
40897247  20462516
40896985  17498216
40895539  4112686
40895593  6914152
40897522  5556665
40897755  12573816
40897563  4219970
40897979  625799
40898235  5121495
40898236  218384
40893579  18335861
40897526  36239705
40898164  8028957
40898600  4261133
40897624  27681163
40891869  40713605
40892540  21000256
40294811  17054000
40898815  10211317
40898918  1058427
40899056  10752055
40899167  11656532
40899178  957284
40899344  12573816
40899345  40373595
40893998  9406093
40899286  24413744
40899524  4660142
40893350  22721818
40893827  13999439
40897175  5078239
40899570  6618515
40899052  32409510
40899646  513832
40899674  285061
40899121  5554734
40896607  12729265
40894312  5287538
40893964  7694468
40891109  513832
40899793  20449427
40870096  18648521
40885553  3480389
40883869  7537620
40883888  15939002
40899770  40897095
40862483  40205664
40899228  39847862
40900119  37324
40900199  32170456
40900330  218384
40900500  40898750
40884913  40870516
40878148  40295031
40856303  40794255
40857139  40794255
40900471  18153234
40879728  28006773
40900714  5207613
40900709  1716013
40900776  33604470
31695110  8740868
40894859  377017
40901090  9028662
40901074  10331855
40901125  635483
40901223  4660142
40901158  11321491
40900688  12701259
40900756  323955
40888865  13099834
40901385  3389264
40901476  24900875
40901581  40390313
40901565  5554734
40901626  36247140
40901595  11321491
40876709  787895
40902121  31072376
40902207  17290916
40902128  35449117
40902267  218384
40902183  37411638
40891327  32289881
40901288  500504
40902184  39849950
40899049  3701646
40870172  31813500
40854906  40840728
37983437  37804287
40902092  9145667
40902388  367155
40902148  11321491
40902739  949433
40902758  833997
40902924  4483540
40902806  21696784
40792434  40577546
40903008  32648371
40903191  2430756
40903157  33785305
40903397  40480
40885653  218384
40903562  10393690
40890191  33152914
40903675  4408808
40721161  1050826
40902835  34228971
40642827  34228971
40903889  29814958
40903994  2708237
40903213  6836409
40904309  29444980
40904472  6469027
40904009  371
40904315  5946502
40869974  32693061
40904761  34228971
40903452  4945178
40626069  27746614
40904996  14220321
40904979  6269765
40905014  787895
40904524  32750139
40904696  3437786
40905467  957537
40889611  22183727
40905532  15332250
40905627  31415052
40846281  8634156
40905717  1098040
40905394  23387162
40905387  38672806
40905122  6410609
40905122  9078259
40901182  14790014
40900854  4951751
40905864  15112125
40905335  1179157
5456586  6848970
40904826  9391838
40905851  218384
40906010  218384
40905453  18782503
40905956  5554734
40906167  21123576
40903646  39890885
40906291  27295702
40904407  28921877
40906370  10204606
40898959  30249493
40905783  2601124
40900650  28901683
40906512  10851273
40898643  14187963
40906474  21881992
39954297  39886750
40906416  9196954
40904619  3217673
40902547  40872661
40906428  10385988
21397416  29447382
40907155  36523013
15778920  1586552
40907513  373419
16672322  31199566
40904047  31199566
40907664  2245442
40907700  40635793
40903685  7627098
40866025  2674313
40907890  3202120
40907894  494035
40907552  10446833
40907552  6242955
24250734  22810088
40908087  38316864
40907207  10314214
40908395  632964
40908527  6847697
40908548  40906557
40908357  32855927
40908776  38576361
40908797  12209075
40908897  5554734
40908836  371
40908863  1661325
40909091  4660142
40909109  1235179
40909168  32648371
40909365  400212
40909353  5884353
40909456  1928909
40909547  492384
40909547  37538
40909512  7845791
40909898  675442
40909857  13954531
40875705  32170456
40909760  24028421
40910037  30252041
40157444  38416593
39040011  38983766
40524297  38983766
40284602  38983766
40069100  38983766
40910260  218384
40910218  17498216
40321979  38983766
40907593  2522380
40908221  5004233
40910328  31264172
40908294  5210535
40874722  34660265
40910194  218384
40910610  1039419
40907901  25607272
40908004  36522927
40910571  16777885
40907072  23665064
40909772  25719620
40882174  40901441
40910794  24644436
40850566  1591682
40910944  218384
40910963  14767530
40910881  19743396
40906041  40491818
40907898  12014210
40910923  9387610
40911241  182287
40911346  23353173
40910619  30015971
40902515  2973202
40905412  2973202
40905877  18050071
40911779  4660142
40908882  19699367
40911674  11321491
40909083  30606320
40911926  13102045
40911910  4822980
40912013  7364150
40908551  1918190
40912181  31264172
40912305  6663859
40911896  32815451
40912385  14824283
40912318  2973202
40912054  3993302
40912377  2557834
40912377  4082622
40911714  9383684
40912465  7263923
40902230  3006710
40912761  6074018
40628026  4735058
40911521  38214874
40858163  30591517
40912868  12804419
40912909  7601617
40910770  8040415
40908729  31193418
40912999  14981133
40911661  1821911
40913296  2149785
40913316  7294971
40912042  36943350
40913343  27643714
40913207  10415028
40913287  218384
40909415  28589092
40913598  39871346
40913787  3583724
40873204  18420113
40912821  5785380
40913780  7560114
40913934  24079778
40913981  24343246
40913916  1475297
40914019  2063480
40876220  39940937
40902691  37840646
40914073  4261133
40914229  10533772
40912283  40896385
40914400  13638898
40914400  40015439
40914228  4172722
8818471  977883
40914576  26559366
40913678  522563
40896151  3520133
40904845  13258604
40913822  28384617
40914782  55828
40914597  4153503
40914285  11177533
40913571  12640280
40913571  1262239
40913336  37097428
40914631  35553500
40914930  3666306
40912563  40907113
40915608  4660142
40915817  32310967
40916002  38836948
40914122  6226027
40915296  7446295
40905925  861995
40915603  40913778
40914134  40773140
40916049  7168993
40914895  876901
40916104  11277432
40912445  366202
40916111  60174
40916270  451415
40916311  17710893
40916400  10693845
40916342  175532
40916041  75175
40916240  4090491
40916526  39137110
40916675  218384
40916652  4261133
40914765  3548140
40915834  25706216
40905395  40647764
40916990  24308794
4807299  583944
40916816  29537639
40915609  39692235
40916778  3059333
40914972  10568275
40917118  62929
40917136  750486
40693158  37809094
40917064  22662488
40914755  40916381
40917566  18379238
40917493  8864015
40917504  5890584
40917504  32721106
40917650  31594037
40917455  32578009
40917821  1922677
40917979  13963215
40917979  4643074
40917872  2354609
40917934  26921544
40918350  13042008
40918276  20139695
4544051  23446377
40918435  5554734
40918105  2744181
40918562  36901
40918673  7608464
40918669  2167916
40918485  9351955
40918833  9713058
40918834  7417668
40918844  684672
40918799  12847853
40918896  39577598
40873068  39582950
40919000  37926910
40918573  21406057
40919172  768431
40919228  40551944
40919318  1299871
40919311  2528318
40919322  23689687
40919397  7327326
40919390  16352816
40919390  4166966
40913248  30689606
40919362  5554734
33460422  7417668
40919585  11321491
40919477  10732690
40919669  9104268
40919733  3437897
40919733  9869501
14824283  10865025
40916680  20035101
40920242  40833073
40920304  588004
40560115  38956785
40920248  3060601
40919933  40771972
40920520  6393827
40920518  218384
40920554  14220321
40920345  588004
40920523  6407795
40920517  37486143
40920475  4193483
40916307  29958328
40920694  4261133
40920105  26068021
40920105  39078282
40920633  31773679
40920784  7200878
40919387  34849485
40900625  6686261
40920409  936687
40921049  13042008
40915461  17863066
40915170  34041542
40920558  5727
40921201  22937618
40921107  18017869
40921295  32354575
40920974  38020334
