10287140  523482
10308079  1522636
10308079  10308375
10309517  5164211
10309851  7128775
10309904  3123776
10219787  7022873
10248033  5573310
10252998  683918
10252998  718780
10254585  10250088
11605745  5171901
11608553  7141860
11609957  11332034
11610008  2751711
11616759  3737139
11135461  5874558
11140323  11135434
11140698  1832261
11140698  1885557
11295320  676824
11296103  6961356
11296439  3769989
11296690  4158847
10983153  10982794
10984621  3006407
10986425  390307
10991007  10506336
10992620  10979412
10999227  4952820
10290959  302122
10295554  2496774
8932398  388180
8936399  2547327
8936399  7070737
8942544  619767
8943930  7186648
8951089  4835060
8951568  8940802
8954126  6870830
8956005  8955540
8957334  8803471
8957577  3652369
8957727  162159
8958913  21294
8958913  950087
8960592  5654067
8962771  4738315
8962850  6830651
8968480  8967895
8970152  705854
8977254  3518146
8980055  345838
8981691  7369460
8982284  8814257
8983956  498805
8983956  5611724
8985735  26947
8985735  3885760
8998553  8921523
9001304  3872063
9007477  8305915
9167495  1013385
9167495  3245639
9170940  1520429
9008299  1525784
9015651  8767074
9020288  755036
9034135  8924210
9174533  7320686
9175634  6637419
9177491  7190714
9181685  9154281
9190960  2183541
9205836  9206735
9208407  9207195
9212437  4606407
9213338  117293
9038072  3845445
9057356  9050928
9059085  73713
9063651  9063241
9064794  675816
9064794  1230854
9069624  8311380
9070317  230348
9073761  883594
9075433  9061565
9224855  351733
9234094  402215
9234579  9215505
9234729  1091661
9237202  2040132
9241767  9241151
9242718  2768432
9246311  5540177
9081513  995918
9089837  468990
9091659  640885
9104727  6339654
9113401  249664
9113401  5937845
9114273  7803201
9127784  7556902
9130735  440739
9246762  9247096
9247333  5379231
9247648  6931783
9255336  4964600
9257643  9307902
9275591  9273889
9306167  9225738
9308441  1900151
9317999  5300493
9134157  7615286
9138194  818930
9138194  1559770
9141795  7917462
9145675  1970793
9277363  4427234
9279672  2156634
9283065  4621255
9284916  4810664
9292290  9290762
9148826  2426782
9150862  28002
9155349  5121495
9159922  876473
9166045  9166028
9292654  8760925
9293176  6615541
9298805  2788159
9299306  6537334
9167760  833791
9167760  4750152
9168346  9164322
9169139  9169003
9173583  4264748
9176484  1912023
9305957  109023
9305957  3766222
9306144  2299249
9313981  1736102
9318762  4550505
9182207  29426
9189116  8982025
9190788  2474018
9192517  7986182
9193896  9078174
9324391  605621
9327885  3577641
9349713  9233880
9351049  7439187
9352385  772946
9319473  529098
9323030  8601132
9344188  1358510
9345758  484462
9349787  46155
9349787  5778624
9217889  399956
9219125  5481539
9220347  2973202
9225191  4216753
9225627  9203153
9228828  201323
9352971  6145796
9355379  9087363
9357351  9243475
9361746  599334
9359647  779986
9369707  24886
9369724  2137690
9373151  9388170
9378297  7947165
9232586  9232894
9241067  1019854
9248398  49972
9248398  6961720
9249427  3827628
9249448  3093622
9681400  4524752
9697019  4367260
10313059  321294
10325944  1308137
10259763  240178
10259763  5957341
10264328  9714527
10276709  10276142
10277798  1778401
10278615  1513485
10801060  1686434
10802800  7161412
10804638  5466496
11050685  2741403
10996713  7164435
11003851  4223980
11002712  1853220
11003882  9460260
9361995  9248331
9379643  9378797
9380044  3921616
9383337  9398273
9252149  9255552
9254071  7819945
9262752  2838661
9272455  6249204
9272455  9272802
9701756  1500260
9717089  819355
9727378  1935438
9733594  9350818
9734144  5647328
9737438  3342984
10326180  10322272
10327852  10161282
10328435  7290438
10335223  1169299
10341105  541487
10344147  843632
9281629  4597749
9287645  8028957
9288288  9076592
9294197  7427128
10300851  497121
10309225  5944552
10342818  92082
10344589  3492302
10346125  232736
11201667  11201365
11206356  11189879
11206356  11202747
11144260  448673
11150837  4953330
11255420  2811319
11255420  9444242
11255684  3337126
11255684  3440066
11297073  945706
11297175  11291517
11004252  1819416
11006056  3789984
11006647  12635446
11009221  7593664
10280938  10214923
10282057  8615422
10283529  4714192
10287741  10272068
10288911  7633099
10291017  48239
10297769  5107901
10303368  6607550
10807714  10808143
10815700  5687341
9388503  4273424
9388503  4485461
9392812  2633718
9393033  6126566
9395305  9323380
9406252  9421715
11617078  2748969
9738288  4987333
9738481  4375636
9740296  90982
9749084  9710126
9750363  9750104
11209964  3159844
11210891  9703857
11221896  11220699
11222366  2359739
11223002  228005
11223002  5290089
11223002  10516196
9758001  7618129
9761252  7129775
9772477  6938802
9773320  6382023
9780715  1807377
11265779  10852035
11271681  9144800
11271681  10184089
11282442  5048346
11298311  1953784
11300498  10706479
11305365  3808148
11013110  1454913
11032285  848702
11034293  2690898
11038476  2595392
11154431  3698558
11160086  9314519
11163962  240171
11164005  9490238
11171868  10203158
11004051  14772588
11006341  5221475
11009281  2772014
11014872  10785171
11617445  11653237
11621754  8097398
11622925  1377279
11627588  4112575
10303683  324436
10308112  10142059
10318944  10312250
10326900  140131
10326917  10326746
10815891  10815865
10818240  1724051
10819435  280793
10823315  1381300
10823315  2405482
9406687  2807339
9406787  38499
9416661  6785355
9421577  3680463
9421641  6361838
9421641  9119794
11040041  11039545
11050678  63439
11061174  5421972
11063339  3781182
11065050  11062540
11283028  2094239
11290230  11288893
11292438  8607212
10348566  122102
10348566  728360
10352727  3977273
10367435  57725
10367653  9669358
10371647  4606301
11053593  3745015
11059409  298503
11061994  1638766
11224204  1975128
11225976  4728682
11229282  10519558
11230913  7733975
11242388  258050
11243188  337704
11243658  1204630
11245630  11184654
11247459  2551999
11306799  2392655
11306833  11321883
11309526  2040655
11314989  7770535
9781458  9765000
9799706  5820042
9802007  59294
9810002  7290438
9811867  6666
9811924  495644
9812896  4035346
11063253  9852727
11063487  2218216
11066202  530504
11067833  1227646
11068746  795746
10826264  4644860
10826791  10030727
10828770  4630440
10834888  164194
11070198  11065640
11070589  11056459
11071470  2427883
11072470  7953025
11072763  9997391
11015697  772600
11018891  3916398
11020563  3510964
11020963  10938804
11021956  604860
11021956  2669861
11023160  2085632
11027972  1846202
11041276  10023672
11067105  11065280
11072964  573105
11079380  1029743
11175837  6289765
11176130  11181222
11178245  747672
11179849  177189
10335069  2683576
10338345  5084628
11631064  513832
11636862  11635116
11637948  773074
11643950  565095
11644750  10221955
9428393  1771237
9435967  3820666
9442834  3168704
9444305  2347260
9448049  2805427
9458946  561474
9813546  6089713
9813989  1813408
9816204  7059501
9816790  7106470
9817233  45972
11316593  398982
11320571  11320240
11320822  2505328
11327574  173851
11327893  4945703
11333709  2822004
11248738  869033
11248804  933687
11254284  4869154
11265173  6224330
11280749  949433
11294809  1299694
11295746  678178
11315952  11305073
11316301  496440
11320631  3948846
10347070  10346778
10353771  52842
10359940  57483
10360359  10359361
10364767  10387793
10370919  10370464
10373034  859634
10374119  1200972
10393690  1363186
10398452  529085
10398452  3865946
11075571  10455617
11078456  5343068
11078456  11069256
11078788  502630
11081932  5666153
11083293  11076173
11084395  4675755
10836926  4441594
10838555  10826230
10841831  10777678
10843971  6156449
11069312  3661025
11069812  2326584
11070848  11183707
11071275  1491283
11071311  2505681
11072413  2483755
11078529  7350679
11180517  279170
11184643  3121079
11184972  11167294
11186908  3755606
11187387  492994
11191724  4482686
10377086  10326346
10378258  7089640
10382251  3512471
10382968  980770
10385461  7737532
11080301  2062560
11080378  5703585
11082073  10737812
11082714  6180090
11090638  631187
11090638  11085355
9302028  9284834
9305079  9295610
9307694  9307906
9323463  16568
10345935  7984282
10350028  3155328
10359690  2980141
10361562  546433
10366893  494035
10366893  4237051
10400459  121864
10402881  10402407
10404203  7710903
9818319  8533658
9820191  122883
9822706  7722159
9822870  777208
10385510  2644299
10385510  6055355
10387667  10634944
10388433  4352032
10392764  3802887
11340023  2020088
11342248  8375061
11346677  2853976
11347779  11270607
11321882  11338416
11324339  11340116
11331092  1425892
11331492  3628057
11331878  11283053
9825035  3247855
9827150  9823272
9827250  9627251
9837003  821818
11282064  11282007
11285229  10818636
11191974  11190241
11197229  8514664
11198008  4558236
11201627  11183872
11202752  1839422
11202752  3988821
11203470  171519
11205760  11187172
11208443  10656419
11212898  1055347
11220879  428073
11221186  1188757
11221186  9937645
11223637  11222722
11226934  10794813
11227227  4992097
11227845  576538
11231882  1146309
11231882  3326650
11649797  3553200
11651987  1536516
11653059  60174
11653110  2784648
10395234  2574661
10398878  3625672
10400101  628526
10403373  9212797
10414405  1827965
9463875  406811
9467383  7443311
9472414  1314174
9474271  8250889
9482059  742341
11084506  553611
11090343  4554831
11091926  10670240
11092951  2593637
11094755  4341432
10847247  10848120
10847456  10846822
10852336  153716
10852361  10835240
10852736  5671511
11653409  5996921
11653710  4133859
11655914  9042569
11098074  9460260
11099444  185967
11099444  670450
11100048  448981
11102588  11102114
11103188  189549
11348515  3569504
11351655  8405096
11355752  3837115
10404821  7074
10418376  4616159
10418389  676824
10418389  2040560
10418389  2736784
10419830  3384504
10419830  3783007
10419830  10417071
11332364  2354633
11340051  819536
11340051  8987089
11345196  4345909
11345382  6201529
11346118  11301770
11285363  3748
11285563  7142495
11288180  319426
11292658  11292984
11658003  2485295
11658003  9070074
11659425  600446
11660747  9347722
11670253  5025340
11673129  11672679
11093603  953918
11097147  1192768
11097349  5750651
11098685  2699086
11099128  1470214
11358509  5421084
11360683  5210535
11361283  5804124
11362355  11357578
11363521  11358004
11296125  8946310
11296704  2096361
11297897  272900
11369775  8458392
11369775  8692818
11371928  1788779
11375472  6411451
11375957  4505798
10425259  1779715
10427850  9442781
10439113  9569052
10439282  10439242
9841290  3971006
9843369  1361771
9847113  3847399
9849535  1343890
11232375  3011383
11232550  2175439
11233179  11232793
11236201  597159
11236655  356950
9324806  421860
9331944  461742
9336002  970481
9337910  326991
9339296  3366529
9339296  3475594
10442758  2134784
10444193  201776
10444698  8971862
10452349  10430816
11105821  6084572
11109765  271440
11114820  1232188
10375751  9428720
10388770  2579254
10391357  5845993
10391693  10375707
9482160  440739
9495477  2973202
9497586  7996481
9497786  6225808
11347053  4129831
11348139  11346451
11348926  183532
11359822  10807804
11362044  11306037
11364652  857999
9851307  827294
9853772  676824
9855587  8697450
9861260  5066281
11101327  92396
11101327  8535731
11105980  5862454
11106071  11017759
11106073  1361139
11109781  4539876
11109781  4749150
10456612  10456123
10470516  5019160
10475714  10468267
10476114  8625812
10476114  9612758
11239638  1245224
11247101  3355213
11248880  451415
11249330  4233804
10409022  131303
10410877  453208
10411630  2661536
10414957  405161
10426572  2901511
10858943  2808146
10860517  11674312
10861994  10859516
10862185  7883415
10864861  10863535
10865397  2040560
10871588  3954764
10876225  9083408
10880178  4181941
10499281  10385143
10507620  2150050
10514436  10513899
10523413  5316697
11097964  437620
11101494  588004
11101826  456276
11102980  11100379
11102980  11102005
9866640  3687906
9871170  9867340
11376191  1568511
11377008  3697686
11377693  11376894
11384679  1351881
11388359  3993546
11116390  870460
11117989  11117659
11120368  440739
11120704  2616349
11123771  153724
11124716  1773079
11300739  364253
11304347  2973290
11304492  610245
11304492  11275444
11309336  222309
11319496  334879
11323333  11304374
11332034  5027147
11333334  949433
11333334  3450582
11376983  11368955
11378255  1471721
11378255  4810664
9497985  804926
9500708  3553200
9505924  57483
9505924  620604
9522786  2899168
9522871  9521719
11252249  52353
11257443  11231712
11258583  3034941
11258583  9360243
11259851  9845224
9340189  9338767
9341911  8695193
9347913  9347163
10415926  10416762
10419136  7376171
10419136  7608078
10425035  968201
10426571  3550870
10430115  479535
11116274  5690200
11118941  8914257
11120911  564289
11122090  483212
11123083  283166
11123385  995593
11125757  11136806
11126436  11073667
10525668  9004804
10529412  7398151
10531684  11843941
10532538  718447
9881773  1726630
9883688  9870246
9889347  7371730
9899650  644889
11333863  2498240
11337137  3436260
11337916  5900077
11341717  11356491
11344423  573086
11393422  10367582
11394426  18932
11400740  401656
11401693  7258875
10431987  1891357
10441513  4709301
10442064  3700767
10443283  893417
10443670  1090124
11674048  9701366
11678192  1624202
11682604  11682357
11683357  1560401
11688505  5566186
11266996  949433
11269854  11590881
11273823  2971315
10449235  4421706
10450873  60607
10457538  7978191
10461518  4164279
10461733  3270680
10533773  1769755
10535360  215255
10536849  979256
10538304  3350231
10538354  1420562
11379941  10289890
11380864  5722523
11381799  4945178
11383721  1073825
11384671  159118
10472365  10471563
10472814  6064956
10478096  8353272
10482876  687962
11406977  4275897
11412023  251781
11419260  11418143
11419311  951401
9902265  285619
9907545  9906731
9908574  18932
9908574  1043488
9911875  795746
11132127  8155064
11136378  11118445
11138879  325443
11138879  2982748
11140658  6173
11142632  11140004
11145670  968201
11346131  3513242
11346131  9581787
11353649  11353619
11358129  5854043
11362707  6563721
11276624  7417904
11284737  249664
11285180  2530663
11285180  6399145
11285180  11132868
11287116  9365947
10426874  477572
10426874  1949066
10434677  633762
10438068  8028957
10450857  1592757
9924893  884762
9937218  9937222
9937411  526556
9946535  1881922
11127027  11126818
11130507  3255131
11139640  3720316
11140876  934012
11141412  2328439
11142846  123559
11369166  6253633
11369166  11142882
11374541  962915
11380291  9396096
11382093  3571790
11391387  7228607
11386208  11384084
11386894  202205
11394531  2087216
11394832  5108359
9524393  3291167
9526079  610245
9528902  1348199
9535154  9535463
11288102  11287252
11288656  1912023
11296394  75213
11299284  122102
11300377  11280531
11304832  15486
10889895  10227670
10891410  10891253
10900064  1793616
10900961  680606
10908479  4561929
10913963  10920099
10487154  704636
10498835  1525126
10499671  9976955
10501060  3525177
11305325  3741323
11311184  425379
11312263  10754281
11315939  6561429
11327028  667045
11327028  1041399
9350328  9339326
9351264  360751
9351521  9361672
9360338  2489048
9361517  593509
9362760  8906722
10547178  6680819
10561299  10588587
10561968  2999012
10563907  5225202
11425510  4424216
11426982  11420100
11433330  4582327
11439265  10449195
11439763  4664850
11109864  8510161
11121764  261638
11124554  8695718
11125358  11124273
11133932  9762995
11145874  6165895
11146801  9041321
11152081  10795457
11152324  3129374
11152324  11151669
11141295  822487
11141295  3521254
11144099  5020954
11149172  7562258
11149983  4459902
11159625  6427934
11173315  4414673
11173315  6025043
11173890  11164232
11178395  1912029
11178395  8028957
9949936  9949071
9952887  9942137
9956931  10028194
9957860  4989632
9958753  251781
9959310  8767751
11396754  57530
11403441  4732544
11405328  6704976
9537125  4968406
9544849  9548005
9545300  1320476
9547121  9546761
9548943  91778
11407786  885009
11411180  11406890
11413938  1394197
11417310  5839814
11435794  2279125
11393359  11392642
11394697  8268624
11395633  4622693
11396133  822487
11184204  5879173
11186683  3706515
11187837  3014089
11188755  6445666
11189466  62151
10568588  3015393
10575990  1163459
10580820  2310270
10584096  1225102
11155357  11153561
11162016  3820666
11162216  4028830
11167130  11160308
11167657  3074809
11168695  1618163
10504032  41479
10505704  3962636
10508546  318064
10521080  10509385
10588840  3276005
10590112  11674312
10596846  19412
10600221  5065542
10451708  10442115
10456218  8495687
10457975  3642540
10461183  4969243
10461183  8220399
10914002  705443
10918307  10515888
10920379  3737139
10930509  6441218
10930509  6689030
10931284  10930483
11329661  8256804
11329661  8306839
11335234  498400
11144813  510382
11144813  8530115
11146090  1276909
11150400  194157
11150736  7113639
11150736  10975758
11445179  10354742
11446617  4413251
11449540  1637807
11450144  11445751
11451680  6287635
11437702  5590381
11437751  5765398
11437751  11083254
11437816  44917
11449334  11447463
11456186  1663807
11458258  10782354
11458843  11458209
11465546  8534838
11466045  11465286
11468918  3033407
11470489  11411608
11471226  11460542
11471661  4308536
9963597  9962490
9969263  9970159
11192031  1787249
11194614  2120981
11199651  1726630
11200069  946189
11203570  11189518
11205467  8662751
11205467  9404172
9371777  9006553
9372463  2158395
9375464  4062161
9375621  3723823
11170006  11165723
11172444  11172711
10604620  2019241
