11097272  4328947
11762239  11744265
11762590  8028957
10641509  8321096
10646742  10640077
10650737  2168739
10651958  1019169
10653192  1448036
10660880  10663814
11765083  9142860
11771699  8133947
11777701  1592665
11778701  4519127
10302011  3801982
10302268  7142627
10307784  4128570
10312264  2778827
10316358  20227
11460368  6602929
11462776  3951547
11463810  165808
11464278  5400173
11465341  3434278
11486607  11461405
11490390  10639661
11491944  2802726
11492287  4086107
11492287  4835885
11494359  323972
11499014  7531866
11630857  4100969
11631457  9786102
11631942  11631258
11633580  2690065
10662552  5647328
10663539  10600764
10664424  70324
10666645  113829
10671461  10671525
11379630  11379016
11380759  183907
11382497  9508051
11384167  1486412
11385146  9846013
11858505  2408146
11859024  949433
11859024  7874399
11860491  1092411
11862363  4969263
11862700  201183
11780873  1801960
11780873  2305038
11787912  10869459
11789448  11789425
11791856  7884337
11791856  11239652
11862750  11844392
11863517  3166244
11864504  9216315
11865308  359494
11621926  2030434
11623957  4221310
11624400  104799
11629473  773396
11629807  3787428
11442183  6410971
11443362  11420571
11444473  2268598
11446949  9835956
9792693  3577641
9792693  3820666
9795701  1897940
9804076  298503
9805611  2634558
9808119  574195
11469485  11138188
11475676  2314401
11480883  2267488
11481385  11481270
11485261  6649606
11487074  177
10317394  2596344
10317987  7278029
10325046  1299837
10333656  4889971
10336821  320767
10696445  10624554
10698568  10716303
10704231  10674575
10705669  4764110
10712706  10706611
10718971  7673127
11490239  513832
11490550  11490126
11493217  1416633
11495821  2964673
11500442  853526
10719073  7938650
10720258  1913098
10729718  1950844
10732526  5168755
10738044  2811626
10343230  10356733
10353483  6441218
10357906  7985599
10357906  8674561
10364479  6441218
10365008  396100
10370145  4662588
11447592  5590001
11447885  11659588
11449664  3760626
10798033  3882346
10798398  7803025
10801542  329059
10801892  3324717
10801892  6184223
11865525  11864309
11865639  943398
11865639  1540779
11869469  11875446
10806036  6218812
10809562  3653316
10809912  10794341
10813592  3681601
10814978  4766766
11873046  286061
11873046  10560832
11875199  1869519
11876739  3136125
11881416  7070000
11631579  3577641
11634660  2444598
11638504  8132399
11638897  11620781
10372353  9368353
10373825  1833538
10374332  5704166
10379691  1597007
9471935  4660142
9484210  5392532
9488154  5778022
9491898  2091465
9492141  9477601
11501471  11364288
11501480  11501016
9499986  2321052
9507960  164979
9510239  1063229
9510239  8016904
9519156  9532150
9522614  2839732
9522614  4203225
9531474  3483514
9811327  11405
9819602  38987
9824882  6895286
9827389  6509650
9834056  9440532
11640367  7041740
11645883  24515
11646183  358168
11648593  11406388
10816782  10275587
10825891  81361
10829903  10829001
11501680  11499941
11502275  4816698
11502977  1107194
11503845  4293448
11504279  6163111
11519966  11813911
11520200  11516734
11525480  5163831
11097531  4100885
11097574  3127429
11098901  5473467
11104385  756750
11104385  804706
11108797  1069666
11108797  6686365
9834642  7556037
9836749  9825221
9841107  9838168
11386582  11385770
11393627  11392014
11395706  11372903
11399950  409784
11793727  9873152
11800144  3783007
11806995  4637942
11810454  3506773
11815219  2100490
11815219  2808478
11451561  11450740
11451893  8385322
11452790  336859
11452790  11146814
11454394  12774411
10381270  7303943
10384521  56708
10384521  1580059
10386457  907806
10387829  10387580
10391916  10383269
11636890  4000376
11637541  2002288
11638392  1442925
11638392  9887534
11638843  180887
10395860  824349
10402019  5019847
10402519  2020088
10406063  248693
10408199  10395142
11525612  1349740
11528420  1238613
11528620  4639265
11529381  993112
11529824  11529464
11114277  3438626
11117119  1167062
11118264  11099814
11121629  5662834
11125918  7447168
11128624  172544
11131057  2671518
11500818  6911241
11502158  3062528
11503269  11433303
11509996  4974027
11510153  95912
11510264  11509938
11459206  6653567
11460517  5697759
11463750  8751313
11464890  1149855
11464890  4052840
11465558  4508979
11466319  426573
10739180  2340411
10740665  4353915
10751297  1025494
11473689  4356420
11479973  3737139
11480437  828709
11480934  11337413
11481684  257288
11895591  11871714
11897378  3638851
11899399  11896455
11132236  4176328
11132295  4965914
11134197  11185612
11137248  4906073
10758749  10743564
10759783  10760148
10766688  4011267
10767407  6168880
9550301  2920465
9551730  9504540
9565684  2250597
9581274  2839321
9582153  179128
9585947  5846183
9585947  8069370
11649527  780718
11655852  856542
11656915  4969243
11656915  8220399
11661202  11533071
11531964  6880002
11534236  11533773
11535206  7201231
11542192  560829
11639698  9693877
11641068  4321681
11641132  5185551
11642102  3191235
11642102  11623182
10831372  306316
10833243  3553947
10835733  3628718
10840463  2777721
10844293  9672780
11481891  2379720
11484474  11207805
11486321  619856
11488754  1099300
11489529  4090154
10411686  11674312
10412779  10412728
11816941  4937402
11817141  5498624
11817391  1024968
11817541  11751041
10768794  8000903
10772168  5525049
10774995  7394289
10776933  10776062
11664076  11654876
11666375  11651773
11670785  2386408
11671962  11634997
9847024  5031162
9849281  273612
9849281  1781445
9852840  5238955
10672563  975134
10673597  3908934
10675103  2253110
11400722  9027874
11409412  1291942
11409412  7452341
11410412  11405047
11421078  11306745
11432840  9193120
11443263  8028957
11444699  2647786
11515437  11514757
11515819  5455250
11518534  2183087
11520649  1770250
11520917  11503659
11899918  7160310
11900454  1095782
11907288  143122
11907687  5890584
11912185  11912609
11912367  11913911
11521517  2051977
11529273  394809
11529273  2802726
11531009  6894538
11533660  10368217
11536893  236129
11543987  8840257
11548778  1628768
11550207  2823043
11557602  9460664
11643323  5814798
11643906  10290278
11645446  11642552
9587533  9587011
9595507  22358
9596250  6344069
9599451  4600787
9600773  52797
9605617  9501604
11817642  7838487
11831881  2661110
11832432  11823076
11141651  800955
11142830  11145636
11150420  111102
11151254  1586685
11155725  19412
11156491  1586858
10854822  620137
10855890  9007546
10858230  3521097
10862991  1219199
10416473  10415471
10424804  1194842
10428841  9887585
10436336  10417080
10444967  5525795
10450826  40480
11489579  5195012
11489579  7938650
11490983  2028241
11491694  7211623
11492337  7849960
11833168  10558534
11833403  7243970
11835726  3927
11837833  62503
11839370  11829034
10676622  5616880
10678226  1682567
10680200  901115
10683744  10679808
10685229  791258
11559031  119961
11562980  1131781
11564452  5287879
11566626  4402287
11569459  11533650
10686701  1251713
10696861  10688044
10700958  165808
10701741  3748
10717385  2172943
11850215  3242080
11853188  172303
11853188  10778318
11854309  11313051
11860275  11597375
9606846  7970990
9609018  7708379
9613848  2918414
9625480  1174976
10778803  1474894
10779320  60113
10784083  6472034
10785791  140131
10789952  10784331
10790101  6566475
10796351  1317612
11159367  7758699
11160010  136458
11167566  442564
11173582  1273001
11180534  3072173
10459257  7441248
10463401  10030727
10465859  10465668
10470060  2667509
10476855  1644453
10864732  10864701
10864813  495021
10864813  614233
10871198  4248140
10482764  2447696
10482764  4706690
10485336  183353
10485336  5340881
10485765  492384
10486658  6988536
10486658  7228887
10490559  2802055
11860476  952914
11863234  11860807
11863619  1661197
11866092  3529928
11866877  88235
11495131  324477
11501815  10166478
11504012  5070830
11504662  11040587
11866927  9880904
11872879  4795982
11876588  10721739
11877023  2532422
11877023  11264587
11883454  1568091
11883575  2305954
11891828  3282418
11892113  2250196
11573939  11238184
11575650  489861
11575650  1444790
11585303  1827058
11587741  13569
11588086  8552176
11672491  11670104
11672793  9434336
11675565  11675148
11647148  3513319
11660184  3600322
11661171  1026069
11663226  427653
11677235  6653556
11677880  4602141
11677907  3393751
11677907  4982983
10872470  8584577
10878618  8082953
10890936  3662543
10895480  10879514
10895483  3234349
10895483  8028957
11447273  1727616
11456833  8144890
11457476  8834031
11458703  605399
11683694  9588846
11684130  182636
11684130  3403909
11684130  9548779
11684330  984883
11684632  11820708
11684825  11683831
11912972  3074483
11913989  194397
11915894  2965109
11925271  2720125
11933027  1659440
11935031  1805442
9859442  1917014
9863336  9835348
9863736  4644328
9864107  1077347
9864908  9864782
11181270  249692
11181802  9438043
11184469  3803349
11187286  2636603
11190026  11190352
10899895  4319049
10901764  5087173
10902082  7637144
10903972  156911
10903972  2967641
10506278  10499230
10508750  2518111
10509293  3782827
10510565  10515600
11892213  11869222
11893299  646258
11893299  11888144
11898679  610245
11899466  419019
11899466  438188
11590758  6872832
11593425  11590393
11599450  11598702
11507152  2126778
11507649  11491170
11511350  4660142
11515201  11514757
11515737  10778865
11599948  2726300
11601254  4245299
11601254  5998465
11606032  2559318
11607363  2288293
11607363  4489441
11667272  10999846
11670582  11132868
11672786  9857710
11673556  11671588
11517180  5930103
11517473  306313
11517473  11476190
11522528  11522106
11523625  9472986
11524625  11149526
9635869  9435630
9643428  13109
9643428  8913669
9644007  949433
9646915  6172267
9652924  9441501
11190387  11190152
11192264  11173605
11193863  1162677
11197850  9623879
11675479  4235834
11675479  11472843
11686473  5651003
11688430  11738574
11690570  5444827
10903989  4918969
10907298  822119
10914199  3019112
10924981  9399459
10926649  1482824
10936059  2435216
10512587  2167916
10516831  10474529
10519096  2375222
10522697  7800174
11611984  11611046
11613077  11597175
11617396  8097398
11618902  1083527
11624611  639531
11624918  471914
11199518  160608
11204334  1048310
11208776  11206914
11211584  11201665
11212656  3522454
11904981  8934772
11904981  10851906
11905617  2019402
11906753  11770789
11910097  668064
11911448  2303724
10721244  10718572
10722333  1748660
10729119  2961983
10733127  10717686
11942115  2915748
11943587  11906263
11943587  11909196
11949336  11950031
10733731  711723
10733731  3935582
10735969  3691196
10737088  10734477
10741653  1554099
10747282  2283494
10747384  412813
10759148  641857
11952594  8120048
11954701  706382
11956406  8804285
11956806  17333
11956806  1839422
11957977  9621162
11959363  11958903
11215787  2557501
11220910  257288
11223250  2325338
11228555  11224291
11233605  6276289
10761624  7269099
10764747  2728896
10765883  10765675
10766304  6001784
10775830  4338589
11686461  11686029
11696498  3185954
11698393  11702581
11537472  11537099
11541237  325791
11543427  6601028
11543602  1232040
11545649  8160494
10528963  6310632
10529549  10227670
10532650  1905289
10533586  10514778
11916363  2128321
11916649  1274626
11916949  11605851
11917013  9282066
11918935  679822
11922580  2060741
11691523  3076414
11694948  7359330
11695935  11114266
11700160  11709940
11704223  805547
11704508  3172179
10947223  5046320
10948445  8548243
10951418  10909226
10954057  8028957
10954979  3246928
11627015  5192512
11629632  1759418
11631334  11612041
11633176  5269188
11524854  11524289
11528612  5076906
11530959  3577641
11531470  1834556
11531556  1341400
11533035  3791078
11639290  8514954
11639792  5555464
11652585  11619986
11460518  2399836
11461313  3025648
11463090  3971622
11464028  466764
11464821  212689
9652981  1216004
9659926  9658859
9674380  251248
9680639  8028957
9690042  96759
9690042  777597
10548319  1321228
10551770  10549757
10554978  3066848
10554978  7395253
11706278  11662154
11707950  60174
11710656  451415
11714017  9254502
11720552  1513485
11652828  11646796
11654423  11656464
11656695  610245
10807147  10567512
10812129  10823573
11545960  10186192
11547296  171027
11548711  6168880
11923765  11905953
11926459  5016313
11926824  8824141
11932926  5025891
11934898  142003
11660448  5525406
11664417  11648542
11664651  11653237
11664996  11737828
11669072  7639224
11671271  668286
11673416  11665729
11960168  1020368
11962975  2574027
11475494  8195948
11475494  9957216
11477966  1987645
11480674  7802235
11480733  5535251
11480733  6452904
11542191  7074
11544038  4466524
11544195  6878757
11544799  8187201
11481240  4710107
11494878  11508932
11497545  11266977
11498881  3368837
11500217  2813615
11936884  2167916
11937856  11816041
11940527  1052951
11940527  1237778
11729091  909308
11732716  11674312
11733588  11672880
11701478  289342
11701778  7717356
11702414  1442782
11702571  11697928
11703507  11703255
11707953  6249151
10962999  2269840
10965757  3731222
10975585  10975207
10977708  5159086
10986663  3577641
10562166  4671984
10565581  355168
10570411  10566922
10570561  197999
10572140  10571822
10817009  2799785
10818094  5755722
10820787  76549
11233937  6029371
11234575  359494
11240566  529098
11241225  11106786
11241468  9496761
11944707  5610265
11944893  1580647
11945658  1816055
11945658  5810108
11945993  318064
11945993  6831161
11683201  2808535
11683439  514139
11692502  2090910
11696139  5086695
11697377  7387768
11948837  11934492
11948837  11945822
11948952  719788
11954768  3526485
11958025  5755719
11968758  1089966
11968758  2050973
11970229  9337855
9695329  485525
9696308  119123
9699952  6439579
9706225  7131652
9714542  1624484
10777017  81656
10779774  407523
10783348  2458205
10785139  5374311
11549954  3053726
11550758  782353
11554166  6932163
11555327  1404422
10804723  8434865
10804723  10805745
10805442  3597611
10808233  40480
10808233  9404625
11557724  1094872
11558353  630453
11562965  1862314
11563590  4746299
11699488  11699056
11703257  11673503
11704270  129677
11704270  3126072
11704270  4223980
11710345  8020408
9719172  2848975
9729639  2708894
9736920  9595507
9737456  9735979
9755361  4985455
9758898  2040560
9759205  8383537
11567888  1045138
11573218  479142
11573218  761194
11576387  2920836
11576626  1431733
11576626  3308918
11734758  11718655
11736711  60174
11738200  11737759
11739119  10042987
11963826  2474432
11967388  8356058
11969941  11877669
10809288  1058606
10810139  10530642
10811896  498970
10814934  10572560
10819116  122641
11581199  4175941
11587926  624367
11587926  4649877
11592913  10673585
11595678  11595382
11740506  1336318
11741876  6280978
11547289  6270004
11548143  10582250
11550947  11550707
11559975  20731
11559975  2848087
11709266  3920111
11709625  1022695
11710061  11709624
11716518  11694546
11717213  11566021
11717949  1525378
11970929  5853879
11979904  753331
11985670  12053719
11992572  1083032
10575870  8061785
10576020  302296
10576020  746396
10578449  1108428
10578599  10550441
10581393  63166
10582286  9316612
10582779  248603
10993969  1380793
10995956  10995645
11005030  2421994
11005030  6606515
11014207  11387535
10832583  10085202
10834408  10784673
10838952  2775864
10838952  6999726
10844351  1962067
10844766  10844457
10850733  477096
11510254  4010185
11511783  11492162
11512285  8706192
11519580  4951322
11748296  371538
11748296  2973982
11758005  599634
11760596  759966
11761311  11758035
11762983  778590
11766161  1207406
11727173  2893267
11730917  7686592
11732630  11732171
11734166  16096
11734302  11739675
11710379  2678516
11711320  155932
11713426  5071598
9761313  1879061
9766643  6236275
9766836  1116395
9767986  470542
10590724  2592092
10590724  3114035
10597719  1053585
10599105  5472226
10603135  2941960
11565055  6286313
11569017  983030
11569978  451415
11573050  5948171
11575501  8796757
10604328  8021436
10608858  2154984
10618211  1051362
10618654  151777
11581367  11577988
11583789  7982320
11767246  3246895
11769084  9603290
11771641  1403888
11775151  5401781
11996851  2299841
11999173  743505
11999173  11717032
12003168  11988929
12003267  4721449
12003854  11825765
11978084  1318467
11981024  11980265
11988108  2625973
11988244  60174
10821052  4117555
10823877  406121
10823877  2158395
10835058  7899767
10836913  4240080
11018552  1396668
11022363  56708
11022363  1620825
11024385  11022771
11026440  11025991
10851003  2294166
10851220  1626010
10858606  5469450
11599090  602444
11600040  2593139
11600426  1566595
11611540  8205377
10621333  10620502
10622462  8869123
10627042  1397313
10628628  10642716
10637445  359494
11715434  11715086
11717063  31068
11717540  62771
11519814  3359313
11521109  5886858
11529933  1132941
11533318  2925623
11535547  509211
11734961  11735147
11736876  3494328
11741354  7772260
11590634  11588241
11591634  2159044
11592345  11603891
11596139  125449
11776419  2395661
11778912  697519
11781184  11790614
11783541  3623082
11785728  6246878
11785996  11785726
12012327  2710621
12012327  2876909
12012327  3003457
12013028  891141
12016021  3403049
12017258  1468085
9771816  4140448
9773202  4559257
9784341  501460
9786913  7082364
11026626  700831
11034196  3359716
11048636  11031966
11050057  10476315
11071364  1162008
11072418  587767
11537898  2709821
11538698  11538843
11538734  1922677
11542106  6825773
11078601  11073853
11080273  1371986
11084349  11076992
11086689  475516
11242395  3387445
11246182  10110341
11246948  2693601
11260218  8150596
11262383  894723
11743692  2973202
11744564  371654
11753981  9974080
10859157  10859050
10861465  5195621
10862050  5912791
10637738  2314175
10637738  4091765
10650263  2288299
10651535  3521254
10654786  6270004
10666025  1769020
11786664  835790
11786664  1033007
11795054  5112057
11796207  752817
11802691  11802437
11808626  1216791
