11720539  11720175
11721548  11717871
11722879  6051934
11723522  1768343
12019229  5316697
12019229  9055810
12021751  4249648
12022938  7074
12024023  12016236
12026481  10457409
11759504  4244611
11764284  11772307
11773801  757675
11776350  172821
11776350  2345784
11778688  6725151
11781925  8305199
10666239  137326
10671162  8589351
10671362  10670969
10675399  7696591
10676735  5745272
11597650  1893490
11598604  45535
11606960  8896835
11607435  8706192
11813387  419163
11813387  1954700
11817250  610113
11824521  8028957
11824704  4616202
10838032  2980763
10839470  5473981
10844933  2716069
10860713  144530
10865576  10797104
10865674  2286447
10867780  194852
11988294  11982257
11988311  11986702
11990902  2598658
10868818  9666909
10872345  462165
10882488  1119696
10886951  295566
10888806  10881603
11615041  3697432
11615202  10594052
11627809  2138706
11629549  3264562
11631953  3765621
9788521  9783803
9789507  9789123
9798252  536814
9798252  6222616
9811013  2757107
12028989  582134
12037528  1484060
12042107  4238460
12045602  814366
12045902  12028205
11730342  649274
11732005  11718384
11733180  11733003
11544714  2832010
11545243  80646
11545243  589549
11545243  8547487
11549153  11548739
11562498  11040587
11563734  3795263
11566701  11561465
11568850  3384398
11088611  1092981
11090701  1711990
11092755  6494080
11104205  520237
11789384  3795263
11790313  6487085
11608482  11562590
11609725  307828
11609725  4444091
11613644  462974
11614916  7480597
10678107  9423523
10682394  342772
10688760  10239633
10689589  93039
10694169  1740274
11792885  11785124
11793564  3528420
11809640  11807009
11810712  246096
11815526  956508
11826240  11823150
11830133  11822716
11833694  10814690
11849738  1075534
10699442  1372317
10699849  1453171
10701571  10719454
10702057  41244
10716261  10714122
10721191  10719512
10890827  4682789
10894771  201323
10899132  840781
10899349  1132941
10900302  950051
10900302  5611724
11991451  92396
11991919  410723
11991919  755685
11992587  5027147
11993974  551246
11569852  11563615
11574896  4322367
11574896  4459719
11576002  5620325
11578474  6322084
12004406  11757631
12009035  4830379
12012311  6854750
12014265  4795982
11581548  11582062
11586364  8028957
11592144  6435861
11592837  11592663
11593873  11596175
11597158  27578
11599323  11599949
12046287  10492319
12050432  12026230
12055261  49755
12056161  894990
12058970  12070867
11106528  11106498
11108213  270612
11116870  11097220
11121286  3970093
11134135  651700
11137662  11116079
11733618  6696382
11734252  1704407
11735388  11519826
11737460  2947924
10907322  6519649
10910615  2999012
10913206  10911689
10914274  10908230
11267370  1689028
11270212  11275631
11271875  11271737
11271952  11271356
11277159  1513583
11282039  8673378
11816385  11815551
11816483  60174
11817055  5043012
11820670  5026349
11821642  385132
11824271  600293
11615591  276052
11617588  11586047
11620582  816071
11622586  2559415
11849972  2920306
11854452  3315685
11858094  7929542
11860668  9347722
10726164  2373866
10726164  3558119
10729015  10640982
10746827  3520079
10748892  3354916
12067158  2250953
12067193  12049358
12068830  3030604
12069952  3305413
11144014  7914899
11151669  2973202
11157935  11158306
11169282  1114287
11743267  363681
11745314  11680872
11750921  845685
11752359  3976569
11636058  11622146
11636858  1890995
11650780  5832368
11652052  3968679
11655217  543697
11626198  11613993
11626491  10352092
11630099  217424
10865443  199333
10869387  2214046
10871389  285793
10872712  10872382
10873331  3206344
11632364  1787249
11635172  6380862
11636265  11640042
11871279  11871059
11875491  11683308
11879971  241142
11883915  6609142
11887140  662379
9819094  5959142
9820330  382173
9822695  6402476
9829004  3949106
10749678  6875007
10750278  2964391
10750471  7410160
10751257  204017
10753779  901372
9830769  3966714
9835156  1383
9837771  1575835
9857048  636829
9860649  9373082
12070316  6899
12071237  416331
12071573  750486
12075682  1600962
12077354  295579
11175498  6410452
11177723  7892749
11188083  3543729
11190355  11190074
11640902  1089018
11640902  7586221
11641613  2508605
11641931  11623754
11642735  2207810
11643217  949433
11824816  201323
11824943  58510
11826388  4091765
11644382  11647656
11648590  869209
11649394  9318415
11650037  11733511
12080812  12080443
12082469  6805197
12083806  4806150
12088385  521687
12092865  12528365
11190492  11190449
11197040  10740838
11197911  10977100
11199597  1272270
11201873  3844482
12015937  12001233
12019945  162187
12027066  12487487
12028823  1294701
12028823  10694037
10876639  5237104
10876890  10834024
10881385  479565
11599859  499137
11601531  5862159
11601604  1933602
11601604  3808808
11602197  11601775
11757014  5516517
11757380  492387
11761358  7719843
11764425  11764099
11769246  713827
11769246  2081586
11832397  4057440
11837954  325933
11841764  3456159
11849409  11848393
11889999  1174505
11890518  767999
11892373  5429056
11892454  798545
11893424  1145726
11893858  11437203
11896249  11570782
11651241  3630397
11653313  6441332
11654635  596479
11662137  2399590
12037962  3625998
12038065  2693223
12039051  12012817
12040052  4969250
12042724  7014953
10918252  3634585
10921847  12554239
10947919  2900370
10947919  7228312
10947919  10945114
10953016  10942681
11283648  3535791
11285179  11284892
11285456  6713673
11285456  8178696
11290936  2771904
11656864  11656709
11657893  4540604
11658093  59217
11658093  1547252
12093280  2537238
12094401  12026010
12096773  7374486
11202792  5520843
11202991  850341
11210344  5235491
11211530  11210628
11213270  4643713
11213270  6441218
10756637  10802795
10757952  1395551
10760674  10765989
10883591  368505
10885463  9026508
10886565  3808808
10890979  4975042
11292033  1032006
11292106  5842272
11297815  8533449
11299151  6392739
11304542  1495168
10892066  1556987
10899048  2471935
10902092  117792
10902826  805107
10903862  10898819
11662762  3646914
11665481  557340
11666374  4353915
11668221  789426
11668221  11674473
11669357  6640751
10909478  10514185
10910129  10894837
10913658  10913186
10914843  2345902
10924154  4886532
11896415  4244879
11905022  3536372
11908115  4261133
11773190  901115
11776895  1459377
11781371  7049303
11785226  121112
11793612  11790695
11670936  3479712
11671429  6936972
11672408  62618
11672858  199761
11673876  6692223
11675973  11147323
11678556  2382532
11679235  3359638
11679235  10678503
11679428  7126550
11680035  1139762
11854623  11849491
11860039  3805474
11860039  5443510
11866757  1043957
11867700  44917
11869972  1355810
11879359  4835691
11602274  4902565
11603969  11603786
11604705  3307409
11609219  5712108
11613029  1810743
11659565  970388
11664938  3829435
11668653  5469005
11670325  419019
11672490  10243991
11680160  2621180
11682418  4176328
11684304  2649056
11691735  348880
11696229  10021749
11673937  283016
11674162  11673774
11674312  5571907
11681314  199080
11698744  11699145
11699909  10266038
11702299  2091465
11708690  5290089
11709401  9051103
11615499  1133541
11620088  36139
11620088  1097908
11622094  11622541
11623323  7320235
10963010  10960974
10974038  724972
10974038  5423422
10979203  2635930
10979203  3710589
9861228  3748
9863007  1820477
9872431  9871958
9874503  3524363
9885192  1974886
11214373  1083451
11214892  8203473
11218231  3075743
11218418  411592
11218950  3074248
11218950  7154152
11234594  10628847
11881297  11880810
11883074  367884
11886820  3919291
11891693  6812655
11894408  717762
9888250  9886466
9902140  950051
9902140  5611724
9908399  9907933
9911564  3596466
9922803  2354293
9924082  2777607
11304742  3570914
11305478  10410704
11305478  11298897
11308209  588004
11308209  8725708
11313230  1433182
11313230  4587952
11317808  6270004
11320718  424407
11326300  989218
11333813  263965
10927777  55139
10937822  7326338
10940415  755685
10942768  7074
10943674  4216745
10948418  10948002
10765061  7878521
10765947  4616202
10768219  1599176
10771177  10777678
9868165  5431365
9877961  3755606
9883591  9883384
9889694  9696521
9892616  8021436
9897195  1936480
11234994  2344987
11238773  11238552
11241696  11187196
11242214  11186081
11248298  5863870
9904583  4021118
9911821  1046477
9919674  4259885
9919674  4879045
9931405  32260
11795552  2256084
11795577  3737139
11798687  768268
11808779  11808397
11818241  4903651
11818241  6942439
11910774  11887414
11911476  7559072
11918177  1677154
12099682  12096642
12102289  9660614
12104462  8884297
12104462  12088424
12109156  12107807
11721215  9711793
11725016  270917
11725509  11677364
11727449  29664
11734133  78536
12044145  4798777
12049211  753823
12057649  60174
12068481  1938487
12074147  2284860
11338323  11329718
11340395  3111241
11349930  335311
11355946  1510778
11360383  1766150
11372151  7576579
12075547  312443
12076552  12077148
12079177  12060977
12081900  5153826
10981743  5323505
10982245  10932426
10996719  65512
11681625  2695746
11682132  2349993
11683804  11162094
11697183  8028957
9947718  63546
9951161  7793893
9955020  2746707
9962407  7158951
11923657  9706041
11930328  3344551
11939118  11973607
11249034  330268
11251124  329043
11257994  4928745
11259080  7560693
11267082  1154571
12121759  1704407
12121759  4380090
12122460  12119595
12122746  4839981
12122746  6610709
12123246  756567
10774564  109399
10775843  10672691
10784817  5158631
10791090  377164
10794877  25794
11819679  8675206
11822394  7199738
11822653  790232
11823628  5151744
11825636  195632
11902253  427453
11904125  432037
11904366  4354517
11914764  4308734
11915957  3755606
9969059  9968242
9971368  1991762
9974911  9974485
9977198  9945656
9979205  2222142
9979655  249009
9979655  7246755
9983063  7232878
11629112  2247998
11632747  11632295
11634385  3170589
11635498  11626127
11641716  1642136
11736030  3664257
11736941  666936
11753853  588004
11754350  784929
11754925  1593810
11754925  2958701
11378040  8028957
11378844  9322885
12126790  5205487
12129498  12129374
12130183  1617412
12130183  3685760
12130869  4795385
11382847  11301399
11388136  1323410
11389876  718984
11391071  3669507
11391178  21908
10948920  1517347
10954049  2097294
10955221  1676897
10957442  10939501
10959299  622324
10961001  1471654
12083486  401656
12083921  12083583
12090255  11239565
10965781  1099628
10967038  6151668
10969425  10967156
10970361  9169167
11826372  3736576
11826538  295649
11827431  55313
11828610  11828256
11839263  7751303
11943879  11076026
11945168  5832368
11949865  3860008
11952286  11952041
11952486  1392855
11960493  3899870
11272634  11272310
11273098  4681928
11273098  7936610
11273333  914861
11275055  126116
11281204  11278078
11281204  11280816
10796613  5800247
10797199  1998209
10803458  10804047
12130933  3618114
12132106  1542887
12140943  12137563
12142516  1552881
12144423  12127944
12147931  75175
12147931  529085
11915964  4283755
11925717  1562759
11929568  2081418
11932969  538996
11935620  1972051
11935620  4725823
12090873  4323225
12092060  12060977
12093081  446835
12093114  3891831
10808574  9215368
10809410  254291
10812475  689072
10999544  10997510
11005607  324947
12149217  1716296
12152961  12152743
12157692  8103860
12159663  5600859
12160349  5894736
9926847  322597
9930577  605630
9935564  573086
9935564  2021831
9937286  8561987
11839297  807878
11840876  7690595
11846649  9149044
11855184  83073
11284883  9302335
11285084  3556789
11287688  7000224
11961761  11878143
11965858  11982395
11971504  11951302
11972708  1409225
11972742  951891
11972742  2735734
11401274  2510929
11403610  4824342
11409587  146204
11412570  9257665
11415535  25749
11937590  9139472
11938521  8508511
10973654  8244369
10978870  5874652
10983414  1337529
10983914  10881630
11288292  7714896
11288377  7526332
11288960  2256990
11289831  5233559
10813075  8942676
10817012  779246
10817012  5121495
10822421  311990
10822971  135448
10824214  6604885
10832545  2391679
11756504  1424510
11757933  901115
11759762  885009
11759987  473620
11764460  8402597
11973061  2330157
11975950  46146
11976720  517923
11977137  325555
11644681  2512852
11645751  3682049
11647889  109383
11766182  21593
11771062  1897727
11782133  9170446
11785609  60174
11786788  2140282
11794751  11767023
11416046  4750781
11427980  351954
11428269  11386368
11430418  2661536
11431481  7524403
12098561  265960
12099683  12081628
12100951  1200188
11697937  6212223
11706600  1902976
11708340  1286005
11713688  11711342
11715224  1888702
11719593  11718434
12162622  12161706
12166266  2422922
12167516  9266786
12167601  2309836
11294443  11274567
11294490  10941488
11298170  10624511
11858626  11911438
11862736  11861271
11866880  6344032
11867441  11244918
10845113  10848120
10848264  10163911
10861468  2093169
11944335  6012219
11947745  3806361
11949415  1601455
11949524  11898657
11797398  576767
11802214  10955703
11803189  7577889
11806840  11809077
11650004  4801183
11651567  3365657
11654777  4992810
11655141  11640042
9943016  6546640
9945088  8798628
9947339  8207069
9956113  7255383
9957056  3621215
9961829  275711
11298519  237327
11307076  261963
11308347  60174
11313428  11311493
11981936  9203928
11982821  7612015
11983455  11983253
11983757  4632663
11007998  7909747
11014197  11012630
11014384  9285937
11315167  7242163
11322383  7361290
11324792  4308989
11325395  8587730
11325646  11290364
11331676  2527021
10987509  10954286
10987609  7197589
10990215  10989952
10990766  9396323
10993040  6917074
11434085  13837697
11435264  8843601
11443722  2605470
11333598  8128408
11334402  5537679
11336074  2775578
11339985  11338256
12168051  12001269
12172396  1508765
12175590  7330420
12178698  8993773
12182291  6794138
11349124  9985320
11355093  3688708
11357615  5864888
11360691  2202995
11361427  5043674
11949724  11870254
11950253  3808808
11956946  2342749
11960720  499294
11961356  10912901
12186671  4078205
12198168  2238616
12198953  5167561
11871287  11851716
11871985  8028957
11881120  10796342
11881256  2158395
11887238  6799092
11808966  1154571
11811456  10996899
11812256  5840230
11816518  2525
11816518  71195
10871171  10870973
10871271  10871809
10872657  938421
10873307  2097294
10875015  4645020
12105313  335311
12112801  5997027
12124233  3126830
12125938  5100299
11722805  869650
11727331  2807670
11731211  496961
11731211  4639837
11733072  11042583
12202848  12193071
12205955  12042159
10994112  1050365
10998290  10999734
11000526  10085493
11008314  2329483
11660291  11656464
11660298  10494398
11664142  860966
11665678  11665071
9961936  9945176
9963708  759663
9965101  670949
9968488  9280299
9972982  9970909
9973268  9962666
11984476  11928974
11984842  2952856
11986697  4036857
11988918  546433
11825410  3795263
11825560  713963
11014886  2591732
11015469  1181575
11019932  3058897
11021234  105034
11024927  53513
11446530  10791151
11448734  3402270
11450406  11437476
11452980  11451851
11460834  4993990
11963321  365191
11965929  24626
11967265  3247577
11971009  1563030
11462531  3577641
11463199  11387587
11464905  7163093
11894313  4032925
11896389  11907483
11896764  10197753
11898032  11896137
11900206  11893200
11363232  11288547
11366839  60174
11369715  191153
11375413  11038214
11902469  3706100
11903775  11902024
11904677  286813
11904809  5449496
12208513  1754427
12209300  1771864
12210300  8428209
12211021  4226356
12213879  12030334
12215165  8353049
12218138  882772
12219074  3899991
12220345  4140324
12223104  12136547
12228520  6531724
12228769  3358328
10880159  6102019
10880202  10600477
10880745  10880177
10884925  4838828
11465884  11466146
11469058  5316131
11469862  699881
11474908  11060019
11734544  11718414
11741496  3034874
12128045  1561021
12131554  5208584
12131554  7642442
12131989  114543
12132839  696321
12135179  7774814
12230342  2853212
12231478  704564
12234985  4386465
12236957  52105
12239480  2591755
11008365  10990767
11009252  338195
11009252  593498
11018746  8555131
11022890  9684449
11665914  279854
11667209  11666853
11667443  299703
11667979  1036754
11668386  74326
11669415  3435638
11826907  11681181
11828125  1085801
11829979  11828639
11831844  2707295
11834316  2514539
11834316  7769998
11990105  11901081
11991828  8535846
11994636  5855811
11996308  5667358
12003009  3577641
12241287  398903
12243409  1429172
12245567  12245242
12245717  2964834
12245717  11054880
12255056  12046605
11476371  11206884
11481792  9544582
11484600  5438307
11909196  11906263
11909421  9655080
11909723  11730144
11910634  12273818
11912306  1481141
11971986  11854808
11978504  1018822
11983141  7854940
11983920  9700213
10889262  6972181
10891091  8241470
10897500  1600597
12259636  7842919
12262044  10643476
12262144  2398987
12265538  12264612
12266959  12262716
12273540  726816
9978112  1064259
9979384  3057771
9988937  248603
9995839  976646
9995839  1344221
9998168  4472465
11028556  217578
11028990  168214
11039167  3521254
11040439  439463
11040439  901115
10899186  201323
10904145  5061595
10905538  5879369
10915398  4632483
11379072  2224092
11382683  3244621
11383619  2603691
11383752  11382410
11383802  9686271
12007204  5453855
12007438  4052770
12016913  3260922
12019419  517589
12024903  11955588
12024903  11956397
11041239  124856
11045919  185844
11045919  9656941
11049914  7896406
11846484  9354834
11861217  3115388
11865854  1699958
11867926  11440725
11869223  5159086
11386245  3577641
11395234  11393359
11396655  3345336
11396655  5530619
11396873  125828
11399749  7278907
12275248  10011372
12275847  4791578
12275983  12260771
12275997  2332740
12276769  2334935
11745265  11744573
11751885  8974702
11754271  87422
11754600  4086039
11754757  217801
11872674  985408
11874521  6988981
11408755  11394889
11409709  222601
11409942  11407957
12141481  1795808
12144336  540535
12146208  8361705
