12146208  9493215
11060257  1507006
11060942  11060735
11061729  5915682
11063001  6798689
10006749  10134651
10008557  949433
11485093  104866
11485093  5927152
11487374  10914730
11489339  3400525
11493156  1838856
11495253  1459377
11500444  9724428
11027400  4194489
11027619  10919277
11028572  11017872
11669924  3894518
11669924  6961526
11673602  767343
11985020  11978828
11988800  11988317
11989200  11952267
11993780  3033407
12008018  187189
12011426  4986673
12012555  77873
12027443  12032555
12033676  7911776
12278856  12277856
12280428  6692664
12280977  11549529
12282250  7375729
12282250  12251832
12286844  1125730
11913310  11913072
11913369  4636146
11913501  2735315
11876082  9051610
11878904  3209002
11879115  2261530
11888132  1203725
10922050  8092970
10929538  4990602
10938062  60174
10014523  4088265
10024940  1346707
10025962  3692229
10032078  7383144
12146594  8022274
12147548  7049502
12148965  3179936
12154950  2067472
12154950  11773903
11890004  5679715
11890029  3060139
11890590  2046037
11893012  2329582
10032614  4281397
10032778  2706464
10040845  57483
11754807  4841718
11767125  8560348
9983835  6271237
9987293  1555262
9992474  9943493
9992974  6902984
9994581  3737139
9994581  7647305
11063167  6322084
11063167  7941212
11065171  7011184
11770869  3786445
11771873  60174
11772298  5648343
11776042  1098040
11779557  10615868
11501180  8135080
11503009  5676280
11503745  201323
11507387  10356329
11031180  3575109
11031227  2372624
11031565  4398951
11036124  1013385
11047239  1975128
11674168  3270680
11677439  11657256
11679311  4686668
11684634  6058814
12288466  12262535
12295168  5087992
12298912  2741199
12301769  12205090
12301784  8028957
12307536  6760765
10938905  992685
10941134  3121609
10948951  78811
10955517  4367723
10960254  10805745
10966270  8843550
12033842  1930459
12048550  46663
12050673  3577641
12050673  3969907
11916109  860918
11922402  11920395
11924095  234231
11924742  377164
11926580  11893996
12015472  3533074
12018573  1658294
12018871  9824053
11896938  7097618
11904040  10895567
11907477  11904542
11914318  9917888
11920313  3686810
12024989  5279079
12025568  5290089
12025568  6093414
12026359  11999288
12027295  4988277
12059412  12057623
12059480  4005814
12061386  320542
12069874  4261133
10042917  54566
10043067  10041700
10048940  1162260
10056178  10055704
12156171  3882826
12156354  12155809
12160766  2746542
12161333  5028329
11508932  11510330
11513705  6304040
11514509  1161240
11517522  3170887
11517522  5376559
11519321  11517220
11069400  199333
11070621  1228018
11072340  153724
11072476  476426
11780161  11748249
11780561  11779568
11780629  388242
11782483  5276456
11783101  10853835
11081551  1729054
11081802  605183
11083087  11101636
11088686  1732348
11930013  5830387
11931290  5027147
12314001  9017532
12319218  11528885
12320003  7686939
12321003  1136359
12322811  4665782
12071997  3139471
12074239  4760215
12077294  4690481
11926329  6321928
11927558  8655186
11928040  11798431
11931452  6075093
11049277  10476315
11049277  11050057
11052957  969130
11052957  4506870
11056680  5429790
11063115  11062972
11937786  913228
11940165  11924325
11944820  965053
11944820  4509485
11947228  11898651
11949125  415969
11685700  8730471
11693145  572897
11694324  11690743
11695387  769749
11952183  11949884
11957038  11954742
11958667  923885
11960603  359494
11960603  1889260
11695830  11695238
11700710  11694908
12034247  2450954
12035285  4238921
12039336  1957030
12043707  3207453
11933757  1819124
11937165  1908512
11938905  11352343
11947027  11944889
11947027  11945052
11418112  5832982
11422928  11426622
11428093  517751
12077715  1463284
12088424  8884297
12091551  12090036
12093257  12089121
12093789  12088358
12162170  1906445
12163656  12112866
12164324  2693081
12164710  12159060
12094125  12093288
12094627  12088465
12097116  4742849
12098337  12097550
11520666  1101841
11520734  6785975
11522163  2943556
11523104  11065397
11523597  6318814
11064853  11065640
11065725  4125774
11066525  1568568
11069582  4712554
11070169  9857406
12325534  39879
12325820  9898764
12326420  5488233
12329628  3414337
12329828  6423729
12334893  6425062
11966280  5034286
11973164  11951302
11978698  2717949
11988608  5366285
11993445  8028957
11089571  11197043
11094034  11081236
11096272  5702669
11097510  8555454
11099782  8395925
10056221  1108780
10061851  9126461
10064752  3625669
10065152  42587
10071018  170686
11793554  9002968
11795912  440739
11795912  4043647
11795912  6340874
11797073  11781184
11797409  11787650
11798595  298725
11706928  2034687
11707119  11707115
11707226  4948992
11708791  4024544
11433538  4392022
11433538  6721736
11450685  11450150
11451004  8689877
11458491  3629183
11462653  1128723
11948338  3414515
11949040  402737
11951137  1802707
11952316  3528568
11952341  381542
11952341  5073350
12048796  302122
12049525  36636
12050302  4794435
12053676  1143262
12053676  6407041
12055648  4483912
12101345  8309981
12108416  1132941
12108416  5957341
12114449  12112781
12115232  3061054
11994899  11959023
12002094  767759
12006170  798545
12006481  9038625
12337752  492994
12338737  2091758
12343117  7237536
12343567  232736
12343567  764927
12344017  2244387
12344017  2811319
12344503  12344286
11101169  11149721
11101739  1857551
11106853  10712358
11113737  6060213
11114073  469357
11523831  8549529
11527945  1909753
11528077  10769193
11530426  10124139
11533566  1638895
11116128  1685976
11120021  11115475
11120774  279170
11123765  920413
12165127  75752
12171012  12170527
12171561  8487581
12172633  3325081
12172633  6220196
10076877  743087
10090774  660358
10097490  10824092
10112216  1732348
12173101  4811488
12178363  12107345
12178482  6594089
11539518  11558748
11541990  995183
11545661  1465573
11551409  1452721
11070520  11065640
11073026  6026489
11082552  11082331
11090140  2483140
11090674  1531800
11807676  4208298
11812088  125319
11817865  228288
11817865  4693689
11818465  11825989
11820519  11007024
11464239  6005109
11464976  3427345
11466562  763861
11466562  1975128
11467715  2670639
11952516  960431
11952907  288810
11954754  2108503
11954958  170961
11469988  10964720
11474821  2460290
11476139  6190713
12055741  943635
12057213  10904638
12066714  12052790
12009357  10154305
12011829  2470965
12018874  6211728
12021321  4111647
12021321  5931214
12349334  12348102
12350620  5181304
12352992  12281626
12117487  359494
12117891  2407912
12118491  535385
12119176  7678469
12120278  11400225
11476190  306313
11476608  1693428
11476808  9558690
11480487  11476563
12127081  7748115
12128183  6052966
12131612  12130685
12132178  2125779
12137794  12136923
11091646  7180961
11094267  1715697
11097277  2975663
12353563  12352963
12354163  192319
12354278  57708
12354278  2087370
12354413  3711233
12074332  4510913
12074368  12073291
12080139  1497539
12080718  3417074
12081011  1768855
12081211  8792376
12082490  11721663
12085421  12113490
12088136  3075637
11709391  7597912
11711229  388180
11712199  11625365
11716486  1585811
11718658  2973202
11718658  11674312
11721832  242813
11723431  3034941
11129432  10628847
11130602  5297170
11130904  2507441
11130968  11130976
11730090  3951547
11735036  11716970
11736472  9962955
11743660  6343364
11744966  1485391
11746068  6366385
11754049  11753410
11955115  11235370
11955958  5117132
11956353  394816
11960774  11947364
12022164  11912401
12024779  3779667
12028166  10382929
12029384  12030746
11481002  236129
11481002  2727749
11482623  1404210
11482823  3480715
11483142  415092
11483628  5690269
10967492  1530069
10967492  10334688
10969364  10950876
11823838  10348538
11824063  5223
11826996  1001091
11828182  2933774
11830215  4810803
11838496  3875114
11845123  2823440
11847059  7254596
10122290  941338
10124212  6694786
10129721  4260723
10136223  122208
10136880  2482848
11848817  3206050
11848817  4716612
11849935  7428318
11855072  6279808
11856076  1080247
12029545  4678447
12031681  520611
12033060  11070947
12037347  1049889
12037965  11984274
10139817  3890471
10146819  2809366
10146969  10146977
10148605  4926105
10152978  3105798
10152978  5463437
11099049  1906129
11100083  3193110
11100736  11050462
11102106  1711727
11102793  594789
11555753  4160010
11557834  794095
12179567  58649
12182643  811166
12184397  644256
12184997  7762838
12188141  4578590
12089735  6915325
12102033  4036737
12104284  11886824
11558561  5618499
11559740  972010
11560331  11365424
11560978  11558660
11561569  11560978
11961901  1517347
11961901  5679161
11961901  10948920
11965654  2265572
11978243  5053929
11978588  11970067
11978681  11978006
12357221  5435293
12359894  1976217
12360144  877064
12141436  8700636
12150413  3375680
12152468  3605077
12156395  589549
11113653  5969881
11113689  2707403
11132388  818327
11134294  542804
11136051  11133996
12195211  3270680
12196198  5585706
12203768  5542763
12212724  188688
12215114  8815074
12116616  12115534
12123968  1690953
12124002  414891
12364409  12363470
12364759  2772782
12366196  3863927
10972572  10912722
10977245  8028957
10977638  322749
11484628  514420
11485181  9566575
11486818  670101
11486818  9636903
12040559  9776054
12048597  4075440
12050358  8121348
12051205  4635913
11490915  5865188
11491665  254726
11491733  11485982
11493656  1013385
11860581  5987936
11861942  11861313
11863521  3027066
11867508  10369799
11869248  21593
11495660  60455
11496128  11495816
11506538  588004
11507878  11496797
11507959  1759300
9999076  9981857
10001734  6980926
10003120  1394020
10006813  5463436
11872038  11866228
11872320  8531926
11875203  1722064
11875246  11674312
12367817  1056728
12369154  12286063
12371562  5809017
12124395  12095048
12125740  4310189
12126810  11877944
12130020  6068113
12132583  3577641
12374369  5473981
12377377  2333025
12378177  12378241
12378764  1204630
11979915  11964506
11982625  45953
11982625  4626860
11985497  1949066
11985706  8856757
11985799  9216138
11986935  4153421
12051987  370357
12051987  2609518
12052430  2323401
12056442  3453274
12056642  117844
12163113  8028957
12170167  11065954
12171520  3758334
12173758  5285781
11754492  2956943
11755826  4112088
11757757  206384
11757757  1016847
11760508  1623914
11763514  5809211
11567551  500504
11567819  11567640
11576018  3057526
11576779  8870261
11763873  3803716
11764550  388242
11770768  1301346
11774069  5098668
11508445  4633681
11509964  8479038
11510368  9210528
11511121  2649056
10153235  10143743
10160323  872072
10164960  10170321
11137387  8545459
11137502  8818290
11141697  8966769
11142820  10841124
12381321  12383210
12382472  291978
12383543  8815375
12383693  12364967
12385580  12385104
12216136  12214326
12220629  3168782
12222101  376278
12222101  949433
12226946  2172820
10978788  2965109
10989177  510343
10989327  8028957
10995543  2876616
11987003  4991267
11999001  750486
12004115  11853700
12006498  12004328
12007825  11991857
12132928  163809
12135293  6909053
12136563  6011172
12142822  12141262
10008050  4060004
10009335  3655316
10014416  5427673
10017259  2693553
10021853  10020369
12192580  109383
12196039  12195404
12196758  7922022
12205548  5117132
12205548  9824053
10035508  8624755
10050297  421280
10054913  2227516
10055999  4203801
10066910  10054629
10168068  2960195
10175277  992844
10175713  5210535
10180493  5321745
10185123  10183897
11144641  7168180
11153816  11187626
11154499  976669
11156622  1477547
11876000  5737305
11877411  10056729
11884177  341264
11887414  11846205
11891358  6784337
11775984  2630004
11780385  11780963
11788509  9991332
11800675  4545982
11804528  1293147
11131687  2032826
11141396  74148
11142451  11146047
11144170  848728
11148850  4361553
12143022  12112415
12145296  10323392
12148102  1576197
12148861  388242
12389809  1193528
12392517  5451394
12392518  6503946
10999187  4390141
10999187  4402132
10999280  147468
11000023  10999534
11000473  11000194
12206284  11507995
12206501  975426
12206935  1014861
12209322  3370278
12209322  6688444
12211428  4547789
12217933  103598
12069521  8999509
12073622  12080087
12075644  11454572
12080792  3164529
12013343  50945
12017462  11953358
12020100  2025282
12020938  292169
12021095  75943
11515247  11484378
11519741  11517300
11524072  4004015
11524539  5041494
12392567  12235085
12395290  4539778
12396898  7909593
12398098  12396545
12399170  7214825
11580664  1677880
11581498  3053807
11582259  4716177
11585710  3211600
12409379  274022
12411888  1305954
12412673  12396545
12414746  6441218
12420162  10037797
11895327  3791607
11900800  1954685
11904190  11686312
11907670  2733346
11001695  5281891
11010626  1549553
11014177  9906312
11014177  9995080
11025259  31868
11029939  477572
11029939  10737582
11032597  10178830
12233651  12192818
12235051  333889
12236205  676824
12237341  5093398
10069368  10069159
10076670  2824187
10079213  1518194
10097847  10148419
12082196  8720220
12082196  9297899
12089416  7804567
12091420  60174
12092717  4759248
12092742  2566225
10195676  8348182
10221298  400212
10232237  363681
11808263  9635914
11813107  8223348
11813888  10140052
11817053  12019136
11817787  3122635
12149640  256859
12151710  1583940
12151710  12533692
12154018  6895109
12157228  5566669
12162308  158574
12218431  5200488
12221541  12228321
12223562  5382490
10102542  258202
10111952  2079334
10112538  5773405
10118103  2168716
10118103  2644179
10128077  8432603
10130771  4475416
12421547  3217294
12428999  9970584
12429571  2747801
12431757  297303
12434901  5506826
12435287  877889
12033872  61092
12034208  12033998
12034965  4014535
12034965  11411907
12035910  4366159
12037982  4238921
12244012  12244220
12245266  470542
12248674  12191831
12041951  7864448
12043925  12049921
12049609  635935
11149020  927358
11153981  8295735
11158478  10140774
11160184  8446099
11160184  10858559
11168204  277247
12053885  12003895
12056068  1484473
12056068  10133332
12057093  1402878
12057195  7358912
12057204  6243745
12060748  1196941
11168974  459312
11172952  400212
11175058  2294519
11175773  9913022
11179670  201323
12233573  11407943
12233573  12233421
12234994  12192818
12235126  161813
12235262  139199
12235513  9616977
12235530  5770228
11183963  11150537
11190949  11190160
11193191  337760
10233930  449827
10240732  3157522
10242254  750486
10243033  230984
10245069  7527894
11193204  8028957
11194910  11189879
11911746  9379037
11912189  1523479
11915490  68282
11921188  3362600
11926961  1707002
11197084  2565909
11197318  9209868
11199054  8820865
12236266  824349
12236266  3338642
12238104  8541180
12238287  3150380
12238287  11052095
12238955  12234510
11821431  54566
11822376  4780203
11827147  11822748
11827990  5244472
11828485  1085801
11828485  11828125
11831634  3551697
12095857  3381952
12097129  2336692
12103706  7232540
12106757  6652687
12108275  8496494
12251031  5720501
12252032  5978632
12253321  10726716
12253436  4067197
12109604  11950493
12114091  5529680
12116299  11199625
12117292  12116036
11929219  4854197
11943366  11888791
11943916  21133
11945052  11944889
11947335  1017294
11948689  1849929
11951790  5122913
11954437  11911506
11960389  11957566
11974829  6716855
10136788  6034813
10160251  3820666
12436737  492184
12438109  12430899
11586114  2662778
11588109  573372
11588986  2226666
11589615  944530
11593759  5464330
11525493  1540975
11525726  2271464
11527897  8114467
11528684  1151582
11035026  11008538
11040885  11023045
11043450  2276905
11044336  1299871
12065394  5296290
12068827  231767
12073541  12069693
11046751  11047403
11056361  11055695
11062813  10886282
11068786  995838
11073516  54566
11840215  11838954
11843961  5042353
11845867  586363
10160852  10122275
10162474  61151
10163845  10159096
10166232  4869935
10167017  4331599
10173869  1164186
10173869  6297991
11076867  454635
11076874  11028107
11079232  3009380
11082783  5530933
11528734  1169673
11528883  725043
11533228  8801829
11533445  979256
11534968  10168383
11085355  423228
11085734  4313897
11086770  7657115
11540498  998376
11541584  949433
11543273  11535183
11544609  1147931
11545396  9135915
11203436  11186081
11206491  3948884
11206929  11219599
11209903  1639180
11546800  2887967
11548254  436866
11548889  7625010
11213962  6973287
11214362  588004
11214430  4057440
11214817  89228
12122915  10330503
12124562  11580288
12127063  3282384
12169853  3737139
12171025  4492559
12171925  5761652
12176546  8956803
12177375  5057613
12254172  54142
12257030  12248891
12261642  9131763
12262945  12262909
12267607  120228
12179513  508269
12199276  12193634
12204413  12202021
12448105  12447818
12452899  4999190
12454121  652037
12466803  1799268
12468240  4402287
12267676  840878
12268462  2190227
12272641  1216114
12205190  703396
12205349  11771513
12211542  779986
12471319  12469128
12471433  7170664
12472769  277514
12473291  59895
12273359  12272559
12275546  12275255
12276282  3145237
12276500  12241619
11594436  2039186
11595704  10606976
11597576  11597427
11599414  1391613
12213480  4281900
12220568  85992
12221295  7257575
12223074  6360594
11975736  5592739
11978880  11253512
11979216  3737139
11980352  11980790
11981227  574240
11982556  368094
11848875  11836661
11858401  4930499
11864358  4274791
11864817  370195
11866496  215497
11878564  1893490
12127656  206734
12127656  12111816
12129842  2655972
12129885  2680548
12130553  229015
12076915  770547
12083501  7971069
12083633  3737139
12086343  23250
12094236  12060657
11105204  4912335
11106847  4074950
11107390  2737196
11108476  777767
11214881  10834522
11215753  11192258
11216672  747101
11216821  2222999
11217106  607817
11219612  3982853
10175878  11674312
10175892  9887867
10177449  1653970
10178099  2238272
12473992  12462559
12479522  2404301
12480444  9281078
12481430  4217207
12481430  9815226
11550879  8898182
11550994  3682748
11551097  610245
11554556  10834164
12096303  2125357
12096546  12101969
12097273  10791151
12097716  24675
