12101315  3453915
12102621  269268
12239474  3941357
12240176  6270004
12241427  12241199
12241946  12243118
11879834  1132941
11881765  11880133
11883901  40480
11886352  147181
12282048  1361092
12282966  9541991
12285860  5745920
12287060  6314479
12291458  12291253
11887522  362730
11888422  10081429
11890732  8913603
11891123  11819006
11892902  2643798
11893404  1024171
11894967  5772777
11896948  8069769
11910352  7966068
11911886  8478054
12242899  1672083
12243031  8338623
12243967  12242894
12244754  681649
12131139  3198939
12131982  11987103
12139002  2371668
12139002  9970295
12141985  557582
12141985  4283690
12142117  9843534
10245255  161738
10251178  463155
10251178  798545
10253679  9832267
10255901  995255
10261917  7471302
11603787  7450806
11603787  10886237
11606225  518000
11606995  7567695
11610539  6270004
10269076  1898657
10269076  8250829
10269469  4162749
10270648  600763
10272220  10087113
10273749  10272520
10280987  10281296
11611246  11579594
11611416  995262
11612616  565504
11612616  3883518
11613109  9470634
11626222  477572
12481630  4742725
12484588  737240
12485738  12467183
11555023  391979
11555424  11555084
11558363  175066
11558363  9939583
11108512  9995100
11108512  10079544
11109105  11090289
11113049  6931397
11116893  10134338
11118758  4057440
12225246  12225117
12226148  3726685
12245907  949433
12252693  4825652
12255718  1524356
10292919  2245831
10293376  3806536
10296577  10258551
10297156  8135388
10304751  21593
11222237  1034373
11224173  10380331
11224343  783869
11224743  8028957
10184451  10184214
10195147  3615679
10195147  7094118
10195197  8424806
10195662  4907843
10195797  454303
10195797  4137785
12258156  625420
12262789  4001328
12267584  3097244
12268354  7289150
12271362  12320934
11560789  1056121
11562057  1496793
11562376  11554882
11567642  11423357
11567906  3267071
12237780  5094972
12238416  11913575
12241081  12239487
12241124  9186062
11568242  11565420
11569060  3682615
11573254  11490767
11573340  11318082
11574007  11564504
12142560  8159106
12144550  7845002
12144661  11810426
12146090  3061054
12149255  12095228
12487259  1884550
12488532  12434011
12490554  1602911
12492675  2795097
12494497  12492108
12273451  11197220
12275689  690730
12281122  9544729
12284398  12286250
12284747  12283547
12285551  2203248
12293029  1014861
12295301  238036
12296155  401656
12102753  3893615
12105327  1519392
12105425  4772341
12108578  941502
12109905  565634
11912322  2770421
11918731  11918628
11920246  8889208
11921339  2525312
11925692  11924979
12499563  2188049
12500513  12478524
12505529  4422889
12506630  12506200
12242294  12242137
12248033  12240649
12249712  3308681
12254592  276211
10309531  10294161
10311467  11640112
10312403  2839988
10312832  370641
10314161  6739566
12509838  4261133
12511109  12509726
12511560  5097191
12519733  12522004
12526450  6232620
12529293  1809082
12529293  1860937
12256934  5051059
12260144  1096449
12265415  10272129
12267330  10440152
12268430  12266310
11634110  577278
11636986  5667888
11639585  946813
11641053  2116558
11641053  2390789
11643738  11642922
12274584  2083387
12275677  7065337
12277556  761194
12285042  12284502
11983049  11971369
11983542  1865552
11985500  949433
11985614  11981639
12150784  5275857
12158190  3888902
12164474  298183
12164474  685600
12164474  3918578
12167521  700048
12115555  6093537
12135250  1361323
12137079  12092989
12137122  1011455
11119608  391005
11120044  5626031
11122573  3754530
11122666  3446170
11580342  669764
11581360  1885557
11586039  2354633
11586440  5739330
11646678  3972337
11648341  8087432
11649345  11648432
10331430  2436731
10332402  11176936
10343105  10342963
11230725  1874966
11231142  9187316
11237379  2765542
10202013  164194
10202100  4831741
10202750  10202250
10208316  1261567
10208316  4234796
10210887  4632322
10216640  669698
10219898  4090518
10230929  3746639
10235187  3627684
10258401  676824
10259774  359494
10261359  3170553
10265439  7866332
10273813  993059
10280665  6774369
10280930  10584649
10288953  10286477
10290776  1109019
10292012  183907
10347535  407255
10348514  8878358
10350486  95910
10350736  10349963
10363518  1888779
10292611  2654480
10295955  10293266
10308123  2973202
10310346  4602993
10369727  10369241
10372142  1567601
10374550  4095071
10394506  1237355
10396978  4650175
10313803  901815
10328443  4498047
10338004  5709034
10338290  4369737
10342248  10322978
10399893  356809
10401065  3190706
10403344  5655674
10405052  8742830
10405052  10404824
10411568  196684
10411568  1391019
10346778  2465158
10349236  3200899
10361032  7180552
10363825  10233022
10373049  2492457
10373049  3900564
10373986  7916246
10412347  2486564
10413776  7857812
10423550  1773069
10423993  10423846
10386404  364519
10387039  4150677
10390547  795746
10390547  11674312
10424622  10420231
10427694  676824
10427694  1940338
10406073  10491349
10407560  10403803
10408882  4024704
10428680  4820482
10428859  2486936
10434546  9630870
10437140  10432820
10443563  10443290
10412925  2728340
10413811  10076614
10419342  5401957
10447807  5574794
10449443  9671785
10445142  8028957
10463226  599405
10464755  1139762
10456645  10442665
10459368  10448484
10462561  10461680
10465469  5046810
10492677  1685689
10499780  10499846
11130340  10100813
11130340  10115042
11160481  4906073
11160481  11161795
10467713  2901767
10471164  2890649
10471843  10471182
10475894  959804
10511662  2844961
10513619  10493077
10518164  10516802
10518313  6872832
10477466  4746938
10483739  610245
10484175  10477975
11166082  5041021
11168403  247818
11170862  11170644
11171447  976669
11173500  7697609
11175657  2455806
11175657  5169692
10531268  4967448
10545071  10544944
10566513  10566692
10484611  9723422
10492406  9986712
10496700  113547
11176142  588004
11177580  5633784
11178701  11085025
10566714  823790
10570757  3421868
10572144  82875
10572830  10572578
11180937  3626901
11181224  4277289
11181322  5158631
11182194  5389689
11186523  8090180
10574802  158174
10577609  5058203
10577609  5522229
10580554  2466706
10581790  9472797
10504138  9823846
10504674  189113
10511283  10510741
10514634  10514177
10515134  10332768
10524637  6871144
10527495  5706172
10530353  2607289
10534554  3131562
11189612  4255472
11190246  11191635
11193241  11189518
10539427  10526414
10540027  463299
10545786  10545185
10547265  1804414
11247841  689230
11253857  11103917
11257665  3253676
11258201  592396
11258384  3777481
11194392  6776537
11198472  5622581
11198472  9839320
11199757  1207649
11199757  5673916
11199791  1240316
11259771  6646052
11263715  10999913
11269131  4532486
11131826  3238515
11132626  718624
11137642  3737139
11202365  7299010
11204101  2276021
11205924  597720
11205924  11177615
11206109  10296015
11208196  11258323
10550030  10549672
10552202  427700
10562112  10533676
10562441  588004
10562691  258120
10562691  8775865
10562834  46898
10566035  2866063
10585548  9876460
10585783  10554195
10590614  1556724
10598201  10578319
10598201  10579504
10568450  3798424
10569986  10407848
10571265  951234
10571408  817853
10599987  1183645
10638478  6654157
10643758  371328
10649224  2744264
10649224  6441218
10649224  6689030
11208715  57599
11211023  2993332
11213146  11212494
11217354  620367
11222521  1712756
11222821  6746860
11651826  89228
11655995  316780
11657599  6428091
11660484  500606
11271803  4805998
11274628  3920729
11275934  3023728
11280929  492384
11280929  1328223
10572787  5478156
10578903  8028957
10581089  322597
10581089  1907571
10582154  10581837
10593157  10592817
11932544  713247
11224106  5429790
11224106  8805582
11229371  8280047
12137692  12109737
12138892  4144371
12168657  62771
12168968  292169
11587243  8675206
11587243  10293936
11589987  7094118
11593128  355062
11593446  5376431
11595318  11589878
12285437  740794
12285714  5480691
12287016  290913
12287786  3959924
12291294  5077625
12286921  11568569
12287704  1240852
12289427  2396285
11988772  3719147
12302571  6249416
11664760  610406
11664760  6064956
11666500  9598707
11671571  11670733
11680999  3649174
11938653  6402522
11938994  1673785
10595429  8501163
10596008  5035669
10597744  5991319
11238261  1105593
11238512  11239586
11244211  3310066
12292523  500504
12292830  330155
12294259  1132941
12295974  739654
12529594  12476907
12531516  8951822
12171783  767372
12177242  12167020
12178646  7839567
12178871  12171554
12187002  105031
12187002  3296211
12188406  12100731
11942540  9032856
11946877  5120313
11950819  5997027
11951121  351845
12305430  3062408
12306916  6312993
12308319  5133075
12308455  12096852
12309923  403967
11600479  7227087
11602419  1751152
11604624  9062616
11608503  2951997
11621489  5763750
11686420  6608002
11690223  8917235
11707344  1089132
11707344  3061182
11709148  113547
11709607  5146207
11248657  4634644
11249827  123838
11255743  10945270
11257096  4312876
11259387  999751
11261361  11261068
12297176  3052442
12297376  5130254
12298205  9227835
12298348  11983514
12188488  8567114
12190410  6259982
12193057  511439
12193168  2900023
12199009  806906
12199141  708012
12142193  11523547
12150758  1100285
12152489  3920339
12531701  727392
12531951  116038
12532001  12526812
12199852  692595
12201506  2556938
12203403  12156059
11261912  46586
11263146  777597
11268864  11264989
12153736  9777393
12155374  9872947
12156799  9263712
12158505  244591
12158505  808867
11623829  4197976
11624947  4497234
11628891  11658782
11629692  3157901
11631181  1148143
11636247  11622146
11639537  367768
11641059  11605069
12161824  1057734
12162147  1254083
12164764  4841254
12165827  7299342
12165827  12045600
12165891  12157288
12178327  168214
12178327  2444972
11642213  599744
11642260  3940409
11642596  7956979
11642596  8017236
11642846  8550702
12180038  273313
12180038  5383498
12180038  9557883
12183182  12280561
12186058  12182225
11643817  6441218
11643817  7632120
11645489  1125693
11646472  11641949
11646608  11629556
11990562  11983804
11992166  4451216
11992584  4544744
11999279  11124699
12001101  12006149
10649723  4014391
10653953  12663226
10655725  10654809
10660705  3939389
12003816  369128
12004159  3553680
12008142  7277398
12018774  6346176
10664214  10414682
10667171  10659039
10675195  476276
10677968  8471489
11952693  5609074
11959786  1418193
11959788  32395
11962458  7827480
11975126  1707792
11271255  11253027
11272321  8952
11273929  11264989
11275180  9640670
12301120  5686897
12304798  436351
12308299  12320969
12312052  3453560
12203803  12201413
12204132  496096
12204132  2027946
12213513  1677528
12314317  12291949
12320476  12071818
12190929  12121069
12192031  500826
12195273  2144506
12197222  280909
12209377  9109438
11648530  78069
11649015  11631708
11651138  11648907
11712794  314466
11715959  2703743
11719946  6287478
11723320  423172
11726689  9065570
11978429  11766422
11991597  543377
11993703  4750781
11994546  39753
12001198  11999761
11652138  4142867
11654210  1567601
11663988  289978
11669067  226465
12215546  3510964
12221401  12223192
12225263  4161401
12026019  7745954
12026351  5216071
12036572  5468280
11282217  805107
11283940  11280651
11290490  1826727
11291911  225337
12539989  4831714
12540825  12457199
12540926  4176328
12541040  3333665
12231279  189549
12231547  2529617
12235309  8567241
12236427  464736
12236427  12026100
12213457  1760297
12220452  2942426
12221788  7498658
12221881  1634782
12221881  8187714
12223724  1697360
12226634  1657834
12228429  12218821
12322975  72899
12323248  1872110
12326292  11990123
12326549  4535328
12326549  9833050
11295685  6192822
11297293  4255472
11299329  360751
11301635  955110
11304645  5786799
12002170  3406703
12003706  10828398
12005580  4067820
12008443  8664976
12008443  9502895
12295809  12293730
12297817  405047
12299489  3779667
12299489  8936999
12301944  3192160
12305454  218813
12037651  2451681
12038694  6094306
12042170  5939412
12042388  12041905
12310459  1494399
12314203  7970938
12315122  9682928
12317343  2420389
12306224  2472254
12307509  6428723
12309266  607817
12310134  2973202
12311772  4131227
12042863  623451
12046450  12045726
12047675  4207696
12049926  4626647
12050408  616645
12051412  4635017
11281380  11274567
11281784  147741
11283486  8133812
12318283  588004
12320002  750486
12326886  12259101
12327372  4626431
12328108  9475241
10679290  10164631
10680825  10680427
10685256  1032161
10690786  764182
10693494  10687693
12236620  384108
12249788  4187032
12253464  7464625
12254786  12254090
12256901  4896500
11734275  11733733
11738589  997779
11742299  336925
11743771  11726305
11745073  4320141
11749319  11746415
12314010  4508119
12316784  71328
12317771  2859790
12319945  8528726
10600495  10597184
10604403  2015071
10604782  2241508
12324391  4884439
12326497  11713728
12330607  750486
12230135  1778878
12233645  11055249
12237053  4595964
12240597  44715
12242278  72288
12244911  12242283
11670054  11670492
11672697  208493
11672697  5562131
11676223  11459244
12258530  1070111
12258705  220231
12261488  12257976
12261606  12259821
12261820  4055092
12261820  4386465
12328508  9910890
12328979  2958701
12332855  359494
12334256  96759
12245609  525992
12249587  12247300
12250323  1120706
12250323  7531001
10699296  10698779
10704826  4503658
10705175  2596837
10707583  3237468
12541676  7888944
12544198  1704407
12544584  5483020
12544783  119123
12546355  12069175
11305281  437816
11305915  1051379
11308238  11307231
11309125  3412623
11309125  10428342
11313420  11311649
11676888  5680782
11677223  115703
11677223  495021
11677223  3749099
11677359  2951997
11677891  5776567
12008979  814975
12012632  2826711
12015002  6441218
12015002  11876772
12015195  257288
12327428  53849
12327428  236129
12328062  10266756
12328898  7708967
12330736  7767218
12253199  2706290
12253540  9862655
12253740  11708565
12255973  2133986
12330863  1720346
12333408  12234066
12334237  12332467
12336452  5866281
12339994  12339785
12262317  6022384
12263503  7951730
12263760  12246449
12266779  388242
12343375  944273
12346064  804946
12347804  4046996
12348204  180172
12348204  9490349
12336195  12335846
12337667  12336129
12340693  12340440
12349174  162444
12349608  10384336
12349625  12352125
12351148  12362290
12356577  12351207
10608776  1704407
10608776  2938895
10611005  10611638
10612227  10602847
11313518  249087
11313518  4046937
11313903  7027288
11319034  592396
11759177  531438
11760054  1789945
11763564  6290470
11764661  971954
11764661  3885753
12256305  1173394
12259322  11094658
12259590  585234
12262959  4725773
12262959  12261606
12263929  6895009
12547042  750486
12550135  2420389
12550835  12550622
10708905  556133
10710092  151777
10710391  3917250
10711041  8264391
10711663  8195948
10713649  4926677
10715922  3111668
10716658  6044815
10717579  8585204
10719016  2915881
10723660  74148
12267690  6800415
12269787  3198419
12271473  12265348
12276260  2180391
12279118  12278525
11679632  24901
11682036  11720519
11683307  2465158
11684844  975134
12348377  11761967
12350113  161738
12351928  3088098
12359080  4599169
12552707  5117251
12552708  739654
12553307  307679
12554780  1266604
12556051  109854
12556051  6579584
12265899  352670
12265976  1732348
12268448  6706891
12271481  3931541
12273728  11382753
12277097  6426508
12278033  525592
12285496  12269567
12285628  508183
11319085  689677
11319085  4647665
11320270  4854248
11325935  11112721
11328043  5583064
11330081  11331863
11284022  9902140
11288651  4956855
11298513  4903651
11302019  11301083
11767342  2167916
11774928  1266587
11778340  1591611
12015261  3545018
12015261  4367353
12020320  1484445
12020320  11867217
12027027  60174
12027027  606099
12027372  12019126
12030980  391005
12030980  12029719
12033879  12033407
12281326  991142
12282151  1664503
12282330  205853
12282330  3360858
12288814  2058019
12290700  11923272
11686984  11686648
11688102  8119698
11694689  11692962
11697348  10486833
12286934  5557326
12287091  9438060
12288836  4240080
12288929  12254972
12363594  91368
12367961  4770425
12368438  4597513
12295366  9376089
12298349  12260476
12300017  12265477
12302736  4691782
12309670  3577641
10723710  1456886
10726217  10722796
10729676  4337201
10739336  6740197
12557152  3074355
12558087  12555032
12558638  12552268
11785058  2816369
11787598  900512
11791376  11790473
11332689  11135261
11334459  1056390
11336031  11003535
11338954  10749010
11339356  4327353
11698748  11688430
11699619  1554099
11701356  3621681
11701359  1032161
11701359  3984864
12368967  12399811
12369576  7933044
12369733  12369693
12371212  3209129
9380754  4076601
9383598  378959
9387791  2171969
9388057  9353124
12295090  1667153
12295115  7611670
12300229  4948323
12306075  11759397
12306075  12265477
10613606  5006547
10614356  10613932
10619043  6690752
10632490  1032456
11341464  4381513
11342798  2247998
11345691  381542
11345691  8109261
11346693  17333
11350286  439573
11792401  1187423
11793741  369512
11798451  417142
11799094  416752
11352996  4196881
11359112  11348073
11360897  5303671
11364390  2699373
11365177  5962057
11368370  1085045
12562418  2724096
12564640  4289473
12564990  3577641
12317333  833510
12318387  5724440
12318830  850341
12323949  468626
12356713  286958
12360372  8542591
12362027  12362021
12366069  10608122
12368694  2407781
12373876  513832
12057839  12053067
12059843  578193
12067324  3341011
12067324  4365431
12068017  2288937
12073765  2636044
12376226  947618
12376226  1054022
12380370  12379682
12385109  1493309
12389530  12383967
12307649  2146749
12307649  2426557
12308283  2555794
12310253  467793
12312168  5970188
12312261  2296667
12312261  11333399
12312304  822487
12315912  7865559
12318652  11594164
11373852  11373116
11377045  1893490
11380302  6884590
12319222  10139834
12319447  4085939
12322264  8703398
12322596  12322303
11701606  2263540
11704785  4524752
12378152  5295889
12378271  422830
