1413468  425044
1414336  145096
2120794  102785
2120794  812397
2121243  15496
2128967  607669
2130654  1085709
2140716  855126
2146632  2146431
2159983  2146941
1264646  1711
1282396  136056
1289297  205893
1771795  65512
1777175  29689
1781106  1781104
1782041  2448964
1788894  1618957
1789593  122367
1791465  1116743
1289061  5089841
1293548  20981
1293698  83073
1297199  1016165
1592565  750298
1592565  843277
1617744  398037
1617901  829904
1618278  600293
1627202  743029
1627202  1451776
1640408  1185035
2222395  582336
2242366  160218
2242366  758849
2246431  958997
2250639  2004689
2256791  2203605
2257677  2238696
2346762  962172
2352042  1950248
2361670  274022
2368039  1744667
2380054  139199
2290478  290432
2300238  2300217
2307751  1806842
2307751  2224903
2308394  35817
2309305  66130
2309305  1348928
1425514  396739
1438550  1438038
1447791  3349753
1459006  854012
2380186  1340060
2380922  2120146
2391567  620137
2393273  74405
2393273  388242
1290803  329776
1303237  44383
1311825  258548
1314233  86394
1314233  130575
1342862  104638
1776306  905551
1789109  1699912
1793154  209840
1794690  1794460
1795108  348127
1795108  492994
1801391  1032427
2294245  1408774
2302583  2256048
2303334  20059
2303334  107569
2309085  133008
2309085  471199
2309085  1843131
2323189  57483
1652897  506096
1656284  113547
1662393  271716
1663300  381231
1665501  1665340
2329406  1758142
2333685  406016
2333700  113547
2334521  567138
2334521  1034639
2334521  2334080
2335608  4689
2335608  14504
1797817  1133365
1806056  30328
1807542  41479
1811922  466042
1812522  1349854
2336508  598878
2348876  149491
2348876  717504
2350483  1170338
2369032  2369030
2370903  2361986
2371489  822487
2193260  177275
2197753  391339
2197753  2197620
2198138  101439
2199076  336814
2203554  952318
2014650  1318712
2018449  1979327
2024342  1601933
2025780  1709397
2033927  1085048
2033927  1193408
2373861  537595
2376369  2083112
2379092  52276
2381300  154136
2381300  923822
2381300  1067226
1825907  312443
1826414  1788696
1828145  1008742
1838005  72394
1842662  1563148
1846029  507873
1846670  846309
1858304  795746
1871763  1871662
1514029  379290
1517105  72288
1549278  2826
1552822  1524043
1557281  1464203
1564335  1375893
1873201  230716
1884433  55375
1885303  392280
1890749  168802
1897871  60174
1898473  460014
1803982  1802480
1807194  32282
1819993  649618
1825073  410221
1311405  877128
1336716  80646
1337591  1337930
1340953  12328
1299071  495647
1305523  1298293
2393673  2376448
2396681  2396658
2405756  78955
2405756  190921
2411708  70159
2415367  2415114
2423991  197474
2317661  18803
2321630  201323
2324774  2356408
2329872  2174124
2397525  3748
2397525  561447
2397525  815626
2397525  1252206
2406049  877295
2406049  1031199
1460895  477550
1468248  1121548
1477271  112946
1489253  1485211
1502390  514872
1506266  1505530
1415331  1415077
1429571  1031554
1438034  1433212
1441212  310870
1564437  3585272
1582068  520837
1584089  1654958
1591058  1561231
1508156  548911
1508156  1392542
1514104  686301
1514104  934937
1522195  411352
1536517  44383
1538558  462270
1540847  716021
1344749  1320122
1351052  1350990
1356015  64003
1357668  1644
1357668  531570
1364369  80646
1364369  589549
1373678  9603
1665601  245742
1665601  379172
1666201  345907
1666201  920828
1669016  716399
1670022  1148027
1670022  1505266
1680982  711418
1815865  986826
1826847  1174271
1851298  97987
1851298  395618
1876197  1180860
1876633  119123
1596993  1594807
1616994  357187
1618398  321989
1622746  1606052
1623061  8351
1632421  1402380
1915083  119238
1916185  1914883
1923514  2973202
2036633  168512
2040743  1625003
2040743  2040467
2041581  5787
2042556  777562
2051248  930147
2064250  1113412
2204154  13343
2205092  1964193
2208983  199679
2217758  671118
2227167  1350782
2230111  1644653
2234855  97987
2234855  395618
1343668  1343547
1355575  7456462
1366871  817853
1370433  1381706
1373778  429529
1385195  61250
1385195  83073
1385195  708452
1385312  107264
1386531  891980
1388705  507436
2078358  1634782
2080689  1568604
2091649  2070607
2092828  13731
2092828  523722
2093959  2093827
1925679  1917014
1941391  1094872
1941391  1534904
1949252  1947340
1967836  1962509
1968106  985083
1969944  713293
2334816  717900
2347166  2339996
2355233  186544
2358348  359494
2359484  1306792
1641815  719546
1646878  414852
1655668  993013
1825527  505943
1827314  8028957
1839364  1839225
1847337  1006650
1859134  1487919
2425395  1938735
2425731  114342
2430611  2414576
2442226  1414446
2412152  2134161
2431471  136097
2434980  2433868
2435579  2433868
2438138  52353
2438138  2370288
2444990  139944
2239971  1638437
2246138  710288
2255262  2258444
2256683  2248278
1305866  1301148
1318534  318210
1324457  126583
1324457  142202
2446576  1376459
2452077  622324
2452478  296972
2454549  541954
2464409  398903
2468068  2108431
1371233  670161
1387799  2767
1389735  398037
1396687  562971
1408026  7421324
1448189  1447827
1449023  1401325
1451529  138722
1451529  281342
1462025  544364
1462025  1403064
1681554  1669517
1692873  300855
1695581  90924
1712763  1712667
1713163  21593
2257219  2257206
2285008  2163411
2288822  2287688
2293132  2293033
1714301  1713224
1731413  557767
1740437  594604
1756392  356846
1770160  1770036
1772795  2648
1775174  1644
1791779  429529
1791779  853405
1798038  338586
1798404  1569010
1800246  1799977
1802275  1802354
1329644  184727
1330630  478167
1339633  763821
1350050  2537259
1351965  786858
2470425  289176
2475505  2018731
2481022  2135479
2484415  927626
2485416  46586
1886257  32937
1886743  1886708
1886843  102567
1893746  1854
1896754  905964
1899211  981106
2486673  2447011
2490131  18932
2510187  2712534
2514345  129991
2524005  280033
2524005  583255
1669406  288612
1670091  100420
1677111  113547
1678766  56947
1689679  1129216
1697333  351733
1697333  415452
1697333  1237266
2526077  377164
2530257  72394
2530257  2316450
2538246  176775
2544812  726761
2558216  1119614
2099716  2099517
2100507  2102821
2100575  2100390
2102354  1923706
2107459  1732348
2115147  2045175
2120104  373357
1544405  1544066
1544541  274892
1547328  140468
1568988  1898944
1571395  1163738
1575625  1507084
2443043  3255
2444596  152313
2444596  1096797
2454777  565620
1973943  1954472
1975158  12328
1983703  1973036
1985341  1985248
1986756  1271777
2366447  319124
2368851  2367979
2368851  2368593
2369712  923822
2373481  2368552
2379365  732331
2380301  6611
2380301  13786
2382087  1252790
2293817  444245
2293817  667139
2296523  217578
2301205  1835787
2302075  2301563
2462563  388242
2465171  2246799
2473391  358220
2476535  2469421
2480696  1018217
1462225  12328
1467739  238079
1469220  1129517
1470492  1443576
1471687  1470265
1389490  151079
1393819  197047
1393819  942166
1407774  410288
1407774  1251066
1413354  1251242
1711654  643542
1711654  1552941
1711654  1643321
1714211  1712172
1714211  1714051
1722737  1722745
1725294  1252206
1725294  1348000
1740168  1530270
1740168  1740051
1859602  61401
1870983  876987
1873923  1872861
1876664  3376440
1881480  1879851
1900547  1406604
1903356  201323
1906264  1720084
1909307  133008
1912029  8028957
1912165  367633
1912165  376338
1912165  908872
2302941  1845078
2305183  761814
2307136  11368
2307136  1495004
2307136  2114212
2310880  101100
2310880  1757065
1830485  28982
1838071  1837967
1853983  388242
1871874  134845
1913451  244226
1917545  1903356
1936629  596156
1936629  1158629
1941746  1148143
1945239  466345
1958472  24596
1958472  1084591
2122571  452969
2123780  2029351
2127290  145312
2138322  2130200
2138322  2138158
2138747  221346
2482185  2513515
2483938  217776
2488035  102009
2491592  1073157
2491728  1883079
2491826  643682
2491945  1069857
1382124  453208
1383110  638114
1386611  1382273
1393170  373833
1394506  1394346
2558702  2558671
2563581  1344221
2573342  447172
2574828  1003241
2574828  1485006
2577236  578406
2585274  22598
2386585  743885
2389507  2042813
2393312  58989
2393312  378724
2400339  1856270
2402543  2402433
1580470  60497
1580470  506282
1585168  333779
1585168  1314776
1594042  1036492
2413507  347358
2414511  2411163
2415197  291553
2434342  2434124
2141887  662593
2141887  1444427
2142500  2142348
2146478  2131997
2151222  2150912
2155123  613824
2159471  5119
1415241  264747
1415241  986180
1428160  692225
1453332  258897
1453666  381542
1460684  52797
1460684  864484
1465313  1465211
1493888  1024455
1494849  1494841
1508460  823847
2313386  1447273
2315360  2304749
2317715  2317974
2332408  2331755
2434624  821445
2434767  1112983
2435167  2433868
2436428  601621
2442230  1861682
1961030  1217088
1961315  1645425
1962051  1846270
1962102  1962017
1966995  718935
1966995  722378
1970090  1969325
2587281  2574820
2587281  2574922
2593598  3284
2593598  422246
2594819  2363458
2164258  682504
2168193  10490
2168193  2163804
2170742  1395513
2172814  1761513
1599675  1594411
1600326  1599634
1608181  196017
1613312  3737139
1616120  173080
1616937  197675
2519251  2602398
2519889  717900
2522829  2536194
2526169  332365
2526169  601300
2526254  2090820
2527743  1789945
2532389  47234
2532389  52248
1746218  1739457
1757897  545328
1759969  162144
1777638  1720201
1781348  211411
1795086  1493950
2596606  1414078
2610945  460140
2615190  121945
2617061  647316
2617061  2488727
1987992  62503
1988526  1669
2008205  41712
2008205  460622
2020680  2020662
2021373  1882692
2024515  1974641
1983794  104850
1983908  56867
1997848  1788202
1999584  1021337
2003328  1444144
2008344  1140630
2021297  430614
2029474  2028552
2030331  1802471
2036685  116353
2036685  741714
2036685  1857187
2038055  2037962
2042808  435890
2333227  1979303
2333427  1992947
2345425  551315
2349418  334708
1882734  4442518
1884773  1331839
1894583  432861
1894583  460894
1903540  1903063
1425544  1425198
1425544  1425466
1427280  531722
1431417  1346202
1438662  871
1438662  161541
1439998  1402505
1880398  216834
1880398  1048982
1885235  52312
1896969  1549685
1896969  1726363
1900913  896867
1919804  276907
1920831  240152
1920831  444245
2442873  2442713
2445931  1464626
2450718  276184
2451722  2434225
2456109  170921
2456109  880485
2466430  2395012
2175647  9256644
2179991  3505
2179991  812081
2184646  333889
2184646  1167875
2184646  1945846
2189117  52095
2189117  705575
1817512  38493
1820035  1454266
1822026  258793
1823813  172917
1823813  477748
1522057  794865
1529843  215255
1535629  1518858
1538969  142627
1540416  885955
1825766  772240
1828859  169276
1828859  755465
1833356  1525764
1833841  3213
1619813  80646
1619813  1287486
1621582  1621568
1639902  250984
1639902  360887
1643592  879913
1649743  763295
1649743  1360431
1649743  1383385
2045507  2009478
2062755  7630
2064970  756861
2064970  1699057
2065506  2063806
2073751  487661
2537550  9033
2545072  817096
2548063  1200691
2548063  1725607
2549684  4769
2551773  298976
2358763  924171
2359563  1731102
2359563  2323394
2369359  2369374
2381593  2381296
1486620  249612
1486620  1223117
1498888  220609
1524979  11
1527887  1527269
1527887  1527357
1531395  20922
1531395  121945
1531395  983086
1543283  296972
1565275  1565161
1568951  446835
1568951  1064074
1448679  942251
1485840  3390396
1494071  10230
1501359  264687
1510190  909338
1515120  1514334
1520000  345255
1520000  1222782
2633724  142481
2637018  2628893
2638639  270455
2643519  991686
2643519  998090
2643519  1663628
2660146  771772
2660146  2415239
1535326  60174
1542757  1538443
1546322  388187
1553603  450039
1555782  521687
1565549  1565544
1570215  392397
1654156  42934
1660575  397148
1660575  1614190
1666574  6166
1666574  116292
1666574  170129
1667745  1438923
1674497  1324222
1677288  1676577
1578179  456044
1584259  1584236
1585774  23397
1585774  985281
1595164  33055
2029650  1577760
2038709  2038528
2042454  1032161
2047033  333737
2056143  148084
2057630  2050111
2660395  2624589
2661682  92859
2666547  2503811
2667784  107264
2682909  2682036
2688575  758673
2472396  2472398
2475679  2475675
2483499  1975128
2485882  2485881
2075096  2075093
2076059  10936
2077004  473782
2077095  144833
2081139  991279
2551990  704558
2551990  2545870
2558057  388242
2568787  191209
2568787  1912093
2570327  34403
2574922  2574820
2197375  2041417
2199545  36707
2199545  272863
2199881  2199727
2203425  300522
2206735  190232
2389060  2388958
2391887  2173324
2395448  1851920
2409216  184537
2419361  1504717
2435488  541421
1574316  551315
1574316  1144911
1585355  121945
1585412  985384
1606590  530330
1611391  70763
1616693  14967
1616693  97506
2690912  2675435
2692234  767821
2692234  2086529
2695778  270455
2697199  144254
2699086  96759
2704802  2816881
1534554  7817303
1542608  2521459
1548660  297037
1549945  102009
1551666  577234
1599678  1595318
1601843  600293
1603052  271743
1610774  24279
1610774  694651
1553053  1552940
1556348  1191374
1556395  2826
1557082  1828654
1562064  1240852
1567208  41880
1570735  1669
2487843  2487668
2494413  368180
2494413  2338337
2497939  2475095
2505027  1432764
2514694  167343
2527144  184537
2527144  240212
2710603  2708914
2712876  2702625
2714711  2561022
2715062  1620842
2715198  1549945
1412306  189388
1419140  899138
1425835  49906
1834360  886822
1834560  568835
1834560  1051895
1837619  659199
1837619  758906
1842580  66540
1858556  134048
1878544  524033
1923882  1165602
1926992  24626
1930734  1860461
1933242  568148
1933301  1845078
2532692  2532633
2533653  480735
2533653  736158
2537304  158853
2547582  2551959
2550008  2266643
1570988  1508150
1573209  138621
1579576  169815
1583805  252683
1583805  870853
1587062  1586981
2559107  55984
2569728  1385568
2570403  2570264
2571139  2571098
1686962  51032
1696957  1696896
1698211  1698183
1708253  880850
1728410  113547
1739005  1738155
2065232  1143262
2065232  1846930
2085323  2079830
2089767  81584
2090518  171571
2090518  1563624
2091804  2091803
2097805  2468852
2089870  2089415
2095388  63090
2097258  2080150
2099532  2035838
2101402  2101279
2106818  6519
2106818  31982
2106818  273777
2207944  145838
2207944  582919
2210484  1723575
2226162  1388753
2226162  1996518
2230029  88359
2437894  1694295
2452670  1789530
2470169  991142
2483522  24252
2483522  52926
1591993  933850
1592865  200640
1594350  26147
1594350  1306422
1612083  105130
1938481  609125
1938522  283645
1938717  1100733
1942068  240905
1942068  1281726
1942332  1567837
1880301  360887
1880301  437247
1884530  56303
1895409  1736526
1905454  1905380
1907390  1281456
1912572  1909717
1947005  868892
1947005  983999
1954700  419163
1955134  602345
1958535  912334
1961679  1961661
1964551  1892409
2576612  2576610
2579356  642709
2580581  2103797
2583564  2347260
2586915  1342898
2591438  1009860
2586167  2545472
2588660  2522884
2589311  121795
2589311  396429
2590647  2514345
2718842  336859
2720814  277224
2729752  554314
2735103  121795
2735103  615227
2739933  14987
2740684  471935
2237683  2237154
2239321  2239284
2248013  408929
2248013  788453
2248013  1261362
2249953  2250015
2250694  550702
2486579  199679
2486830  833015
2488317  7499864
2491376  2491222
2492561  926656
2250928  1723182
2257480  134845
2261726  232736
2261726  336057
2264827  2264070
2268244  2133571
2271979  2165406
2498828  2498159
2499547  1490505
2502172  1102592
2506016  355796
2506686  291513
2514187  1610857
2535645  248693
2535645  2520381
2538904  2086529
2741420  2741425
2741669  3737139
2749308  1808471
2749308  2253738
2753501  72275
2753501  133270
2754273  1170056
1426628  1425707
1429111  102567
1429111  462381
1430997  1430994
1432201  3366529
1435527  519751
1965153  164194
1967897  5896909
1971248  1971076
1975726  1074589
1617493  174968
1633255  137657
1643808  810764
1776492  4769
1776492  190957
1789242  1745000
1789995  548661
1790799  1790472
1798820  1665214
2108547  827557
2115899  2115475
2127333  1997172
2135864  4312426
2136800  136168
1611910  398037
1616122  1321219
1625673  155378
1625882  36756
1642262  753052
1642853  62302
1620707  343390
1624566  7089
1625017  260484
1630467  287927
1632039  2942544
1808511  500761
1810570  411660
1810570  1140730
1821348  26323
1835184  700344
1836673  197466
1836673  1182167
2595242  2573404
2602398  2519251
2607244  588004
