12574594  5972151
12579767  1953239
12584840  360751
12584908  12584365
12586937  5992082
10874490  10873777
10875511  1169456
10888965  574851
10892573  3500829
12523348  2351635
12524148  11774698
12531270  9176967
11556536  8935161
11560029  8998428
11562620  11561257
11562820  11014362
11564739  11550046
12179371  6824895
12182772  4380090
12192339  12191713
12194879  4381765
12195765  1132941
11576759  2212635
11577376  11576637
11578831  4076910
11584211  3761410
11596443  3691940
11596443  4191687
11596443  10609602
12048039  598726
12057331  1703186
12060740  2397822
12061880  7651591
12590524  12589916
12593396  4240974
12596122  5594102
12596340  328851
12596522  8679067
12030730  12031733
12032793  588004
12034474  8777724
12034801  12003128
12567575  913816
12572221  12571868
12573829  12573745
12573993  12572661
12531329  8586141
12533733  1395205
12533933  5171080
12533967  12518603
12449639  12449503
12451562  1524356
12454255  3840531
10900026  1959256
10900026  3737139
10900211  60174
10904856  10902356
12672986  152097
12677816  9853851
12277851  12275993
12281761  2711858
12282738  12282917
12285269  9122078
12286975  7690627
12287075  1132941
11565879  2107314
11567632  34120
11570589  5098282
11570589  7911776
11571946  11571660
11579549  2832010
11579549  11544714
12213656  12210998
12213731  10467668
12222416  2705444
12222773  8353049
12224806  12189000
12064620  43180
12068632  418898
12068632  690632
12070903  12054405
12075984  481446
12597390  4261133
12597501  571394
12597876  3774128
12599037  8028957
10756898  40480
10758584  4719438
10760692  5265927
10762814  5379702
12455706  5998309
12456928  7364
12457446  3628957
12459132  1244182
12459400  9435250
11598766  2490590
11605069  11621485
11606439  6017354
11609900  9769909
11615027  336859
12042528  7182375
12047944  5947096
12052483  3595515
12056193  144862
12226785  10649036
12227303  9027403
12227839  4662496
12461990  63291
12461990  11403665
12466538  120359
12467973  469695
12470363  10544821
12474290  101100
12474290  5360628
12478337  3872063
12583487  4035477
12586238  12570417
12586268  1685860
12586795  159118
12587497  3870086
12588340  2687804
12590575  12592060
12678687  540345
12681609  2123514
12682210  182287
12081782  8028957
12085829  2847321
12090074  2135418
12096422  866485
12534937  381542
12535839  12536627
12536975  352670
12538724  2776211
12606993  9512919
12608490  7595026
12609758  152016
12610294  12411077
12060839  6109745
12063545  9110837
12065519  7328078
12069234  599744
12079666  364946
12079666  2651747
11617837  6649125
11619509  11610974
11620343  11617958
12234205  12228050
12240221  3701404
12240914  12134977
12244769  9765728
12245276  5065887
10762821  1447393
10764050  60174
10771388  2079828
10771481  1150163
12590941  364209
12592813  11425103
12594049  46898
12477224  12413670
12477543  12472999
12482013  10725591
12482749  824739
12482782  7775195
12483064  10175422
12483935  11732871
10774296  1109061
10777361  1134976
10783999  2425081
10786971  4810664
10788536  8760431
12485421  232535
12488198  8028957
12490487  12489400
12539183  6646432
12542859  8428096
12543127  860966
12543268  16142
12096993  4589062
12097125  2519261
12105281  11218181
12105314  499010
12105599  8963252
11580132  750328
11580702  2973202
11580919  8028957
12496086  232535
12498226  4025082
12498507  1011520
10913615  297586
10916624  254291
10920717  1132941
10921167  6547310
10925648  2745338
10931463  3849634
12500716  12499254
12504209  172544
12504927  1723672
12506914  668431
12082265  11407943
12086473  11886824
12096169  4968406
12096676  6087550
12103296  966225
12616796  2186931
12619293  9165922
12622744  3022358
12624266  204465
12625309  1720710
12293327  862560
12295763  12295109
12300243  995593
12306468  3422673
12308367  6960406
12595521  226910
12596700  12397811
12597834  1834537
12603816  2297453
12107221  12105829
12115474  3577641
12120239  1115413
12121376  4068559
12543302  12540029
12550356  2143848
12550445  904790
12550581  3731549
12477692  1896213
12478628  5061392
12480317  12460999
12482806  2468708
12607587  1997307
12612576  4962808
12615248  1120706
12617913  11047029
11620745  12160191
11621632  1058427
12251049  246007
12251696  5082044
12251696  10770585
12261395  3577641
12261774  12208946
12122579  12119724
12123698  1674032
12123766  254291
12555066  2297567
12555929  24901
12555929  484462
12558878  12558717
12560975  1767934
10791558  10788285
10793073  10787080
10794559  11080994
10796424  10247368
12506999  2352926
12512598  333889
12512598  1945846
12514670  5660541
12518295  8412694
12519099  3304463
10797024  8048001
10801011  4682913
10810128  4646623
10826690  49912
10830584  5935034
11582574  1643227
11586199  4098161
11596329  244453
11596329  11588438
11598733  11539910
10931549  10930962
10934022  1465573
10941209  2158395
12631593  7313563
12631711  3664708
12632222  8428574
12635537  7011184
12104632  7824576
12117668  845021
12123250  3288367
12131597  12129641
12618819  12573816
12620991  5725358
12625244  119123
12626480  1285033
12628979  12589890
12629286  69645
12630758  5093398
12633423  12550002
12129999  5472226
12130000  2123528
12131068  530012
12135880  466345
12566757  5309922
12567995  1910359
12569574  2208480
12569633  1947753
12134014  210643
12136588  679654
12136890  10024880
12140698  12137872
12267297  10391136
12267854  8018841
12268876  322111
12271548  240212
12310046  12309836
12317791  12319221
12317793  12316797
12318436  5443166
12322580  6963633
11624087  527719
11625810  46155
11627646  244164
12148716  6941037
12149587  9306978
12151273  6423384
12154782  15734
12158876  12156593
12159161  12153267
12569765  8004237
12570642  4957770
12570837  204476
12570837  449851
12571144  12506897
12520367  1259693
12522507  2730565
12523511  10805745
12524247  9829429
12524430  689185
11600239  9366121
11605553  5995264
11609395  11681181
11613390  10795628
10948111  4578204
10950433  5466496
10953792  824349
10955464  10950470
12636380  211399
12637052  12319952
12637102  12615733
12573377  7505083
12577687  3135829
12577721  884555
12578691  1617638
12581874  2550925
12636397  5656975
12637612  4114095
12638110  183254
12638110  4251157
12640284  5290089
12643583  3221781
12530327  149573
12530795  10792663
12532318  1732348
12533118  6397529
12484427  586363
12486401  4192203
12487435  12469309
12536280  1820069
12541478  12540846
12323907  529085
12325888  276254
12328030  346980
12329132  2284099
12160530  9732158
12161402  6380500
12164074  949433
12164678  377164
12164678  398395
12167299  209005
12492400  402283
12494089  11732871
12501024  9052403
12510384  169520
12513222  12402092
10830734  162159
10834235  3749099
10839815  1308899
10839815  10442403
10840308  7053947
10841773  1267283
10853748  10852086
10855427  855518
10855534  10854274
12141293  6957214
12145680  12172651
12151126  1715697
12155908  2775864
12157303  3665423
12157771  1026973
12542913  1097995
12548997  400212
12550034  12549593
12551184  8993318
12552391  12552434
12513426  441831
12513643  1096679
12517451  600268
12521127  12523725
10857449  10842634
10860114  10859728
10860707  3346249
12587047  6854586
12587890  6683788
12588017  2072685
12589787  7277477
12592093  2959833
12641285  3479662
12651581  3593420
12655393  1446826
12657290  272153
12644185  696170
12648406  4148399
12649801  10029383
12650837  457629
12651114  70579
12651114  10369295
11631641  494327
11633147  3393751
11634147  1404758
11642486  11642323
12659797  5677985
12660638  12655229
12667226  12666888
12667449  3841361
12274967  11343637
12276185  12274929
12277146  12264519
10958436  41453
10960943  6399456
10960943  9381233
10961629  4537994
10965673  1799373
12594978  1209585
12594978  5838608
12599322  9373082
12599449  7251421
12600024  979975
12600385  12564860
12601385  12346419
12602959  6441218
12602959  9138987
12603359  4847100
12603359  9223441
12172784  12172210
12175456  587317
12176660  10137819
12178114  1922336
12188891  2511843
12605972  2662778
12605972  4384651
12605972  12008843
12607546  9310007
12608941  1086370
12610286  2768054
12658158  12656243
12658651  230751
12660323  9854782
12662995  12628158
12189359  92396
12191432  2480183
12197966  1132941
12198719  1360826
12198719  1961146
12668528  8868604
12670927  12672475
12671629  6121884
12673265  9649268
12329766  629409
12330025  7009699
12335375  193780
12338047  5665611
12683346  12665435
12684418  12684318
12339049  3038820
12340855  12305813
12341798  1605698
12343906  12342818
10864501  5025910
10866480  10842634
10868295  1749904
10868295  3575592
10868295  3869830
12684753  4906073
12685603  805363
12688412  12574604
12610618  4398270
12612958  7175348
12613192  1198052
12615391  3188933
12617365  1299837
12158814  5118894
12161983  1842636
12161983  5895363
12165391  2135798
10967946  323640
10969503  10930483
10969803  1299837
10969803  4732544
10971204  10905350
10978427  6045648
11643137  2259741
11643224  3226495
11645143  1755504
11647468  2708591
11650274  806697
11650274  6002203
12199856  2864842
12205122  12203456
12205889  23931
12209398  12200511
12210219  2735571
12664267  6903235
12666600  538551
12667943  12667234
12668611  4086159
12676909  3823018
12678215  7098402
12678488  7465027
12678488  9571231
12678915  960318
12166404  1118568
12166502  10030727
12169944  7594149
12175960  12173255
12210552  4244896
12218558  12201816
12218558  12202188
12681632  262899
12682732  2701857
12684497  432443
12684497  7825055
12685067  12674417
12685869  2354336
12554578  5049006
12554578  7858787
12555931  9589419
12557604  105572
12557672  12557426
10980213  4476379
10990759  688013
10992981  341154
10994553  7194688
11615879  8456240
11619742  11618822
11627762  5813077
11629034  4648371
11629634  5443137
10870574  9655042
10871003  2616697
10875740  10687653
10878791  2709821
12619510  6254161
12620237  5210535
12620237  8190643
12625092  7072002
12673466  4369039
12679368  123559
12681247  3462409
12681733  8895071
11650425  10458714
11652784  458632
11658847  2099201
11661506  11647199
12557936  707429
12560476  949433
12563870  150505
12563955  1146153
12625985  3681045
12627534  2411392
12628602  513832
12631069  12631270
12566292  14040754
12569036  5686735
12569150  4956209
12220983  8353049
12227013  2382458
12234701  12129350
12236023  287085
12522650  1987679
12523935  347512
12525288  2007192
12525790  688343
12525841  8371634
12282337  9205060
12283230  7159787
12284584  11424204
12284745  8655477
12686269  1202484
12690490  11137204
12691849  801047
12701643  1972266
12703994  477572
12703994  2928002
12528581  6062191
12533746  526797
12533746  780676
12569754  3691897
12570690  4308989
12570721  4105795
12349581  9892002
12349645  1266338
12353525  6957858
12354025  6575727
12361318  442747
12537958  12522878
12539830  1841443
12540817  268272
12542638  5444874
12542970  459729
12706166  12704216
12706325  4872512
12706325  6897347
12706330  11362085
12709004  1014861
12178861  914242
12178861  12106155
12182537  1942766
12183341  5256533
12187426  1302428
12689583  9949229
12690183  12674360
12691120  12563954
12681772  2501457
12684162  2046037
12684162  6344950
12689803  5900176
12690489  45507
12691943  1417681
10995139  10974850
10995440  7510835
10996875  673523
10998262  3961278
11001120  5738831
12632146  1425502
12633877  1275766
12636213  12411077
12636583  6141592
12644778  12641887
12645505  3389574
12645505  6542801
12572962  7575643
12575370  7717796
12576106  444080
12579732  976568
12579732  1642494
12585398  498320
12691469  3076414
12691755  2457998
12691755  3721972
12691855  12573816
10894774  7733338
10910743  1721220
10910879  4239350
10912008  10910727
10916202  10906505
12236909  2674325
12237342  12236148
12237628  1118154
12712841  948194
12712941  12502071
12717055  12701841
12718357  9401375
12588505  7169381
12589423  341723
12593453  8222495
12652904  2176397
12654831  8028957
12654865  528399
12655810  12656128
12596426  5469505
12596976  11877103
12598098  46898
12599252  10437628
12600370  12593014
11635837  637921
11638628  11382621
11639028  11637263
11640232  9129966
11642151  505928
11642151  5211194
11685855  11239652
11687142  10767068
11687827  11687547
11692158  11690221
12692605  1881922
12693928  12689408
12693978  12687598
12237960  1457525
12240503  12233992
12245048  11901915
12245966  2447875
12600923  5494498
12605199  12603340
12605986  11872261
12285009  3598298
12285638  6308915
12544344  1888779
12546216  12395200
12546982  2597224
12549288  26663
12553317  3504480
12695199  2354336
12696735  9168785
12697535  12688689
12698321  4159551
12699058  12697275
12554053  12392424
12554168  12395200
12555589  2058635
12558146  6105795
12699258  5357719
12701215  12701254
12701916  32260
12701916  46663
12286574  1787939
12290157  12273535
12290407  4794647
12301789  1601600
10917588  5729877
10917731  2237720
10917731  4930781
10919024  401656
10926605  10891630
10931192  10898626
12702316  3243234
12702666  1551886
12703001  257288
12704238  3932152
12613909  10689055
12616163  2151744
12617903  6539300
12621444  6044793
12625574  12623289
12631071  388242
11006785  2625667
11007136  1302026
11010079  10914704
11019104  6989902
11021626  5383609
11035215  10996756
12656405  9725017
12657673  5103528
12657673  12643432
12658277  2447353
12659379  477816
12692050  4001081
12692854  11675256
12694701  12682848
12723237  2812122
12724007  12722780
12727415  12728186
12362054  12362449
12363449  12276226
12363826  12121690
12364821  1583150
12365464  8335146
12705224  8134687
12705224  12702537
12708668  12707769
12713648  826948
12714969  371
12249374  12248587
12254658  203739
12261674  56011
12267443  710756
12696330  5783750
12696680  12694972
12700692  7407182
12700692  10964966
12701024  12700211
12728660  10903989
12731725  46155
12731725  201323
12732395  840781
12732904  336859
12188455  12186036
12189166  4339649
12189289  10746128
12193267  248562
12193267  9317376
12193701  999056
12633412  10509517
12634229  4096582
12638023  1271667
12643189  2349633
11693545  245963
11693545  5846821
11699176  10371312
11701748  11694143
11702082  11673584
12701292  236129
12704636  12705545
12704793  12625920
12705379  2988017
12713728  12698793
11711057  9061162
11712329  14378
11713263  1964193
11716909  6290690
11724595  6229319
11726467  2294915
12715719  4812755
12715819  3243139
12716205  8581880
12716320  5856238
12659486  492384
12659486  6988227
12659622  6988227
12661885  6218145
12664327  12505661
12664391  7551
9394494  588004
9396415  2662778
9396415  7307509
9398904  1185545
9399925  1901164
9399925  3450505
9401595  65512
9401595  321299
9401595  3180375
12562477  4593493
12563277  2670356
12564115  25785
12564481  3789340
9415201  1331769
9415201  6163720
9415201  9102062
9425795  9412618
9428754  6415304
9428956  2023669
12717829  860954
12718522  456792
12724756  595072
12734374  2509679
12735503  8613237
12736439  2027069
12736439  6275070
12737084  9116465
12725249  4906073
12725567  1285231
12726096  105770
12727750  12710284
12198088  1282602
12208809  7137786
12208818  2299841
12367129  1151873
12375594  12356855
12388028  11376520
12390734  2038100
12392129  4815633
12644290  11087790
12644657  3323257
12645094  647969
12645125  7537002
12209422  5666019
12222288  12221648
12230903  12142637
12233320  10249430
11045526  1555262
11047547  10224481
11050542  1881716
11059330  480214
11059330  1653970
12664536  12664786
12664591  3577641
12666029  4613823
12666999  582331
12565834  6852417
12567255  2805427
12576998  12542203
12582014  11801899
12582597  5376559
12400151  4349173
12404238  12399725
12405974  726738
12268661  78493
12269447  1231147
12273791  5123675
12276114  6441218
12276668  12122317
12716941  11491835
12719499  5402333
12720550  158706
12276817  4095058
12282080  363681
12286010  8126248
12288699  4127788
12292997  5553908
12295269  1972262
12407105  12384779
12408148  12402788
12412192  1195393
12295370  12294152
12296388  3820666
12303807  3910244
12306734  599048
12302082  236073
12302925  3755606
12302925  5422585
12302925  5827290
12314518  12313432
12317833  226663
12318369  872310
10935279  3074713
10944260  10828381
10947168  10945053
10948483  3097779
10949433  4468748
11729775  11727227
11732200  4720271
11733236  11716447
11734808  7277760
12722521  493833
12726951  513832
12727252  1953530
12728443  1912902
12729461  12002000
12737441  3057341
12738747  1864013
12738956  7271147
12739313  12395200
12740083  4277692
12730890  12727421
12733566  5001497
12736588  12372096
12739357  10218791
12747501  9594229
12747501  11478244
12747644  2052218
12747944  12446990
12750852  1211237
12751279  12734366
12419444  1074630
12421809  10961963
12424653  885152
12424653  3905219
12427059  12426135
12582848  3398989
12584303  3075738
12728323  3448005
12728323  8830599
12728537  3737139
12729574  12044286
12730996  5126704
12740625  1437771
12742672  5112995
12744301  705443
12668637  8460340
12669314  4537963
12670811  12669415
12671118  742623
12307552  1225750
12311377  4156957
12313100  2466713
12321120  12319594
12236787  7204664
12237864  1587480
12239961  1118568
12243339  1353973
12645661  10834393
12650459  9019420
12651378  1728404
12654454  12585458
11063709  413084
11063709  11064177
11074941  108211
11088095  11231998
12736225  3997172
12736661  5174913
12738784  9452613
12739069  3841361
12739069  10305718
12739069  12667449
12742477  12573816
12742777  6575482
12320734  3159716
12320952  2275443
12323049  4214153
12324099  3190575
11739888  949433
11739971  8155343
11743981  5282577
11745687  11725374
11754075  1646698
10956328  322749
10967660  6270134
10968703  1710103
10968703  6932745
10971911  8792869
11759191  5956610
11770704  588004
11770740  5907296
12752158  10969521
12753360  2843989
12757833  12638132
12759367  4442518
12438864  10000925
12446981  1638723
12449351  12444866
12460983  12464788
12461385  12425794
