12461485  2353818
12588630  935664
12588698  2009636
12589600  787932
12590400  717854
12672883  2832942
12677661  12676912
12678006  7206510
12680312  513832
12680839  11274119
12747457  12744424
12747907  12776847
12752001  495021
12752001  12573816
12752673  226784
12756031  60174
12746148  4401442
12746291  7627113
12747695  12742574
12751832  2044775
12321374  1459377
12321456  3151524
12323042  2058564
12323042  4098195
12324732  2022967
12761875  941832
12761984  7021725
12762654  2990157
12763813  12124576
12763890  4862178
12247147  21078
12249121  12248518
12250666  5059996
12253840  588004
12657143  4712139
12657262  10848
12660019  1611506
12660552  87192
12661202  9055810
12463793  3397113
12464536  12462453
12466172  2006242
12466172  12411326
12324546  7286379
12325171  1970207
12328154  1981670
12328222  3105673
11643976  6021183
11652881  875834
11662509  565620
11665951  9461844
11667955  322715
11667955  393556
12591306  8028957
12595433  548541
12595582  10482121
12331015  3577641
12337249  2022335
12337249  2132273
12338150  7020961
12661824  1266792
12662155  12662951
12662810  8278907
12468537  620506
12468614  6812003
12468614  8515936
12471079  5407250
12474387  304461
12474387  1806484
12598407  467871
12598407  589549
12601717  3754582
12603887  5784327
11098891  483193
11104572  2965211
11105508  201990
11106844  275711
11107079  11093814
11782821  9144419
11782855  8862645
11785427  779880
10973733  401656
10974862  10962211
10976334  356464
10979199  236129
10983729  8679656
10994089  8570459
12607533  1137575
12607533  7738888
12610456  7478477
12616408  11247066
12617408  8488841
12681907  12680738
12689025  6287023
12693105  12692662
12695777  1554099
12757030  11391975
12757112  9186560
12757448  8028957
12758384  252785
12766555  2247205
12766964  12747646
12767800  877652
12768827  7611420
12759440  4381355
12759689  311062
12760962  4643713
12761126  6188277
12761798  1139547
12761798  1402005
12662891  2402579
12663295  2868324
12663977  8028957
12666504  12197574
12666517  7870498
12258588  8470403
12258656  1450967
12263127  610245
12263259  12102336
12264561  949433
12264561  4176328
12266310  3625484
12341980  7062604
12343183  2508630
12345523  9425338
12346009  9128535
12346741  6554569
12268748  3282578
12268884  10870230
12269007  7303518
12270079  3551999
12270445  6846539
12270645  4335587
12347345  2716069
12348932  7181699
12356620  12328056
12357423  2827891
12332191  1150163
12335885  1451590
12762671  18082
12762778  133601
12763396  2956261
12763932  8832470
11786816  6113828
11787301  4927843
11797010  1808518
11797246  111368
12477404  201323
12483854  5360995
12484349  5899829
12485519  209812
12619433  12215236
12620284  2936947
12627904  1532331
12769027  12768674
12770842  3820666
12770942  531162
12696156  3836663
12701525  3749933
12702606  3728215
12702670  4958453
12705707  4062982
12763369  12760715
12763620  3514418
12764656  12755115
12766342  2610008
12359159  12313931
12362436  2118495
12365111  182393
12365175  1006934
12771142  12658748
12771878  210643
12773350  1111440
12773350  1724036
12767127  6436539
12767427  3696122
12768464  12691760
12771872  7568068
12772357  357600
11667959  180172
11667959  1424510
11668189  11362404
11674473  789426
11674473  11668221
11675643  1201593
11107394  10033425
11111724  3487766
12774229  3183743
12775065  10195343
12775215  12775812
12778024  210029
12667035  7824576
12667707  3471461
12668958  6921105
12672784  1051379
12672784  11222076
12675141  12583177
12270956  10449195
12277508  11445479
12278244  12275588
12278767  1320476
12778809  3819354
12781017  6340664
12783539  8674705
12783875  10632180
12340411  11770566
12343169  5399622
12343773  223952
12346002  1782743
12350325  3565310
12778196  12743248
12778423  658258
12779323  353526
12781874  8206466
12351461  3613980
12352397  6321649
12353826  10989788
12356659  11006691
12357452  7687427
12489536  16432
12491742  5259961
12492178  6477944
12493171  12492657
12496960  1584370
12499523  10842428
12675859  4920459
12677199  7895420
12677467  3322473
12680072  4404526
12680625  1819791
12682497  5117127
12369570  400135
12372110  164736
12372110  186822
12377744  3311903
12378615  1024389
12379466  2316288
12630580  9027403
12634005  4016213
12634724  3298963
12638800  12592377
12765922  5321522
12769223  2400935
12770416  6181367
12776189  1258550
12776307  6352139
12379965  2710621
12380233  1579435
12385564  4172976
12388154  2231369
12388908  1836338
11806134  2934240
11807857  392864
11813507  8862023
11814960  3963201
11818402  1136826
11819323  4172810
11826490  11794808
11827026  5735888
11832457  11832726
10999269  10984001
11005271  6061648
11018046  1567695
11025534  102567
11031843  49002
11032986  649428
12787534  3130804
12787819  60174
12789055  6024372
12782867  46155
12782867  161738
12783010  3504068
12784639  8306445
12786077  6717620
12786620  456713
12786620  4368440
11112760  11112597
11116103  2115990
11116103  2570410
11116153  11114987
11117690  3577641
12279614  12278593
12287834  400113
12683416  12660886
12683765  12683602
12685019  10154118
12369534  12356468
12370645  2952401
12383481  1712227
12383524  12370794
12387800  4863671
12639051  286087
12640808  8308213
12642595  8705061
12650802  6563367
12653393  10782863
12288102  248693
12288293  12287567
12293709  6168880
12707843  6162595
12712289  1545164
12713000  758819
12777525  216049
12777779  11468748
12778129  12767397
12778172  113426
12778983  238741
12779776  12664132
12789606  410943
12791864  2100331
12794371  3590165
12794736  3327848
12655512  10812647
12657086  882344
12659792  4616202
12660345  3885753
12661915  8287000
12662481  6389580
12499589  12506504
12500232  4892152
12502538  4428774
12503676  4850659
12662698  9555349
12665506  12664630
12670471  8263458
12670922  12672431
12672428  450903
12675049  5019115
12675083  12590092
12677172  5864146
12678342  2861627
12795172  2266697
12796757  6644997
12798629  4935632
12786718  1069103
12788156  2091830
12788183  12567416
12393302  12391474
12396545  12395200
12400675  4897466
12401126  4660142
12401407  233123
12789349  8135774
12789828  402377
12791400  12772599
12794308  3587942
12403347  12387345
12407274  2762093
12409546  54566
12411086  12370242
12414129  9809682
12686474  3574847
12687274  79923
12688245  1271225
12688245  12687453
12690100  8466915
12799266  12318667
12800788  3897070
12802960  12800777
12803560  12800520
12804431  11822963
12388961  9617082
12390365  12392854
12390794  1163173
12396892  12396545
12398521  12396545
12398521  12398098
12295156  1019169
12300538  6279544
12302465  610245
11832557  9587751
11833478  850341
11836352  3037526
11838088  680914
11839943  5899683
12784974  235504
12787046  12644841
12787996  726549
12788557  8404427
11123892  11105050
11124492  5405204
11125828  602032
11126199  940382
11126649  11126291
12504405  3435472
12508749  12507971
12511057  588004
12514163  6118635
11127585  2667065
11128536  605492
11132329  654871
11138331  419119
11141054  10215643
11142676  6111298
11149628  8028957
12796237  9658724
12796580  594730
12796980  4345014
12715999  209840
12717782  5861312
12718982  1755665
12719207  6115459
12789361  12712149
12789961  11231168
12791015  6282298
12420846  5911567
12421850  12457047
12422064  462663
12422986  720508
12791147  9047703
12791208  12790350
12307788  4224055
12308183  4338538
12308792  2167455
12312570  12306651
11039095  310714
11045240  562303
11066096  11004273
11081336  7480783
11086609  1449001
12798099  4631928
12798692  728295
12799303  12397108
12803247  12693621
12804746  12799104
12806853  12713321
12809211  3422502
12810312  9451298
12812133  7678499
12815241  12723867
12690971  10257301
12697251  2589949
12697788  194634
12698506  8586988
12700795  4684399
12401597  12402830
12403669  949433
12408999  12231671
12413161  666936
12413161  1291942
12413590  3529132
12704739  1808108
12705343  1759300
12708083  11171447
12708348  6363916
11841481  5314084
11843687  6153482
11845910  1598236
11851075  315618
11857508  230687
12816164  10627159
12816378  10866331
12819171  2818697
12820708  230128
12820758  2139134
11676179  1741820
11682748  3669753
11683867  11683367
11684003  10204320
11687377  1131781
11150063  2371490
11150713  2172943
11151099  8260267
11151250  321294
11158252  3203297
12515242  730048
12515399  513832
12515508  12376974
12516471  451415
12720220  12719665
12720722  12589905
12720922  5710653
12800617  241789
12800715  2829581
12801394  10997946
12802353  1254227
12803187  5821120
12804366  4675968
12805580  4227783
12805580  12804880
12805787  4761888
12807459  2509679
12423536  1693634
12423536  9406580
12424539  3118234
12424621  1379926
12424621  2228242
12315978  8161207
12316003  3628895
12317075  895171
12320015  4377573
12321228  3852768
12321228  4176328
12321228  5473107
12681035  206820
12681035  1599219
12681299  1208236
12681703  12680953
11161395  3159941
11161795  4906073
11165153  509211
11165153  766141
11173141  378247
12430220  3540976
12432827  3283666
12436053  4502092
12438593  9340117
11087881  11086765
11089224  2796304
11091939  11091092
11092618  10999913
11095376  5473981
12820993  687998
12821344  12820491
12823965  5069136
12721288  8742334
12722351  1232040
12722658  12634723
12723228  2116558
12727274  6157929
12414483  583336
12416505  53161
12417355  131690
12418802  10031180
12682486  1795244
12683073  6799737
12708616  7885851
12710891  12681616
12710973  11882652
12712027  12175931
12717707  3583020
12683622  12683452
12683639  9212794
12683975  7138772
12808188  11784153
12808856  5863870
12813675  942312
12816433  10613846
12817837  8342054
12686298  3810570
12686932  6931436
12687000  147636
12687668  6250466
12818798  3053205
12818891  1917576
12818891  8191124
12819577  1917576
12819691  8414650
12820695  2954359
12822917  6612263
12720516  12720718
12720669  9782257
12722923  3106452
11858363  11859940
11859114  4893262
11862171  11846373
11867923  2657961
12824571  623254
12825632  7179907
12826061  1542945
12824502  2528318
12824502  11885027
12825588  476105
12826373  12815896
12826724  8456954
12804666  206059
12804666  3026957
12805861  9738150
12806833  12550215
12516873  4613261
12518143  3198660
12519086  513832
12519086  3281448
12519888  12519118
12826154  4385084
12826154  7762502
12827822  6388066
12831995  5724400
12832595  6788018
12442788  1053592
12442856  225367
12443860  3709104
12444945  5956610
12445463  1160498
11173813  2705067
11179007  560783
11180965  4971373
11184873  5375817
11185310  11159740
12724613  2973202
12725782  7514119
12725914  6821517
12726199  3170887
12728054  513832
11188817  4283296
11188868  10178293
11189790  2787245
11189790  4616202
11191812  22836
11191812  3440363
11193798  6894970
12423950  12435244
12424818  10379624
12425779  12415946
11097598  11097260
11099577  2448018
11104350  3577641
11107858  4248735
11111245  6511402
12829817  599159
12831339  12856436
12832540  9254229
12835597  12835348
12840463  3749099
11116961  935859
11117218  11116903
11118347  8754448
11118947  191881
11119833  3923299
12833213  12803897
12837382  1211299
12454606  992712
12455105  2161388
12843522  6077054
12843822  849458
12844907  5428806
12840526  7259854
12842305  2690898
12843173  12823615
12845758  11624166
12847279  610406
12847279  1038746
12851859  12678864
12852696  1578389
11691904  381621
11696788  3211326
11697256  1403213
12322487  2420389
12326976  2201925
12329384  218061
12335898  12334675
12843359  848728
12844227  11135932
12848010  7512224
12524625  10605859
12525402  4061328
12525931  1827314
12525931  8028957
12811756  559296
12811756  6742705
12812556  2710507
12813792  785287
12814321  4729129
12814462  7016701
12816200  848868
12822173  1067428
12822643  12823128
12822686  10437703
12727538  5367721
12728065  9537333
12728274  2281798
12732418  3448005
12689591  12689352
12691327  1799518
12691778  2032818
12693535  3316095
12426022  4616202
12426022  7264328
12427001  12421481
12431731  7372038
12450047  12444548
12529682  949433
12531220  843506
12531977  6941622
12533626  8207869
12534521  1307459
12536157  3183582
11868640  676348
11870512  6441218
11875377  860966
11879736  985830
11886873  11711789
12823852  826782
12823852  880512
12823888  5232647
12823922  2270151
12824145  12824111
12825660  54882
12728122  3207749
12729425  10887211
11194483  950087
11197477  912741
11198077  2710079
11198077  8028957
11697907  5327465
11701966  147181
11702353  3742775
12337263  1219007
12337531  1359689
12338940  5537144
12339169  2615316
12349027  208493
12851261  1416980
12851379  5290089
12852801  1959040
12854430  6964678
12456109  395541
12470281  1826727
12471118  119123
12471118  5596428
12857052  1842636
12861071  12859615
12861650  196980
12862400  9709374
12864883  12864497
12870299  536539
12738940  4289325
12740076  2020882
12741769  7455357
12743909  1053592
12744245  7442417
12745088  9613857
12852745  93128
12856790  12853402
12856925  8906375
12857962  4803906
12871785  5817526
12872771  940905
12873657  6571081
12876447  12846198
12350129  5188575
12351010  10071029
12351167  5333825
12352380  12244341
12693918  3545870
12697296  4544939
12703044  1179758
12703346  6431335
12704078  8967173
12878537  7415326
12879766  4867197
12879809  5490448
11703353  6516589
11708667  270947
11708667  1008019
11708667  11580461
11709722  2848087
11713615  11713293
11716942  10298328
11716942  11662693
12731130  11828826
12734088  4545311
12738449  1150381
12741490  3350231
12742061  1445117
12454834  297542
12457267  1341358
12457524  4262223
12539165  357404
12542050  1625226
12542952  12519176
12826787  12808201
12827487  1986386
12828359  9223903
12880116  513832
12880302  12009695
12880327  155097
12880920  514487
12885932  7889228
11200700  1126905
11200700  7146816
11204079  10118301
11207737  5428077
11210096  1575316
11210346  7203304
12888297  119116
12890344  667035
12890344  12890028
12891705  12889754
12893377  692208
12895892  10464308
12704346  4149
12706052  12571715
12707222  901089
12708460  4207450
12709026  156767
12711566  874709
12711566  5172183
12747194  354445
12747219  1445506
12747653  12739972
12748564  4235426
12860783  138422
12867721  6322084
12471549  4605356
12474140  12473553
12475680  1637323
12715697  8207325
12717216  12596165
12717318  4407030
12718888  3919027
12720675  12720561
12832303  12818284
12833648  2026741
12834275  7577236
12835041  1967119
12721058  12720718
12723232  91521
12723232  4460258
12726474  2977446
12870143  4743748
12872116  5861312
12872565  2292559
12872816  1352120
12873002  1539641
12543645  5034503
12546353  4742467
12550304  60174
12551840  12155062
11213604  10651662
11217997  1067538
11225421  11224987
11227794  158706
12732439  499010
12733813  2077263
12733813  2973202
11232088  3764687
11232688  2087175
11233424  11232565
11241362  3304014
11241647  8276036
11122941  4492979
11127921  5488249
11129586  56107
11129893  10921277
11130272  467793
11241833  10000226
11251107  10069050
11251272  6525764
11252057  11198981
12476998  9123831
12477066  8778786
12477884  493450
12478637  2470685
12483836  3740528
12896989  6260224
12898661  4014918
12898861  10524646
12901383  6441218
12748598  7446729
12749657  492384
12750593  415801
12752274  3562919
12753376  2294915
12735030  3653844
12740714  5619167
12741884  1306708
12746096  12639940
12835554  336859
12836047  498043
12838726  124886
12838726  10572560
12840000  12831842
12840593  398170
12874724  1069103
12875960  1141979
12876760  4761529
12877596  2699086
11890468  3737139
11895161  11893850
11896097  4581304
11903370  11905447
12755584  3931689
12759587  4261133
12760264  2196097
12765442  7627098
12769211  3614666
12769547  924916
12769922  3561043
12353141  632450
12354584  2690504
12354911  12358212
12355979  12314799
12466134  12449348
12467027  3465976
12470903  8839943
12477698  5351483
12487951  3396831
12553369  12554579
12556356  1944280
12556356  2038075
12556856  10222695
12558085  5369682
12559764  12564365
12493049  1191374
12493049  7027809
12493742  384286
12493767  7163865
12494249  3776682
12494492  11730648
12746798  12750868
12748602  10432196
12749087  42
12749087  4471183
12903073  3492930
12903455  12506926
12905170  11456381
12905209  1882883
12905459  288715
12750104  12345569
12754652  995944
12756456  9273721
12756992  4744826
12757745  2308592
12484371  1057796
12484371  2605032
12485657  6680674
12488966  7444656
12490519  12459137
12877682  493386
12877682  511204
12880339  8635657
12881926  9710520
12884384  1890570
12885083  1878301
12885584  4355721
12842372  11327035
12842865  2586159
12844142  12848024
12844208  864243
12490788  12490110
12491005  1622143
12496200  7076128
12499479  12498731
12770113  410593
12776606  3490358
12777844  9579343
12780711  12504943
12781277  9814301
12888077  12890226
12888328  4261133
12888328  12769982
12889163  413242
12890699  5634156
12893372  8696586
12893757  1101380
12893758  2137755
12560927  1916350
12562706  7718541
12563299  4978179
12564401  1199352
12564935  6134744
12566080  12569189
12742094  9606340
12743261  1012571
12747056  5112520
12759166  5292937
12759481  4812633
12759851  3162947
12760085  6243591
11252693  1402878
11256738  11250728
11259731  8028957
12895715  7555957
12896716  4665957
12896716  10299839
12897015  298745
12897988  4611555
12844235  8384737
12846116  5842593
12847843  3452217
12848515  2806255
12850896  8418293
12504359  901115
12505495  12504880
12506313  494562
12507568  6785765
12510040  1380490
12511175  8964646
12356949  2045875
12357324  949433
12357324  4176328
12361404  6918620
12370219  12345690
12568286  1070497
12574104  332111
12574104  1123201
12574202  589796
12575097  3536372
12575097  11249314
12781554  7252497
12781915  1488486
12782656  12568162
12784396  9162919
12786902  513600
12787531  12770785
12787672  3780963
12905727  9489339
12915598  4406864
12916080  5325797
