12763710  2647164
12765446  10042648
12766701  433162
12767420  12766889
12923704  1471141
12924529  595946
12929988  2844565
12930077  1256394
12495639  7928438
12499826  7331310
12500869  1345215
12502391  1732348
11905057  7108559
11908165  1527803
11911424  4500321
12511312  4152431
12511312  7165395
12517191  12321145
12518949  2948900
12522876  1155678
12525534  12054006
12788233  5305879
12789846  822487
12789846  5466496
12791714  6482641
12793045  2706125
12902381  4460205
12903468  62289
12904303  1124753
12905240  7136450
12851523  4904940
12854238  7388593
12856310  541966
11131358  4951248
11133480  1821871
11133623  10910663
11133880  8799342
11143340  6155533
12856912  3314140
12858882  12848477
12860556  8381514
12862319  12851861
12863957  60174
12768556  6164691
12768658  4112686
12768892  7839648
12769075  12756971
11261068  11260181
11262003  7198431
11263525  269496
11263725  11263199
11143490  9891385
11144033  750486
11150335  4911107
11150478  321881
12748127  4062982
12750182  940707
12750481  2917940
12751135  11325415
12370696  1505696
12370998  3171216
12371657  2050329
12372193  9288904
12372193  12329042
12373134  4217616
12794547  41479
12794547  209199
12796155  6358030
12797700  1481152
12799972  2372036
12800474  12800490
12932442  12932089
12934582  12931754
12942295  2478552
12942556  10329477
12906076  261573
12906475  3313479
12907997  12667721
12908198  9617082
12578012  5564410
12582519  12602080
12582692  5506888
12583128  920259
12586563  3949609
11264225  4191492
11271263  1338728
11272650  9210528
11280201  4128323
11280201  10552011
12526019  12411980
12528088  11913575
12532550  3452434
12533253  12519951
12534507  4936180
11284981  3556789
11290448  11283074
11297550  8720645
11299071  9894013
12801176  5722588
12801733  8883682
12803137  8099875
12804150  917783
12805681  10897744
12942563  6767129
12942670  9050190
12944092  8028957
12866772  4913555
12867499  3491165
12869637  1658294
12869637  4534617
12871943  1899473
12534890  1975128
12535243  4643167
12536562  9632741
12536729  12536157
12504320  12504119
12510343  6597224
12520053  12449104
12523379  3505701
12524644  5973530
11719129  8841169
11720835  112698
11722154  2246481
11724043  640996
11724043  3772290
11725864  6598957
11725864  7414859
12524844  11239980
12524908  1328538
12525112  3009380
12526830  12507133
12528770  2529617
12529481  8028957
11912594  12027003
11912745  1817922
11915051  6393410
11919010  882772
11920448  7043509
11158366  11124420
11163110  4783317
11170884  11171083
12874887  8726046
12877125  4727384
12877232  12878663
12751336  12749544
12751918  3473675
12756765  12683853
12878597  5368199
12880240  816142
12880567  45651
12880976  6479107
12882448  846103
12593179  8028957
12595160  3180375
12601410  34403
12601505  6740240
12601605  12564224
12530592  2612961
12530799  6324614
12535540  12539006
12535722  186084
12539416  12455148
12540084  5185230
12541556  4230029
12544564  513832
12544571  11798506
12545950  858181
11726366  11726048
11726583  107382
11727404  1256667
11728842  11728354
11729642  5622091
12547904  4523263
12548451  12547281
12548490  4149229
12549333  2336569
11310103  88434
11314012  4176328
11317406  2117689
11327866  1315262
11328752  5866129
12538184  1401349
12540659  7291956
12541642  11292260
12543264  12397811
12544953  12538926
12945035  6817262
12945303  12482338
12945789  12930186
12945882  2600653
12807953  728847
12821287  4062982
12821998  249760
12822057  12817299
12824397  2336573
12911706  12860177
12913377  805547
12914563  4625045
12914563  10586046
12917222  2722598
12920430  4095058
12771513  12346009
12772819  5288759
12774789  12774655
12775661  7202157
12777950  1033898
12758105  6441218
12758623  761204
12759841  279236
12760695  2376204
12779286  94361
12781443  1288148
12784919  11773708
12786153  12783646
12787157  753052
12373461  400135
12375308  3273350
12376269  2019039
12382830  13170819
11740755  7330234
11743163  11674312
11744652  6465526
11754225  1513485
12949358  2306744
12950601  347441
12956174  12947245
12957528  4112686
12960629  7308586
12961254  355089
12883475  4391847
12884656  5564966
12885356  2649717
12885383  5208679
12962058  5272433
12962676  2044268
12962969  1818102
12963194  7695926
12963480  12904087
12964441  5326537
12964480  7400514
11920648  236129
11922539  7665605
11923890  5928535
12549376  3921922
12553924  4130460
12554531  7648557
12557514  306313
12558068  11817873
12965484  4017420
12965909  4211705
12967020  4858927
11171577  672734
11173449  6428433
11182866  9060019
12604084  12395200
12604084  12396545
12606483  7049875
12611365  7138128
12611729  3099430
11333432  2973202
11333432  11674312
11342606  739654
11345163  2765704
11346350  119123
11347336  5097973
11347971  6169146
12825835  10260050
12826737  3299972
12828443  1082532
12828477  12833269
12545254  513832
12552288  706972
12553142  26079
12556368  12557042
12788110  2265579
12791152  180172
12791501  7255383
12793658  6405623
12794560  1392433
12801146  12770343
12801146  12781770
12922552  4130194
12928468  11960560
12929940  6222616
12931075  12893417
12885747  9048375
12885747  9950144
12888391  7161215
12888657  4789481
12891036  4259989
12894037  7827480
12895509  12894552
11183266  4401850
11184438  11183998
12896352  8794369
12897958  4789835
12899451  12832232
12900866  531324
11924477  957928
11924662  2991623
11925947  186202
11926047  11821282
11928672  11118721
12761113  3538858
12761445  10464948
12762482  5404335
12763049  3221844
11349207  8618157
11349207  11349183
11352316  1017282
11354373  8965364
11355424  782827
11360690  291696
12558972  4669366
12561380  8144664
12562919  11558397
12563838  1057851
12967631  12984403
12969053  12890421
12969678  1035063
12972861  4187146
12385302  12384886
12389437  1053052
12389782  1120335
12396525  3690038
12396691  8028957
12560147  12395200
12562087  12519829
12562612  12026842
12568521  3384398
12572983  4927856
12574137  5130246
12397427  574240
12398061  12398251
12398538  612328
12398631  12395569
12402716  201323
12611872  12524580
12619058  12573816
12623038  3522868
12623038  12213105
12904576  950150
12905346  72167
12909549  12614042
12910626  12530406
12915872  6573225
12934620  5687339
12935655  9621027
12937963  275004
12938899  4421706
12940535  5193842
12920609  8147027
12921345  4079280
12922381  34125
12925130  3197195
12828677  1580746
12830447  3422673
12830447  3587557
12831217  4454559
12801580  293007
12802099  12675421
12802967  176572
9442307  7350445
9442624  4257027
9448276  9440010
9450512  3009380
9454692  1653771
12973529  2042813
12973647  5469005
12975312  3513242
12975312  9581787
12978588  12964067
12979838  12964639
12942543  11365959
12944530  1282909
12945951  1497539
12623774  1420752
12623774  3385685
12626805  1325607
12634300  979256
12634336  8360807
12634629  12623142
12831524  12829995
12832460  32343
12832596  800383
12834298  1101292
12564924  2554609
12569889  12569581
12570621  3307237
12572476  4662348
12573629  12561662
12803588  5059805
12808800  3553200
12575169  2658922
12577623  11268762
12580282  1196991
12947873  7194176
12948259  260749
12949460  5042309
12949645  6303775
12953640  931407
12960205  6156449
12960241  376278
12960442  8064249
12961763  426421
12962177  7466303
12966957  236129
12970201  12957847
12973860  366682
12975232  1151582
12636908  12635547
12639280  7076758
12640216  1510778
12640309  5810296
11184852  11184328
11187896  2973202
11195184  6715650
12976303  412341
12980948  12977586
12926459  7829097
12929669  6612705
12929712  5481386
12930805  7496727
12934047  454916
12980535  10256402
12980953  12881079
12981528  2020445
12982003  240212
12982982  7016268
12934783  3427208
12936264  1018137
12936521  12936798
12936855  1246301
12940699  998885
12940699  12874992
12983475  6814977
12984279  3408616
12987569  4026021
12990913  8863676
11929542  212562
11940987  822487
11943410  2925153
11943410  8803314
12763436  5687334
12764771  5540245
12765371  5491026
12991363  12993120
12994303  240178
12998976  12996473
13010740  348939
13011769  2616859
11360875  11359214
11368328  21437
11375379  1643007
11377888  1132941
12577052  12576544
12591903  4664448
12591942  495021
12591942  13150412
11382318  608730
11382381  10751271
11384389  8295642
11384875  2879746
13011944  2326943
13015295  2169832
13017678  486460
13017896  5482644
13018185  12282779
12580432  7038357
12583558  82831
12584626  685135
12585397  12579917
12585630  6578824
11947941  11934492
11947941  11944762
11948875  3943198
11949011  1499581
11952819  11129432
12981398  12982083
12984556  5282588
12837433  9048883
12838237  10983573
12839671  416064
12840918  161477
12842556  4236762
12407328  4791499
12408498  12382558
12409025  12422511
12845891  994904
12846534  8028957
12846866  2863272
12847091  1089018
11385125  3612963
11391105  949433
11392663  1458633
11394299  4542853
12640650  5407860
12640943  1374817
12641222  4535251
12646125  255312
11754880  5409015
11758824  346536
11758922  1839422
11762317  816720
11771592  4821431
11198685  2699086
11198685  8646440
11201314  11004376
11206680  5968779
11209538  2177978
12809736  4261133
12811272  6808801
12812829  1410311
12812829  6450989
12812863  9528433
12586116  9648019
12587252  6829413
12588605  12578177
12591999  7787020
13020018  3820666
13025523  3856729
12847402  4483540
12848797  12681136
12850503  504103
12850980  9709704
12854490  12712137
12593103  7864371
12599055  438108
12601409  12572354
12602438  3428536
12602506  305092
12855656  1642410
12856358  5867722
12856753  3353214
12856821  7848766
12857030  12476447
12941544  8028957
12951695  2793956
12951738  12637377
12956477  11280523
12958256  12957631
12962693  228544
12962693  307503
12990121  1704407
12990121  12121759
12991207  1008802
12993866  2036571
12993866  9984196
12410804  592396
12413973  1451015
12417951  1421802
12607050  12581811
12609819  6482235
12767562  12767124
12768933  12769404
12769920  10170277
11953772  8021436
11957116  8550383
11959922  668952
11964002  2932648
12418628  1714234
12418726  164194
12423397  12431445
12424108  7987636
12424835  1553343
11397008  40480
11398744  2870295
11399130  4551230
11401316  15142
11405996  2087370
12428622  268084
12431698  12333712
12445534  150053
12445734  12422576
12648667  3668128
12650046  2815802
12651182  12411077
12651639  132445
12651848  495021
12651848  12573816
12968786  12907514
12969079  7122609
12971651  3806536
12593671  3098138
12595522  4459719
12598965  7771830
12997474  7130867
13002739  4633177
13004126  1522313
12812893  4268085
12813280  3754233
12813297  90
12813765  6441218
12813765  12042538
12816454  6445274
11772409  958622
11773698  201323
11774400  12308297
11776540  586370
11797779  298725
13008441  6857392
13009977  3543683
13011663  10680982
13013621  5020479
13013735  2477850
11799085  1248952
11799434  4570366
11799434  6441218
11806654  2971315
11213125  2659837
11215554  11055303
11217512  11195343
11807722  2104782
11809160  11805508
11814708  11710694
11816967  4348478
13029660  360751
13030578  12573816
12612709  3614212
12615224  12614820
12615649  12614355
12617457  1486300
12618575  244591
11965974  11425236
11969133  957928
11972241  1069666
11972241  5467129
13040488  8572206
13049137  1372317
13050009  9624953
13050716  8945879
11408889  49002
11409825  11407723
11410175  2232147
11412698  10412
11412934  11409540
12770856  1799128
12772642  12207684
12773009  12582812
12773510  12772910
12775268  12775443
12777221  5986466
12817041  8297003
12817441  1234144
12817790  62605
12817790  2235179
12817790  11626863
12818696  854128
12819313  571051
11415056  3512471
11415355  11415314
11416928  11416128
11421371  2973202
12819645  1308710
12820317  8028957
12824678  3726505
12446304  1801549
12447304  4647665
12447840  12430797
12448465  3499214
12448576  12396545
12825678  8501941
12827520  12821875
12827737  12827250
12830260  12810093
12830809  6760716
12621640  257005
12621651  3642919
12622844  7700862
12624323  6042071
12632722  5300365
12451273  5907369
12452384  12443174
12453290  2250770
12455894  4273552
12458200  4967708
11217619  3830135
11218369  3322417
11219691  6187085
12464888  12464926
12477958  9918761
12481868  10625955
12482736  398111
12486037  6156449
12652877  7733290
12654513  12635695
12655085  5221819
12656655  8332285
12599101  363681
12599101  6029495
12599802  2536362
12601892  460525
12604985  3235742
12658100  1142678
12659572  325443
12660965  7442576
12661701  10904638
12861540  7783308
12862535  53108
12863782  1535836
12865211  12864776
12975895  130322
12980175  2257460
12980877  12977658
12981120  1732348
13015657  6005318
13019402  703281
13021523  1402048
13027025  448162
13027025  1108859
11421508  11406047
11422293  11422352
11426923  5625600
11430967  6927685
12983047  9864476
12988365  5456395
12989342  8983158
12990442  513832
12991671  3247833
12778008  6003822
12779326  12777583
12780215  4410704
12781134  3458756
12782101  11781183
12995022  7768861
12995817  671049
12995817  1881714
12996158  86513
12996351  7258697
11229308  11224291
11229444  3713
11229444  2777105
11231330  226050
11973428  918792
11976385  254461
11977506  10951906
11978172  5214502
11978172  9694118
12830860  9371171
12830996  188414
12831060  5593512
13051052  4106382
13055446  826948
13055689  5605125
13058940  1330123
13059676  3560890
12664709  6487777
12664745  6850038
12664786  8541180
12664909  12395200
12665343  8028957
13060887  2036395
13061973  13061532
13062266  9264068
13063602  381542
13063620  318398
13063620  13057396
12666288  8198811
12666581  4331022
12667124  3558119
12675346  8996653
12679183  214346
12679585  12400968
12832383  4942144
12838799  9601972
12839386  6032660
12782169  12779400
12786313  5907369
12787367  6282968
12787967  10139447
12789440  8977398
11818988  3714852
11822749  9337581
11825055  4785933
11825055  9748600
11826540  11825694
11828612  1150381
12791311  12312047
12791593  5270260
12797209  12785961
12798582  300673
12798582  2025471
12801722  6936593
12632879  1423777
12633415  8819738
12636080  12614808
12638377  43249
12871768  12795668
12874065  10969342
12874367  12872713
12490054  6867257
12491453  4277596
12497401  1852837
12501345  10778626
12504119  12488230
11980499  11979986
11980980  4911338
11982016  4952820
11983507  4680792
11990225  2411270
11992897  11528436
11995505  7989020
12999161  2847386
13003046  144810
13003448  164194
13003548  4845483
13004148  9794791
13004718  1068284
13004841  2320812
13004841  12953627
13005475  2199403
12606521  3284185
12609494  4543604
12611502  12610623
12614110  2973202
12874708  12871348
12875503  3672234
12879924  1336370
12881051  12876364
12881294  67454
13028311  394020
13033206  7296467
13033592  11521452
12639767  11563031
12641210  3585019
12643150  12636697
12643393  912479
12648923  3932367
11828680  217655
11832892  6597493
11834313  3474608
11839244  81991
11843103  1610030
11433689  11346557
11434240  1709335
11438605  11436649
13068107  12870859
13070958  3577641
13071222  2787245
13073712  13036052
11233152  1019076
11233152  4388967
11233945  4826173
11245963  4768181
11247599  4235834
11247599  11472843
11247842  5186520
12680419  310870
12683134  4603975
12683293  4628122
12686244  230689
12615463  9375626
12618118  79733
12618536  12527942
13034927  4775603
13035164  7389069
13039108  3211885
13039508  13000700
12883123  4269800
12883493  1861294
12887042  12886450
12887042  12887398
12845134  5201949
12845819  241336
12846504  5202680
12846721  111102
12848091  10100617
12848827  4018849
12849627  7425475
11250150  11248847
11250693  376278
11250693  949433
12801807  7515398
12803811  12013818
12807755  857420
12807755  8015720
12505464  8601482
12506123  549130
12510369  11551028
12514658  9595820
12523146  1424981
12525150  249423
13077213  8496903
13077867  9991292
13080314  5467129
13083004  6343166
13083458  13073723
12895368  4945703
12896568  10294244
12897070  614995
12897240  3754530
12897240  7716785
12897240  11122573
13006547  333665
13006556  2167602
13016907  11004531
13017652  5656746
13017750  79126
12622215  2954932
12622547  1744665
12623534  12481982
12626509  12623009
12626542  44917
12001119  1999382
12006771  648405
12009394  12019034
13084408  1944267
13086616  41948
13089367  9998488
13089556  9682671
13094329  12005621
12628014  7316191
12628045  85992
12628631  10970229
12637923  602580
12640881  5284315
12643607  2215672
12644289  12637983
12649545  11784257
12650320  12650146
12652817  11297287
12653260  12652133
12656872  2559527
11855305  7241878
11858547  11860807
11866299  11863536
12662020  12482465
12663717  10181063
12665117  12664926
12670290  12668970
12675838  12674417
12899512  6922195
12900112  11739868
12900405  6015388
12900980  3246137
12644926  4198788
12646683  1288148
12646765  12474010
12652181  6843030
12652181  8671942
12654704  7254285
12657962  5008804
13044002  13043989
13045673  469695
13045824  9953779
13046645  7662659
12526354  11105262
12527724  1456373
12529255  19933
12530025  635935
12530132  12529582
12530498  492384
12009843  2221167
12011081  1102692
12013438  8881291
12016831  12016317
12850112  7098602
12852103  2973202
12854592  3337469
12855260  453738
11447730  11390046
11450051  6930664
11452760  495021
11252215  135234
11263954  6762671
11274943  752335
11277551  11275978
12686471  1763519
12689922  440739
12689922  2937227
12690924  6270004
12692194  8906448
12692996  359928
11278944  2891452
11279687  3382757
11281159  3727662
11283481  1225514
11285732  11405
13094447  1849358
13096851  86197
13018322  10155339
13018588  3131064
13019258  1721279
13020258  4017122
12658915  12662367
12662809  519520
12664663  8116623
13097762  6726049
13098605  12916314
13100302  5712808
13100770  13094959
12809359  216202
12809695  3450604
12811113  11208446
12811568  2040240
12664664  12683466
12667472  5914909
12667957  1899683
12672433  12670636
11867405  5212341
