11867405  11651744
11867805  4244896
11874391  295104
11453796  1770564
11454917  11454053
11458575  8385606
11460697  11438085
12678739  11925647
12680604  8363808
12683008  12666739
13052712  13051670
13056155  2174362
13056405  357076
13056806  2110732
13057255  1758608
13057255  6899289
12901039  5855833
12902179  8854404
12902218  4289447
12902286  4128323
12856464  10114078
12857434  964181
12858702  3422673
13022859  823561
13025104  372309
13025304  2248759
13027603  12892275
12686870  4249809
12689453  5644459
12690096  1104235
12690371  1430708
12691843  10429961
12017667  2965109
12019505  1745984
12032088  5206603
12032337  3395359
12036666  5214764
12037187  4348018
13102528  2596837
13102685  10525759
13103646  10975488
13106604  4188366
13106947  13096807
12672802  11392624
12673002  4917801
12673705  5421892
12675010  12630188
12678218  3960392
12535178  6937869
12535471  12446990
12536548  400212
12540521  3724112
12541764  3207219
12904383  12903961
12905017  4333467
12905621  8537148
12908795  12890621
12694566  4360555
12696597  6733046
12698710  750486
12812785  4837715
12813971  5156872
12816261  4999233
12816715  12816281
12819788  9797872
11286432  4403726
11286432  7203590
11289626  368094
11289826  2901470
11303887  2091465
11879037  1973647
11880858  1382900
11883028  11880979
11887440  10167021
11895647  4261133
12683065  9454732
12684183  4150039
12685452  622132
12685537  546433
12911203  8244496
12912671  149055
12912807  4810664
12914888  12914499
11304573  11304566
11309346  4270167
11310396  3492636
11312111  4537945
11320549  4855627
12859872  1554099
12862131  4848678
12864871  12485719
12866594  8393004
13031013  8370114
13033719  11313051
13035591  6587243
13036472  1429907
11464092  11461866
11466799  5543769
11467549  2940743
11470807  200049
11473330  10699835
11481104  1980898
13059463  13058921
13065929  12151524
13069624  2154220
13070995  436411
12691882  666601
12693572  4649317
12693972  9721344
12704383  2307129
12708129  1280767
12709465  4187960
12710335  591939
12042433  1946445
12045156  226131
12046513  1324009
12046526  4842378
12867411  813493
12867611  2269840
12867981  9658881
13108901  6098261
13109819  3577641
13112756  347614
13113631  3162665
12687009  1662473
12688778  88235
12694126  12717240
13039344  2349411
13039344  4255472
13040314  13035830
12915445  1129216
12920061  7518566
12920495  2837785
12868479  3655893
12868581  4605206
12869266  3301053
12869334  8152814
12922040  10951466
12925082  12925240
12925818  4035742
12926077  12906686
12930698  4137645
12542364  2535124
12542364  12228659
12545976  949433
12545976  6457130
12553153  6611867
12553523  10367120
12697230  12681103
12697859  1180279
12699456  7074
12702471  7719548
12820974  5025524
12821995  5031230
12826258  7125557
11483876  4261133
11486134  8538899
11488692  7211404
11489492  3505930
11491750  290884
11491750  4969171
11491750  8101585
13072282  13011039
13073081  10700648
13073868  1079162
13075925  4698493
13075975  11230063
13115010  11578377
13117700  13085317
13119047  501719
13122791  2367281
11899259  3805438
11900944  2928678
11904305  11913844
11905275  270408
12702185  12147040
12702432  847179
12702886  6166
12706061  12700974
12707197  6307847
12871019  11711394
12871087  8263959
12871538  7249510
13041114  992115
13041207  3454969
13041507  267546
13041743  1157106
13042345  4986095
13042579  4070922
12872257  3023353
12874950  12852496
12875733  4261133
12876703  3899971
13045653  3175392
13049697  279170
13049974  2657810
13049974  6418503
13050710  170578
12047064  1190697
12050136  11926047
12056271  3799542
12058245  958433
12058379  1037595
11323450  92471
11323750  11304542
11328080  492387
11333410  7073484
11338440  20346
12059496  5805082
12066248  12056323
12069090  12069026
12071147  2516960
12072113  684106
12826689  12825196
12828497  201101
12829016  3479720
12829080  2114207
12931132  10523703
12931157  3921029
12932336  12931798
12934374  11860814
12934740  3469507
12075993  137975
12075993  1448393
12078601  4724980
12079452  6455909
11343656  8002003
11346821  115159
11347493  11348192
12829748  12829183
12830569  81584
12557306  6478651
12558008  3647805
12561386  12258092
12562679  5045608
11349515  2128321
11349629  11348871
11351044  9329406
11364498  11332664
11364505  11265173
11371793  7562258
11373672  7592630
12712473  809898
12714715  4761888
12720495  152975
12721240  5973917
12725677  3755606
13079569  9414152
13080184  2287616
13081842  6297853
13123184  4890970
13124327  7899119
13126885  11134388
13127846  13126533
13052303  1043755
13052405  2167916
13052405  2487921
13053541  13052438
12708983  11437178
12709320  12707646
12709537  4073635
12703600  1334012
12706147  4135496
12706808  60174
11493121  3479833
11496965  11445004
11499602  7382161
11501159  1695376
12878005  5319024
12878809  8982163
12878809  12647254
12880077  189555
12880647  5273674
12937973  10857138
12942428  10888391
12942521  12927618
12710724  12716101
12719730  6094744
12720833  12577437
13053677  3755606
13053718  24
13055947  4351527
12943355  4504238
12944793  11239086
12945704  12945357
13056090  3611682
13056685  12758961
13059098  13058827
13059834  2154167
13059834  5984361
12082107  12081884
12086253  1078118
12088625  11913575
12563122  11892976
12564015  9128535
12567461  2382007
12946040  10831882
12947478  5447981
12947869  1098788
12947903  1754374
12721952  6770339
12722824  6686302
12725164  12721287
12725495  12089096
12830619  10801894
12831270  6322084
12833160  11048507
12834245  10380505
12835581  2460851
12093675  3351122
12095947  12096003
12098636  1568091
12100944  4459141
11377323  1940675
11379502  4808967
11384311  11384048
11388705  11286748
11390334  11389914
12881400  6684968
12882987  12883224
12883540  1665702
12883855  448125
12884089  10029089
12948410  4368295
13127953  8490478
13128889  7994497
13133369  4004662
13134148  13134377
13139235  612328
13062199  147454
13062199  7128348
13064373  6812397
13065173  13064858
12727256  4632039
12729962  6414030
12732529  12396545
12735778  135448
12737686  12395200
12738186  12719447
12837453  3888902
12838826  8745260
12846813  858080
12848131  972226
13082427  3703554
13083277  3726505
13085249  806906
13090080  7191626
13066545  10489703
13068894  1896213
13071325  2734025
13076848  12513201
12780499  12780375
9460406  613183
9461027  2396782
9463080  1212746
9466758  3630086
9466960  590159
9471068  981954
9471068  4235953
9477354  5662651
9482534  9480408
9484708  4041018
9484708  4323809
9502120  9403692
9502975  994935
9504128  381542
9504862  1014861
9505013  45702
9505013  1921656
9509593  871858
9528913  69913
9529464  9528332
9537835  4696907
9541145  2547306
9543202  9543189
9546612  9547317
9565915  4769020
9565915  9533571
9569140  8909811
9571059  9570693
9571295  8022425
9572531  871795
9573031  2770321
9574720  9571447
9575675  1686975
9575790  221294
9575790  9011758
9584314  1494178
9585535  2784262
9594525  2821061
9595361  221346
9595361  4113365
9605219  541487
9608799  6489584
9608799  7230999
9612758  8625812
9614381  778590
9614381  4282961
9614696  8850363
9616553  4369346
9620695  4969801
9624305  9624014
9629572  8013900
9629572  8287188
9631608  6993325
9632229  4674332
9632229  7411515
9633516  254291
9641138  13
9641138  221294
9641187  5148041
9655391  8361902
9662045  5407250
9666789  5176587
9669112  81150
9669448  9669522
9671303  8736966
9677919  918019
9680980  3901630
9697139  484214
9704893  500493
9706414  7704083
9716625  5139403
9719733  9713953
9719784  9717287
9720318  1436961
9726419  521972
9726936  9010880
9733307  9738755
9733488  3948569
9733488  9717504
9734858  9734282
9737532  854232
9762351  9762202
9762702  255414
9767982  9767370
9769220  557407
9797834  9798710
9799136  8717364
9800855  3266467
9800855  3277209
9802980  2734025
9817167  9718854
9823634  5845034
9827244  5882204
9841118  9319532
9844428  9439509
9849891  315017
9849891  5228780
9851278  391005
9852163  2880957
9853350  2099349
11137699  11387535
9855473  676824
9857294  9550066
11140157  4243650
11142272  371328
11143315  1321122
9863312  5322357
9867775  297586
9867775  9775342
9872134  9871642
9873691  9870936
11144294  7455982
11145830  7025198
11156333  210564
11166679  10861067
9880309  1760544
9882732  755669
9893928  1437251
9898406  1297028
9901416  55130
9901416  4660142
11167215  11168382
11171716  960431
11173338  8622686
11178547  3930053
11178554  3626901
9901635  1124463
9906581  5164523
9907515  9919511
9909153  6310372
9912297  9909468
9913984  9913200
11179547  6640633
11184856  11183842
11189264  11189879
11189457  3092821
11194580  10140774
11194716  11103842
11195309  11186531
11197781  3859288
9919149  701166
9919149  1732348
9924378  3208160
9929058  9566464
9933940  5139867
9934238  1403888
11197931  2950029
11198167  2950029
11200946  11107570
11201075  5136013
11203197  4935632
9934825  9934568
9938048  1465271
9938720  9921565
9942728  9942321
9948629  5840497
9954660  109023
11206248  534364
11207691  11202904
11209899  1485841
11212564  4994458
11216994  839178
9954845  9954571
9962331  2432859
9963120  2446027
9964590  1476459
9969836  9687763
9975486  9974485
11220302  1391970
11221595  428073
11221638  10704708
11222831  1465704
11233420  8482327
9983540  5957826
9985495  9979673
9986048  949433
9992949  111652
9992985  6994151
11239086  10382929
11239372  8481869
11239979  11238329
11241208  2122333
11241208  6375381
11243909  263191
11244266  11249820
9998499  496096
9998499  2550625
10000135  1307553
10004917  56648
10005817  9996757
11245645  11054149
11248253  8762512
11251204  11239435
11257170  4363847
10008174  4587301
10013056  7876302
10016700  6964648
10030738  572547
10030738  2192547
11259778  343646
11261814  5341202
11261814  7233317
11261850  1397895
11264615  11264171
11267430  5437240
11271467  10091590
10032240  164931
10039292  9760074
10060584  10060499
10071065  1947122
10071550  10039531
11503531  322749
11505553  628637
11274275  831009
11286757  4601008
11288815  1382900
11301183  5667476
10074809  4393723
10078951  60034
10084182  10084170
10096652  2933347
11507625  11498932
11508497  5863870
11509547  261599
11305784  11256257
11308635  4580576
11311243  11300650
11314444  11219949
10097337  56947
10099609  6006689
10099624  72121
10108282  3191837
10108282  5336711
10109605  903403
10118863  1416697
11513042  5786679
11513377  6667799
11514127  8617090
11515564  10778865
11515700  2172820
11319374  6270004
11320853  2256942
11320917  11271943
11322282  11304542
11322289  3837115
11324304  4308151
11324318  11301992
10120699  2280391
10120699  3493801
10129623  1866454
10129859  5209330
10129859  5616880
10130376  10025599
11518222  473173
11523402  3949642
11523737  7717851
11528031  481073
11531189  532892
11329191  4810272
11331299  1531093
11333964  2148989
11336200  10578108
10135356  10135083
10146573  4273699
10152338  10149233
10152623  2337271
11534198  11518400
11537005  299304
11537005  3613102
11542171  4264986
10152723  9231495
10154276  4739483
10154276  10152549
11336879  2140419
11337022  11336794
11337629  1084925
11340223  11331314
10154410  2453846
10155061  1600360
10157954  4061010
10159056  7167373
11548038  60174
11548438  900094
11548438  5945615
11548623  1995850
11554154  901115
11558447  109449
11344067  6035950
11346346  2310061
11348668  11039544
10170301  2806040
10182569  271710
10184726  4371705
10199702  10196819
11353005  2973202
11354270  8968992
11355606  11345285
11357935  4452136
11558484  11366301
11562427  1814611
11563813  3611986
11582884  8812459
11583820  1946165
11360100  777597
11360100  1795244
11361665  11076172
11362365  10607151
10199951  104799
10201974  3499704
10209826  2973202
10216663  3596567
10223232  640020
11584705  11461569
11591371  635851
11591471  11560478
11594579  3607084
11364680  1049210
11369910  2745432
11371146  11370782
11372618  683211
10237336  1394791
10240629  3617113
10246296  767372
10257841  1383048
11374140  456713
11374140  550219
11378527  3126255
11387608  11387482
11595016  3220434
11598059  1207731
11599295  11576525
11599496  8954326
11599610  2572284
10257926  9226600
10258511  10257961
10263942  2764017
10265963  10256109
11601031  6487777
11603540  11596072
11604190  57483
11604190  3350626
11610741  11608408
11387844  3064423
11389673  748614
11390702  780730
11390702  3956694
11392124  1718934
11393117  11291604
10267886  798967
10268388  2184287
10272551  10272142
10276359  6989306
11394510  584714
11401062  2531873
11403620  9553442
11405342  7985416
11612213  5861090
11612278  3678129
11615386  11614180
11617843  767372
10284264  524033
10287742  10286643
10288393  785973
10291401  6322457
10291435  7964712
10295260  352343
11410165  1448849
11411951  3726721
11412301  6943515
11413173  11396343
11413173  11412839
11619401  80646
11619401  589549
11619401  2063480
11621037  10150541
11625582  431117
11633005  6762376
11635342  1609325
10296581  52105
10305592  5063266
10309183  11674312
10312491  10240962
11635528  5229809
11637250  11622324
11414023  8440588
11415302  1148241
11415302  1327756
11416774  2594829
11423326  11422341
11425455  8601482
11431664  11409119
10313780  7853136
10320817  10318761
10324761  2973202
10329856  9170453
11639686  65512
11643901  2524489
11644651  366017
11646087  2973202
11647309  2172943
11435658  3969972
11437180  6852106
11450291  935018
11452920  4165439
11455371  949433
10331192  10328522
10337778  1942644
10337778  10337605
10339099  276907
10339099  1492378
10339099  4533847
10341588  9941260
10346738  9170566
11647760  3033407
11653626  8028957
11654161  939538
11665243  3755896
11457207  57483
11465081  469695
11466667  11356901
11471783  761804
11471783  959215
11471990  2587952
11666443  11622226
11666443  11665834
11669237  391005
11670924  10663499
11671273  2718204
10347989  796824
10353954  4353203
10353954  6806173
10355177  1585390
10361278  10345904
10365473  52353
11472469  11470932
11481750  4470207
11484308  4743419
11673145  5533803
11676704  5782312
11684178  3043856
11486537  32332
10368294  751681
10373561  181596
10380577  7687403
10383606  4065052
10395202  9847580
11489031  11488765
11495454  3543137
11495590  5462275
11499048  730048
11684442  2370968
11685713  11375461
11687671  4002106
11687686  7696062
11695424  8725461
11696560  9029714
10397276  401656
10399497  3909555
10413250  4312479
10418417  10417688
11504821  929276
11505457  2505328
11506986  10882471
11510137  9578843
11698417  4210025
11700904  7115620
11701575  3723748
11709514  4778363
11710099  5197300
11711585  1274792
10424533  4933093
10426590  10421436
10430934  10412494
10436350  1726821
11510330  1073336
11511816  1073336
11517639  9995080
11517968  108403
11518668  9344160
10437199  2002821
10437401  495021
10437401  999358
10445640  2433665
10446710  2238272
11712471  6403055
11712471  11712020
11714358  2418473
11715915  6783185
11716266  251402
11718352  798454
11718352  2995822
11720010  614818
10463658  194397
10464360  137783
10464424  4176328
11519004  6017863
11519004  8414050
11520840  3964491
11523641  189549
11523684  5815747
11526356  844933
11526949  11331702
11527528  333889
10473318  3365337
10485986  492384
10485986  1975128
10497431  1554099
10497531  10505103
11723217  760688
11724604  5881139
11732241  1302099
11732292  11707991
11733028  4536864
11741116  11740989
11530050  5225130
11530093  11351196
11530093  11409902
11531536  375913
11751211  2973202
11752883  764125
11760486  189490
10499105  10480413
10504036  3428153
10506691  6310274
10510801  550038
10511571  2121796
10511971  5322145
11532222  4560890
11532958  11517129
11534673  7104883
11535223  5202071
11535680  2607856
10512724  746082
10513309  6346001
10514781  8220399
11760521  492384
11762893  2035568
11769124  11257185
11770110  584960
11545569  11532705
11546319  11532479
11547262  188688
11547798  6270004
11547798  11547289
10518723  1287439
10519595  5720734
10519595  8092226
10523154  4995238
10524756  8830599
11771718  588004
11773739  11674312
11777147  1520800
11778319  1909348
10526864  1462360
10531444  5023421
10532778  10527952
11548041  722717
11553314  2851404
11554457  4207374
11555936  302089
11558837  11313980
11779269  4223980
11781141  542850
11782413  3967187
11905607  5350114
11906947  838724
11906947  5659380
11908215  1269603
11908585  4199383
11914665  1063007
11914665  4576903
11914665  7000851
10540768  2542137
10546803  6243737
10548990  1557602
10551713  5780089
10552285  10551489
11561195  781945
11561595  1219860
11565089  878943
11565396  11538192
11566039  1383797
11786758  850341
11786943  11786411
11789901  242841
11790052  359047
11916737  43580
11919996  2973202
11919996  11674312
11921000  5117132
11921166  433171
11921953  3189951
10552685  10550441
10553755  6429180
10558065  2019098
10562145  845058
10567540  80646
10574177  10574314
10578319  10550441
10599262  10534554
11790451  3740528
11791402  369758
11793374  122883
11795482  8581501
11798790  198952
11927067  11926719
11927301  9523133
11927369  11928061
11930960  1265039
11930960  1452721
10610158  5501641
10611345  2332740
10613902  995918
10616223  755685
11799826  2580396
11806328  11794648
11808249  365191
11810507  4678333
11814402  240152
11814402  9451868
12102680  3441719
11935338  3572463
11937597  687998
11938916  7129842
11942894  11942625
11943396  11943238
10628891  10606706
10629178  2594519
10639740  8983632
10640189  7390049
10651472  3109715
11566911  3695163
11575735  7900677
11577171  10892847
11577571  306316
11581308  626
11815738  11774357
11815938  949433
11816724  3724112
11825198  2107683
11827019  10555177
11945200  1956160
11945200  11597978
11946302  11932168
11948025  605686
10655665  5224286
10655735  2080731
10657788  8161836
