12605834  2595392
12608577  12517358
13079763  7621727
13084043  10283153
13086013  4766834
13088230  8190567
13090595  10555118
13091229  12098612
13515845  109383
13516967  13504807
13517486  9014659
13522265  13522031
13355310  9251117
13359890  13373281
13360783  13343874
12927544  2215744
12927544  6974893
12927591  12834140
12928244  416064
12928863  5650063
12929563  8645365
12930801  5700806
13314886  1243952
13315222  3712671
13315541  13301377
13280513  13277040
13281794  2832467
13283164  1732348
13287908  1236412
13287908  3246663
13290584  12573816
11525164  7925177
11526872  1083701
11534807  4846626
11536596  1390592
11540123  11542739
12387030  2308134
12389245  2604378
12391253  9908151
12398412  12396545
12402985  755781
13550122  2943453
13551743  2089083
13562240  269893
13562826  13416142
13564448  10364383
13569678  5260423
13548491  691719
13550159  2227604
13554507  3499214
13554507  12448465
13558376  11559275
12610399  5848877
12610714  10174917
12612322  12523505
13559319  3951012
13560716  11981071
13564524  13561043
13568804  3737139
13568804  5710917
13569011  3331992
13577946  4883373
13319000  11831501
13320485  1783719
13322859  10430704
13324931  13240330
13361685  13362026
13368244  3562235
13369416  8028957
13369807  13358680
13371022  318777
12931052  1095123
12931535  227507
12933443  12816286
12936968  3127620
13091770  10376429
13098790  11168076
13099960  6688764
13100653  8028957
13101457  4348802
13525842  1132941
13527463  10439829
13528349  5145135
13103193  1921691
13103236  8288664
13103338  1500208
13103831  3148937
13292813  8207633
13292924  106770
13298672  56867
13298672  761194
13298672  10040069
13299676  8733276
12680046  5024056
12680650  7973927
12682288  5614941
12689338  7342957
13579100  12833641
13579632  2592501
13585055  5531502
13589217  217902
13571400  3879463
13571700  222309
13571700  315760
13575057  1739898
13575243  11377416
13536331  11095375
13536331  12573816
13537076  456002
13538203  6270004
13120397  3285412
13120494  4757587
13122452  1369147
13122851  4527325
13104674  10993122
13107814  2535124
13108043  13108494
13108877  8145479
13109120  13108960
13109579  4049718
13531472  6292205
13535148  12953332
13545929  5081557
13546362  3446216
13549038  5794796
13372258  13355169
13372958  1789945
13374630  884848
12937453  2188991
12938504  6454936
12940595  7496983
12944756  3758606
12945741  10805745
12612821  12610623
12613271  5099604
12614308  7380604
12614594  9399799
12615179  12614768
11541576  480214
11542731  36636
11542731  235455
11542731  304258
11542797  1555109
11543548  3523722
11544018  232736
11544018  9826672
12947047  22358
12947900  12719582
12948300  10677613
12950806  12950279
12951257  1023072
12954014  24901
11550185  5902822
11556052  968792
11556937  2786062
11563187  11562165
12403585  3577641
12404228  243646
12404528  9568248
12422805  4060607
13300803  2259892
13308968  8537148
13310704  10437058
13315911  3577641
13317724  4461898
13320834  2687392
13538369  12533058
13539818  13539811
13541254  9479574
13542747  11862883
13325633  4513366
13327454  3140017
13331615  13330947
13332351  6101084
13332768  13332541
13338584  5697899
12956371  12573816
12956707  12956089
12958579  4014036
12958660  11728195
13589871  314824
13589871  3457106
13595101  13587728
12690861  8881291
12690878  5447498
12699234  504947
12699434  1138460
13597616  2592137
13600581  2861230
13612263  5919298
13576929  13569105
13583296  3777857
13585653  1206203
13126127  7244
13126127  13043827
13126578  688161
13127399  696968
13127399  12823144
13110256  13110308
13110413  12662688
13110890  4457920
13111485  8866376
13111826  1704407
12617202  1471546
12617652  6824833
12618638  2652119
12619588  1132262
13381848  4590122
13398896  8587341
13401538  9315878
13554336  12482336
13554336  13090887
13555790  7056749
13556658  13042045
13401897  8881529
13403176  843154
13409090  8870900
13413763  9247908
13419043  5673556
13323931  4912586
13331687  11808758
13331955  513832
13339009  397933
13341120  492384
13563091  13562635
13564963  12503221
13565499  13563091
13565785  250517
13569108  7443345
13342694  201323
13342694  1903356
13344855  522341
13344855  13344075
13347140  9724921
13348233  5634460
11566661  5048852
11567984  1627998
11568767  8028708
11572162  10860352
13127731  60174
13131893  841433
13131893  7055495
13133398  12961717
13133816  13119847
13424423  1700484
13426295  2486034
13428969  4998629
13428969  8730270
13429382  1112093
13433249  813046
12627262  53849
12627662  3671607
12627662  4712809
12628297  6556559
12634013  216995
13434219  1544739
13438336  1932311
13440701  3631199
13442016  68598
13445758  1222610
13446960  13448180
13451467  13430520
13453246  8301066
13573469  1469549
13575510  1009954
13576395  13574804
13583148  1264397
13586406  698536
13586890  13552242
13587140  97312
12424384  4645961
12425127  4080373
12426999  6276197
12429414  11526949
12431136  7349588
12432665  8200174
12433987  45399
13587776  1686724
13588261  54566
13590519  7011184
12701123  4662784
12702693  12691577
12704063  12395200
12704063  12396545
12706586  12702140
13341928  1151582
13342213  2824694
13345153  13344447
13346591  11274119
13543428  3711048
13545191  11801013
13545357  20054
13545898  213907
12959866  204476
12961868  11025690
12967203  1026060
12970913  4237112
12974136  10264296
13351318  9240192
13352186  551554
13353186  262891
12975942  823181
12976927  2158395
12977027  1091414
12977280  5820721
13616143  13615847
13616318  573086
13616425  12953127
13628725  9690009
13591069  4101394
13592605  9200962
13592942  2989284
13602501  2427631
13454977  13451738
13454984  11070158
11579265  7380041
11579299  10296573
11581437  609382
11590112  31044
11591931  6043984
13112621  13112059
13112996  3542881
13116833  9440844
13129108  2577305
13129108  6809102
12634078  3188882
12634078  3423423
12635650  4171829
12636635  6832501
13458626  13456376
13460591  3279543
13587006  60160
13587577  159255
13354917  4345621
13355551  1175646
13359640  2129693
13360976  526125
13129440  13061187
13130376  34635
13130980  6490955
13132448  11663860
13361103  5997995
13361376  2628798
13362482  920306
13366290  13146830
13371531  4583776
13589296  1613304
13591286  6371702
13593158  1043339
13593158  2678230
13593376  883585
13595112  5319839
13372501  13354685
13373267  13373078
13374748  3598549
13378322  7746027
13380028  2598942
11594941  2973202
11600072  10905337
11605435  3749231
11605435  8429505
11611417  10397019
11611653  4268124
13605373  388242
13606395  3029636
13606395  9518146
13607596  12624511
11612089  3915058
11613925  2831935
11615582  11667718
11616531  11631866
13596987  9150378
13597452  9175634
13602668  336814
13604322  12511476
13605208  4117676
13547529  13364131
13547729  11059797
13548299  7702697
12639979  12636890
12640765  3913355
12644724  8387924
12650961  6861033
12651276  6618026
12434037  1094397
12440310  9752790
12444783  11600735
12651762  12651608
12654069  11575531
12654534  12652133
12655420  1352323
12657763  1698209
12658313  12652539
12658614  2680160
12659499  4406067
12660200  3001836
12660200  6050796
13607732  6437226
13608232  3952243
13608382  1641919
13610103  5093398
13611025  6270004
13612212  10986486
13134901  13133075
13140954  13138534
12977929  2245235
12982560  8034064
12985802  12986114
13138961  9261774
13144650  5877808
13145275  1018952
13147322  91747
13153933  6271453
13461093  1318586
13463672  3067295
13466271  3737139
12706620  12707119
12707220  1180411
12714376  7569812
12717316  11126422
12717618  2750749
12718635  12649423
13158354  12417197
13164161  7022082
13166174  3956050
13167403  197769
13349514  13229930
13351003  2349652
13357002  8028957
13358857  1062861
11616667  11600408
11622849  1818962
11625342  73960
11626127  11614441
13631494  13627486
13633848  13612202
13635034  2972643
11626178  3533348
11627163  3430177
11634666  7170943
11637123  501943
11642018  1017067
12444976  940149
12445733  2025282
12449520  9500660
12455729  757675
12465046  7092404
11642503  11646533
11643341  7244813
11643505  949433
11646647  724086
11652499  1992486
13467243  2062242
13469188  1801549
13472932  593292
13476910  13460514
13382159  12963435
13382670  1195896
13389486  3126972
13392723  949433
13394234  9809682
12988510  3359638
12989697  395832
12991969  4348478
12993692  12993546
12994092  673240
12994092  3400200
13606561  2596455
13607947  2084992
13611142  1069103
13613913  5798206
13614014  13489262
13614300  2045550
13549299  9122000
13550837  13545871
13552352  13277538
13553052  54566
12661622  12423179
12662257  513832
12662257  995918
12663544  5309287
12664730  4773966
12668073  8187772
12998906  5221409
13401109  2227423
13401109  11163925
13401820  2200652
13406802  8055123
13407602  3860008
13408163  186656
13410780  605630
13001914  12573816
13002750  11370239
13003001  7886064
13003452  11666718
13141789  82256
13144444  1590994
13151264  2559527
13151264  13150897
11652680  6270004
11654371  11593568
11657096  1535631
11659068  464736
12469490  12469282
12471555  4565327
12473777  11914282
11660053  2368137
11664867  11237900
11665218  3664272
11395864  11395431
11397729  11346854
11401466  1418945
11412469  11367307
11415370  1132941
11415827  3437578
11420800  1797907
11424401  1200475
11424401  4421706
11425716  8052068
11429367  11927391
11435576  21593
11437598  6160928
11441013  11210269
11443621  2108467
11443621  5211961
11444657  6023941
11444943  1334286
11444943  9797726
11446129  11444719
11448751  2369793
11451023  4371757
11451023  9781467
11463684  181719
11464413  449241
11470572  3092865
11470879  4805818
11486148  5477134
11490142  13093499
11490992  2963260
11492714  1653649
11495422  949433
11495422  2902638
11496172  11502696
11499116  2311421
11500159  4506990
11500445  6828344
11500895  11494240
11509119  3598707
11511005  3074248
11511984  11865161
11513013  11222784
11514892  11373361
11518100  4742927
11520515  398395
11520515  2660633
11521494  11518422
11523380  2222142
11524452  3402859
11526631  11491177
11527703  8713241
11529196  981954
11529875  3577641
11531461  2346958
11534555  11534341
11536934  1453171
11536934  4283351
11537163  5208561
11543472  2615528
11544558  11545919
11548516  2647786
11550681  8255653
11552360  926916
11553839  7573900
11560041  1513587
11561906  3955658
11562699  1600962
11562699  7407286
11563885  152447
11566114  122102
11566600  1330066
11670213  2071321
11670213  6377339
11673906  625083
11675880  11673289
11572016  11570109
11573195  4921260
11573195  10583062
11573295  103155
11574195  952914
11574195  3046217
11576696  2950029
11581576  6776050
11686776  611304
11692190  2581049
11582512  831030
11582512  3788125
11583105  11010834
11587106  2889871
11589571  7078013
11589871  3076414
11693762  1700487
11694947  159521
11698206  11687806
11698857  8543449
11699827  330793
11594144  9313474
11596809  5730092
11599910  1296646
11600460  4754763
11602389  4235426
11603411  11594680
11704509  1723168
11708717  8443081
11713818  4846846
11715154  6913819
11603854  7346693
11606476  4396046
11606476  11651059
11606683  2973202
11612035  11611765
11625610  229446
11717926  6518314
11720519  11721322
11728422  401656
11731132  11685020
11734323  1385169
11735859  3674368
11736610  376278
11627139  341622
11631519  10777421
11632905  2568673
11632905  3221475
11635063  499126
11635063  1552567
11642601  2381544
11744300  11743257
11746491  2839988
11748563  11744573
11749114  11713171
11642715  11642550
11647531  9549595
11649903  986826
11753809  11753758
11757587  6060998
11761261  2628050
11651325  5371020
11651718  642602
11654576  887370
11657248  268321
11658084  850065
11766828  2882070
11768985  2530
11773814  4937491
11780366  8776484
11783423  2893267
11786731  5983709
11658477  11655953
11661578  4026479
11661578  10762096
11668780  11668375
12718788  513832
12720175  1100343
11791428  1748883
11799686  11195658
11801473  4266799
11807474  11775441
11809695  953918
11675389  11674473
11675439  2793150
11675982  11635325
11685235  663490
11685385  1606559
11812320  1567850
11814641  930313
11815228  11807401
11817198  6294985
11820142  4744169
12720758  2911844
12721328  12722780
12721911  3273993
12724651  1707663
12725557  2630013
12727897  11144834
12728063  10007029
11704505  959957
11705148  3009380
11705148  6523140
11708106  11702708
11711164  2142271
11711164  2699180
11712750  60174
11712750  213380
11825771  310641
11827560  8584795
11836467  4946456
11836954  11829233
12731088  4656387
12732892  12734124
12737002  8885201
11715215  6903335
11718409  10414828
11724732  10164597
11727883  7034942
11729598  1759987
11735821  166506
11838092  693637
11844908  8094557
11844991  2601620
11845727  43315
11848150  11319382
12738508  10097534
12738708  12719756
12742001  6343166
12743171  10290207
12745694  10431577
12746060  12256616
12748834  7109649
11737793  7408414
11747289  8034515
11750947  167743
11754012  1083701
11754012  1279301
11755534  11753341
11853130  2437144
11858397  4982983
11859246  1082655
11863175  4908328
11868021  10506618
11869742  2227734
11869742  6874867
12751944  8534274
12752310  6278817
12752314  3850312
12753097  11004252
11757363  7213825
11757363  8466473
11761786  3035462
11763329  4831324
11764308  11763362
11871714  11836345
11877132  11753828
11881074  3553200
12753331  12753086
12754135  9754170
11766716  11767469
11773525  7161247
11882661  4714273
11885169  1975461
11885169  11883575
11887792  7788363
11888226  3414289
12755539  1448393
12755539  12075993
12761236  3251702
12761670  5525636
12765031  5508922
12766401  1034885
11780027  252748
11782792  11780553
11788758  3076414
11789594  3318827
11794381  4154571
11893442  8028957
11898888  506518
11899007  11896455
11899009  54142
11798218  154136
11807092  175739
11808171  6524659
12773702  240178
12773702  2397141
12777914  11951815
12779990  1921421
12781156  239917
12781624  3033407
12782913  1114024
11902066  3486121
11902066  6974847
11903002  11902670
11907482  2385980
11909569  11891934
11909569  11909335
12783130  1354263
12784083  224966
12784215  12783646
11808821  10793614
11809114  3895478
11814287  120061
11816459  2356566
11819996  595946
11913347  2878136
11914900  116754
11919080  5197038
11921435  4049740
12786304  5370641
12788444  3586919
12789095  2592501
12789380  7748115
11822418  1320476
11823311  11793110
11823854  3296850
11839523  60174
11922537  3534449
11924660  3960323
11930425  227590
11941893  4708117
12790567  2246546
12791120  5860215
12791418  767999
11839809  7026566
11848354  3293650
11858800  8656547
11858800  8959435
11863180  4968267
12793975  7208444
12795949  12766910
12797421  8498869
12797434  835075
11946622  1716308
11947558  3597682
11950496  1468729
11957367  7254596
11957518  11957118
11867324  1211413
11870482  2535124
11870482  2784514
11875705  3110096
11875705  3632818
11876155  3050352
11884372  2364004
11884629  47981
12802016  1535327
12803952  2190737
12805373  2100490
12806913  12768581
12811274  3767309
11961226  11960863
11961562  525063
11967493  4471884
11971086  11954422
11975032  5111779
11983020  683211
12812108  2209817
12813295  5144314
12813780  11380555
12815286  493367
11986111  10414995
11988285  11986820
11888966  9816967
11893753  905355
11894475  1565600
11900541  93989
11900541  8856441
11904335  10460138
12820417  10753027
12821719  5047971
12824378  54142
12824378  1613230
12824642  6414520
11988334  1732348
11988334  3577641
11990308  4261133
11990591  949433
11994216  2320826
11994216  11993979
11904978  4644325
11907643  7773775
11907929  1564405
11909758  11909746
12827169  10830682
12827250  12826373
12829122  12573816
11911530  11563062
11912723  8439490
11912959  11179689
11995152  11954948
11999281  11999584
12001438  5135019
12004982  776807
12008239  12007875
11913259  11912729
11914545  9742842
11919768  11878179
12829522  7936610
12830628  795746
12832564  921262
12833921  854548
12834121  121203
12009126  12008203
12010813  1860159
12012985  3238433
12017599  12018561
12020758  72615
11920997  1276450
11921690  4948663
11922883  187583
11927749  4043647
11928635  11902526
12834385  1575278
12834504  12535855
12836525  206384
12836712  5021552
12839835  412101
12021009  12020275
12040680  4261133
12041516  588004
12842558  7642470
12843711  864153
12844817  7555564
12847408  12622598
11932729  72899
11932729  11753660
11933215  4314
11942482  112970
11946969  11947252
11951463  531292
12043135  11707824
12048632  46155
12056641  3657886
12058728  10286162
12848025  1619662
12848876  1353973
12855394  12761100
12059747  1763210
12062255  12061125
12064091  18932
12064178  6384102
11958415  1188129
11958708  995593
11959644  9245887
11968075  3357122
11970983  1793482
12856011  11214430
12856011  12854644
12859840  10062255
12862197  4295432
12862733  4445706
12862916  10652921
11972569  8075323
11973991  4858131
11974884  2520777
11982322  4407532
11982322  4935632
11986366  441196
12065965  4261133
12066699  2553354
12071096  4798919
12082675  8504615
12083798  1383048
12089514  4003232
12863933  2533589
12865086  7675492
12866758  2168370
12867860  1244953
12092086  10561579
12092171  10430860
12097851  688097
12100110  1393178
12953802  3391942
11986616  5182758
11989617  11965087
11996462  242841
11996462  7949504
12008001  4325633
12010552  4260467
12011059  7527212
12868328  11187382
12870536  2528318
12874412  1740830
12879947  12652598
12880445  8977502
12880445  11957455
12102597  12101826
12103031  6304290
12104939  2158395
12108347  220630
12953909  12949234
12955692  688276
12957703  12895609
12958925  798221
12960954  4374622
12880615  1782566
12880781  9720718
12881164  161738
12881351  12862104
12014453  3149192
12014860  1039725
12014860  3655893
12016725  967096
12016868  297938
12020805  541487
12114465  4357863
12119845  11413616
12123504  2172943
12127284  9111084
12962158  427479
12963519  12958457
12963830  2950029
12882202  4069982
12882317  68282
