12882670  9484295
12883270  12883853
12024956  6893285
12025199  2254720
12026978  2495289
12027714  4112686
12883389  12879359
12883857  10305631
12966838  12966285
12967588  9743121
12971625  12911054
12127833  6979524
12128603  8763362
12132983  1481612
12132983  5766006
12134134  7970660
12974215  8432800
12974276  2973202
12974276  7916381
12977159  4937033
12977602  8778836
12028357  4838546
12028843  2450954
12029336  130564
12032051  589870
12037288  1903094
12884610  6017778
12884857  2944244
12886980  11613176
12889456  9471263
12890192  166221
12136491  8982025
12139952  12139240
12140150  10820663
12145166  408820
12891226  2090551
12892379  4048204
12892847  12248465
12893315  8168931
12146166  11977102
12148125  42648
12150246  2694365
12151682  12149478
12978695  6376450
12979288  12978970
12982303  6439579
12985597  12916959
12985847  7618368
12987762  895470
12038746  1777820
12039646  8700482
12042461  4499073
12043247  5628121
12049006  7485088
12151933  5590203
12153356  12153146
12154926  8326272
12155811  2109756
12894987  12891006
12899548  8125263
12900016  4802494
12901488  7562565
12902190  12795595
12988448  12809721
12990184  920353
12990184  12990164
12991731  5501959
12992774  947489
12993153  1207962
12052614  12055417
12059502  3537434
12062653  12059888
12159070  3551795
12159255  9327218
12159255  10143093
12159821  12177198
13003801  12999663
13005322  6090589
12906385  12868079
12911112  1895106
12911733  3419606
12913720  477572
12914239  3591675
12914239  5465746
12916196  12180774
12916460  41244
12994128  278668
12994932  5941273
12995132  5853879
12995407  11627830
12996811  12989860
12160472  12153683
12164686  5612861
12165035  2693081
12169717  141525
12169717  1822350
12170115  750486
12066311  12056625
12068233  4672239
12073070  498970
12075864  1935274
12078679  10155951
12921578  8335813
12922293  12882546
12922310  4106363
12925488  4002847
12997204  3173547
12997897  522112
12997897  4236906
12998765  1822921
12998765  2843989
13001241  13000591
12171402  250271
12176018  12103448
12176031  2414117
13006107  12769982
13009017  41504
13009017  10004294
13009332  3185151
13010502  9610272
13015582  1539580
13020713  12690689
12091047  1127088
12096227  144344
12096627  10769193
12098985  436211
12928896  12928623
12929062  3605680
12930666  9815245
12931151  12506897
13021985  13013442
13022470  1195826
13022919  13005181
13023621  3860277
12176067  1509158
12177305  1361340
12187063  7636275
12188001  107693
13001866  1073336
13002427  9827715
13004342  11674115
13005292  227590
13005985  2736389
12101300  11913229
12106823  1709442
12108745  10762050
12110674  1394020
12118605  5916482
12938856  6029371
12939460  1470768
12941111  11269766
12941111  12530406
12941196  12925558
13023872  7980447
13025242  3288014
13025880  1090948
13032145  4300291
13006214  6917413
13006453  4055355
13011494  12854650
12190624  24886
12191458  810129
12197323  4311783
12197574  2301285
12202220  1666353
12202220  5389387
13012001  4580265
13014459  2382927
12941430  12722490
12941630  12941215
12944119  340624
12945008  11408289
13032930  4221333
13036089  3582126
13037359  1581763
12121570  4068559
12121570  12121376
12122692  7089284
12124421  5772531
12126386  6426779
12134138  2228772
13014545  2088944
13015931  3577641
13016413  1018080
13016413  2924433
12202305  1998386
12204275  814433
12205028  5854317
12208470  949433
12209993  10971365
12950220  8767166
12951190  12874604
12956972  4493001
12958776  4538321
13019600  7927211
13020157  120295
13021940  9812679
13021940  13007078
13043911  579597
13044364  9594943
13044511  6147288
13045498  1523163
12134974  4453887
12138132  10892884
12138282  3436559
12138511  12132253
12212401  3423754
12213771  4710107
12213771  12028811
12213971  5848598
12214222  6341024
12668523  12395200
12669260  2467723
12959197  187998
12963575  6162438
12963575  8570020
12967285  4597256
13022079  12902281
13024812  12858713
13027963  13006034
13028356  310108
13046019  12977924
13049978  7338584
13050263  4725194
13050729  4464892
12143891  5023520
12143934  610245
12145677  3226519
12146256  6439579
12146256  11250449
12146349  3126255
12970293  146381
12974322  3724970
12974973  2996049
13169586  1422652
13169943  1813853
13170820  2769510
13171054  308364
12215524  1210930
12218915  8353049
12221825  8710669
12227575  3012728
13051965  7487918
13052250  12573816
13053788  5999998
13055309  1132941
13029917  5582702
13034622  5952123
13041042  5229809
12979202  4182304
12981189  5804541
12981823  7734503
12985601  199333
12987256  11060504
12152958  11005746
12153594  5120343
12154094  2357001
12154094  5961023
12160210  7270360
12160446  3013823
13151681  8157006
13151681  8662460
13155893  3140189
13156594  11215035
13157297  7315127
12228492  1869812
12231236  1938990
12231600  1142727
12231634  8244453
13417187  13397733
13057781  2421782
13059338  198991
13065669  9414410
13065939  9528725
13066439  5031877
13175836  1577514
13177104  182372
13180741  737022
12160846  5078262
12163754  3808491
12165576  6396901
12171735  12172074
13066456  1643007
13068947  6715915
13069028  10905787
13069747  1636868
13477169  11868474
13477905  13477881
13479584  5473981
13046790  7545920
13047565  6799867
13047594  13046779
13047808  9618504
12988758  1704407
12988758  12121759
12989630  181050
12992034  2283374
13554617  13443863
13555158  2493585
13559025  2171081
13572708  10945643
13573108  9278470
13158969  311165
13163546  13012852
13163764  12832232
13171183  1410563
13171537  5746873
13173242  4841718
12233257  2426988
12234093  12234354
12236450  3765989
12236514  146576
12238522  606642
12238522  5868783
13421374  2923137
13421803  4584404
13423816  13311992
13639221  1192672
13639489  13646861
13616657  13569
13365877  6661257
13183145  4883822
13183213  4617538
13183524  1124265
13184485  13182459
13186089  14224476
13614083  12719859
13617707  288794
13623591  4301770
13624141  2473051
13624928  2978259
13625263  5257626
13639985  6253001
13645720  2692770
13649945  3356113
13650731  3299972
13650731  7103064
13651267  13643914
13651267  13646861
13652586  2182002
12175186  3634766
12176222  12176893
12177208  11946461
12177765  12180538
13070800  1294805
13073308  847185
13075365  12862733
13080209  11719454
13049348  11674312
13055746  3782245
13057822  336859
12992136  8426160
12993123  383947
12993123  761194
12993655  2400157
12993689  4483540
13059047  2967164
13059265  1050752
13060244  7056749
13062859  13028081
13366328  3108591
13374850  2241769
13375288  1137575
13381721  13397620
13383074  1217088
13383074  2259775
13387303  1133770
13391362  3403858
13392030  7784421
13392166  13382808
13392902  130794
13395493  4178647
13173392  11068686
13177586  108567
13184219  6615971
13187563  195149
13576416  4210710
13578981  2412402
13579860  13567887
13580253  3673998
13582023  3652090
13583502  2155930
13402075  693070
13402794  212528
13402896  13389055
13407240  2495606
13414877  253834
12242915  1483220
12248967  12238681
12249833  8187201
13615569  13615545
13619428  6925358
13622236  164194
13622236  9460260
13627351  356809
13081232  841447
13081566  46155
13085259  4704134
13086212  242813
13086212  3149192
13089956  6492028
13428419  13371797
13429462  13410502
13432772  1732348
13437584  4784171
13439324  6859018
13439958  247483
13445165  321299
13445999  938180
13449007  1336628
13449016  1295023
12995012  3358148
12997569  2740164
12997769  12997990
12999692  5484084
13000709  2661081
13065481  13061874
13066996  2999163
13067396  226977
13068543  12857910
13628923  949433
13631531  5361284
13632231  3280729
13632231  4071068
13638983  1898524
13640706  1732348
13640706  3577641
13640706  6270004
12177958  1789945
12188990  2357184
12201365  358700
12202894  1175096
12202894  4503135
12204230  5542763
13655011  6646162
13657551  13657079
13658002  9942923
13659223  871858
13661427  4274243
13001730  13001557
13002096  12492192
13003300  613572
13006057  3380252
13192373  60848
13192880  13189354
13197955  8644842
13480920  337704
13481054  2709821
13487072  495021
13487129  1335851
13487699  6168665
13489142  2951941
13415047  12423614
13415077  4857757
13418570  13418178
13422280  1994463
13200593  489522
13202674  12168734
13204239  7197919
13078453  10455775
13080618  2045491
13080618  9617082
13083065  10441183
13085587  1139957
13584538  2420066
13586905  3587557
13587882  3578685
13589947  5290089
13643526  5196971
13648095  676824
13648381  1306503
13649624  595946
13188768  2622777
13189235  3394503
13189385  3474547
13190890  1120706
13190989  13155700
13195787  12063849
13200949  204476
13202603  833032
13202603  12876293
13086430  4176328
13088238  5198276
13089149  11527824
13089149  12610660
13091335  8773579
12252477  12216601
12254749  307179
12254883  9175329
13452862  7734163
13456665  3754582
13458133  3577641
13460882  7531856
13007112  4941142
13008848  8840523
13014213  10484467
13017672  1264981
13018510  4576115
13662381  1892492
13662499  3820666
13663517  10711064
13663568  2261951
13091275  13090512
13094549  817216
13094783  5167157
13099329  13090398
13102371  2235374
13593655  4261133
13593964  12573816
13205941  204476
13207120  571694
13207320  1711990
13207320  2785612
13209919  13201363
13211289  13210152
13425441  9524809
13425709  3597480
13427228  8543167
13428798  13428639
13429853  6158324
12206945  25259
12208367  4542705
12209689  307179
12210196  5407250
13654197  69761
13656251  8170436
13656319  13639399
13661481  199333
13092271  1321228
13092271  10548319
13098773  2769371
13101581  3577641
13102742  2543034
13206297  2533476
13207683  5797014
13208688  12800101
13667443  2727020
13667447  13657168
13667494  961632
13667597  107405
13669333  13668311
13673596  60174
12256134  220231
12257170  4347015
12259963  11771513
12260529  2641347
12260680  108149
12260680  3226167
13462320  11296361
13462422  12573816
13464885  4261133
13019395  3542717
13020114  12734333
13020297  322749
13020297  4937402
13021969  8028957
13105145  1674307
13106832  13106681
13110876  12876333
13111348  1647735
13111348  3824143
13113905  12730244
13115741  7763131
13116611  13118023
13116628  9037500
13118434  13115616
13119370  8867134
13105057  10035954
13105486  478258
13107783  10218103
13595529  3623662
13598035  301134
13600614  4574912
13603115  676078
13606130  10488086
13673864  154469
13675000  11657100
13675182  1988451
13676736  1319903
13490271  2918713
13490407  982254
13490471  627364
13492043  949433
13496023  5525795
13430304  2251113
13431657  11812648
13432091  11764156
13433414  961963
13665947  806906
13667033  489255
13673717  3800551
13674921  3144610
13675389  8598599
12260850  3525003
12261635  8800397
12264460  10499290
12265209  416241
12265945  2980463
13466834  10911452
13469374  6819314
13470476  5829483
13470501  959063
13474586  3383817
13474854  4261133
13119719  4299183
13120721  12197503
13121121  2933399
13123244  5908731
13124416  399932
13023671  5251814
13023671  6323619
13028002  13027186
13033801  279170
13036192  3001836
13036192  11795522
13124499  3845900
13126822  13126263
13129196  13128922
13131451  995593
12211961  1884595
12212561  4358395
12217184  997482
13108962  13108785
13111541  2672900
13111541  2699086
13112077  13106687
13112652  11486553
13677204  1109022
13680947  10291922
13684424  21593
13688921  13687280
13691643  1047957
13694170  1413445
13503475  11815005
13507755  1525378
13507755  2021088
13508855  8165930
13511206  7520359
13512401  4059773
13512601  13512093
13513144  1056728
13515852  13515375
13677768  12840069
13683059  7780649
13685706  639514
13693305  13286086
13700232  1793800
13209573  5916900
13211614  6169217
13214104  3758023
13215839  187453
13132102  6260235
13137467  3595515
13137784  132799
13142834  13144005
13216108  2748459
13216844  456713
13217597  12998915
13036907  453388
13036907  3526485
13038128  3931657
13038779  233673
13038898  13038611
13040651  13038441
13043544  10170808
13045399  1691007
13048356  12535405
13606366  1189416
13607032  10340481
13609338  5005298
13610403  11200160
13613048  1912029
13516445  13439624
13523738  2210937
13524667  9619606
13527741  4782757
12221528  7122216
12221528  12006245
12221921  92720
12223786  8353049
12225522  4261133
13049445  5853913
13055461  740358
13056980  1519392
13059439  5506548
13113531  12154689
13115003  1583351
13120744  1770211
13121730  1691664
13122798  6718150
13124627  187453
13440566  13438104
13440600  2550774
13440932  5463781
13443106  266168
12265994  12265477
12268051  1760525
12268487  2803321
12273769  196390
12274118  2415954
13147227  1920558
13147880  13112257
13150488  7196172
13151724  6337431
13152109  13151485
13061660  11337142
13066757  10350797
13072739  4716526
13702154  13701260
13703115  1349740
13704065  13683639
13705162  986006
13708120  1195826
13127635  3911400
13127828  9814967
13128164  4436219
13128589  4368815
13613477  1019867
13618191  5210535
13620570  1797906
13621406  2048967
13622442  7535
13711621  279170
13712182  6143388
13713868  787001
13713868  2015308
13716901  13716692
13642092  7368262
13646371  4100969
13646821  12573816
13647172  7929612
13647172  11066503
12276641  2392075
12278162  12219387
12278164  346721
12280721  12280090
12282708  334658
13697860  13697573
13699264  13626094
13702625  151472
13705534  4228975
13529547  10042695
13530983  13527493
13531126  13530079
13531719  68485
13532991  13478460
13535570  2627473
13536642  6270004
13078738  3335203
13078789  4244896
13080814  10510128
13081363  1770795
13081682  1975128
12229602  12230542
12230752  6337897
12235382  12197815
12235768  2531085
12235911  2273280
13722853  13722395
13726593  8425817
13728240  3465490
13728976  6495030
13153496  9274027
13160195  11922383
13161384  8054039
13163805  1369361
13169721  5067492
13706083  2951997
13706552  1662909
13708959  5912036
13713104  11981270
12242663  12215749
12244699  11455590
13476394  8574365
13481699  13481367
13482074  1608108
13483614  646195
12247064  10908329
12248493  5842201
12254795  876473
12258839  5686735
13218115  13210956
13221523  2191316
13222123  12526054
13222859  2642182
13223864  3972854
13223864  10062875
13445446  9114166
13448420  13448152
13449841  13448250
13459031  1753028
13459031  9420722
13137999  12935646
13143054  3595515
13143054  6479694
13144433  1132941
13148270  13147356
13148420  7327994
13627022  6368618
13627022  13453517
13627715  1207150
13630266  4653224
13630523  4062819
13536708  4978787
13537778  704636
13539573  588004
13083401  471506
13085575  7199122
13086511  3022185
13170242  3452
13170927  1241178
13170993  13151566
13171927  3630086
13172714  12189288
13637584  8087602
13639056  9164839
13639613  8352390
13649543  13635812
13459916  1001538
13460618  6485705
13465132  3350385
13465600  2070669
13468808  8028957
13540143  50098
13543558  3289781
13549240  2296087
13549240  13542052
13651881  5522963
13651958  5547393
13653496  7619794
13653894  2140958
13657204  5108832
13660412  5095559
13149177  12781410
13156422  4176078
13158855  1652128
13159341  2660723
13720923  13717769
13722945  309424
13722949  1033282
13725722  4617034
13725722  12138298
13725739  6064956
12260904  12259821
12261747  12243370
12262740  9789723
13224732  8054989
13225118  1452777
13225918  7781302
13227539  8115280
13227790  146452
13086830  5335052
13088183  3709104
13089187  5587784
13089387  7950917
13089638  2094136
13649879  12846743
13654309  2639557
13655410  1833054
13655410  5216486
13656681  1883321
13657132  13656813
13175086  2860226
13175624  7572346
13176222  6513461
12287322  1326071
12289343  8466036
12289960  3820666
12474706  9720750
12476535  495021
12476535  3749099
13161520  1258310
13167386  13127589
13168415  8224748
13170219  5697899
13172402  2027935
13661175  13660942
13663590  24901
13664013  5813077
13667191  1641957
13669829  5636220
13671242  11148567
13674152  4848149
13682197  3423671
13551648  5809563
13553913  13552377
13555785  10842471
13660725  13656469
13661226  4308262
13664569  13664156
13729719  2482104
13730673  2359739
13731677  5498865
13731677  7266042
13732995  6249475
13744002  1970806
13744734  106770
13746406  419163
13747367  4443597
13729683  949433
13729683  13492043
13732224  1195826
13733427  4690737
13733810  173868
12265298  8700636
12268506  12218699
12271407  1851996
13179266  7819638
13187939  6698307
13188190  10032444
13189175  8755637
13089872  6218199
13092897  9693574
13093497  4894198
13095135  1370745
13096339  2427555
13097573  4191492
13476815  194852
13481695  6144513
13485337  1661949
13486307  13486470
13484107  1132941
13487724  6802362
13490591  1328223
13491868  2213551
13174756  1625234
13177457  1359318
13177550  514118
13178568  9123112
13229429  13223602
13235010  13236675
13236164  13234402
12291366  12291189
12294225  136168
12294225  2301789
12299620  12312102
12299720  8136099
13682833  432569
13682833  13682406
13683367  13681285
13685541  300522
13685541  1506963
13694742  9809682
13741048  2653214
13743702  13740692
13745442  8990195
13747596  2660355
13556162  4024704
13556219  13552044
13558691  5945538
13560906  4617220
13568553  44090
12271700  1188939
12271750  27509
12271750  2647867
12274408  1614147
12275251  767372
12276730  12276026
13098628  3935003
13098960  718554
13099832  13099714
13101653  956867
13190164  11333399
13191247  7398884
13193821  5752859
13193821  10369799
13195044  11408325
13196999  1136110
13752133  10992595
13752465  13871198
13758038  2410354
13490804  595872
13492306  5567711
13492893  5206466
13497203  201101
13497203  13477281
13497739  86292
13180379  119107
13182251  5590381
13183566  3773403
13183566  12389203
13184859  2915864
13185259  4437373
13493399  953035
13496437  225337
13497084  112433
13500824  2973202
13502223  5282936
13512183  3076414
13238100  13237031
13238385  2129269
12302949  3577641
12304600  12282890
12305855  566594
12311788  5719701
12311988  11207654
13568753  5914993
13569989  80646
13572497  13571338
13106665  3129001
