13107001  13015974
13108554  3679465
13108554  4069444
13110643  227236
13748332  2242000
13751207  2027255
13753883  710586
13756555  9847688
12277316  4257684
12280224  7531650
12285754  12284913
12286290  147181
12288355  1496096
12288812  11357085
13200124  798854
13201760  5496208
13205087  232053
13205253  2541545
13205253  5128806
13696437  210460
13696578  13702228
13697709  7862569
13699043  7643885
13667213  3553698
13668014  381542
13669349  13224362
13672543  3428536
13672893  12887629
13192347  2845599
13192347  8091051
13195491  155610
13195841  6593765
13198045  12446990
12313558  3000330
12313794  274892
12317789  54566
12318889  12315896
13502483  13502220
13512562  5715072
13516072  506456
13516072  1299694
13519965  322938
13520820  7857353
13758417  901115
13759953  154136
13769402  249984
13769427  13768326
13111864  123559
13111864  11705507
13114170  13071007
13116744  13036745
12321197  2419555
12321731  9550885
12324792  1262307
12326962  4419983
13206840  11252067
13208995  4396080
13210503  13205078
13212039  5023432
13213177  12696242
13213477  13213162
12328549  524658
12328549  3994033
12330891  6351805
12333363  6069237
12333665  8620109
12334050  3094866
13575482  914715
13577041  1019169
13577511  1930459
13582591  13570528
13759278  3993226
13760550  96428
13760550  1493407
13761253  13416066
13765094  13764687
13765162  351733
13769055  13736515
12293842  312443
12293842  1720421
12294128  2351308
12297000  12280745
12298222  1410877
12302559  136782
13516268  175091
13518506  4884071
13518599  13490963
13117331  13116764
13117412  13117106
13118433  8555320
13118833  8028957
13118833  12769982
13120654  13117488
13203193  1218905
13204890  2503376
13206294  12537456
13206426  56648
13206451  10683554
13679310  123559
13685262  290038
13685911  179605
13686047  859111
13238585  13236206
13238618  11656927
13241529  4595730
13247127  588004
13686897  9830905
13687334  1394797
13687398  2476876
13690691  3762183
13214862  2911822
13216349  11855517
13218408  2320608
13694200  11295495
13694335  6807397
13695421  1619259
13696257  9126811
13699715  845895
13585465  8295766
13587873  237104
13588407  5995916
13701723  610245
13701723  11304492
13702659  12692727
13702723  12446990
13704481  7605131
13708040  11013587
13700488  229937
13713190  401847
13713190  10957689
13716091  4344859
13716934  8771713
13248196  13193361
13249399  1285221
13249399  12588846
13250718  6817920
13250736  3213877
13521148  13521603
13523279  102558
13523824  13523505
13529665  10393462
13532469  8647716
13522756  881335
13523458  6542614
13527568  2582529
13530878  5141344
13530878  9093271
13538902  2680827
13122896  750486
13123194  1732348
13125168  12573816
13589509  3859
13592360  3274875
13596304  122607
13596304  7615540
13596638  11005036
13251272  4112686
13252693  1311507
13253544  5203325
13255765  60174
13533516  13581548
13533784  2585652
13533784  4226747
13535413  13472572
13536758  147181
13536758  2011664
13536817  1949066
13539089  13535283
13217122  4462415
13219169  13217964
13220416  1946426
13221777  812049
13220480  13218293
13222399  3422673
13222850  4026021
13224207  13222978
12336773  2427336
12341638  4531870
12342738  4068082
12345512  3906704
12345597  12345276
13772668  5648967
13774289  588004
13778901  9644212
13779938  11376149
12303202  2144697
12303702  1406175
12306853  1700081
12307682  612072
13781674  4303128
13782291  13782077
13782610  5297234
13540055  8236422
13540370  1641957
13540370  4223617
13540370  8412694
13540540  3069586
13771385  7225992
13771567  13769448
13772696  12790891
13708325  882344
13709661  13708940
13711434  5223
13711434  684672
13713020  13713506
13716714  3420004
13597138  6607033
13598876  93260
13605757  8253245
13607736  13593622
13616617  750486
13616987  7798829
13541859  13540995
13545169  294138
13545237  2611246
13718106  140131
13724688  13716713
13728425  3844010
13729368  1018401
13256352  3829167
13258959  8356797
13126185  208051
13126487  8908050
13126687  1047319
13126887  383686
13224522  505251
13225845  9356904
13231323  7145814
13232312  10645983
13225303  338206
13226575  3477741
12308425  4060004
12308475  8581969
12309761  1939
12319221  2554909
12322086  5967581
13784550  10693845
13786189  13665396
13789980  13788574
12323558  12371279
12335190  12087885
12335533  4076635
13722779  3197187
13728095  13721050
13729567  318630
13731018  5529788
13731054  122208
13617087  4035742
13619402  3804292
13619459  132620
13621240  12573816
13541034  10336392
13541770  13533701
13541965  13310566
13773121  8780646
13774243  7768694
13775890  390900
13779030  13778947
12346184  12345466
12351062  3414834
12351313  9052661
12355342  3870086
13546637  1160880
13548828  4241768
13553108  2942251
13557937  13522773
13560141  3654295
13783460  5853927
13785407  109710
13787293  60174
13788229  8136677
12338884  1172553
12341499  532459
12342185  41424
12342185  307291
12343864  12343867
12348551  334630
12352345  2513174
13546718  2314652
13546884  7662784
13553236  13552205
13565727  13551556
13565961  2394017
13226907  10271020
13227111  13207945
13227704  6346674
13233931  1900189
13237256  3020508
13239513  11621917
13241000  2874078
12353881  7972723
12354517  12353953
12355460  183353
12360476  190759
13790583  13014952
13795663  12481698
13797468  13796795
12355442  3204245
12355827  12330650
12357414  3559542
13128461  1151582
13131299  3121734
13133609  2272179
13622433  3041154
13624205  7521616
13625275  1601151
13635973  12886362
13637909  2925054
13639145  7609656
13639145  10635113
13730231  5444999
13731340  13730227
13732312  5283047
13735184  13734981
13736247  392464
13266916  684200
13269523  3793838
13270724  694102
13274468  13270689
13565970  5675070
13567042  1906053
13569807  2923546
13571118  12900138
13576700  54566
13562668  312576
13564455  9644663
13567029  1758142
13567029  12953127
13567212  7615922
13572475  4261133
13572475  5676945
13228111  4120592
13229890  2183680
13232366  12413610
13232784  276807
13232784  4138649
13237421  4550505
12365070  252489
12366135  12350638
12367278  730268
12367471  1520800
12382304  8623284
13798353  4614114
13809218  841555
13809218  2295290
13811826  1614723
13818995  9288904
13246214  393479
13248173  588004
13253751  6839943
13254102  3838845
13256074  6821184
13138872  1238629
13142433  1757260
13142867  3737139
13142867  11504335
13143752  13143380
13147109  13142977
13640217  1525535
13641787  12191713
13641830  7386191
13644402  1977934
13649284  13571263
13654957  7170021
13577061  9380186
13578206  2377875
13578563  75677
13580367  4810868
13585860  13585348
13573228  5210535
13573998  13571203
13577806  12382558
13578159  180370
13580784  6270004
13788279  12796973
13789076  22358
13789076  9595507
13793045  3376666
13795674  784417
13797389  3222013
13256746  306313
13260305  280389
13260905  8358135
13261390  6070805
13261890  13261677
12358314  12357294
12361960  1286301
12365602  1296085
12365602  3749231
12366623  6040914
13736854  13736181
13738219  13732331
13744342  13738169
13745573  81406
13147279  4548699
13152427  1716296
13153010  8021436
12382654  1614481
12385119  4518995
12391971  4034
12405875  1056728
12409926  12424663
13821332  1819561
13821586  9773733
13825144  60174
13826897  2784262
13826897  4670137
13655198  823935
13656429  610995
13659637  10218442
13660078  5045782
13662286  653380
13663788  10296259
13262977  10848
13265670  9616822
13266072  536370
13267706  6678097
13238582  3737139
13240829  7269399
13241701  1732348
13246138  11646546
13249010  13246459
13749022  7571
13750194  13643902
13753695  401656
13754204  13752726
13754838  847185
13249103  1537223
13252579  249312
13253115  10870094
13254133  178479
13255562  13253556
12367676  82644
12368910  4459379
12370133  2702695
12371033  1240852
12371503  6079312
13666053  13665947
13666630  10252431
13666796  13662812
13666823  4706153
13275421  5999118
13276625  3166265
13276875  2486474
13278093  6438086
13280501  2062051
13587498  12573816
13589327  13517593
13590029  3572220
13593582  2269307
13596547  12758561
13597526  4421706
13755876  13753436
13756433  8442363
13758782  2032818
13763698  3065809
13764391  4961151
13601568  9027403
13612221  5290241
13614195  13613780
13619918  12577879
13629112  4765269
13581099  1732680
13584260  1186450
13584260  13582836
13586498  13585860
13594352  5210535
13594871  13593777
13270116  13261074
13272086  4068373
13272322  8171865
13595875  69913
13599215  9715582
13602308  1172931
13606286  13583842
13157805  10853630
13159192  4035760
13161502  1621499
13161532  403967
13668695  12369204
13670867  134099
13672205  11922383
13255923  6245735
13257716  5296402
13258009  4483540
13258706  159521
13258813  5995210
13797775  4308734
13798993  10598070
13803766  13801175
13810089  8103999
13278804  8567114
13283033  618769
13285375  2084830
13286177  13285770
13830627  3927
13831814  215497
13832245  10640316
13837762  1119289
12411105  12408742
12414606  2973202
12422587  12421716
12425245  12414323
12427174  12413346
12427967  897025
13843345  3893858
13843646  13838405
13844131  818567
13846050  384471
13846403  154136
13846403  923822
13847272  1912902
13634158  12137926
13638404  9435703
13640076  13642175
13641671  452902
13642616  519860
13847336  492384
13849811  1211792
13851752  326390
13853538  1782743
13853756  2092149
13163604  2872287
13171645  13153093
13172062  1180910
13172062  1238881
13175053  1795407
12374926  12331459
12377234  1748641
12377634  4261133
12378506  3661545
12378506  12135518
12378991  6925088
12384337  10425734
13645449  879
13646526  126756
13648657  8521475
13649164  10335837
13650904  4950331
13652006  2709821
13653537  13648117
13673175  205555
13673884  1001307
13673977  1911382
13678364  506601
13684580  5603101
12429439  7427286
12432097  12428560
12432197  7108429
12434912  11490604
12435448  1149118
12436384  10668504
13855159  28395
13860976  1904351
13863333  5378622
13867391  13829563
13287328  7510123
13290755  9050190
13291121  11356901
13292493  137868
13607405  13513525
13609660  13487437
13609779  561474
13611502  2662778
13258920  481076
13264279  5683026
13265522  4222279
13268287  224689
12440221  949433
12443536  1182189
12446794  7740646
12447237  7022383
13876551  367786
13880577  7304257
13882299  7778392
13882299  9380594
13887498  1026584
13282441  1663684
13282874  5767129
13287218  9934570
13767365  4624924
13770280  769319
13772043  13772791
13773188  1080026
13177244  2087103
13178397  202148
13178397  1377279
13178797  13169602
13179282  5226285
13776989  13691943
13781310  2846337
13784813  13780123
13296786  1649435
13297507  13347692
13297758  12838118
13302587  5727463
13303287  4690737
13686779  63166
13687845  3757442
13689194  9895450
13691087  5902090
13814194  12528365
13819424  4897215
13827312  8028957
13828902  13792576
13831642  477816
13832042  2973202
13832592  804428
13832592  9286861
13835536  274586
13835786  248693
13785290  8645166
13787528  8485932
13793780  123758
13793971  1267869
13794178  91846
13794178  2481685
13691530  13688178
13693561  944610
13697882  5552555
13698484  6824188
13706029  12443110
13711979  5951464
13713117  840501
13717304  232691
13717304  1208644
13718738  563406
13719267  4737130
12396669  11753851
12399513  7204365
12399647  5566775
12408488  7916460
12410909  6539879
13288422  6468674
13291065  11111917
13294324  4748344
13294341  6932339
13296213  207002
13655014  814739
13657890  2457656
13660791  12900539
13299203  5564830
13299404  13299787
13303866  5402835
13315430  13248570
13316048  13315678
13317519  8056188
13732740  905352
13741714  4261133
13743922  11621846
13745358  13744116
13750574  13665396
13613187  456713
13615510  1967119
13615510  2159251
13794873  4675728
13795114  3252845
13795916  8120160
13797279  12529682
13799017  13649019
13802661  13787649
13805203  13130708
12447473  1752194
12447473  12447799
12449438  38502
12449452  12448545
12450624  1101380
13888902  3470895
13890992  6125661
13891927  346531
13893732  3383367
13895067  862940
13181873  1962629
13184698  551901
13188476  13084619
13189161  102605
13190097  310870
13190097  444170
13304676  676078
13305412  4838828
13306131  1046628
13309454  2185320
13311262  13286882
13273828  13272727
13276568  5416414
13279844  13279499
13895535  9957544
13896421  9495360
13901338  138313
13901602  7678844
13719367  123559
13719367  2113908
13722711  5603195
13723754  10457743
13724513  541765
13730363  295104
13730363  653536
13619871  13582236
13619875  1475808
13621160  4837399
13625206  13623130
13625891  4118150
13626142  3889526
13190429  11829265
13192067  4038479
13192186  12489582
13662493  13662267
13662897  2801508
13663429  13203875
13667450  13630792
13842220  4912092
13846564  13756641
13846725  976669
13849640  279170
13669381  1312922
13669645  13669201
13669956  13663984
13193071  11054893
13195726  826948
13196564  13196491
13200440  1116720
13200440  13033592
13279912  3629174
13287450  188693
13302090  12633588
13303319  4172722
13313249  3754411
13316627  8825681
13320101  3512507
13321824  10458994
13336247  6010790
13731899  351495
13733014  60174
13735786  7890685
13737115  13366083
13737417  13732705
13853034  13852540
13853184  7027288
13853809  6238139
13854009  13853286
13854120  13854147
13318724  3042694
13318924  3712678
13321681  13065593
13321731  13312411
12411479  2695746
12411660  3760276
12418731  7517252
12419984  2469222
12421990  952906
12423528  1320745
12423528  2869222
13672219  7735159
13673096  6052337
13673389  6549117
13678848  1170383
13681188  739532
13684128  138422
13805910  855493
13807582  6951483
13808320  12519374
13819773  785769
13819773  4175726
13823194  2295290
12453939  562303
12454332  9247908
12455754  123559
12460241  10429829
12461077  3133318
13903359  4529562
13903692  12894078
13904713  20346
13905313  168214
13202495  311103
13207609  821516
13209383  3115559
13213042  12756324
13336328  767372
13336862  9450864
13339321  476276
13352389  8319910
13354346  11918601
13738024  9612398
13738996  1051379
13740732  12003127
13742038  8028957
13357369  459312
13359226  3710204
13365427  5182100
13304980  9366291
13308481  1799370
13308792  798545
13314965  11324850
13315726  6441018
13629099  623698
13630184  2202331
13634396  13633901
13635732  5160216
13635732  12308659
13638072  10876910
12426972  4125821
12432935  2710621
12432935  2876909
12434609  2125779
12438351  4270541
13857460  739654
13858621  1658294
13859250  12135518
13860586  194852
13860586  451415
13862569  13862125
13684289  2743647
13685732  826398
13686668  12775265
13323135  9666909
13324539  13324178
13325726  971459
13325726  4497825
13326326  5611483
13326326  12873951
12463985  9524032
12471473  12199127
12472959  12472912
12479511  292137
12486370  10342939
13907954  13857471
13912652  12338092
13917931  9872089
13919603  13915865
13214897  2552192
13215046  13214567
13215463  8064629
13216182  3943182
13216416  13216041
13371009  2209513
13371043  10932758
13374568  663034
13382756  11515647
13743974  12751891
13745712  574691
13747377  7513247
13753627  4909228
13753834  13735847
13319295  1908222
13324175  13322934
13325179  3422370
13753963  2813241
13754470  2973202
13756342  10174156
13867917  4261133
13868967  1618141
13869853  7084375
13872368  5419863
13757680  11381673
13758509  5345152
13764230  1912029
13764230  3801178
13764230  8028957
13874869  1102891
13879463  4259222
13882178  2907806
13883400  13881070
13824053  1577014
13824787  3089500
13830503  5717093
13834690  11791806
12488435  967402
12491293  530526
12493129  2261624
12494294  12494118
12501996  3142665
13750674  13553149
13751995  2118656
13752646  199761
13689399  2441203
13689978  1086297
13698534  12287704
13701099  6267735
13919803  2236182
13923965  3436146
13927573  4494745
13929695  13341024
13936583  13935413
13330920  818828
13330927  13330348
13331520  643906
13349954  2674703
13349954  6879617
13352269  8912256
13216752  13207744
13219126  4691782
13219526  13218477
13359289  9626469
13362097  13361554
13371882  8028957
13764789  473782
13766202  13765841
13768769  308122
13769210  3776195
13384613  953146
13390342  10565836
13392899  258757
13938788  1489624
13943200  7302384
13944353  2864840
13944990  3446216
13645760  13644077
13648466  2538551
13649521  1606679
13327280  550446
13327565  9109438
13328334  13328087
13331777  13331139
13331827  507247
13331827  571439
13331841  5168145
12507762  7874727
12507948  4604414
12509284  6577430
12510627  2779002
12513385  9079037
13222385  13221251
13222500  2708894
13223938  2032826
13225125  7975802
13225661  499126
12438968  2687866
12446692  12434809
12446875  456713
12446875  495021
13769848  2490888
13771318  7880658
13776698  6755192
13777834  13758396
13780499  13780031
13945071  383631
13947662  983586
13947862  381542
13949084  2218999
13373779  10301907
13378055  7114087
13384357  513832
13387365  11255420
13227882  2424346
13229988  909218
13232494  1058135
13233664  8790079
13885790  681228
13886926  1302525
13891177  5709698
13891270  232732
13891938  8190956
13845088  13838947
13845445  13834565
13846079  6566512
13848260  818255
13851202  326390
13851202  13850989
13852138  11740626
13853233  13850501
13650925  887044
13656056  12063266
13658932  1954426
13660736  13646583
13661319  11614162
13661353  1469549
12515586  7073510
12516986  12446990
12521602  49274
12523917  1011863
12524610  12355707
13753182  13605271
13753731  2347260
13755889  624367
13755889  736227
13757490  13757239
13394588  13392512
13397181  3510964
13400002  8710185
13702010  1818587
13706515  4055618
13709255  1623734
13709255  5231351
13710561  1638337
13714973  6839500
13949952  9009872
13954517  689677
13388551  10188373
13391227  533905
13391534  7937794
13394742  6414369
13395989  1703882
13782516  55013
13784986  979756
13790104  13790474
13795318  3287114
13955082  13882215
13957154  11211286
13957525  2062440
13958494  7383803
