14087610  6951090
14298758  8439685
14299894  14305083
14303256  14240013
14304191  5183251
14305727  1544317
13868667  2745265
13870782  2969762
13873565  13248581
13768481  2197645
13769834  7767218
13773693  13770770
12791524  2233292
12791531  453870
12794818  12049101
12795225  1397737
12795818  5802729
13941266  13588149
14305778  14356356
14305995  9247958
14306013  1225667
14306013  14220321
13774833  169925
13774948  5601904
13776467  182197
13778977  593419
13781432  2649544
13782270  3028306
13782270  5025652
14108699  279170
14112988  11023189
14115560  5307416
13796090  210029
13796090  6742720
13797926  8686635
13799598  13743702
13799598  13798584
13809173  7683359
13814240  8952622
14307867  1522990
14308468  4229029
14308468  12008252
14309135  1320476
14163819  3884242
14165062  5743177
14168908  8028957
14168908  12769982
13560001  5950155
13560601  1503893
13560601  4460586
13564145  1132941
13900694  2719350
13902579  2438828
13902983  5680831
13902983  8028957
13875680  8028957
13879563  8554292
13816346  13816063
13818803  615355
13818967  10892858
13822011  13767850
13822777  3899777
12729432  5644459
12730417  12744194
12732723  12730493
13885247  1253226
13885261  10555603
13887669  8133182
14089028  7989020
14089964  3418754
14094644  3494593
14310390  3236115
14312948  11925523
14313751  2680607
14313833  3627107
14171237  1565304
14172314  13785250
14175115  14171868
14176353  11491957
12798812  4541952
12799712  576802
12800048  11531778
12800405  3335350
12800448  1613896
13782619  2329168
13783989  4261133
13784657  115773
13785610  13784564
12735482  2020088
12736167  5172183
12739026  920353
13905221  2385909
13906323  4421706
13906710  13869533
13910016  5762611
13910501  6007219
13944006  2614101
13945312  13945190
13945503  13834846
13950158  739654
14120040  12142737
14120340  5997027
14120340  11950819
14121210  3379306
14121303  4247002
14121303  5972207
13822864  4774746
13825972  574195
13826808  13820280
13831735  13817094
13833558  653536
13887712  4729031
13891706  4907683
13891706  5064027
13893060  2790346
13894489  12376897
12801784  2360794
12803213  7056749
13894528  2009694
13895157  12719859
13896475  3247861
13896893  4261133
14316088  2829329
14319499  14302025
14319781  194579
14180640  554273
14180974  14171671
14185854  105676
14186849  449827
12805378  6027398
12806700  6285301
14323376  5265202
14324261  236861
14326302  14320343
14332382  12510849
14036857  254291
14038344  8426518
14038344  13139430
14040252  290254
14041252  14040229
14042187  1604319
14043024  2318126
13786414  5709590
13787767  526556
13789235  31875
13789639  13783664
13789856  13789183
13836266  10462223
13842197  13803072
13844390  886955
13845141  1208029
14123482  6906494
14124318  2038535
14124318  7539551
14126990  6270004
14129691  11179154
14129691  14096814
13952621  3691461
13953323  3864959
13954136  2996058
13955063  6714196
14135207  3655104
14135207  7905432
14135380  323604
14137079  4712242
14137152  14133943
13958807  6154050
13963896  5725099
13964398  254291
13564463  13573352
13565267  501886
13912041  13523931
13912858  4830535
13918159  3353699
13920346  61535
13899276  4716680
13899369  7130232
13901952  777767
13904274  11886123
13905717  589575
13905717  4329777
14188419  1245782
14190900  11734861
14193835  3506796
12809072  4543500
12810458  5579559
12814445  6203857
12815531  3076414
12816860  2402739
12817946  10394739
14338534  12514447
14339756  1232966
14340688  342409
14346622  8055389
13907507  12922202
13908232  9508518
13909436  2435964
13910104  13910966
14350201  9393676
14351856  1846599
14354527  11865188
14355145  11548390
14357135  2504071
14359658  1652128
13792715  1321122
13794417  13794693
13804547  1678205
13808104  5078239
13845290  462270
13847413  13846527
13848649  318144
13849049  7597797
13566450  510012
13566736  13567217
13569926  1991346
13576313  5921609
13579453  13578696
13964530  2039416
13965457  5854456
13967172  13966762
13973949  1494342
12739275  588004
12739777  6658284
12741500  3553200
12743072  234231
12743072  12741731
14048554  1293496
14049040  1227259
14049276  6348962
14138951  137660
14139996  14064998
14141323  3775721
14142459  2605032
14361148  9931706
14362598  8021436
14362598  9215237
14364288  1726630
14364288  11832914
13975762  306313
13975762  11476190
13977298  2805427
13979327  875132
13979965  13979418
12744757  2546016
12746327  3577641
12747616  5540886
12747665  6482268
12748552  6319409
14100392  14100168
14100660  14067539
14102625  5489502
14103386  2568966
14104340  1650715
13921499  6914248
13922835  3093899
13926898  13912735
13916188  1213576
13916992  6138127
13917617  6646052
13919514  1225667
13922833  241789
14197009  1218933
14198481  6136240
14198586  4845228
12818539  2726920
12819975  125394
12821397  51438
12821454  12817299
14201489  14185056
14203202  385975
14206776  11680406
14207339  2121970
14207739  4994313
14209477  2919745
12821733  106508
12821733  8706192
12822083  6972368
12825234  12660219
12831114  9163456
13850891  4938875
13851793  8547487
13853680  244506
13854014  768923
13858643  223983
13811984  312443
13812516  2204698
13815277  3193997
13816881  13816063
13819170  12446990
14365892  2674011
14367346  1078677
14369554  4862178
14369921  4217616
13862804  7445032
13874570  13860583
13878214  13866839
13880071  593996
13923726  5489162
13923969  210643
13926491  2047146
13824433  6314733
13828577  13824721
13829381  13390401
13830666  2459026
12748986  3923826
12751960  5784895
12755104  6019627
13929767  10831578
13931164  11915903
13932661  1403820
13933686  5602463
13933822  279170
13940731  2607595
13581708  3666771
13587392  13584949
13593025  1719087
13593093  7552660
13593340  591853
14144074  899209
14145369  14126882
14147939  9415884
14151549  14138011
14109109  14108067
14110070  12765699
14110088  3311903
14110088  4685173
14110488  1762539
14110956  54585
14211156  14202442
14215300  339089
14217572  14091259
14227359  1066933
14227566  6904001
14228161  9977968
12831393  12831162
12833858  3280828
12834022  858181
12834022  1894792
12834515  4802007
12834958  12235872
13979999  2682016
13979999  3430909
13980799  949433
13982846  13982588
14370039  1674032
14370857  3602827
14371690  2633801
14374098  12575807
14374834  7331753
14375383  12475269
14375383  14220321
13881307  4685737
13881907  7861095
13885987  1554099
13887174  2490686
13887923  1292480
14229231  12065498
14234811  5115152
14248281  13588342
14256439  14273582
13830683  13800621
13834780  10174412
13837401  5391069
13837720  11519691
13941256  377203
13945318  8939136
13945722  1200295
13946415  4279435
12835151  1090553
12835344  4407300
12839731  12817879
12841267  815471
12842832  1295618
14152621  4194207
14153898  5082345
14155970  4702814
14156772  409784
14157978  12656200
13216539  13210956
13221594  13221757
13229682  5611724
13230409  7891526
13231545  13227789
13927851  7131909
13933080  8000978
13940602  4568645
13941219  8602336
13941219  13772567
13947269  12548614
13947873  4460586
13947873  11295437
13948158  820219
13948490  277224
13948622  7203860
14113503  6191801
14113503  14113315
14115904  4261133
12844568  3590646
12844711  10426671
12845747  4682709
12850270  7781302
13598705  13578388
13599828  4820816
13606647  5105244
13608452  668907
13614182  12973773
12756438  614671
12756625  12756514
14376605  3173825
14378928  865586
14378928  4468173
14380399  204505
14382604  1580647
14383275  14368680
13232090  1531093
13232149  12573816
13232915  12253042
13234821  2892729
13890497  13268385
13894975  6150540
13895311  13324649
13895377  960213
13838890  8028957
13838992  10834796
13839975  9488675
13840128  13839912
13841179  5517255
13946740  200574
13948412  6264514
13948412  12769982
13952245  4046708
13953224  11115265
13956350  5473981
14262298  5687083
14263198  9420722
14263598  1975128
14264400  12994595
14264400  13058458
14264534  2160788
13241807  9745263
13247466  612131
13250329  4835269
13251499  9894013
13962902  346980
13963677  2306972
13969336  6225816
13969336  12417435
13972951  4339028
13973437  12375831
13973530  4351370
13987662  5582478
13987687  2201917
13987687  2643385
13990466  13987606
13991806  13868128
13614749  9508518
13615285  4979738
13618730  129677
13624960  13624599
12756674  11371972
12759767  12759518
12760954  12758610
13627418  2834573
13632919  13366293
13634256  279170
14049526  12311467
14052633  1143262
14053120  13698094
14053320  246859
14055256  5726729
13841264  3711922
13844438  4029404
13844472  13725945
13844804  207000
13849250  164194
13898936  10135914
13900191  621976
13900493  2387724
13902114  8028957
13902365  2380019
13902365  11808804
14158137  8278248
14159671  2124339
14159671  4421681
14161488  565997
14162788  4387419
12856000  12854195
12858072  8879082
12858158  12855675
12858158  12858680
12858601  46155
14271152  14300581
14271679  737022
14271679  2405771
14274394  7578115
14274589  7202235
14275823  1538681
12859008  3786825
12863638  526524
12864467  10142367
12865367  3836215
14278976  9655039
14279410  17170
14280948  9620586
14283520  3730019
14391414  12437731
14391428  473282
14393032  3462473
14396294  1084114
13975266  4590298
13975334  9186780
13979210  2973202
13980414  2246579
13949392  12390252
13954021  6547933
13957748  632725
13960658  6511999
13960709  1601365
13991831  6270792
13992397  13979943
13992967  507179
13992976  699041
13252903  3144610
13254043  56974
13254218  1801549
13261463  10526007
14118158  860187
14118376  9651406
14120609  3890610
14122856  690599
14122856  9541776
13850437  68282
13853879  4014156
13857325  3829483
13857674  168214
14287457  7144811
14287591  14260539
14288727  4162749
14288727  4526459
14294043  8859491
13905137  2201522
13906007  687998
13906609  3372380
13907930  6293016
13911538  6901991
13915031  5187300
12762575  1116123
12763411  5676945
12763928  10763516
13637664  3791265
13639268  13638807
13640522  275836
13641675  13627720
14055292  14053564
14055941  7086342
14056128  1798523
14059200  5774813
14059386  8028957
13985094  13697974
13992739  2330620
13992918  13995163
13996926  13995939
13997769  3476642
12867589  7056749
12868911  12233968
12869168  872565
12869847  8238997
12870547  5208203
12870547  12872613
13915318  12847541
13915333  11584599
13916418  3572480
13866264  3144711
13866851  13622677
13872850  4278432
14401792  173400
14402391  3255311
14402996  14404607
12871026  2212602
12874734  2868884
12880357  614671
12881179  381244
14163224  1451021
14164396  1570262
14174513  182287
14175685  2263272
14176885  4857896
13960939  8427107
13961743  13957951
13964636  9508518
13966674  7765810
13993601  9885198
13994703  4660142
13994971  344068
13996750  576169
13997111  12520658
13641893  9844568
13645551  161790
13648610  13642153
13649364  8055694
13654558  2416748
13657269  13626313
12764228  3059333
12765864  2230871
12766436  2776829
12770629  10789334
13916820  5226311
13917256  104516
13917405  13848059
13917839  1777864
13919292  54585
14297853  2019417
14299825  924394
14304605  1515069
14304605  2518421
14306282  14305989
13874488  618535
13874654  799314
13877096  13861339
13877581  6526874
13878215  10575544
13997779  5259714
13998213  5713837
13878883  5284898
13878883  11694546
13881355  5963158
13882627  3820666
13885499  13884968
13887120  998425
13887120  1358400
14306784  10522008
14306811  9469235
14307720  1131908
13999817  4611897
14000421  13996396
14000719  12354105
14003004  298725
14005340  816370
13998305  11004940
13999491  1212344
14403060  7520971
14409680  676721
14409680  3917243
14409897  2282629
14009752  5866898
14009752  8969292
14011649  7477589
14013623  4245540
14016197  11501537
14018546  6958841
14019473  12564077
14122863  13539253
14126868  9033825
14130419  14096002
13968142  6140223
13968780  39276
13968861  10155940
13972775  4075991
13973158  8281824
13973324  3236353
14059835  4261133
14059835  12769982
14062680  60174
14065402  7417430
14065687  12395200
14071317  2370288
14077919  13694753
14079091  1717700
14410365  14220321
14413223  695980
14413223  2375943
12882858  1528298
12883451  12883172
12884687  8028957
12512210  9352932
12512853  1917666
12515861  11798951
12517547  7202616
12524492  994488
12525035  7347494
12528579  1109022
12530408  7424647
12534109  11823341
12534495  12537228
12535531  10921941
12536031  12430718
12539039  2711032
12539861  12452810
12540847  11674312
12541011  4859734
12543462  6787494
12544055  7089
12547956  1330123
12550228  8028957
12550607  1008781
12551843  12550986
12557023  2693683
12557509  513832
12558509  12145379
12559924  10208985
12560274  12398819
12561810  148298
12561810  10656419
12563282  6678403
12563375  7649903
12564468  5574434
12566333  5342345
12569984  12536645
12572006  12571290
12572999  2575048
12572999  9072688
12573478  1731384
12575414  12537612
12580187  1568091
12586146  12550995
12587939  134099
12591469  1001307
12591683  406361
12595370  5381446
12598528  8028957
12598535  12448977
12599371  1470488
12599371  5455445
12601386  190771
12601386  12601354
12674626  12672932
12674676  2521959
12603115  2419346
12604794  228200
12604944  12446990
12609117  1077600
12678033  12677489
12678169  10868171
12678533  9611596
12680106  12675864
12610010  9015317
12611739  1156159
12612425  6158598
12614397  5231540
12616069  113989
12681428  4035742
12682778  12663971
12683600  3184284
12683600  3577641
12616576  8803674
12619677  2190808
12619713  12577381
12622621  11993806
12683899  642154
12688679  12552759
12689580  3246137
12692973  4933958
12693509  2011011
12696467  3860305
12696703  4732544
12699039  6002203
12700326  11736530
12703184  12495792
12704691  8586141
12707950  1278144
12708150  12674334
12710422  2461522
12712144  12692854
12713530  3319123
12718210  2897619
12719296  357170
12770865  313478
12772235  8707967
12773271  7545920
12725948  12715393
12726033  120228
12728356  906499
12728406  1733073
12729827  257288
12773386  6055347
12779538  7701771
12780040  273516
12781040  6312478
12730292  1716609
12730713  4302090
12731113  7144475
12731313  2326125
12782195  237104
12786941  156755
12789598  10752394
12789883  9210528
12790198  10828294
12734722  3404618
12734971  12491046
12738916  4717789
12739787  12733888
12742124  5274343
12792006  6323619
12793406  4804674
12793406  12454408
12798288  3679263
12799107  3974985
12742646  12638010
12745403  7918806
12746404  784929
12749262  392630
12800596  12705491
12800679  2040560
12800679  12795088
12800996  8406400
12749512  3744706
12751384  11498492
12753091  12715889
12755163  3644748
12885030  4691782
12886745  2628050
12801145  12790953
12801196  8152574
12801281  12802015
12801666  8020842
12889817  3669239
12891825  7141860
12757536  6101204
12758236  12185406
12760057  391803
12762316  7056749
12765074  8771981
12765623  7397724
12803651  772763
12804002  12410187
12806676  2941552
12807095  11736530
12811441  12811144
12812662  646317
12814049  2784514
12814483  12629365
12814849  2697438
12767896  60174
12767946  4355721
12771689  12769982
12771775  8530367
12772576  12573816
12772726  11702051
12892325  12890226
12893754  6108787
12894640  7082336
12894783  11427067
12897705  2846516
12898734  12184015
12902178  7757626
12623064  3495609
12625629  3591942
12626929  3280729
12773076  12762835
12773411  2201227
12818193  4438654
12822807  725043
12824107  3448195
12627208  12626231
12627565  122107
12629773  12395200
12629773  12396545
12906372  3978326
12907308  3434278
12910323  2189626
12773711  6210638
12774312  12773010
12775283  9529422
12824945  577749
12825915  12768716
12826079  387424
12826079  791328
12826079  7986978
12828938  326390
12776570  8982295
12777742  12760610
12630016  12528365
12631752  3577641
12635046  941646
12635682  4705588
12636982  9093323
12912545  2132760
12916382  764927
12919576  85553
12919576  203695
12921205  10215718
12922384  12921965
12926592  4946422
12832333  929554
12832382  12829778
12833869  9876157
12835775  2214575
12836428  2816715
12927757  1420381
12928200  2098170
12931422  12800833
12931751  12892266
12932901  5552862
12939739  3747938
12940382  12940225
12940432  8740868
12779028  1232040
12779028  2999604
12781250  6950774
12785344  11559435
12786115  1066763
12786579  2711522
12787566  8254077
12788051  5199901
12788787  11185191
12941625  6311512
12942111  356846
12942747  5026570
12944219  9975810
12946834  2642141
12837628  3924641
12839736  7369391
12842008  847185
12843227  714602
12792931  4561179
12793418  5088682
12795089  263743
12795203  12781476
12946984  797335
12948170  12834140
12948170  12927591
12948313  12957090
12956065  2343532
12845535  1764049
12846035  10604794
12849345  12410016
12852153  4754823
12795604  10625292
12795890  5870145
12798162  4558437
12798848  856019
12799133  12528365
12799398  12793653
12799483  347949
12853123  7020788
12854274  1275004
12854676  2909667
12855610  890262
12855661  4483798
12803228  4057574
12803828  1166905
12803828  12734721
12804313  60174
12805264  5204986
12956608  10019824
12957480  12956654
12957923  6021138
12960538  1138460
12961045  12763688
12961081  2849450
12856548  1394020
12856582  12855981
12857148  169506
12859154  1043339
12864585  44176
12963496  757675
12964003  60174
12965861  11638999
12967840  1445385
12865206  10404348
12865955  12750264
12870771  8547349
12873060  1706675
12873060  1995495
12805799  1774975
12806100  2478510
12808372  3093622
12808758  7900198
12975821  12936800
12976307  4261133
12984395  1726048
12874779  6242816
12875115  6603807
12879110  1170794
12880097  7609130
12880546  890935
12985438  12311148
12986217  4478481
12986317  1677824
12987503  5161350
12989782  7628819
12880646  818287
12880731  4533508
12881348  12881195
12810966  5136447
12812001  12775250
12812401  11024681
12813688  6286571
12820775  2874422
12881567  7465517
12883220  12882331
12883405  9673
12989825  355060
12990754  12042575
12996241  12993120
12998206  12769982
12823383  2934355
12823548  5627770
12824134  4174080
12824134  10167714
