14063563  1445067
14235451  90838
14238745  1377695
14243540  5283673
14243840  8839943
14245897  4278373
14245897  5595615
14250241  13552312
14250542  10678264
14251478  1848540
14251928  9756837
14527467  7196172
14529008  13116110
14533888  79923
13239255  1458724
13239270  13238937
13240141  4416765
13240627  7398580
13555684  164194
13556313  2976011
13557170  1915166
13560321  949433
14489645  6841830
14494632  822599
14495302  10667605
14495602  2273691
14496195  3810570
14141903  451415
14142439  28098
14142439  2537767
14143056  3375706
14241673  1645478
14244399  8948430
14245124  915210
14245124  8305444
14245735  12280561
14246596  336859
13423970  8953971
13424336  12965801
13429852  9386429
13433630  949433
13433630  4176328
14249011  5454452
14251676  756786
14254134  610245
14373934  131241
14378650  381542
14379007  7241592
14383889  11195148
14145145  188545
14146834  14102912
14151314  9405478
14152199  2661536
14182419  1797695
14183530  12573816
14184389  2393673
14185125  1371966
14254216  3987209
14259389  12179189
14045688  8225776
14046526  4630219
14046526  4630377
14047896  3505693
14049632  9835762
14535274  1287567
14535891  9442202
14538299  1078370
14538968  1132941
14144705  7157405
14144773  3829167
14145441  13719563
14146538  14131172
14065100  9801624
14071869  623635
14071919  57599
14072723  14071869
14073877  8132399
14152399  5299674
14155173  355313
14155692  5217373
14156194  4022313
14156194  5421295
14252363  5932904
14254636  1936388
14254921  54566
14260987  558719
14187801  92859
14190673  2182598
14196859  3178965
14196927  14115278
14203811  12338953
13737167  6025818
13737197  2463437
13738746  1381725
13742749  13738750
13742988  402377
14384423  507751
14386095  4909156
14388540  793014
14388833  3451906
14388833  3579892
13439361  13438969
13451878  13470934
13455388  2734270
13455473  778564
14259975  14027398
14260457  2366113
14263640  8463212
14264119  14227328
14264737  6194901
14497031  1180184
14508972  7379915
14510065  4483912
14514379  456713
13457194  106336
13457194  1886677
13459366  155314
13459866  11591854
13462910  13461417
13469677  359827
14050100  14049792
14055516  5319906
14265762  14262978
14266584  6713757
13561407  676824
13564201  3076414
13564208  3642928
13564515  592862
13564515  5117127
13570667  4660123
14266984  1890854
14269592  6462985
14269999  890782
14270846  840501
13572039  6647314
13572039  7829097
13572875  13571928
13576176  12382771
13580863  13620809
14272850  2213340
14272850  7067578
14273718  3644315
14274815  3990110
14275340  12523780
14277412  2490825
14277412  9671995
13582649  13396907
13583521  80476
13588408  5017680
14284907  7673657
14285754  11133759
14286890  8767218
14147181  9414993
14148385  10239987
14148892  8028957
14148892  14147335
14149746  531482
14150214  6712493
14522833  14522221
14525811  649428
14531993  2067988
14535242  262427
14535678  6107627
14287022  2267790
14287022  8546500
14289923  2251361
14290591  14289631
14540185  2702863
14540253  1206548
14540653  10802418
14541572  31059
14545034  4335069
14205381  14201662
14205717  6857384
14206887  766397
14212903  5535775
14263596  5125076
14263831  7947579
14274827  1337928
14277200  10242504
14077450  8088921
14080326  14080279
14080361  3325535
14086292  11789897
14279407  2647
14280258  5854626
14282465  628500
14156211  13701099
14160002  8858814
14162542  8028957
14162695  1791774
13469728  2027711
13471749  1938735
13471749  6084218
13473972  4117377
13475727  13475160
14168107  6523193
14174659  164194
14174659  6958222
14175527  1275662
14287495  8095209
14287695  602237
14288646  12125780
14291789  5516600
14292039  14136084
14292289  3747002
14293712  4639432
14151818  1278024
14154065  3911123
14154290  12953127
14157434  3446216
14157609  202011
14160374  2935232
13243886  10828294
13245171  13244782
13247679  5104094
13248129  588004
13255231  1294586
14544595  1189245
14545497  1732348
14546969  1704407
14548012  14546347
14176514  2921915
14178203  68645
14178203  2878499
14179339  3320677
14291702  198462
14291702  3477333
14292413  3991673
14292413  12478502
14292881  129267
14293013  4542521
14293038  11356333
14214307  14160033
14217958  6343166
14219396  10600793
14219953  183292
14224510  1676551
14295071  14294811
14295396  189368
14295996  4937402
14296932  1841916
14550677  14539791
14551556  14551311
14552583  168455
13743681  12053125
13748770  46155
13749608  401847
13754420  7049789
13756819  785091
13589644  2274162
13590487  11377416
13596732  1919010
14056903  14056465
14058209  2467454
14059192  683425
14065778  4353570
14065978  9958850
14088882  1839965
14093430  164163
14094048  14032860
14094265  5034654
14095115  13383006
14297200  11059971
14301101  1160765
14301212  11150140
14302262  4804798
14303084  2697438
14390212  542804
14391718  11622233
14391784  8920844
14401880  3943823
14401914  14388520
14403509  3942721
14295919  10055773
14299242  2979209
14301449  58305
14305643  11634181
14306044  598841
13475829  12810638
13479488  60174
13480994  947618
13481579  3451099
13481579  5026197
14309738  2211919
14309738  14309364
14313631  8049637
14314367  1860869
14315553  4449758
13483315  4876913
13484066  576513
13484251  13483512
14225880  8612663
14226080  6441218
13487495  13507659
13489533  11674312
13494162  4166641
13495164  2767298
14226909  2378800
14228118  3939361
14228756  12004603
13759759  4799758
13760163  12601692
13764282  13753370
13765286  9278363
14545787  14537301
14546051  4459143
14546923  5655853
14546923  6441218
14182249  14172229
14187763  2973202
14187763  3899923
14187997  8253789
14190405  6827267
14190903  1451468
14193260  5873544
14193613  12497733
14097238  1374147
14097856  4918482
14101335  14064088
14066965  3726721
14068769  9513431
14069339  14065111
14069671  1980452
13255617  1715697
13255967  10547281
13258175  642229
13259461  8251349
13259826  10196819
14104075  2220916
14105143  14096002
14105229  5831794
14105829  13964637
14110041  3110312
14110492  949433
14110695  6647314
14111210  4810664
14318311  5411521
14320033  12996015
14320834  10193176
14323191  3175392
14160710  9180023
14165340  5500327
14167930  8028957
14169241  8209450
14172206  14172165
14172585  2592092
14547005  3810825
14550949  140131
14550949  923863
14551382  9453421
14553825  14297113
14552690  7027523
14555991  9056166
14561307  14562590
14564058  14524881
14323192  418609
14324527  5210535
14324964  5276892
14325849  3161458
14303241  5380350
14306492  3127429
14307653  776283
13501514  4753009
13504524  6338217
13504809  12184997
14230058  466345
14230483  14210465
13597039  191757
13602562  3807192
13604777  1365789
13606499  7307009
14195549  7313103
14198323  14194871
14200565  1093224
13767124  3203297
13769119  2432281
13771493  4775618
13774369  13690700
14174171  4346742
14174296  10872132
14179669  3087975
14180055  14180040
14111496  7628249
14114904  295259
14115222  6059509
14327571  11981270
14331129  96759
14343262  6005076
14116993  11107729
14117712  14023852
14070543  13703222
14071258  14069629
14072981  3435688
14073832  990392
14077010  2969018
14204122  14203800
14204828  14326559
14204875  14204123
13509953  13488155
13512195  388242
13512210  798967
13513182  8289282
13522306  4176328
13522306  4638364
14205896  12631466
14206764  10592601
14207785  14207639
14233768  14035506
14233895  354070
14233900  6944362
14234159  11667630
14311665  5780047
14315766  14257111
14316184  2521008
14316209  5258159
14317931  189559
14322561  14356356
14554458  5690250
14554458  8134967
14559874  4130878
14561228  2690866
14562513  5591331
14575447  14574823
14575511  2005688
14578655  3818193
14583099  2777878
14587286  75175
13776271  8636296
13778947  13765699
13524078  4792048
13524680  3609280
13524680  8027664
13529360  8621066
13607378  2530
13612029  5513654
13618188  7142183
13622661  13620878
14323940  14323624
14327105  1338885
14329288  276660
14330317  13036188
14332496  311165
13622954  1801549
13625290  13331605
13626469  13625942
13627062  6003082
13632428  3049934
14181859  948828
14183188  7537377
14188136  7694479
14188586  6990534
14189829  1881922
14118848  3894441
14120788  7467568
14120788  9994676
14120923  949433
14127407  8028957
14242758  175091
14244689  1453043
14251573  14228289
14251743  949433
14254224  4012998
14255594  4621558
13530009  6517222
13531581  13530009
13537797  6539237
14345284  550329
14345806  9487726
14345806  9901518
14347142  4519485
14348078  467336
14587522  13058458
14587781  10113496
14589860  5605125
14590723  13864040
14592859  4937402
14257266  6647725
14258997  5968076
14269089  8679615
14270702  8700636
14274212  76976
14209121  3930952
14209955  4038481
14210223  2204250
14212265  14208679
14080818  3275082
14085600  9023072
14087336  3389574
14090731  3208462
14092284  621616
13637944  3725857
13640602  13646985
13260262  3653462
13260748  5905587
13261884  4746710
13266164  3388836
14335997  8995431
14336515  13823607
14338030  8188662
14338923  9493947
14339123  14331479
14340059  6096485
13539318  13530030
13540641  13374424
13541075  5634991
13541928  2835090
13543698  2020088
14212899  8470984
14217894  5714159
14218081  133310
14562964  14028959
14565572  3972014
14565622  1787249
14568329  2068084
14569502  12271844
13543783  4043522
13545855  1625234
13548042  13400742
13641595  12274490
13643074  11087969
13643267  13642175
13643360  9745966
13649490  593292
14348328  5601051
14348328  12573816
14349814  8991506
14350499  1240852
14351436  12467690
14274480  285793
14274480  5335768
14275314  5655674
14279394  13756178
13652398  13469502
13653370  4421706
13653370  7493932
13653570  13652788
13658000  129507
13659729  60174
13660465  5937845
13660679  1969232
13268485  6188551
13269757  4325267
13270708  978061
13270957  306924
14218698  7025909
14221119  10494980
14224097  4401850
13781228  1963328
13787844  13786025
13789248  8377410
14342549  6399615
14344046  7117434
14348340  194852
14348815  9027317
14189922  46586
14190565  6432067
14194027  11461607
14194888  11591810
14198921  8028957
14593738  6623672
14599956  14599816
14601183  2804543
14606172  9692665
14128276  9682942
14131701  559148
14132219  505467
14227522  12633024
14228058  2660633
14232904  6793872
13549314  3703071
13551922  13534897
13552507  8159725
14202758  3848916
14204380  332872
14207656  4015417
14208524  8293124
14094492  6456870
14096194  6862813
14097500  848728
14098032  2843366
14279560  263005
14281500  516152
14285401  3748
14289354  8432865
14289622  14270561
14404043  5210535
14404050  14402821
14408632  3783318
14351636  6658752
14353958  12284530
14355129  14352648
13790111  5994543
13793864  1034373
13661272  789402
13661415  13661388
13661615  55101
13662737  1568091
14209935  1703183
14213322  1132806
14214279  498970
14219627  277010
14221235  10886237
14350755  14169828
14351773  14072524
13272094  7770791
13272479  2679193
13274702  6027398
13275338  4726818
14222828  14222312
14223457  1133770
14232799  12707308
14234739  2943542
14572778  259026
14575281  5216616
14577390  3692142
14583470  1585390
14583623  13909841
13920649  7423028
13553407  750486
13553407  9029021
13557353  616135
13557551  5891754
13562748  7459939
13569285  1299871
13569285  7440917
14358288  1786689
14360645  14339333
14361532  14358151
14232955  14211409
14235342  3076988
14240005  2514230
14242481  14245010
14249263  5183251
14132819  7491951
14135845  2612086
14139754  1377279
14411261  3275004
14414705  4457920
14414705  7766978
14415341  4261133
14417890  11565471
14418992  3568410
14296906  1483504
14296965  3857608
14297310  12712861
14301713  9508518
14306402  14305150
14419726  4691782
14422336  3820666
14422500  6196776
14426378  5966647
14426580  1787939
14426580  9820138
14306525  1913098
14306759  12553274
14314983  40480
14427107  14028959
14427307  1014861
14428743  3737139
13795902  13795227
13797438  4890825
13798174  1555262
13798174  3491679
14429588  14365699
14430622  2802162
14430958  4261133
13798867  262141
13801207  9250079
13801675  3087089
13803581  2281204
13803624  4660142
14433723  4875780
14434302  14395166
14435297  14437594
14438439  14160498
14441711  9274027
14315022  11298053
14318566  6554384
14320731  2949891
14325577  12539697
14327794  68282
14327794  2709821
14140861  2617829
14143933  3163578
14143933  14141268
14149331  6399898
13805351  13802837
13805785  5817490
13806189  588004
14608237  12392673
14609516  1732443
14609607  413898
14611788  498970
14613758  1141848
14351866  14319321
14352577  37628
14355628  1609683
14357500  14356979
14358575  1321219
14099053  3737139
14099270  2844456
14100240  1052818
14101444  8091051
14102414  565504
14102865  1907318
13665788  13663166
13671854  1111296
13677577  3122121
13678170  13696556
13276823  8546239
13283140  490036
14621339  3987006
14622911  664700
14625819  588004
14626819  7394297
14628000  1732348
14328151  10827962
14328453  164194
14329925  11148775
13807032  3508686
13818128  2241875
13822199  8710619
13823276  804850
13828015  13771829
13832325  7127075
13570670  1171717
13570755  1014724
13570770  256754
13571442  58649
13579932  188299
14363117  649614
14364239  14111371
14364239  14363723
14368583  4842590
14372292  12528365
14375136  2642281
14253994  729197
14255032  2805885
14257355  5426499
14260227  2419749
14260227  3614212
14445055  2486410
14448206  6770258
14449335  2183486
14452852  2818179
14149349  750486
14149718  265760
14150450  2600783
14358843  14138730
14358861  3128662
14363162  1592876
14363723  4684622
14363723  5641232
14364566  9721559
14367174  3693619
14103733  6865538
14106124  13455035
14108345  9900311
14109949  782915
14151722  12986165
14152607  14151790
14152994  7122216
14153326  4994512
14153411  2042222
14238872  13181948
14246342  2547306
14247414  4952820
14250840  14220321
13679256  13588175
13679892  487258
13681814  1418466
14631901  5351659
14632635  6598053
14634173  5820304
14635745  9081571
14252444  14252068
14252869  14180866
14254834  14252072
13285848  12623260
13294508  5337370
13295444  10805745
13296844  2250567
13299488  3796121
13300038  944111
14333342  7917695
14335848  3097244
14336852  12573816
14337111  1009983
14584892  11211840
14592379  14591993
14596809  10673585
14599081  5547818
14601322  4261133
14260295  14259659
14265758  8394080
14265809  2053830
14266260  14259780
14367485  7765931
14368017  431755
14370050  7684404
14373258  259343
14268868  14249064
14270574  7584794
14274735  14274400
14278126  625433
14285963  7983234
14286516  1793616
14378692  12053125
14381750  336859
14381814  14220321
14386669  3537434
14386669  14220321
14387873  11792664
14375285  6975639
14375621  14139351
14378144  14373463
14380030  2680827
14391042  12171317
14391524  1841461
14391524  10515174
14393539  5674701
14393539  6179347
14394811  10174536
14399905  14339899
13580079  7394289
13582804  6781545
13584174  4366143
14156169  9217772
14161313  3736677
14164372  2910495
14167601  9406775
14168784  13291098
13832704  4462868
13832704  13785250
13834597  3569528
13835678  10834196
13835971  3223682
14453145  1098019
14462276  1119134
14463048  9140013
14463505  3753483
14464075  1519743
14464075  13608596
14111940  5388349
14112174  21593
14112174  8160089
13837405  9357668
13838243  13833087
13839120  72852
13845302  2864840
13845302  8896679
13845336  477572
13845336  2928002
13846365  180172
13847935  87753
14256320  508269
14257592  14213577
14265262  2351148
13585076  13567780
13585295  13583748
13587533  9870985
13590677  513832
14169320  6463437
14169723  982476
14170205  7486085
14170455  14146853
14172396  7116177
14338490  13359115
14339626  14332126
14343570  833510
14343595  3270307
14345242  7083744
14345297  14344947
14464918  1132941
14464918  10710689
14468662  448162
14468662  8426518
14474535  1624697
14475137  9608299
14380902  5311334
14382938  14081308
14385331  6627100
14386682  4240074
14387854  3388019
14389240  8377410
14389825  7152470
14397828  222601
14397828  10095280
14635786  204476
14638351  7655194
14640130  7592569
14641602  5237105
14643174  10997977
13306789  845058
13307675  13467286
13308811  4261133
13313391  2129693
14400441  1364051
14402824  10150468
14406643  14402734
14409651  10552016
14410158  125828
14288120  11598955
14291647  6460644
14294387  2344118
14294821  2946764
14410980  1138460
14414988  6887112
14415524  7639349
14422926  2634219
14602207  1426731
14605015  4911616
14605415  14604571
14606751  14606081
14607687  702415
14112689  10446805
14113225  2366168
14115263  3156809
14116599  1771627
14116633  2683324
14172731  12100301
14174867  3593893
14175186  14174858
14175603  118241
13596442  13574306
13597244  486099
13598365  13598150
13603145  4546111
13603845  13521843
13604832  1220182
14295740  5060835
14298382  6444081
14303964  14302630
13859167  9028726
13859167  9704083
13864822  497670
14346403  3752578
14346944  845058
14355168  845058
14355670  1432213
14355670  5433570
14355670  10415980
14356870  5678152
14476616  1661273
14476616  2936219
14477743  2063556
14482230  323972
14486367  3106110
14486576  9274494
14176926  5638133
14178279  4317810
14183542  12619124
14187385  3700767
14187954  13204215
14400472  10882784
14404416  1661197
14404530  4261133
13865524  13846340
13868800  2633628
13872437  3558988
14406051  5171080
14411967  7072989
14412403  13362748
14412953  1432545
13684979  2855857
13688666  60174
13689059  4261133
13695375  178479
13696211  9432226
13696211  13354644
13699798  13683567
13705085  4651757
13705864  1653891
13707643  9966959
13607389  10774377
13608074  3946831
13612703  5049578
13614792  206384
13614792  11024367
13617819  4261133
14487269  7235421
14487639  5977779
14490547  4312613
14496670  160970
14305202  10416643
14307023  2201917
14309197  2419749
14310482  4261133
14427006  46155
14427231  3613130
14436116  3930975
14442732  1917576
14442732  6116222
13619621  12446990
13621091  12412240
13627843  3577641
13628515  3418128
14265573  3141031
14266016  2479222
