14268245  13995266
14272189  11287041
14273168  3748
14276094  1202444
14281881  11059167
14358040  11940244
14358342  473973
14362847  7970389
14364392  9149389
14644133  3929685
14644769  7330234
14648847  4437061
14653829  9312873
14657378  3818193
13313841  978247
13313927  2602802
13316900  10431938
13316985  13310177
13320193  21593
13873705  423172
13874543  13617111
13876322  5392693
13876688  2973202
13879462  13859632
14450202  1154833
14457647  11346958
14458051  4713680
14458115  12090585
14413354  11248569
14413439  758688
14414290  11922383
14416162  12124750
14501943  4870082
14507959  3694028
14508061  1409013
13710944  1998457
13710944  12762609
13715381  1444151
13715381  7692992
13717603  2093344
13725527  1885557
13729242  4795385
13631053  7586702
13635682  1641957
13638890  3796824
13639277  10737582
13639475  3793126
14608406  14387046
14612836  14607564
14617983  12912178
13639626  12606842
13639928  11346935
13646899  5346158
13647250  13606123
13656940  6819334
13657010  22358
14116650  3847162
14117854  14168984
14124104  13837697
14126695  6640575
13657025  13656846
13658795  10042857
13659648  13612284
13659982  2416748
13659982  13654558
14322382  10455409
14323352  4871035
14323752  12662380
14325271  4477629
14368268  3173149
14369940  9260303
14370374  14371017
14370701  5884807
14374645  336859
14374645  1013385
14189511  4880572
14195459  343744
14196931  243794
14199953  4458460
14202161  8107815
14131107  57919
14134268  5827240
14135953  14257877
13883576  13673227
13887813  269795
13889749  6270004
13889749  8071916
13892264  594181
14658973  3737139
14661681  60174
14662158  14661960
14662358  14028959
14663151  12859942
13896335  13895614
13897071  2118656
13897837  2321881
13897846  5410682
14664923  4930914
14666602  60174
14667338  14667055
14667531  9046279
14282753  12433451
14284157  10190649
14287097  14103840
14287747  8695341
14289755  1910194
14417084  14220321
14419206  509211
14423649  14340974
14423986  3627684
14424186  4530744
14424186  10961714
13323051  6886102
13325559  13845973
13329517  569694
13329604  13318796
13330353  4399611
13330503  13319793
13330940  6322084
14377019  2729927
14377351  14374377
14377989  14372957
14380227  1968167
13898139  5805843
13898373  7383436
13899943  5040496
13902862  6912102
13914558  1352323
14508795  1692184
14510946  2778901
14511703  3874627
14519357  8641465
14458583  11649151
14459444  14456420
14460966  14435420
14463238  1304715
14206088  4261133
14207423  2031217
14210482  5891526
14213057  14120910
14213576  12848967
13661403  1214043
13661505  8809004
13662490  4261133
13663426  8029532
13665649  2178023
14216384  2595392
14218788  7261619
14219710  10839042
14223671  1958636
13735744  4451385
13742839  510779
13746426  7394484
13746526  2220916
14138446  1652576
14141135  75175
14145045  1311088
14146615  728260
14147202  13958321
14327262  430707
14327262  1004478
14328449  196702
14328449  3531314
14330789  5605125
14330789  5837639
14333163  10324729
13332661  7475876
13332862  507841
13333398  2805427
14622881  2730931
14623246  276927
14624885  10086808
14627561  2973202
14380402  1220956
14380602  5654278
14381665  3757697
14382465  10644
14424571  381542
14425571  14425364
14431373  4801895
14431388  277569
14668867  1732480
14669712  3574358
14671084  2611419
14671784  5664669
13666985  588004
13667736  604410
13668206  4475397
13669493  1778184
14466800  1082162
14466800  2078520
14467007  3653462
14467961  4261278
14468093  14388249
14524207  13366217
14526779  7174483
14527824  1765615
14528653  6978462
14532661  5819195
14236172  1517347
14236236  2608158
14242170  8596160
14244327  14238568
14334448  3755606
14336252  1353081
14336669  1089406
14336686  14304381
14291309  14291202
14292577  13210443
14292781  4261133
14292781  6942000
14293206  5863168
14432860  6795383
14434981  14413492
14439025  14476791
14439362  14437245
14245731  3590955
14246999  8875567
14248068  11585768
14251815  4650243
14259700  112158
14259700  2087522
14273157  6575578
14627875  3034874
14630666  80247
14634831  778336
14638107  10300511
13333847  6894662
13335233  13314398
13335619  2861530
13347988  3460698
13674273  13673411
13674471  13674095
13675743  1199260
13679268  843632
13349023  595946
13350159  6684573
13357761  3871430
13746826  6830164
13746883  6345020
13748662  12796973
13751856  2710621
13752499  3834844
14535469  201323
14535469  1903356
14535903  5199811
14536839  1826727
14338541  14124373
14340732  12428587
14341902  10247050
14441234  180516
14441234  12666869
14446063  12573816
14447949  14490563
14382567  2637626
14385009  14381237
14386009  14384883
13681476  13681277
13682612  2219786
13682961  247770
13682961  595305
13685103  421860
13692136  1597476
13694693  8668093
14148640  2815128
14150244  42294
14154988  467789
14155941  1239938
14448200  6270004
14449958  14358956
14458896  4098345
14672613  13207253
14673190  3197026
14673692  750486
14673926  139835
14468697  349025
14468697  2327841
14469922  12664228
14471212  2572266
14474620  14344289
14475499  12814504
14293381  13899308
14294249  6586205
14294542  3333665
14297861  14293712
14299783  1069666
14275411  1552069
14278955  14278373
14282445  415868
14288498  1060279
13359720  10978242
13362391  13361377
13363278  13363792
14536941  608730
14544027  14544124
14544270  1806445
14547044  14538184
14388056  901115
14391791  4660142
14393974  14393663
14394033  1295584
14344174  1604968
14344174  2950029
14344476  1936466
14344476  2081586
14347952  5176803
14350607  12030769
14639507  2201216
14640929  3917250
14641315  69913
14643388  1399127
14645209  2645041
14156928  9582218
14158315  12534334
14160757  1953377
14166037  1003275
13759794  13758038
13762402  6933598
13764567  5971645
13696016  11223285
13699643  757675
13700694  6680430
13701830  2730411
14480111  11744407
14482358  8273804
14485098  2602253
14463475  7814089
14463675  6644174
14466870  6684665
14467205  7542567
14485391  572768
14489860  728360
14493540  1972262
14496680  6394812
14497280  3811539
14675228  272799
14675228  7076052
14676221  6260224
14677870  279170
14682407  2064427
14683443  12254333
14171185  2014835
14173091  2361565
14173240  990364
14173240  2790899
14173572  4991576
14294114  2566350
14294749  14292997
14303202  8828006
14303606  3006407
14301455  46898
14301455  3995463
14301830  7017871
14303477  60174
14303477  8315711
14351526  3549206
14357125  171588
14362426  14244147
14366336  12903232
14507644  3435418
14509741  14505995
14511531  607435
14512724  895786
14547444  14546635
14547735  5389691
14547878  299068
14549643  2051602
14550186  7593955
14395939  2704654
14399020  6968512
14401253  5795419
14402832  9701734
14402832  12530259
14404091  738367
14475008  3635483
14475143  7210680
14475344  5873029
14475357  10014054
14480538  10615635
14646127  4780822
14650740  13942315
14651590  1287439
14654734  743806
13363878  5157678
13365399  1091372
13365585  668763
13365585  7049368
13367421  9883009
14655551  14013111
14658041  1568091
14660750  14659033
14662839  14637427
14664325  485525
13702030  9465198
13705674  3679694
13707448  4261133
13708548  6007568
13708548  7392726
13709703  2363666
13711841  1451009
14304034  1799767
14304452  7673044
14305106  14302748
13767575  13766946
13768904  3747844
13773398  1005073
13776406  1396668
13781636  949433
14685145  14653278
14687596  649614
14367038  14362869
14368893  1594985
14370212  221568
14304138  12342818
14306295  1942644
14313651  212263
14314383  12732364
14314587  5168145
14513285  1127647
14513553  838724
14513667  6239766
14520037  3388344
14520037  3738748
14520555  255147
14404768  2425043
14405840  1186400
14407312  3613060
14411456  11045321
14413060  10726543
14553930  1202687
14553930  2999075
14557261  985229
14561575  901115
14561575  8648892
14566762  109449
14569127  4969082
14569127  5256533
14174993  6426389
14176580  7183933
14176967  7254047
14485118  715739
14486689  14482174
13717172  4261133
13719663  13431425
13720565  2605032
13721352  13516689
14688830  7585912
14688830  8778488
14690938  11941888
14691131  401656
14691304  5682010
13368008  4261133
13368307  13142446
13368358  13368707
13369729  5671271
14667634  14516011
14668791  2326758
14676394  5854647
13783844  658395
13785287  13297658
13786173  228987
13789267  7891761
14319064  11093326
14319064  14305921
14323411  3853767
14328474  1060279
14330295  163162
14574745  1489599
14574786  1160008
14576960  2544553
14577994  14562590
14580359  10680325
14580361  14507565
14582197  2868047
14521237  5306009
14521680  11922383
14527346  495021
14370863  14179082
14373220  5104141
14376764  3981027
14379202  2697233
14413860  11922383
14417765  121162
14418004  377768
14422620  14415905
14487240  411579
14487561  665563
14490134  9674815
13722937  6823424
13736277  282372
13737126  13636446
13737577  13724491
14307535  7074
14307535  8747190
14308650  4820610
14313569  3920049
14316620  1062453
14316963  3379575
14177533  5585779
14178571  13073812
14182281  9460260
14184872  14114129
14185872  5113498
14493727  3779789
14496399  166221
14497135  10919277
14497335  5192574
14423611  11800589
14423756  14423542
14427823  14220321
14428227  4261133
14528375  3748
14528500  14532560
14529218  7065838
14529354  14246442
13738149  6081005
13738213  12687443
13742042  6945040
13742444  8653424
14583712  261963
14583712  1390703
14585641  1846975
14586141  6481092
14587711  14579369
14692776  14365318
14698719  6490252
14700564  3037725
13791003  3773015
13791546  413898
13793511  3582778
13794554  209160
14380240  49146
14382478  1687323
14382529  1690444
14383682  14345616
14332750  3394835
14332768  13914066
14333053  3635691
14335911  280389
13369929  11119632
13371016  7640847
13371952  13371279
13376731  1518213
13381226  8318911
14681105  14683559
14685486  4437910
14686839  355787
14687490  6395493
14688261  4935632
14533137  5700806
14534677  7297486
14535527  2385980
14537335  11305230
14539089  2131948
13743027  13678262
13743563  610245
13743563  3184682
13749630  242813
13749630  559752
13749730  2435216
13752502  9775972
14431478  11923272
14431742  188414
14434286  14412676
14503052  2805224
14505910  6035922
14508568  415953
14509118  326699
14509118  4941826
13753438  13020297
13754323  9353444
13756482  122102
13919306  6335839
13919306  13909150
13919408  13832221
13924352  11770104
14587847  14479459
14588383  6530444
14589326  548029
14589719  14588830
14434677  6929409
14436549  7398141
14437851  12783833
14438060  5894350
14443408  53232
14317649  6677960
14319342  3721690
14324758  3474940
14325576  277944
14327073  14325857
14186808  10055436
14188212  2747791
14188948  763295
14339302  60174
14339520  4970679
14343114  13765030
13756582  3030911
13764234  995255
13766357  342964
13768414  48916
13768463  13213978
13768763  3042961
14327784  6280551
14332582  11807226
14334118  14336005
14334804  2091599
14334922  1132941
14701191  9588540
14702236  9703857
14703170  14670196
14708888  3341076
14710860  4901553
13794897  2201216
13794897  4380381
13796076  9888154
13796076  9936132
13797255  7232593
14541075  14540780
14541318  10974946
14541679  3599140
14544501  14473751
14547309  83439
14547309  13661355
14385971  3742346
14386158  9555370
14392140  1967409
14510389  890966
14512075  5312178
14516905  50744
14519363  4657545
14526901  7019454
14446084  10769193
14446148  4923136
14447913  279329
14449717  9023072
14549699  861384
14550571  949433
14550571  13560321
14551950  3644897
14552900  647815
14589862  4912092
14590321  3643939
14590462  14353130
14591321  9985090
14596037  2896600
14344318  2706222
14344318  14144232
14344518  24849
14351501  14335640
14351837  4800593
14597073  14596819
14608503  8831642
14611454  7939667
13381276  13371907
13382147  12606574
14392842  6058600
14392991  14220321
14394931  12769982
14399194  318239
14527687  3211505
14527851  14539087
14530395  2191316
14531632  880885
14531681  14527672
14616700  14616446
14617200  2610497
14619701  9109438
14622616  14588407
14689661  10341476
14690047  14326890
14692987  809646
14693642  2036654
14625624  4906073
14629861  9645803
14630238  4507316
14535389  201323
14537697  142003
14537697  5037470
14539520  11251610
14542391  3262287
14542391  12020152
13771088  986006
13776468  9059697
13778174  5254051
13778274  3133199
14363855  6692031
14364855  14366489
14554154  11922383
14554329  2228437
14554354  14552287
14558716  2934355
14559302  14577193
14194079  6801577
14195415  13140613
14196304  14192692
14196836  7360594
14630397  2999792
14633203  1748374
14640155  1445385
14645180  1184624
14695681  4176328
14698322  8876650
14702229  1793612
13783339  5314341
13784790  3072665
13790506  11821484
13790542  2049502
14337687  1604968
14339241  14356356
14339752  14339312
14349912  10969673
14451028  2120112
14453329  10673585
14458575  2364050
14459311  4961675
14370203  11207766
14372761  1075534
14373412  2497965
14559409  2162497
14567033  970039
14567965  434287
14572756  3897088
14459886  14216714
14460515  7263490
14546372  1812990
14547857  14547344
14548593  10366904
14550166  8851384
14551737  457153
13795422  767999
13795422  13794301
13797358  2874743
13799415  5585076
13800351  3875184
14708113  14701615
14709750  4214153
13797705  6115896
13797705  13104251
13801592  13800718
13802192  1461348
13802728  4297095
13802871  13803090
14552688  5877420
14553773  2137755
14555095  2085544
14557853  8834031
14559575  10737644
14375016  4215698
14375602  14375540
14379096  1389605
14379096  14114980
14381486  7885096
13385842  11291072
13386741  4540649
13390971  4324923
13393743  66837
13395916  13375549
14400113  3263892
14400411  11379300
14400981  1118994
14400981  2476876
14402368  2973202
14384226  6195458
14385044  57615
14389392  14387729
14393600  9336039
14393753  2070359
14646173  7202157
14653002  14698292
14653859  1509977
14654595  14653914
14661890  477572
14577018  2541683
14577418  10002021
14588382  9725299
14403202  9508518
14403572  14388467
14404057  9323273
13802238  11796402
13805231  4083079
13805767  1713771
14405023  89228
14405610  1319331
14409920  14387470
14461017  7342957
14467433  149055
14468944  845021
14560290  446835
14561176  244903
14562883  468791
14564069  11011674
14565805  14441279
14569450  277772
13805882  10440792
13806033  7830255
13808690  5338129
13812449  326634
13396452  2676507
13398424  2400263
13404575  8532592
14198091  133925
14201333  8461543
14201499  855493
14203673  3477625
14351723  2478890
14353720  13943905
13808694  8119515
13812431  10883387
13818154  11324372
14576037  585599
14576101  3428908
14713861  6380494
14715920  913228
14716170  6852462
14716170  11507193
14593555  5624370
14595016  14593480
14410792  5699270
14411541  6108034
14412379  2154762
14412881  11505315
14414451  53849
14414451  236129
14398079  7342814
14403245  14406719
14405703  949433
14405703  4897934
14416889  10460963
14419131  14417862
14423092  14423035
14429308  9579231
14577438  815626
14579159  9742254
14582117  834491
14585561  9140013
14588370  273313
14471254  6775145
14473224  11052398
14474526  14473958
14475662  8881335
14475696  11563963
14204009  9555403
14206447  4057440
14207166  14124450
14407558  7579124
14409494  5700806
14411183  7132614
14663219  14663041
14664864  14656070
14665527  147646
14665527  10951392
13814391  2321469
13814391  10242576
13819052  161738
13820407  7952576
13825253  4984647
13829848  12005749
14588705  7360723
14589470  2856438
14590156  9952598
14590542  14591147
14476525  1189759
14481839  14214843
14483320  12869139
14484647  168214
13405011  1745860
13405311  664432
13405812  4721449
13408720  1762408
13410606  8981211
14667572  5271182
14668578  14668144
14669044  109449
14669044  10667543
14669535  1265039
14670014  1138460
13830818  10784353
13832056  9213554
13843586  13279582
14718212  1910832
14720677  1837432
14720911  14719950
14721556  382464
14721754  5048849
14598492  14596521
14599721  1866770
14724355  8230257
14726500  7746554
14730380  232387
14732416  13475581
14733179  14041711
14735115  14647274
13818297  13817886
13819490  13728134
13822791  513832
14724540  5193518
14729674  14766722
14729973  14729239
14731509  1122375
14733014  280389
14739852  6054033
14213314  11546688
14214705  4176377
14219334  1513485
14228205  5741038
14236514  470617
14414042  8519775
14414123  4244896
14415914  10634739
14591292  31693
14602024  14603968
14603395  8399417
14432733  401656
14434303  492865
13844688  3060501
13847581  5770341
13856720  3726721
14435226  14396420
14435911  3888902
14438600  1066262
14440808  4640202
14601193  1167771
14605362  2954387
14605712  11980458
14606766  14107563
14610131  5786829
14613268  147267
14613268  9260170
14487489  3033407
14487489  4026021
14487489  12372096
14488332  262427
14488732  48755
14675830  10383614
14680274  2610454
14681212  3011164
14682112  1793612
14416195  12573816
14418922  3399550
14420943  1732348
14420943  3577641
13418044  13420539
13418380  8784505
13420352  9508518
13421873  6999889
14356671  1766514
14359093  4260558
14361008  14302891
13827328  2892998
13829693  13828661
13831208  13508426
13860349  13841963
13861383  1068284
13861383  2901102
13862172  2529617
13863891  548487
13833080  1612177
13839989  954884
13840146  11641967
13841718  767999
14421194  9645445
14421279  4247807
14422948  1423437
14423334  4392443
14425020  5167759
14361837  12769982
14362948  1400404
14362948  1957133
14363841  2031154
14374719  205688
13422323  1543605
13424196  762631
13424196  8401863
13424345  394616
14740570  14740063
14742456  4812592
14742910  14666658
14743877  14725026
14744395  1567082
14236897  3888902
14237033  12184997
14241394  12411980
14241709  7758369
14617101  12598407
14617705  14297560
14622835  7866128
14630873  1329739
14443131  221925
14443131  14442860
14443799  844410
14443931  14390256
14444548  3180375
14445952  5385024
14603746  12610078
14605682  2178604
14611333  5777000
14614691  664869
14615977  14220726
14631030  1577383
14631673  46898
