14632395  7859424
14489770  4343596
14490672  3134683
14491965  1957732
14491965  14490911
14493012  9864476
14682905  406230
14682905  1538512
14688491  14650197
14689298  7489093
14691808  8604286
14691808  9228509
14691899  3213354
14691899  4953491
13866114  13844214
13870779  13870765
13874051  13873702
13875859  3117012
13880439  1162234
14635417  14621139
14637139  212198
14640322  1023199
14641662  7129842
14736253  9818657
14737196  2124621
14738904  277547
14741733  513832
14744911  6660938
14746354  233217
14691942  6674462
14692499  724391
14692708  1913863
14694280  1793999
14694780  12924425
13844962  9675487
13845805  12970463
13846391  772517
13848320  7160706
13850056  13002895
13853443  8338661
14431772  854128
14432776  11080560
14433243  12242111
14450274  2062956
14450691  9491540
14493480  2858604
14494305  12259912
14497288  9704983
14245053  8921365
14245857  3481828
14245989  9110593
14249082  10748253
14250486  1168345
13853886  13864658
13854379  5950417
13856101  3197278
13856101  5949897
13859016  178479
13424545  7524392
13424796  337704
13432619  1458633
13436613  12767996
13437063  1132941
14376259  3626901
14377995  2478230
14382961  8461851
14386037  7237536
14617300  7076717
14617850  2422468
14617950  10664699
14624216  6560969
14446305  14444858
14446956  3860277
14452053  14453219
14642598  4550947
14642598  6887183
14647835  296842
14647835  6698091
14656316  14655275
14657931  13700106
14665083  5064806
14668666  10869264
14454554  14453628
14456121  2220699
14456490  14473242
14456908  368805
13880754  8193102
13881875  13869178
13885285  273313
14697522  5905492
14698860  60208
14700896  600079
14701289  2192680
14702161  3418231
14499019  10551531
14501895  4429043
14505639  7757544
14507384  4057270
14507384  5910004
14702461  1414215
14707482  12706588
14708118  13332987
14711621  10878721
14712464  9616984
14251052  588004
14252958  8825025
14253409  14243245
14254477  14253979
14718271  14716873
14723224  951982
14725332  2530
14728004  1111078
14729369  14704986
14731848  14729632
14455129  3681032
14457150  325933
14457286  12597238
14460311  6174962
14745935  2327617
14745935  8439052
14749811  456713
14750361  7025365
14750747  10382929
14753288  2658518
14746856  285775
14748285  14772082
14753708  1700182
14761523  3726812
14765869  14152398
13864046  85282
13866454  13866840
13885400  13788824
13886285  3578671
13887357  2387515
13888357  11215227
14624301  10600330
14624366  14618757
14626973  962132
14627209  25749
14628445  6331826
13891016  6448242
13891552  114525
13891552  1013385
13892586  13891427
14630818  11775594
14640127  12573816
14640142  819355
14644807  44917
14650087  7411677
14669163  2403632
14669763  40480
14669763  7301637
14671424  4090021
14673457  12769982
14733854  14220321
14733856  12272399
14738436  130322
14739672  1842445
14740229  51032
13895579  13895397
13896951  4945155
13897168  13896335
13897853  396183
14508277  11889625
14514472  8692086
14457525  6055884
14459665  4360839
14460651  14458638
14464178  10178292
13867154  532217
13868919  7790561
13876064  3620811
13877743  3542779
14461966  336859
14461966  1013385
14465323  953714
14469101  4026021
14470569  7914779
14650538  3164898
14653245  6969881
14653395  14653749
13437514  949433
13437514  6779641
13438299  3578685
13439036  13391171
14388841  6559996
14393457  2498432
14394886  13572220
14396111  1615419
14396840  2157473
14257204  14243468
14258157  2781357
14264390  971964
14266394  2183087
13899440  4539406
13899440  13678627
13900759  13239317
13900876  10062532
14757282  2872543
14763716  2350361
14769081  2624687
14769281  12573816
14770068  4103480
14772390  1128723
14773344  3333138
14655003  13284291
14661655  3866766
14665264  13237995
14665814  14651438
14466450  7423853
14478968  116574
14480290  8356501
14669272  6913487
14669272  11257238
14670994  4906073
14471088  13767919
14471190  4459058
14472275  498747
14774480  294138
14774611  7231902
14780763  750486
14515038  9331516
14515565  4021733
14517101  509211
13901125  1827314
13901125  8028957
13902197  3075356
14740901  6399615
14741499  2973202
14742880  14654288
14743680  1461907
14767205  11783062
14773891  115983
14775736  2170609
14485184  10236240
14486842  2129443
14487995  14313285
14517378  391005
14521756  13602501
14526861  7953053
14531652  14220321
14531686  14187346
14745086  8819839
14747358  409999
14748730  7226303
14753367  9627451
14753776  510357
14757747  12829963
13906005  4732681
13907964  822487
13907964  4142177
13907964  6049269
13908298  3748
13920632  9396415
14678430  1819142
14679741  6156647
14680116  119123
14680123  10225325
14492539  9778665
14492889  2119480
14495816  10476783
14496083  9577971
14508733  4285627
13440307  13438570
13440908  3642080
14510055  6409039
14510137  8632558
14515621  6873138
14521437  1038314
14521437  7230661
14522020  280634
14398337  588004
14398337  6621802
14400498  8634156
14400609  9362412
14402038  9377099
14474198  175091
14474649  5806220
14475853  14220321
14783381  1538789
14784094  14766238
14788261  4303513
14796921  3101339
14797062  2077147
14802235  12542813
14803037  4885143
14672851  14670846
14673437  220231
14674187  6882808
14676295  13218710
14677296  14668094
14526231  11119632
14532566  4532951
14533269  1310701
14535860  12529625
14535860  14465996
14759349  2774099
14764765  6985507
14765242  8249483
14538059  54566
14540774  710392
14543884  9502548
14680248  14663612
14687679  2925130
14687761  14687391
14689390  1525521
14678582  6761553
14680439  2728896
14682911  494827
14682911  7544227
14684248  138313
14803414  14803169
14804973  1132941
14806522  6034813
13922217  1120706
13923889  2785485
13928069  3058897
13928169  6026824
14807522  924265
14811561  5553286
14813338  14813707
14821719  14819032
14824429  3446216
14824629  1994255
13931962  9824053
13932362  13929326
13933549  8996842
13933783  391979
13935355  1238145
13936255  5770228
14549925  14542821
14551665  6921884
14551874  5535514
14552342  5695331
14556277  12637322
14560698  2973202
14560698  3742239
13886081  5002661
13887660  1410976
13888046  13886395
14269253  226910
14269453  1435544
14272563  703396
14281051  14271468
14282438  9070074
14781882  10317036
14785975  456713
14785975  495021
14788366  14787324
14790591  23250
14790805  14344289
14770588  14568883
14773389  10604409
14773389  14719117
14773730  14770763
13891347  1368166
13893519  1906896
13893712  12893499
13898706  6296013
13899099  3200899
14541607  6354671
14541676  1267902
14542408  3191837
14542408  10367834
14690063  1606487
14694844  14635956
14698302  4461946
14698587  6393787
14690169  3247067
14691480  9961363
14692284  2052633
14693952  1543614
14694631  3820666
14476653  14472423
14477372  2545544
14477372  2804690
14478244  10454173
14478861  11665897
14695635  9055521
14696628  1240267
14696653  6867254
14696771  14688167
14479461  594522
14479461  6632971
14485226  760088
14487183  2022335
14487987  11922383
14403192  3905145
14403774  2484079
14404128  174153
14543479  971651
14550249  8466744
14550249  14082912
14553572  8680721
14797658  3875195
14798011  1749753
14803410  4091765
14805146  1132941
14806950  9451293
14404353  14366511
14405178  8021436
14411755  14304938
13441608  10214374
13443180  2687027
13443229  3446216
14561323  7128747
14561489  5986324
14562561  1098550
14564842  2450954
14564842  6274339
13447109  12953127
13447910  10520390
13449296  2091465
13453925  5957341
13459992  111102
14565101  1140089
14565101  6771406
14565310  3602802
14567182  13431722
14567450  495021
13899528  676824
13900914  3281448
13904901  13824771
13905544  11443996
14697078  8031620
14697814  5095234
14702451  2264039
14702626  7770257
14777197  11580948
14779112  3933614
14779746  4075802
14783390  5605125
14553639  2787245
14554026  5724677
14557920  5299608
14559524  14561628
14561813  145922
14699388  1269562
14701846  1245295
14704704  13784434
14705975  10909865
14706911  14620396
14488438  2000580
14489872  3270929
14490076  757627
14491110  3573276
14493352  1085933
14826301  3899426
14827744  2153768
14829843  14832557
14831115  14830379
14832794  14743926
14834959  2720738
14834959  14297113
13460092  5654447
13460663  3982608
13461399  5599283
13461649  1280263
13464086  290884
13937242  4485128
13944696  9605913
13947587  8515936
14289075  8578657
14289156  11152956
14289726  3755606
14289726  10896749
14289977  12822862
14412759  395541
14414781  14220321
14415606  13808774
14708483  1343044
14708483  2044365
14709433  9378998
14710019  2458730
14710184  3548920
14712691  72852
14787529  3342077
14791907  5157439
14792716  504103
14794588  4168981
14794588  6259982
14502074  14485035
14508707  8219639
14510749  1394998
14517284  14628047
13906530  7930615
13907416  8028957
13908652  13899920
14705863  14702279
14707481  1757065
14711200  1306778
14718620  14698338
14569113  9003581
14570449  2508910
14572857  6569528
14574729  5605125
14720224  4660142
14721653  4172022
14722300  8666097
14806968  6783000
14808439  10933946
14808958  8652514
14827824  5042990
14830014  941206
14830146  3076443
14830146  8094938
14831785  3017892
14831785  6018855
13947887  5192917
13951297  1572107
13952820  5000213
13953790  1614723
13955275  924128
14563735  510357
14564689  14564267
14565339  14563278
14565390  2076988
14568730  14529576
14571623  6983553
14416585  9958590
14418325  8107695
14423580  1732318
14576172  3404975
14576942  10978038
14576967  6545254
14578371  9299329
14581086  2310216
14581379  14577019
13909481  13905872
13910681  13909970
13911274  1827965
13912096  9818139
13914675  1628026
13914675  7186336
13955677  13952404
13956811  607094
13958034  2457043
13958085  3737139
13959385  13957380
14724018  6970475
14724622  4776942
14725115  1335786
14728341  6504202
14729116  3396566
14730531  3579072
14713528  1340729
14723823  451424
14726917  10061154
14728889  5175161
14728953  2156634
14730490  7146194
14838167  14835236
14839303  12085062
14839576  3307237
14846464  780937
14847057  14846849
14519871  4868884
14523615  4398951
14524568  14464310
14525253  14524480
13465393  360289
13465393  4088776
13467130  9007051
13467530  5150637
13468565  1294501
13469202  1196991
14573028  13380666
14573095  12361369
14575031  14462435
14577022  3491679
14580465  4416228
14581869  6504453
14527759  4598702
14527844  13158729
14528295  4272002
14528397  262427
14795079  963491
14796660  1253788
14797253  9964371
14798768  8679614
14802274  60174
14802274  8651170
14802433  14783947
14814299  547172
14584753  14558926
14584987  14567088
14594424  10486884
14730625  10178559
14732462  14731352
14739550  676250
14741136  3126072
14741871  10837292
14743144  5093090
14745665  1124771
14290743  7007277
14292534  2422383
14295074  2047105
14296444  8850885
14833257  176775
14838252  964322
14839656  11571923
14840527  7648557
14850369  503093
14850369  7078660
14749160  9572411
14749709  225937
14750145  1158348
14751032  3468038
14751082  2528160
13961157  13960824
13966022  13616631
13968594  12166986
13969181  3453924
13971168  13964690
14297916  11892729
14302643  7179115
14303715  11781131
14305953  2052915
14306455  2973202
14583323  3528042
14590876  1448804
14593266  9549327
14602507  307674
14610813  1782079
14733003  12560796
14734196  4214731
14736404  172303
14739569  10021262
14744410  11507186
14594649  595450
14594649  13380181
14598466  14598206
14600806  1383797
14600806  10699492
14601210  982476
14603341  14670638
14610932  3602827
14617547  1787322
14617565  11597489
14618952  406294
14619369  14596487
13469402  13361377
13470788  279170
13471174  237254
13472610  6256790
14531137  3072307
14531137  4288821
14532175  20856
14533494  4220993
14533694  3065700
14815178  6559000
14816114  137487
14818545  3490622
14827210  495021
14832056  187537
14753739  762316
14753940  2666392
14756162  4615163
14756512  6225375
14619938  56708
14620423  14598258
14625772  5112793
14626189  4123266
14626189  4458169
14633409  2681548
14847457  3061761
14850265  13723422
14853986  13281913
14861297  5347470
13974095  9243584
13974561  1938204
13974831  13974479
13976367  3490887
13473145  1465398
13475753  13416989
13477040  1767117
13481233  13185950
13483105  13482360
13980362  2744264
13980362  6441218
13981062  8311371
13981747  3236224
13982200  13160089
14634046  14589802
14634196  14220321
14638140  14511687
14639611  9314031
13983185  5159086
13984172  4255472
13984957  8047261
13984957  10071304
13986327  441147
13986327  5259882
13987599  9260454
14604116  14521628
14605120  3838488
14606090  1897727
14608689  4661508
14610659  3820666
14611234  2475652
14745546  386122
14745589  14746895
14746814  1228318
14747325  1646698
14748511  11679373
14534545  1448429
14537221  2345670
14537723  2106503
14758483  8133312
14759419  14753647
14768930  2182919
14769166  3039955
14773374  1817792
14778339  1128745
14832183  171970
14842579  14146247
14844258  14825123
14845451  412562
14846432  3555681
14848325  6809373
14857219  7264923
14427106  10441208
14429514  14112515
14431450  3313614
14431561  5552117
14431668  5547311
14539893  7490999
14540731  4834490
14541633  254669
14543135  492384
14543837  9655202
14435773  949433
14435773  13401518
14436666  1716313
14437266  3115924
14438095  7434215
14439756  14440169
14850837  847185
14850837  4611754
14850837  5846625
14854581  5978574
14855300  14811589
14855903  14828529
14860312  14594815
14612072  14611887
14616450  5008804
14616752  4082938
14619083  5133075
14619458  10911566
13483156  5087934
13484291  1363030
14306689  236129
14311603  14311787
14314811  12475269
14314811  14220321
14316734  4156527
14641765  4261133
14642215  14611320
14642348  14625969
14642666  7299286
14644088  13605451
14647031  1855996
14749647  7581741
14756778  1642212
14757528  1321270
14757528  1710839
14757660  14612314
14758003  8399140
14781934  4643758
14784156  7856648
14787750  10800477
14787949  1196941
14791894  14794075
14547062  11786915
14553197  11037503
14554550  295104
14555805  14546635
13989252  513832
13991958  13991246
13992845  7899119
14862306  290884
14863344  14650554
14316883  2446764
14317151  2391216
14320308  1999503
14320559  3981149
14320559  7712715
14647313  14603391
14653430  1635068
14658745  1018822
14659749  6426779
14664093  1468648
13489172  5519328
13490929  5918167
13491394  9559947
13921649  866350
13923055  304011
13494252  13474187
13500753  835889
13502376  204017
13502976  8384291
14440585  7576138
14440585  10841511
14443232  11421200
14444486  12460307
14862297  6441218
14862297  12033842
14863776  7026690
10562329  2166961
12638354  12621680
12642005  8474670
12643477  1062199
12644763  12321177
12646049  1212110
12646435  9202224
12647571  1732348
12648564  8865621
12649793  1170270
12650293  222187
12651065  164194
12651522  7603684
12651758  2941116
12653094  12652133
12653294  6618026
12654516  5103528
12654516  5127658
12655123  12652787
12660139  12661059
12660189  12657166
12660832  8834493
12661018  3678479
12663240  6102241
12664226  7568795
12666062  761402
12671628  12514447
12673250  635851
12674193  5192753
12674536  12672926
12675608  4454551
12676408  645081
12677394  5429635
12682953  6268613
12684839  12684987
12685675  708675
12686561  1794006
12687261  12686350
12689312  8463907
12691491  8025236
12691984  5826210
12692134  12289349
12692227  183638
12692484  6201734
12693420  3587942
12701251  10805745
12702537  8134687
12702816  12682722
12707460  4088114
12709139  1321281
12711740  12494387
12714662  3801504
12715248  2856513
12716427  1114488
12717513  7337692
12719978  935175
12728202  962033
12729452  4378435
12729595  12491046
12732246  10942972
12732346  949433
12733089  1005153
12734575  10266148
12735904  4341216
12737369  9027403
12738619  12449298
12739648  7704426
12741620  12737180
12743092  2129693
12743728  1513485
12743835  2138390
12744385  12172661
12745800  281264
12748522  6773346
12749301  6157886
12749365  9126959
12749708  281264
12749708  6234269
12750744  8525193
12757482  2295496
12758139  1357118
12759318  12754724
12760247  10174482
12763169  11846293
12768785  2701695
12773615  10805745
12774944  5259714
12775966  999172
12775966  4457108
12776466  1167890
12776816  212321
12777988  1719452
12783075  12781696
12784104  2502596
12787648  56947
12789141  12659792
12791856  12672373
12792692  4982210
12792921  793185
12797851  232545
12802145  686231
12805803  1226574
12807275  901115
12814677  1485841
12816049  12815093
12816992  8652855
12817814  10666436
12819993  2518425
12823087  3303662
12823187  336859
12823187  375150
12823201  3167932
12824130  788903
12825409  5002966
12826002  9478044
12826045  1013385
12826852  153152
12830682  12830332
12831432  270287
12833504  4977707
12834919  12703263
12834969  12560118
12838520  2698460
12841578  12838900
12842714  6348902
12842821  1591723
12843893  12135498
12844043  9548012
12850738  1591523
12851138  2012589
12853217  1124994
12853517  3597867
12854346  2920306
12857547  5767584
12857640  1496135
12861698  1014005
12861741  7737070
12864592  4831523
12869372  1946426
12869779  10608624
12870322  2370002
12870422  11613371
12872494  12872193
12873423  12069175
12873423  12546355
12877903  12431286
12878746  2720074
12880875  3583724
12882783  12830425
12883319  3746639
12885341  12865906
12887134  3899971
12887134  12876703
12887706  3747483
12891750  114180
12892443  6481517
12893050  7203286
12896087  9361870
12905811  926172
12909998  2420389
12909998  2902833
12911713  2174889
12915771  2201216
12915771  5185230
12916443  605685
12916750  3992236
12917593  12885356
12918415  12917804
12918665  1179453
12924695  10958054
12925910  12925759
12926853  12803346
12927496  940905
12928239  51988
12932426  2371445
12933862  4950725
12934041  10709561
12938485  368169
12941929  9322487
12942815  12902971
12943508  310685
12944987  5133649
12945087  2832202
12945480  12946279
12947509  588004
12947552  12947254
12953761  10079544
12954018  1641833
12954747  3328901
12954804  12395200
12956033  8584687
12956290  12462615
