2139652  51349
2139652  123703
2955304  148298
2955304  1151695
2971766  309023
2974824  2938165
2039550  82639
2039550  1053212
2039550  1435690
2039609  392993
2040911  2647
2042281  338586
2044557  819793
2044557  1215881
2051943  28999
2051943  1745617
2880758  2869338
2883719  140376
2892458  2916081
2894849  2887386
2895083  2856239
2896504  2798812
2349884  257416
2349884  1127759
2349884  2306971
2352549  161342
2355857  906566
2355857  1820815
2360737  2323105
2365794  405619
1961160  1961146
1969005  36932
1973803  1939105
1974203  1974200
1978258  122883
2368268  2360338
2369761  1261041
2370240  2030863
2370574  2166809
2371367  2371076
2184196  894543
2187704  795746
2188031  1712016
2191139  1922040
2197698  1449339
2896853  2557009
2898155  1117292
2901852  2138890
2902401  9
2902401  1572110
2918764  2758990
2371667  12647
2373505  41988
2376992  17877
2396176  141498
2399711  32369
2400947  1138460
2254417  627199
2254417  2124951
2258144  1738568
2263092  2263029
2267822  46585
2267954  112351
2156967  2156111
2162498  78955
2162516  179332
2185193  1631450
2189473  1925898
2207086  2201758
2205152  1448426
2207353  1729500
2210166  263965
2214046  795746
2914522  876473
2918866  2819284
2922435  242813
2922435  559752
2928805  149937
2930609  121243
2936532  2936392
2220944  1021929
2222080  2221636
2229014  2220326
2237587  9
2240396  2240162
2215739  1133955
2219792  164926
2225344  5407250
2241413  2236153
2260183  2260215
2264178  2012528
2266349  149491
2270811  12023
2271697  253055
2271697  1270514
2272934  83073
2275977  2275946
2276764  4689
2278700  2207179
2280372  206323
2287073  25259
2047062  6396
2051242  383848
2051242  1888939
2056122  1985172
2064310  2062411
2064310  2062507
2071505  5525972
2974860  1094760
2977982  2950029
2994544  466521
2994829  2992360
2618804  1419681
2623718  1918196
2625790  1881652
2632601  752793
2271248  424752
2273520  510269
2274038  2255227
2274574  1076070
2773565  81584
2773565  1736451
2778645  271398
2780066  113547
2788390  2788313
2798886  109124
2923559  325504
2925984  2121259
2937399  234458
2937399  409969
2937399  2080020
2940241  157933
2944785  2890525
2985646  2980463
2408601  2354368
2412122  2411975
2421848  41479
2424990  5873777
2633601  1256036
2636486  2636105
2638256  2403816
2640119  937313
1979501  75102
1979501  1616894
1983899  75102
1983899  77839
1996399  477096
1997285  1426720
2010053  1961030
2010185  132403
2060810  1018822
2074212  1846888
2074803  620137
2077488  1711
2077845  2077457
2949375  15496
2949511  3553200
2951576  2895433
2958753  679203
2963876  2005537
2967534  2964013
2287024  849168
2290968  107264
2293240  238180
2301064  2032001
2803881  542850
2808112  253159
2819457  985818
2825073  2793277
2839498  2011664
2255917  187453
2257430  2257396
2258768  1043978
2261267  22358
2261510  105725
2261510  578670
2262646  3748
2287259  572547
2287259  2271902
2295212  1087042
2299692  277771
2300245  2178747
2318862  645237
3008683  2515477
3010055  551315
3011092  1851633
3015471  3016128
2992615  2927391
2996976  2065282
2998784  1267283
3000086  2768917
3014577  2718610
3019555  3019481
3029417  3220163
2080629  753948
2080629  2038647
2090232  1588371
2090496  2083389
2430872  2385473
2434907  1924102
2435986  396748
2440966  153260
2440966  426458
2011925  1991923
2015987  420122
2025429  2024850
2026272  2026252
2264582  1940471
2272036  2212776
2275135  236129
2275135  909289
2277745  2277707
3031906  10848
3036620  2184646
3039075  3032031
3046078  564650
3048669  2223434
3053115  11532502
3062709  716049
2305625  2285310
2309216  65865
2317758  180601
2320380  561997
2320648  38144
2320648  77193
2320648  242407
2278988  113547
2284295  101055
2288482  2267362
2295157  1451495
2297129  667139
2297129  2220987
2650556  620137
2653759  1023593
2657342  2657275
2657810  184710
2667940  2015689
2092261  2092148
2092611  1307203
2093890  446196
2093890  1663616
2100249  804970
2669608  689354
2670680  2816369
2673079  2665593
2676594  575475
2676594  1848176
2967870  1983990
2971053  2496073
2975772  145570
2975772  283701
2979009  11246
2979009  2970314
2979341  1827314
2979341  2979256
3015821  2657504
3016157  1093322
3017058  2475652
3018729  287927
2078215  1200182
2078215  2077870
2096272  309300
2096663  156748
2115724  2109169
2117689  710362
2442638  2442463
2453257  2447065
2461081  568827
2329740  597042
2332215  164926
2343898  653705
2346856  660329
2352685  2352677
2352922  2097189
2362228  377164
2682912  111292
2688260  2528907
2691863  2496901
2713498  1041060
2319565  376278
2319565  1270370
2323691  201323
2325427  998090
2329758  247738
2329758  849168
2339668  278788
2027415  694552
2033899  791390
2042055  1178312
2048493  111597
2048493  833946
2842921  2842736
2843191  48668
2852266  2844193
2857497  2808535
2873707  75105
2883331  746309
2886692  2879146
2299037  504977
2302352  176580
2303717  1040114
2305394  170921
2307602  51180
2309374  987057
3021587  3021429
3027217  3027177
3029375  2585591
3034691  2762456
3035542  3030611
3048659  3048339
2345951  1123202
2348491  20059
2348491  41988
2358187  135057
2359256  1418423
2369147  336814
2322601  1746815
2325650  2084986
2337975  2222420
2362884  1660502
2374252  562303
2374416  1216958
2374416  1277572
3050882  3046564
3050882  3050475
3052154  645943
3052339  2941682
3053389  2719586
3057770  15142
3058355  186264
3063845  14762
3063845  948549
3074154  109383
3075494  2012950
3075894  1419713
3079502  1402017
2374313  2537259
2383038  273261
2391893  2387270
2393965  1644
2401235  2400827
3084148  2129375
3085237  24109
2049318  2048744
2057499  1825794
2064894  57483
3108165  2548181
3115019  1643321
3115972  937281
3127953  5727
3127953  162941
3128689  3128578
2409592  718984
2409710  33923
2414489  163229
2414489  424580
2424750  1716484
2435145  2435133
2436867  137550
2104429  28002
2104429  103512
2107144  184537
2107144  808148
2115682  24886
2115682  24901
2119226  1652904
2119226  1653569
2367162  2046037
2369248  2316897
2384674  2347488
2384891  622902
2384891  893295
2378160  2376370
2378160  2378027
2381195  214132
2381461  400794
2385984  673721
2393806  48701
2394842  165473
2983753  444080
2983753  2399935
2986229  1951519
2989126  1678555
2992002  473758
3001108  617443
2461915  23860
2468733  2353545
2473613  10936
2484979  2263975
2498649  1000101
2506837  1343374
2715468  1157425
2715468  2261726
2724185  43587
2725823  2529617
2726491  148084
2887092  718984
2887177  359494
2893927  89275
2893927  579219
2897637  245956
2898222  895786
2898222  1486099
2899643  1132941
2126556  192369
2132772  743951
2136248  2525
2136248  506282
2138388  2138385
2138456  2144386
2139022  11
2139022  822124
2141387  9049093
2437135  433907
2438421  2438418
2439811  1279779
2449903  822119
2449903  1028138
3058556  74405
3058556  388242
3071274  123423
3071623  1493950
3079461  1470488
3005881  1154325
3005881  1582285
3005881  2545027
3012408  3005705
3016066  111933
3016066  1246546
3025844  1549990
1707811  1301129
1714263  1712172
1714263  1714051
1722253  1406131
1724474  1287297
1749159  1132941
1749159  1651154
1752903  1026247
2450704  122616
2450704  656542
2453197  2453088
2464879  367706
2481405  524033
2497768  2389760
2499839  691946
3082619  1830142
3083355  897366
3099753  218623
3101190  3092944
3109242  315146
3109242  2503336
2728036  1777901
2728640  2999298
2731112  563549
2731839  1087042
2731839  1259803
2734320  2721071
2737621  2730173
2511653  1171584
2517510  2431333
2518103  2210544
2518603  292124
2519012  1561062
2526591  2419689
2526591  2529357
2529142  240178
2535451  669106
2544577  103512
2557988  2518415
1758300  1758070
1758300  1758337
1765822  1765525
1766724  1234802
1770066  1770062
1779977  1628386
1786078  2321038
3031885  1163738
3033271  2545532
3033807  1143262
3035790  2374988
3035790  2977007
3041738  15496
3045700  166833
2142157  1204149
2152015  609517
2156393  78536
2166532  2166098
2169340  3505
2169340  252683
2169340  870853
2072475  337704
2072475  537087
2079334  2069863
2080806  2080750
2089712  2082682
2091409  2069595
2386231  4172722
2388971  2135966
2390307  2376279
2392197  2353622
2392997  320677
2404361  1488486
3116980  3060006
3118501  949433
3118987  3113134
3135364  3135361
3138507  3138371
2564933  2562034
2566912  105049
2574693  2570250
2583717  3065307
2586723  1618798
2602165  2124339
2741540  4002
2741540  6327
2750423  714172
2751257  10936
2751257  468753
2761051  171765
1786191  194863
1798512  857420
1819568  230003
1824148  1766079
1839607  1838705
3141666  531329
3142416  793210
3143052  3142420
2762732  350404
2767169  2425608
2769841  464287
2769841  562303
2780312  2727113
2790676  2790409
2792505  2760995
3046307  1197535
3047154  2518256
3050387  1231985
3050387  2288467
3051030  579687
2901417  1517385
2904223  267892
2904776  519520
2916457  487314
2916457  1308593
2918027  2429240
2920886  40480
3129374  2973202
3131412  313178
3137428  1881594
3137598  1847789
3139619  800123
2611066  772349
2611066  2119083
2624970  487258
2624970  749819
2630643  1517136
2642711  789221
2644926  86582
2644926  1008019
2647291  745568
3141223  3128636
3148009  2334568
3149932  1394265
3152838  194157
3152838  2284725
3157901  370962
3157901  2223386
3157901  2521450
2793543  858035
2793543  1951269
2796790  2793611
2799564  2794638
2800266  249192
2801027  2784514
2808583  514673
2413504  611420
2420137  1234202
2434027  2433868
2434159  2433868
2434159  2434027
2438571  262891
2442366  2438993
2095221  2081509
2104956  2104638
2109325  1279774
2111179  307934
2111179  356137
2111972  450493
2114587  822487
2647991  988373
2662140  889900
2662140  1685221
2663946  2663682
2665584  2662091
2667754  519520
2674099  2673419
3144673  869033
3146495  1979920
3150575  36707
3155034  1794025
3159800  2102253
2400924  758256
2400924  2399906
2407876  2407770
2414955  291553
2419106  2415705
2419701  306313
2424086  2385044
2808724  234241
2811893  2805344
2838540  190421
2841114  1164023
2446442  2446286
2450607  2429560
2453415  823181
2455169  1713594
2469592  2463383
2470792  26845
2470792  111031
2472450  91275
2172373  976115
2173148  129502
2175488  560583
2175488  1648715
2181942  2177747
2194999  9
3160586  982476
3161271  184537
3161271  240212
3175090  776807
3175090  954160
3177497  2368064
3177497  2928755
2502630  296
2502783  272535
2502783  310533
2511807  505471
2511807  523875
2519496  11743
2522354  1150360
3059722  46586
3059722  2700531
3060947  2648
3064641  6231
3068160  138981
2922873  368280
2929676  2911481
2934539  1566379
2934539  2668263
2934926  2934907
2936728  92869
2936728  2422238
2936728  2901219
2936728  2936737
3158288  564650
3159254  2893267
3162181  645994
3164521  550703
2938100  377188
2942480  2941863
2945586  105372
2948494  409286
2949566  121385
2949566  805168
1847076  267399
1849867  1110682
1865509  1247119
1868102  1823306
2424522  43249
2431431  652129
2446373  2445999
2450758  1846882
2465627  72394
2474181  161797
2687569  154136
2687569  257418
2689582  2676124
2698206  2698011
2702109  2563724
2702552  2696212
2722506  986937
2723508  856019
2203734  931872
2211954  219914
2211954  336585
2211954  487048
2211954  1446120
2223347  506022
2225594  40480
2227734  9508518
2228636  1790190
2121048  77718
2121205  55056
2124392  274022
2137896  833946
2158759  767821
2158759  2086529
2116327  387181
2119603  169713
2121514  7252
2125994  2125941
2130449  3748
2130449  325126
2130449  1412763
2130449  2002406
3183064  77485
3183064  1218471
3188594  4736
3212579  680097
1875405  236073
1875405  1659749
1875503  673964
1878128  1877934
2475875  988228
2478901  813935
2478901  2450954
2480887  2480885
2482896  662956
2495613  166884
2498118  2475095
2498118  2497939
3070150  56947
3070150  1772579
3075648  3075287
3081339  441147
3086258  3085952
2841748  1117292
2841748  2838054
2843377  2313104
2846785  1995495
2851308  2630418
2853907  355062
2854248  4537115
2854375  2702750
2725037  520328
2738048  3087975
2743519  2744666
2748065  2748326
2748844  2745308
2749444  2741796
2959190  2788975
2966593  589652
2968016  2964318
2970671  2970293
2972009  602237
2998768  13537
2998768  193560
2525094  1695278
2527916  593724
2532345  902261
2532345  2529617
2537076  761155
2541356  46582
3166542  2738555
3186998  181596
3193248  1058232
3204782  955941
3208807  3208574
3096047  182243
3108872  3107492
3110101  205411
3110101  2905229
3112998  3574136
2855588  23578
2857383  2857197
2860634  2769174
2866309  3278207
3124048  163229
3129085  687
3129221  75102
3129221  77839
3133054  3116970
2870653  30251
2875533  1197709
2893356  2337126
2894126  567020
2894126  993400
2896364  1072028
2904311  172206
2904311  268302
3135612  3379994
3142925  377164
3144904  988158
3149209  534690
3155532  3147162
3156679  3171174
2474617  479207
2474617  2351792
2476666  2461337
2476666  2475695
2477732  2468590
2481412  2474878
2149208  1949610
2161290  2024934
2161576  122883
2168978  1198254
2168978  1348586
2168978  2144626
2755923  426484
2766549  701624
2768798  758673
2785612  1272680
2785612  2349978
2785612  2445330
2788877  2788186
2166697  830372
2172113  1152511
2175078  2174968
2183595  201323
2183788  1944289
3157072  3156407
3158083  487258
3161802  271138
3165478  3165304
3218810  3203018
3221968  1143936
3222053  1100343
3222053  1973297
3228220  974656
3231278  2869338
3232714  3232534
2229329  139630
2230538  2024305
2234550  1119016
2236013  850717
2241268  7074
2999351  182278
2999351  376427
3013506  147181
3014393  3036847
3017599  3017389
3020273  1726630
2500126  145570
2500126  242728
2501594  444245
2501594  667139
2503134  615728
2505956  1550538
2510286  463459
2546435  2545343
2546635  2443325
2547907  221803
2547907  1603242
2566488  498521
2572090  758673
3022245  3022425
3028448  438821
3031220  761194
3031975  1862593
3032492  26369
3213772  3213634
3221175  1552881
3222060  467452
3232956  846309
3239542  979750
3242452  665399
2524607  67117
2527684  2447310
2538498  1697215
2539315  160890
2539651  10490
2244476  1981526
2245714  1406129
2250828  1778368
2251253  2251236
2255308  390438
2257707  627097
2260481  2260477
2187253  3553200
2190547  2187474
2191376  2191338
1878564  1878458
1888407  1213576
1892602  90462
1899754  164187
1914279  203616
1916515  6847
3034949  5593197
3038391  2795575
3041535  3030906
3043888  3043236
3051459  2770321
2908957  2908747
2917781  729197
2926069  2925988
2935272  2928490
2497479  272428
2497479  1724919
2497479  2184551
2510547  987135
2510547  1145659
2522522  2518362
2170557  545957
2190863  132564
2205278  734525
2206014  37464
2207711  1313120
3238901  336859
3248375  667781
3251683  77723
3257400  174892
3257400  294018
2793091  2771847
2793091  2793081
2797944  2797929
2808131  2802675
2813254  234241
2813254  1006586
2813254  2808724
2828789  2828788
3248851  36932
3255671  1554774
3264393  3262915
3277812  11405
3277812  1239908
3277812  2369553
3277812  2812470
2831002  2829124
2837520  340858
2838054  1117292
2847814  562303
2849343  265777
2849343  527640
2862590  2763006
3175656  1024585
3179600  3150104
3183612  662379
3184012  2440511
2936531  2495830
2938271  477748
2938705  90924
2938705  1566379
2938705  2934539
2948265  2603314
2950205  638807
882502  881819
894670  7335
894670  885955
896449  805107
898807  487169
898807  755388
906938  264042
2206673  851767
2212725  2073066
2215690  1117292
2217369  1342898
2218841  2090820
2876653  377203
2876653  2608394
2876887  2500609
2880395  2879846
2881876  974583
2881876  2054662
2882010  2881012
3258050  2538252
3261729  44965
3274612  890966
3278441  332030
3280013  1309003
3288838  2144697
2552369  274022
2558717  2558616
2564719  2532794
2568345  11743
2568345  157354
2568345  2060024
2569481  2569283
2569549  282194
3284232  388242
3285802  3106210
3293358  3295466
3295464  2943542
3297702  403539
3300812  3299236
3308900  530330
3316252  3316526
3323940  4539253
2229680  1589813
2232338  142202
2233238  604577
2233238  605291
2233238  659199
2268169  1439977
2269637  2269394
2271509  1447635
2273024  397933
2276023  2275946
2279665  1568091
2526068  1975916
2526068  2481654
2526702  11635
2529067  1782415
2533520  61401
2533520  1285700
2535026  719739
3053518  25331
3053718  285061
3059149  2243074
3063027  246564
3065499  55984
