13985432  4493697
13985532  13976336
14880161  12382558
14883352  10617136
14883535  4781077
14884220  4800419
14896588  14295761
14897775  6441218
14826909  3480201
14833979  14792062
14840345  169220
14841217  13875058
14841928  164194
14849866  1108780
14850466  559296
14854878  5155979
14856900  14831874
14860601  513832
14506850  11371540
14507007  7801880
14507718  9741837
14510317  10715916
14601262  14414412
14601413  148403
14606142  14588349
14608716  12956937
13985668  8600330
13992183  4261133
13993406  8839943
14898979  11923272
14899949  13332073
14900149  14899631
14901183  2220916
14609450  1039725
14613294  389426
14615751  13867737
14512291  3865934
14512589  14470150
14514831  728360
14514836  8631935
14517580  14552237
14552881  2909588
14553166  2570972
14553632  2647320
14560920  14546635
14562105  13670991
14861230  5842483
14867596  1204275
14867671  4261133
14875445  117429
14901217  195207
14901604  77434
14904578  14905108
14904961  5488691
14909522  3786003
13994256  3855579
13997935  4014851
14616353  4660142
14616840  236129
14618876  13606555
14619210  14617873
14520379  12820193
14522017  14521547
14522783  197986
14524289  9638247
14524289  14505301
14563341  1079585
14565098  12593502
14567119  164194
14574773  7368864
14910241  996093
14911998  4176328
14913870  10560505
14624541  10566666
14626834  1138345
14627485  4660142
14576109  1143796
14579904  8717861
14581325  5492931
14582495  9936280
14592691  14171025
14877006  7856416
14877517  4674850
14881575  14761035
14887034  280428
14913985  3757763
14913985  8924896
14915508  3033407
14915674  5954411
14916776  14916128
14927876  1634268
14526936  501079
14527399  154184
14527833  7122955
14528501  14527428
14594944  5208679
14595763  14224476
14529744  3914404
14533449  5197192
14533454  13185406
14539563  1920541
14541937  11577484
14628219  5861661
14644382  1293147
14644382  10617400
14645518  4205980
14645903  2613921
14597752  14544657
14608133  1193554
14612926  1323408
14614800  6518206
14615249  3862800
13999172  2348292
13999172  4845505
14000843  11323326
14003315  5381162
14003865  7273014
14898798  1207406
14898973  436351
14899173  276179
14899173  411143
14899759  2460633
14900177  574240
14900420  6927242
14904189  12777782
14544277  8230589
14544409  5343721
14547353  2630013
14548723  6431666
14549264  8851384
14646067  14645471
14646154  11419753
14616521  5817578
14618393  2919569
14618393  8028957
14618929  124958
14620063  9894032
14621335  14390749
14004216  51352
14004537  13903494
14004801  8424283
14004851  2162121
14549766  3991933
14553203  4726295
14560823  6491463
14564006  5093398
14566239  14561430
14569690  5020076
14573332  1484885
14576497  70689
14622086  3808691
14622086  4614114
14624879  3332045
14625881  6094039
14626096  8028957
14647339  588056
14648175  27581
14648692  3236305
14649177  5244268
14649528  14432021
14008195  3981827
14008981  6290251
14011989  104158
14577067  10424895
14577310  931995
14578178  1282100
14581454  7281666
14584989  2681061
14629323  2969220
14629723  2347786
14634569  14058505
14636041  5924762
14638498  7586819
14638498  7679794
14654591  139157
14656229  14655427
14660860  2790899
14012589  5673269
14012676  4776791
14015683  14032707
14639034  11774720
14639334  2528318
14646535  1818865
14649309  3529746
14649396  13672076
14585998  14571388
14588942  1998724
14590146  855759
14661879  747713
14662581  121631
14662796  1551243
14662815  3719150
14664904  6040583
14652153  4012167
14652604  12573816
14653574  13685967
14654540  366202
14657382  10391987
14907065  4165872
14908240  5210535
14909805  14893440
14910055  6739258
14666325  1520981
14667661  1648115
14668982  5934642
14669531  1566544
14016483  8302290
14016720  8053919
14017220  872209
14018206  414068
14657784  9862167
14659992  11448307
14661377  7402667
14661713  14662374
14913599  3755606
14913931  13774004
14914928  7109654
14916582  1625234
14662211  7848915
14663300  7485670
14663600  1344221
14670805  13440201
14673626  14672896
14680929  2108609
14682235  3776192
14684573  14699583
14019441  4713236
14024758  8351194
14024758  10661667
14026494  7041854
14028101  14027554
14033095  3394835
14665808  14663972
14666242  3076414
14666908  2973202
14672724  310714
14684807  9666657
14694018  5984545
14696054  513832
14701957  4546698
14034603  12428755
14037290  3037526
14037290  3737139
14673007  1792838
14673543  469695
14673843  14316201
14675032  14673063
14677689  7696201
14678323  1641957
14679076  8028957
14702991  943280
14703257  12263483
14707188  193182
14708907  1128150
14710245  1825147
14710345  14425262
14680197  6918516
14680197  14671752
14681131  122238
14682369  14639604
14685726  11791529
14037811  10836905
14041820  14040702
14048322  1977800
14048772  14048622
14049558  9473582
14051916  423379
14052751  394751
14685777  6118708
14686613  14253912
14711132  21593
14712532  4238219
14715025  8014387
14715176  6958413
14715340  8894367
14721226  784929
14721826  12452810
14722762  2683214
14688119  14595934
14695907  2039964
14695937  1225667
14695937  14220321
14053438  14052379
14056596  2104099
14056710  1661197
14059204  8348139
14064398  14028347
14698196  7177995
14698479  8318765
14698781  2762061
14700366  4614114
14700366  8645365
14066806  5258543
14068128  1398582
14070849  13571705
14070849  14062425
14727457  2599005
14729078  727788
14730786  8926512
14731971  30062
14733158  2158395
14734509  2576024
14071135  301134
14074644  6805705
14704361  7074
14704697  8641954
14706182  14683573
14708992  14700654
14710262  2058564
14713370  8028957
14076801  2909868
14735279  14668454
14739374  1330626
14740561  14330768
14741248  787700
14742267  11506155
14744169  14074329
14715193  14709847
14718116  750413
14718699  14668512
14721794  13102045
14077737  12091212
14077837  10659875
14078152  1049102
14078723  238385
14083667  11082432
14744854  2507898
14756286  423085
14756286  1922371
14758009  2720665
14758660  14742222
14761687  900215
14721960  428918
14729382  14708047
14733156  2768293
14735262  14734565
14735947  6983837
14087197  1338728
14087897  798545
14088248  14086039
14738506  14715174
14740293  6238992
14767954  6355154
14770241  14730833
14772249  11093943
14784330  1967370
14786904  11355621
14786923  5391069
14787740  2109531
14787740  9480537
14740829  5797722
14741365  631664
14744086  14726028
14751225  8735280
14751823  3842252
14094849  3209669
14095150  3160699
14095150  3173320
14095636  8092513
14100751  6107465
13918012  3217669
13922606  194852
14753648  13596144
14755469  11938341
14756069  6435793
14788576  5284193
14792839  8564833
14793939  9640630
14796147  492384
14797047  10174636
13061114  3424430
13066794  12993781
13067330  634029
13067330  7331006
13067430  9379363
14101116  75175
14101302  8258062
14102001  11378568
13924021  649634
13925164  1813865
13926343  835790
13927915  10042
13928522  8710619
14756356  2126019
14757090  2093368
14757990  7992559
14758228  7418849
14759647  3654295
13067637  4457030
13067816  771439
13068230  3820666
13068759  170939
14102452  10062624
14103323  10943111
14103438  14103212
14592375  5693854
14596294  311165
14596796  6800192
14597030  5826455
14603471  13396688
14797649  88235
14797649  11929563
14797970  3410256
14801329  3748
14804601  2218444
14806107  664154
14810417  2078018
14818356  300522
14760013  4946964
14760264  2128034
14761670  589549
14762055  10400149
13069159  2615498
13069159  12763983
13070038  3362600
13070331  11152244
13071138  6407155
13073739  13050910
13928765  57708
13930337  2065343
13930837  3757071
13938332  12151300
13940004  12418412
13942276  477829
14818941  290884
14819426  1833747
14820347  14820298
14105295  11583526
14110090  12136914
14113884  11156104
14114234  14114037
14117864  6530687
14117864  12072017
14612933  4238141
14620085  14190877
14622693  937140
14625510  610245
13075568  4290108
13077726  13077189
13081234  5401781
13081527  7899525
13082606  13017433
14763591  6297153
14763657  1380070
14763657  11282103
14766416  14660276
14781839  6238139
14782611  2700000
14784147  14783754
14627514  2457246
14629318  323640
14630454  1496435
14631551  3943198
14631551  14630386
14122894  1527803
14123894  2060219
14123930  3499192
14123930  12026842
13942569  7022965
13943805  13840429
13945034  97987
13945034  1028437
13946220  1630631
13946306  13375805
13946313  8525423
13083113  13070046
13087386  3306876
13088286  3577641
13088622  5874652
14828537  14822218
14831109  7895105
14836238  5447498
14837961  14839468
14842592  183853
14842592  14444520
14843762  14842304
14788393  14785585
14788908  495021
14790180  1400854
14794724  14687485
14638099  7712715
14638542  3575969
14125502  4039158
14126451  1409225
14129545  4374237
14131767  4139786
14846200  14826122
14849257  1194857
14858015  14591618
14860204  2679618
14796596  7005860
14797251  14593724
14798487  7556400
14806392  12126341
14640107  187537
14647468  9364410
14652012  492519
14652012  11901328
14652973  13537
14653577  10199897
14133390  121203
14135126  6348494
14139955  3920209
14139955  5546675
14141478  3820666
14861859  9817421
14864131  12165200
14864967  14790354
14807947  308695
14807947  9460260
14811606  7505083
14812142  3045097
14817035  513832
14817035  767372
14817035  3885753
14820045  13773770
14658500  14646668
14658530  6507461
14658559  253556
14868811  14868539
14873072  14869227
14875716  10094847
14876316  9573244
14661865  2400690
14662001  2754546
14820645  80105
14820645  147181
14820645  6700311
14821317  760088
14821317  826398
14821317  4181668
14821451  1881455
14823840  53849
14825376  606516
14826897  4280069
14828167  9310860
14145372  4809251
14147779  12293471
14150301  1938714
14151673  14151479
14877237  929276
14877722  3531318
14880496  9889384
14880496  13897817
14884638  348109
14888567  19339
14662065  9390279
14663444  2973202
14664873  9628948
14666452  177118
14667358  1018822
14828469  6410340
14832647  20731
14832647  624260
14832647  2848087
14833013  406121
14833013  952914
14842124  14842698
14844996  9401755
14845330  249760
14849176  14186955
14853103  3994150
14853103  5828803
14856828  5588658
14858936  14857700
14668017  14667832
14673072  8021436
14673876  767999
14152274  14151820
14152623  2099201
14890005  3131270
14893764  60174
14899629  2785485
14902022  673153
14902022  14899949
14903322  14903020
14917764  14877683
14862429  7148454
14862963  403967
14870866  8028957
14870968  1524661
14919234  1014005
14919234  6828154
14921321  10201709
14927137  13195442
14674935  14674729
14676407  2534632
14677543  2101409
14677552  4261133
14677718  2272168
14871453  3665115
14871453  6530377
14872440  14869608
14877033  2847831
14880728  6239179
14888599  2023766
14888950  9088676
14159661  14243468
14161347  14141198
14162619  3274875
14163356  9580575
14164841  750486
14679113  901115
14686240  7726034
14687703  8819095
14692626  993352
14891907  14888428
14897376  3308530
14898376  10101316
14898610  10934664
14898610  14396647
14898946  13218928
14165728  5062266
14166127  14165239
14166213  821873
14170993  1108693
14899097  1354012
14912163  1555262
14912163  3796841
14913016  180172
14913235  6822683
14915007  4713051
14916224  7058339
14699178  6094575
14703756  14499991
14705160  6165472
14705994  9208673
14708559  8171646
14710172  2407825
14727781  2138390
14321095  6518858
14323235  293624
14327613  6316600
14327647  758688
14327647  951021
14333995  277055
14918432  6759242
14920789  11922383
14922976  871819
14927675  14927487
14730330  9717214
14737073  2158395
14739622  245973
14741592  7209110
14172680  2844832
14172680  5316697
14172929  232387
14174752  2368115
14175588  7402667
14744702  6546507
14747267  7974003
14750075  11922383
14751079  299495
14755657  4935632
14759410  6223802
14759767  14756320
14762082  1732348
14178831  4252936
14178945  9794851
14183275  13307066
14184948  826948
14766894  2330209
14767421  14744407
14768961  7751514
14770272  14767007
14771301  5030392
14185298  1614723
14186970  5263385
14188505  14188398
14189277  7370635
14777926  92781
14778462  4050999
14778551  11317753
14779589  2029651
14780457  2600783
14780457  10915050
14784576  9378787
14784703  1847789
14785712  2090747
14785712  6457041
14786482  1905289
14788077  13544236
14788077  14214523
14788515  12577585
14790821  14706523
14191900  1830727
14197880  1714786
14198251  14197404
14797846  11476883
14798275  1054022
14804866  4214731
14809478  3128578
14813281  14806816
14201710  2734719
14202246  1846900
14202495  11045665
14204032  14147821
14204767  6261256
14816732  2647257
14816732  4505357
14819974  3707302
14821803  4458047
14824386  6650821
14826151  14415960
14828521  1352323
14829300  14802128
14829993  6176802
14206089  2320069
14211720  6411520
14217636  4937402
14830568  5220206
14831606  1673841
14833069  2433204
14840889  11580208
14843029  3305561
14843540  14842565
14846616  12863314
14852925  2057682
14852925  4910407
14856172  5368862
14857576  6305675
14858371  14124373
14861813  13564090
14862158  10532614
14862549  14491378
14219993  9471407
14222416  3323001
14223802  4192203
14868867  2884172
14870573  8706192
14873386  8225027
14873713  468375
14876623  495021
14876623  12573816
14227981  8607455
14229117  6195774
14231390  3954611
14758671  13191854
14765441  5694933
14773665  12956937
14776605  11269766
14777541  3948971
14877296  1266014
14877398  5891610
14878861  14877729
14883107  1542073
14885647  6778961
14886247  14885527
14888621  2203987
14890591  9840391
14893276  14891920
14778527  10232017
14778945  80105
14779413  6708801
14782403  456002
14789759  5016464
14234748  5886457
14238777  1256130
14249973  13144611
14250424  10331837
14251110  2838219
14251110  11810028
14893599  14220321
14898556  1933784
14899419  2668909
14901521  12916212
14794010  9043848
14794428  13604851
14794428  14220321
14795950  8437099
14800455  2190270
14803788  495021
14804724  10382929
14253182  1611312
14253417  442404
14253467  829067
14905006  1410951
14905240  13796004
14906103  10704889
14909856  14337671
14909979  8083455
14911719  1761744
14915804  3779339
14807689  952914
14808536  7114573
14809922  14811812
14815552  5210535
14916931  757465
14917876  14917621
14927768  2528318
14256525  563198
14259333  12951067
14268908  14226575
14272301  14272300
13089958  1177775
13092559  11591637
13095388  7488643
13098139  2592137
13100711  12710801
14817767  336127
14819564  668907
14822758  8434913
14823251  1883925
14824469  1813897
14826123  14598303
14273524  14272489
14274373  446594
14274373  4084457
14275760  4570275
14829042  5855057
14829081  2009228
14834883  5001980
14838534  14836898
14840624  1451009
14843214  14842565
14844239  14843765
14852331  1796506
14853392  2414823
14854953  13701485
14855957  14853067
14856075  1529039
14859165  5499078
14863291  14469522
14865474  14861933
14871640  8706192
14876127  3820666
14878753  9773733
14878871  3293618
14878871  14883207
14880314  11530010
14882211  2180049
14887509  6580450
14277267  14005689
14278554  4964168
14278839  6567787
14279190  3076414
14285070  398299
14285070  7183735
14292657  4906073
14293208  1280456
14298473  8028957
14889967  1335851
14893925  7520076
14894572  2965971
14895908  4968406
14895908  8317982
14896469  8558597
14898205  610245
14900727  1056104
14902953  7418849
14908351  11267759
14298559  1267283
14298559  5366849
14298710  12760229
14298874  4660142
14916657  199099
14920983  7226056
14926749  2702863
14926749  14857422
14301131  949433
14301182  513832
14301767  392022
14305576  14689031
14306647  4867286
14307298  2206554
14308420  13722584
14308720  9111829
14309955  951373
14309955  3499672
14314985  312443
14318144  1223787
14322524  862416
14324645  1212500
14326803  11717304
14327439  4596377
14327739  306313
14327739  11476190
14328004  698191
14328154  11976093
14330748  510278
14331898  5896448
14332234  8028957
14333270  6196897
14337790  2540277
14339577  1907077
14342019  433907
14333706  7329972
14345602  13724006
14346387  1373966
14344678  7352784
14345763  14343702
14346414  1219860
14346882  175091
14347184  9451471
14352800  11631363
14354536  2322366
14354536  2504923
14357846  10601710
14355097  107165
14360278  2118842
14361749  13384588
14361949  2192806
14361999  1367454
14361999  3737139
14359267  4029109
14359850  390188
14360420  14359256
14361556  1805518
14364908  1006654
14366479  1350216
13103619  288441
13104648  13104157
13105820  513832
13105834  4421706
13105970  3224268
13106906  13105765
14364666  8391084
14371567  433171
14374022  1635329
14376949  2197741
13110264  4565942
13111250  13110677
13111586  488963
13112386  4975266
14368180  2601477
14368366  12372831
14372409  1443152
14374132  2606653
13114658  13086887
13117659  13117122
13119431  2545397
14378200  1144836
14379272  3745523
14380740  8604286
14381242  14380835
13123182  6247702
13126876  3844801
13127176  2269840
13127555  3819398
13127555  7093510
14376940  1921539
14379647  5547311
14379697  4519321
14384727  14142509
14389407  8777193
14381276  1644432
14384250  867272
14384935  3373256
14384935  7404116
14387224  4931346
14388645  14302564
14392508  14388412
14392866  2163411
14396060  8028957
13127755  141720
13129441  2612487
13131992  1997562
13132799  3721963
13135300  2612802
13138808  9112979
13140230  4027769
14394227  5023289
14395082  8466473
14395631  6384431
14395882  1976699
14396937  3523174
14399745  14214427
14396210  11907058
14396695  1859363
14396859  9157515
14398246  6216968
14398432  14218882
13140637  554997
13141373  8092886
13144917  1014861
13145910  5863320
14398968  1500498
14398968  14377804
14403026  500504
14401898  13879328
14403102  2745988
14404289  7150684
14404357  9316453
13151962  11109427
13154191  9801624
13154827  13428149
13157535  4945178
13167088  767372
14405944  10447983
14410071  4589237
14410556  10455677
14410658  5033047
13947356  7919227
13948585  8918550
13950400  13949946
13955323  4003989
13955680  1567601
14405233  4470108
14407105  4261133
14409577  513832
