14411349  8684234
13167881  5434891
13168081  8216470
13168081  12925063
13169553  11269766
13956366  3877027
13957695  9539676
13958195  3113360
13963704  10941213
14412326  6057939
14412998  14663570
14421286  5691795
14421303  5092708
14421354  3577641
13965883  3482742
13968191  4846978
13968255  650162
14413071  477572
14420373  7682628
14421345  1904378
14428412  4483540
14430370  7793511
13171132  1512045
13172611  240353
13172711  10139284
13175862  2611246
13176212  7591791
14422222  3638851
14422222  9460260
14427536  336859
14429089  5891840
14430863  57102
14432616  14414919
13969127  359494
13969127  523643
13971449  6063835
13974564  2295845
13974614  1419623
13976136  2449827
14440155  4982983
14440155  14220321
14441240  39576
14442827  137359
14443980  391005
14445350  14444238
14430705  7397962
14432978  423032
14437236  14449852
14439044  1793482
14439044  8028957
14445503  14375338
14446724  14445077
13976272  2983248
13976622  13976336
13981602  5353241
13986332  4122486
13986625  5666153
13988904  13984518
14449447  14324718
14450030  14201911
14447217  14430105
14452862  12522491
14454233  3987363
14454233  4618682
13992748  11579953
13996985  13996794
14458403  6808012
14466410  10240216
14468665  14441127
13998357  3519664
13999750  13994811
14000822  2543439
14001415  1049001
14456306  3094735
14458513  3117262
14462357  1064089
14462357  3510351
14463993  12785264
14469001  14468535
14470588  2777105
14003487  1343890
14009639  7962157
14013104  13808846
14013140  753190
14013983  407255
14465266  12136652
14465615  2851404
14466166  8649026
14466902  5576753
14472918  10276124
14471741  10213493
14472945  5734560
14473579  4159924
14476051  14461852
14482135  9997048
14014783  7778580
14015869  3783407
14015912  153724
14015969  13545985
14485428  8466744
14485594  500637
14488185  8584272
14489155  11425574
14018906  1087246
14019220  5048849
14020835  8888792
14025472  14025353
14474139  9745675
14475175  503633
14475225  1072848
14480355  438092
14489657  10800185
14489942  2474018
14492482  1355798
14027208  4905728
14027587  11321491
14027794  14021204
14030302  7018783
14498966  13735611
14499451  14496466
14500136  1360253
14501136  6959961
14483149  14301433
14484585  14305869
14485336  27928
14487743  14439550
14502761  27581
14505301  9638247
14506352  5224995
14031638  7195533
14033217  5625573
14033760  8563970
14034196  655956
14035182  504103
14490151  14489828
14490987  782178
14491873  10278426
14494931  14493373
14036604  5054730
14039955  9450391
14040498  597903
14043027  8038994
14043520  10792157
14510581  623551
14513423  7001320
14514861  4384716
14518418  11585646
14525102  14523059
14525872  6443493
14047993  6363566
14048879  3172332
14049236  597903
14049236  14040498
14496067  14494769
14501848  9133279
14502184  13297155
14503620  1804840
14503755  7838487
14530718  6767286
14531790  145154
14533309  14220321
14535147  3870298
14049286  14
14050108  8909811
14054359  495021
14058010  8642638
14063912  9492944
14510857  1141302
14511257  6123351
14515701  60174
14517710  8028957
14535347  3209647
14536236  14501457
14536266  10383341
14544124  8148956
14544826  10438720
14518009  7195544
14518195  2843366
14519681  2908822
14522939  1005476
14064519  686905
14065155  7465213
14066984  2507082
14068313  3009380
14068742  4749915
14068792  2197691
14548319  5947661
14550072  10226203
14551025  786142
14552144  4725603
14074722  2460979
14074765  1900172
14078309  2883231
14078895  3601901
14529256  7283279
14530542  5719182
14531277  1134976
13176319  1903513
13180299  1088934
13181106  12986802
13181342  478898
14552412  962132
14554067  7991621
14557224  236129
14559279  14546635
14559279  14556556
14560083  309101
14080145  4941004
14080874  401656
14081753  4807454
14083825  14075948
14087226  2569399
13182135  3067479
13182278  4991001
13183764  8704066
13185386  409999
13185722  2687027
14535643  2594527
14536694  57483
14536694  114180
14538180  2437144
14546018  13447891
14548662  12260705
14560551  4152431
14567137  938100
14569660  14566703
14569792  8304757
14573889  1716287
14089605  2551859
14090434  14087042
14092406  4693185
14093092  4013683
13187751  3728062
13189073  3541730
13190516  4222195
13193024  5179389
13195989  13075044
14574404  14471254
14576127  3595515
14581373  14578748
14551769  6093112
14554392  4442518
14554491  8310204
14563951  3276260
14567396  14577704
14095514  3737139
14100394  9087361
14103738  4115566
14106910  14106804
14106953  14074329
13197468  13197011
13202198  207000
13208750  434331
13209350  244119
14582930  4583106
14584215  2042813
14584266  10767933
14586338  7509925
14567596  13780461
14571454  12079607
14572676  4659345
14108918  7175256
14109511  106912
14109611  14109476
14109954  209779
14573897  14573865
14574633  9337077
13209429  13201363
13211808  13211533
13213237  2778915
13213273  11745233
13219153  1961308
14589278  7989475
14589980  5935968
14594226  782053
14599072  8138368
14577106  2133986
14579128  1039725
14579128  7088651
14581264  391979
14583072  14578421
14585094  1636885
13222054  1851633
13222554  4654636
13224133  13167899
13225398  988158
14585793  14584512
14588701  7537877
14595303  4413414
14595439  7092765
14596926  823181
14599098  3033407
13227127  333665
13227970  2329417
13227970  8868499
13229542  13227578
13231321  717541
13236651  7543059
14600534  2025471
14601020  2559527
14601270  1390334
14612452  79754
14613924  276052
14615074  2936782
14620239  13159789
13237001  3818193
13237194  179123
13244439  323140
13245661  13246870
14622497  6102129
14624083  13065032
14625220  6087628
14625505  1502590
14630500  610245
13248633  12117791
13254928  13184437
13256950  388461
13257400  960419
13259408  103654
13264838  588004
14630786  5813077
14631236  6282340
14634244  1056728
14634244  4744299
14634980  3955345
13266560  13191941
13268053  963492
13268546  2774158
13270025  12520212
13276134  2063480
13276234  13284503
14635680  10684595
14642432  7672317
14646111  908850
14647683  2470255
14647847  7868460
14649819  3522454
14651306  3824332
14651306  4848310
14657657  5585779
14661251  14660974
14664546  8006806
14665146  8523552
14666882  7062604
13278399  2064694
13280271  122982
13280771  12612488
13282386  8758548
13283279  12233406
14667854  6556460
14667854  9813556
14670026  4041356
14671412  484709
14672133  856636
13285994  11554078
13287816  1642391
13288152  5783855
13288202  13281904
13290374  1371813
13297612  1451009
13299398  13284291
13304721  6151800
14672598  8412372
14674306  2258031
14674470  158914
14676728  14673661
14676763  14634622
14678199  4235953
14681608  5932522
14686337  3207337
14686337  9245133
14687273  2541949
14691903  14497395
14692703  14678737
13305943  1732348
13308815  276052
13311916  1339984
13312352  10972819
13314388  3258573
14697684  14667146
14700477  949433
14704486  3584807
14706208  6212938
13320976  4768941
13325320  13323723
13325520  8556291
13327535  4912963
13330200  363706
14706257  9480641
14708530  4437169
14708530  9606050
14710502  8577312
14719112  10840197
14720547  3144610
14723605  14745071
14725513  14524191
14728285  2610497
14728285  8628522
14730744  5264162
13330636  13259135
13333658  185844
13334101  81656
13335087  13277350
14730993  1483047
14739481  8447868
14748242  2973202
14749813  122942
14749813  451415
14749813  14745843
14755443  5336197
13335480  11057691
13335966  4420815
13336416  2552579
13336416  2698460
13337295  12643279
13338688  3931837
13340403  1573391
13341289  4011458
13341775  12573816
14755729  1296358
14757565  6497141
14759188  3639861
14759874  901115
14759874  6500721
14765689  1912029
14765689  8028957
14766439  14751594
14775550  13254221
14777071  13532582
14782716  6578132
14783287  14754259
14785574  204465
14788131  6325073
14788318  1354012
14788467  1659815
14789218  14788391
14795370  14559789
14797741  3872770
14801486  597499
14802472  6297991
14806966  14769357
14807252  14806129
13343104  7196638
13343847  13269455
13344447  223918
13344947  9424629
13345569  628526
13349877  13348229
13350663  4502435
13353571  1165332
13353571  8121682
13353807  604099
14809109  704636
14815626  11135261
14818284  13317532
14819919  495616
14822542  495021
13353814  13337961
13354693  12040769
13355529  8623823
14822877  2400838
14826707  9520159
14826757  2847919
14826822  6216547
14830716  949433
13355679  13330676
13359287  2829158
13360866  5512811
13365203  13278646
14838054  11105058
14845641  124886
14846942  4956570
14849185  1561554
14851757  2541797
14857223  2123437
14862203  8179722
13365596  33761
13367811  4544197
13368697  9864809
13370719  2591036
13385266  13384883
14869942  223918
14871242  5241899
14872078  3064926
14881087  13840429
14882173  143390
14882173  637616
14886117  4660142
13392990  9762975
13393440  6894558
13394533  8228837
13395269  3617797
13396141  1571076
13403243  1705844
14887154  14886499
14887639  10717341
14892869  14893868
14893306  604501
14896949  554767
13411531  6791071
13415318  11922383
13416511  767999
13423006  13422483
14897314  933565
14897314  2251463
14897500  2046037
14897849  9399936
14906723  11227322
14906910  750486
14907410  4472632
14913912  9902968
13423256  4203646
13425628  6132911
13431994  619895
13432044  13426790
13441447  572796
13441447  1326258
13441697  7409553
14914847  3748
14916283  184537
14917905  14901263
14920964  949433
13444012  8712000
13444355  2405771
13446034  2010892
13448056  13447878
13448542  6627998
13448606  13448180
13450721  1045138
13456580  13455761
13460567  13075041
13463339  3102819
13465461  332300
13466690  767048
13468455  13450999
13470584  450428
13473942  13384139
13477572  13477508
13477829  1199176
13479844  2875257
13481780  7116099
13482895  4783865
13486010  6322949
13487346  13428439
13487596  6676764
13488532  5003747
13490090  5009382
13490090  6422075
13493312  4831513
13494298  1799284
13498735  2973202
13501872  3726505
13502422  9605913
13503801  1989699
13503908  4855425
13505380  4100252
13507852  13587728
13508988  157600
13509081  5465965
13509081  6370290
13511046  5538974
13513211  7762748
13513661  2131619
13514840  13418669
13517941  4241171
13521306  7695270
13522392  13520322
13524057  231893
13531116  5167759
13531395  457316
13531402  279170
13535846  10757093
13538740  2148149
13540712  12217681
13543720  12622137
13545985  6535832
13546285  801740
13550965  7244246
13552951  5436953
13555066  10830317
13556645  1132941
13561475  2867027
13562304  3091257
13563997  13560964
13565612  7853130
13566748  2973202
13576465  3595515
13578380  2973202
13579216  3605077
13587940  4377219
13589076  1888779
13596128  10524156
13596514  4676000
13603609  556162
13604752  8193102
13606624  2615124
13608596  1519743
13610132  1158058
13612040  492384
13612640  850341
13613169  130763
13613283  3328162
13613826  161053
13613926  12650737
13620435  887178
13621757  11135389
13622850  11560713
13625265  13599157
13625751  3748
13627716  123559
13632146  837788
13632253  13070630
13634961  1157425
13636340  8028957
13638176  13634821
13641034  13250679
13646493  13592502
13650287  13647964
13651587  13640082
13652223  11260260
13653402  1533351
13654145  233217
13654145  6191898
13656753  1809347
13657053  6759028
13662026  3311903
13662119  6588799
13662226  3737139
13663741  5706317
13665877  4750806
13668478  13660379
13672815  1814095
13672815  5309136
13674194  11106671
13679031  6151668
13680303  13075415
13680860  1359761
13681253  1732348
13689734  5692804
13691249  1413445
13691249  7405312
13692928  13685850
13697772  13738364
13699101  13698491
13699144  785715
13699380  6682290
13704524  2495289
13707375  1641209
13707511  3577641
13707811  236861
13708554  3122635
13709011  13181559
13709497  4789295
13715020  13717671
13716206  5559256
13717728  10891511
13718657  1332501
13720293  13517153
13721665  7065950
13722501  1007547
13723237  709617
13726059  10965877
13726652  6265502
13727538  8598599
13731575  1403888
13731575  2090551
13732904  5117051
13735869  2722750
13741485  2531969
13741485  3446216
13743357  187797
13743400  13730928
13744529  5069677
13748137  614894
13749673  4629203
13749673  8948255
13750152  11366006
13751788  12475269
13757690  2896623
13757690  5881139
13757790  13736884
13758490  999313
13760055  291978
13760055  3131192
13760269  9244710
13763456  3252039
13764892  589575
13764892  2331751
13766285  2225737
13767207  2794195
13768250  7038815
13775695  113045
13776588  618769
13776974  12136277
13779346  13779250
13781168  2927396
13782640  6416816
13784812  13596298
13786734  1903954
13786970  4261133
13787320  6922368
13787477  1452721
13791457  12732424
13791514  2973202
13791571  13790917
13796451  10171015
13796694  1137350
13796930  5298467
13798166  1028668
13801524  474528
13802110  458756
13807326  4205980
13807826  8028957
13809255  5287329
13815228  7663709
13815228  13742761
13815271  13846917
13816986  7297458
13817886  13818297
13818515  13834265
13819115  12574549
13820944  12574549
13823266  6761105
13824302  7910362
13824738  12257584
13825188  2619853
13826846  1195872
13826903  195951
13830211  1045845
13830640  13830375
13840664  4095037
13840764  672702
13847123  890966
13848288  6038236
13852432  541954
13854011  13836918
13857076  950087
13857519  5006547
13857519  8786136
13857519  12712360
13857769  13805286
13861413  13857979
13867222  4892152
13867908  3951547
13871816  4128589
13875653  1184701
13876746  11516440
13879011  13876116
13881819  241789
13884384  109383
13889350  12024468
13894487  96428
13895466  13895268
13900739  60174
13903097  3492302
13903404  8028957
13904147  13900291
13905769  13905616
13907048  5317298
13910056  2864840
13914786  6101367
13915729  5403991
13921252  5398451
13926661  646628
13927368  10242576
13931298  995183
13933120  2735190
13933127  1731384
13933227  1397329
13933527  3518719
13934713  3230133
13936171  1604091
13937814  798967
13938886  369760
13938886  6027764
13939136  1637807
13942930  82398
13942930  161738
13944216  9121395
13944216  11836081
13944859  2467945
13946824  1793970
13951125  13952170
13951168  8808878
13953283  757675
13953283  6325091
13956434  2973202
13961757  6260178
13962893  750486
13966251  14258277
13968023  2427631
13969502  13950358
13970831  701798
13970831  6887183
13971674  3042979
13976704  455345
13980041  11393044
13981534  7540760
13982220  10699492
13982770  13982534
13982906  4160732
13989029  2272199
13989851  13990125
13994188  13981217
13994388  8019144
13996067  13995478
13997296  13220971
14000311  5093398
14008056  60174
14008778  3993226
14010157  1225667
14012536  10865100
14012536  11612647
14013279  10810311
14014258  14013788
14015787  7041292
14021160  1386962
14021710  1016471
14023482  4685217
14023568  3767651
14025504  13985671
14027226  10930156
14027705  1555262
14028169  13852279
14032242  2751711
14035307  2982677
14036879  236129
14036979  10104662
14037615  11673754
14038322  5836515
14038894  1903035
14039894  14039190
14040830  8805161
14041723  2973202
14041759  12074306
14042009  1975128
14044231  5072526
14044238  14044001
14048604  5439529
14050097  1415851
14050233  97124
14053841  3446216
14054434  824349
14055613  7274831
14055663  12599382
14056356  513832
14057842  8225776
14059271  1238963
14059400  7351654
14060057  4641476
14060336  8904722
14061829  2973202
14065959  13357654
14066452  3310603
14067238  12769982
14068538  5087249
14070253  60174
14070889  14067370
14070939  2487921
14076112  14068171
14077112  449560
14078298  11674312
14078820  348170
14082921  2635272
14083714  24551
14083814  9559796
14088351  189430
14091888  2098634
14093224  7980030
14093424  7197919
14093424  7691311
14098404  12920265
14099097  8380289
14099097  12573816
14102691  6040583
14103970  1592653
14104013  14099473
14105392  1448814
14105885  4022281
14107414  2404430
14110122  14035463
14112051  6825773
14113180  5759603
14119689  14114014
14123240  3033829
14125455  10069120
14126305  6803395
14133600  1440006
14139902  14135263
14140945  10936906
14141131  2588149
14141131  3737139
14142917  12307630
14147333  3003259
14147333  5217721
14151284  834955
14153106  2046037
14154042  388242
14110147  3401982
14110997  11786233
14111840  188414
14111840  8775669
14113105  14109894
14155278  558474
14156764  6936283
14158186  9573572
14163616  2688949
14602399  5329469
14602616  14511090
14602701  221732
14602935  2661536
14163659  10336392
14164209  4609127
14167153  10232017
14114091  60208
14120071  690599
14120071  1066625
14125723  7246401
14126623  3016452
14127395  6123425
14604773  11253910
14608683  2237720
14617690  742764
14618294  2505067
14620898  1516919
14167810  5070932
14169275  9941043
14169682  3911966
14127952  11198981
14127952  12687979
14127952  12876780
14128152  949433
14129238  1057986
14129717  287633
14129774  3755606
14622068  3165290
14624761  4965224
14626280  184710
14626965  513832
14172176  5700806
14172176  6270004
14173069  14183092
14173162  13512137
14627101  14626372
14629590  1022966
14174991  5714131
14176277  851926
14178506  14170930
14131939  13458396
14133868  1614772
14134404  7172448
14135233  6006759
14137998  14135945
14632917  8557105
14644332  13418108
14651348  3381663
14651348  5678899
14654624  7906332
14657351  1711990
14180228  14180110
14182200  14182127
14183186  1595270
14183222  1049112
14183222  2212602
14139334  8568029
14140656  8671079
14140813  4336112
14141263  4940032
14142242  22676
14147665  1004434
14657449  106508
14657649  767372
14658304  7666464
14658334  14658188
14148937  3126072
14151959  8464315
14184065  469846
14185044  4682147
14186430  5978632
14186573  60174
14186573  6608586
14186773  14183706
14192489  278676
14659240  3505047
14660091  14577478
14660457  824555
14660576  1303416
14662312  119123
14153045  12128990
14154310  6916693
14155603  14141212
14158168  3611682
14158361  9387193
14192589  3407857
14193339  3035792
14196397  14196071
14197512  14197319
14200784  4650762
14662512  13775550
14665052  14662682
