14666924  8266726
14164177  14146787
14164463  767999
14164777  6364461
14203142  2924935
14204278  3759315
14206543  10315774
14207815  5467902
14214388  1056728
14216360  5971645
14217096  6426389
14217889  1096853
14219940  6999889
14221240  6164280
14221526  3170580
14221776  1734618
14221862  4625712
14221976  3677564
14223148  2059499
14225027  3180375
14225913  5636218
14226299  4597926
14226299  12356994
14226356  14226080
14230493  7022135
14230507  7874342
14233708  6068803
14233808  298750
14245533  1018750
14246469  7760797
14247655  2115497
14250599  983376
14253028  1106202
14257515  14248003
14257808  8320779
14261952  9051817
14262181  3213606
14263024  10857726
14263081  14194442
14265453  1224806
14265553  513832
14265553  2772763
14269240  70324
14269240  355167
14271419  2639255
14274320  178333
14274370  5060534
14274849  10143093
14276885  42
14278664  406121
14278664  952914
14278664  1720421
14290475  14266346
14290625  6616599
14294140  4704073
14294669  5938802
14295755  14270959
14297527  14296621
14297527  14296690
14298177  8481052
14298370  9387610
14303300  727761
14306265  3157592
14306937  2476302
14306958  12380384
14308030  1344158
14308966  11574840
14309259  9257668
14314682  10673842
14317633  13071068
14319762  2477461
14319762  4691332
14321084  259240
14323220  14323780
14325685  11055210
14326314  12014258
14331101  54686
14332144  571945
14333023  391005
14339768  1197575
14341097  9056311
14343233  784929
14343233  4686583
14352250  1125269
14353522  6174962
14355444  7226406
14355651  1671378
14362889  8286798
14364475  14348843
14365547  4072015
14370834  14362798
14371320  3968973
14374035  1132941
14376307  3157340
14376636  2143140
14378772  5678360
14381137  14131939
14382709  466298
14383802  14381139
14384274  220668
14389561  2976477
14390111  4522830
14390297  3536893
14392126  729197
14396206  9987008
14397435  6344950
14398135  14373078
14402922  8658097
14403365  5364063
14403951  2509679
14405773  14391299
14405830  4417856
14406423  14406067
14407109  7197919
14408281  11922383
14409081  12120433
14409331  3318625
14411303  826948
14411839  14162492
14411846  7557382
14414640  10554474
14414854  605845
14414854  14099967
14417362  14417129
14417862  14416443
14419434  5371828
14419970  2965747
14422149  6194419
14428801  5956066
14430523  14430121
14431209  14429057
14433474  2362393
14435739  14117059
14437418  4541749
14437761  11293325
14440862  939326
14441605  12871137
14443427  4438084
14446335  7339333
14446692  14446063
14447378  4097259
14449000  14448692
14449693  285522
14450243  2589741
14457874  14453219
14458567  14521284
14459903  5892260
14461725  1193848
14462218  940905
14462854  8205067
14464047  5155333
14464669  588004
14465526  534690
14467591  36999
14471885  7640619
14473836  116684
14477487  4795580
14479459  6851612
14479659  5125566
14479909  1085801
14479909  5416767
14486075  1288330
14486754  773097
14488483  4460543
14489283  4504169
14489576  9724356
14491641  8
14491748  8566
14494399  1555262
14495142  14220321
14496678  338206
14497664  10729884
14504645  1428402
14511454  1497539
14511454  7502027
14513776  6240139
14513776  9794851
14519885  697519
14521064  3577641
14522250  4810664
14527466  5788117
14531817  14155081
14531910  782846
14531910  2151125
14532610  7364969
14534332  60174
14535954  1174555
14536490  5515310
14536797  238603
14537090  610245
14540541  5505433
14545507  1622027
14546114  2559527
14546650  14546847
14548079  3060458
14550651  410516
14550651  1945846
14553795  4774746
14561290  2079378
14564641  1799128
14564641  10838558
14569078  4516991
14577409  9300371
14578038  7999448
14578145  7757710
14579367  6150289
14579617  201183
14580960  6258387
14584747  125222
14587948  6425062
14589391  14578279
14592399  9908210
14594157  500431
14596279  6936129
14599587  3200551
14604117  215497
14604867  573979
14605296  5416548
14607425  7917567
14608797  599369
14612755  4556971
14612941  12997685
14615749  2435216
14618214  5785745
14619257  3812850
14619257  4706404
14619836  14558926
14623044  12330458
14623980  3577641
14625952  182287
14632454  1712105
14636019  10216524
14638820  7397562
14640985  14638715
14642214  7134425
14642757  2367484
14643557  9046675
14645522  14653278
14648130  2213551
14649616  5316697
14649766  13215586
14650302  57812
14651731  9439871
14657697  8627956
14659319  14658884
14662784  5501216
14665342  2292004
14666385  11797688
14667664  6491463
14669243  550038
14669772  5177010
14674409  6297835
14165413  498461
14170343  14168577
14172015  7449432
14172608  2721546
14175709  797549
14176309  643542
14177431  3752119
14177774  12684305
14181275  9693574
14182954  2272107
14186991  2016844
14191049  3626901
14192114  1295697
14194979  829046
14676388  754233
14676538  5204667
14686984  1393758
14687234  90652
14687234  3488394
14199523  4788693
14204003  13515964
14204782  7553567
14206725  5077189
14207347  5987969
14687613  2431540
14687613  14193571
14691264  5878538
14693693  3058157
14699109  817853
14701667  14689247
14701667  14700962
14208054  14196312
14209419  14208880
14210369  5089076
14221458  286727
14225545  10828294
14228303  1732236
14702167  9638927
14706147  356100
14711477  14705561
14721137  14683138
14721887  649428
14724038  2849686
14726317  14726195
14727839  588004
14728475  14723333
14232683  10773030
14232840  14211843
14236634  4224413
14236684  4228356
14237820  5662394
14732369  1282675
14734091  2746168
14736227  5365629
14736556  9151884
14738942  5432995
14740807  4542508
14741636  5211961
14744401  300559
14744851  7171039
14745187  14740635
14745680  106770
14746430  12190326
14748102  14745871
14753275  1132941
14755583  11013587
14757326  606041
14757376  14726714
14759734  160970
14763421  14762896
14765200  6605535
14765200  12417435
14771359  14769247
14772059  279170
14772602  51786
14773674  7860657
14774610  2803655
14777139  5290089
14777139  5590381
14780140  2772152
14782755  11016213
14783348  6775040
14784727  13381547
14785113  9495759
14790293  10517319
14791622  2973202
14793594  2085408
14794930  409784
14796895  2578469
14805819  667555
14810513  3716920
14811785  10272773
14814443  1481405
14816665  6867254
14820359  547805
14820716  3392993
14820716  5830387
14823067  1317424
14824703  1085801
14827911  44917
14833370  14735689
14834506  1895815
14839829  1283045
14843523  1053592
14848803  2255363
14848910  10057671
14849446  4411340
14849689  4506612
14851025  7188542
14852747  697519
14854019  8028957
14854026  9904994
14855412  121203
14856648  91362
14858220  45004
14858956  10853630
14864929  8434913
14864929  9616483
14867130  2896322
14869652  1410311
14873210  14871748
14875275  2605773
14876847  7368864
14878119  12874538
14881041  7074405
14881041  9411429
14881634  2887878
14890544  5167759
14891037  51224
14893366  5340078
14896853  14896469
14898182  784929
14898182  9284664
14901304  2864840
14910264  3260651
14911007  8009237
14917652  3743812
14919038  2677702
14919874  14357705
14922932  3812531
14923325  419163
14923325  13323827
14667379  3771208
14669932  3719623
14673327  11177954
14673829  949433
14673829  10782863
14675484  10382929
14675501  12862389
14678105  2674670
14682202  5042836
14682219  3059155
14684440  14642340
14686563  12969059
14691626  12979212
14697476  2882369
14697476  11656217
14697527  8832457
14701871  13401789
14702675  7128348
14702675  13062199
14703828  2942772
14705747  513832
14238363  14176099
14241750  4926677
14243279  14242960
14247730  5902822
14248216  14074874
14249795  11841277
14249852  7234282
14250281  2259775
14250381  7556367
14708606  12643551
14713839  3506208
14720540  1567082
14722327  97984
14731334  461203
14734193  14465604
14735197  7555136
14739673  1321137
14749084  7956734
14750454  6322084
14753913  3838329
14754985  10094300
14755534  1207406
14758159  1039725
14763941  9432373
14764796  10482772
14765494  14742954
14772131  1837183
14772565  13752324
14772565  14765379
14776909  11025594
14779300  4340380
14780853  2825640
14783010  4047431
14783346  3933614
14786652  11222951
14788392  5322853
14789277  2883576
14792455  409784
14792455  7918147
14793374  2699466
14793387  6564594
14797382  14789800
14797803  12829963
14800407  10548779
14800590  4906073
14802900  14803169
14803751  14902605
14805789  509211
14806206  3220277
14808665  11635
14811120  14806816
14817557  2336048
14817889  1956971
14819127  3899585
14819425  485827
14825228  7590137
14827815  14806888
14831559  5828803
14835839  3634599
14839915  574240
14839915  3124670
14844982  1073468
14857380  14855915
14857848  4488716
14859537  14390017
14861341  9691847
14861609  6730405
14250581  14250531
14250874  1151341
14251031  13418669
14866289  5100538
14866859  7759376
14867791  250679
14869514  1013385
14879576  10570393
14254868  13562587
14255118  1157255
14255168  14225791
14257926  270455
14879861  6364783
14880061  12075037
14880295  2666580
14882669  14864825
14890638  9229601
14890757  129677
14263106  1120335
14264492  1108780
14264828  1359689
14270744  4261133
14275281  14272751
14276803  761194
14276803  1814821
14279754  750486
14282326  12573816
14890923  14846365
14897071  650646
14907116  10737644
14908052  3782632
14908052  13945231
14910694  2126522
14286563  11533799
14292129  4906073
14292129  14280450
14294065  9460260
14294294  2313196
14916812  1887097
14917412  14916940
14919016  470542
14919518  14918544
14920837  14246983
14925636  14789478
14297652  4548763
14298388  2700621
14300167  430346
14300760  5601773
14301939  5817179
14305747  14271902
14306526  7975429
14307162  9496447
14310370  14310212
14314207  772832
14316593  653536
14319930  1155693
14322209  3577641
14322209  3820666
14322495  661561
14328418  8028957
14329354  442747
14330083  60174
14330819  750486
14331469  272900
14332312  5529620
14339400  4672643
14339414  13205012
14343437  914394
14350396  2899209
14351825  1383797
14351925  1403600
14353611  2999075
14354147  13840429
14355712  2059229
14358077  12165237
14358434  4724980
14363650  514673
14368194  6293498
14368430  254732
14368680  14367038
14372967  14397130
14379433  9109438
14382841  192080
14384206  513832
14389822  14388412
14390622  9570115
14392008  7577089
14398417  14453219
14398753  2774343
14398860  6084572
14399582  2611246
14399782  561946
14400768  1824543
14401661  1744455
14403297  3988148
14405662  9496447
14406791  10784460
14407334  7493090
14408899  636561
14412000  14395456
14412550  4261133
14413929  3577641
14413929  7465907
14415658  14101633
14417044  1889743
14421467  381542
14422160  5052311
14423210  5152217
14424482  7778879
14425475  845021
14426211  14185191
14430941  2699086
14431334  7832227
14434692  778952
14442130  276660
14442673  14441868
14444445  9282354
14444445  12573816
14445667  526125
14446267  1911018
14446917  14445682
14446917  14446456
14449811  9151942
14453162  10459013
14453662  60174
14453962  1210319
14455084  70272
14455291  5274260
14455291  14455040
14456570  273002
14457599  2422468
14457756  89228
14457942  5266878
14460621  5061836
14462579  14095203
14465187  2050343
14469638  946544
14475390  3099357
14476476  4776514
14477276  12065329
14479491  13230005
14480284  2785485
14480863  401656
14482292  8336817
14484857  7707671
14486043  3870726
14490630  9285587
14491759  3027177
14492109  872570
14494317  14495642
14496589  4063783
14497818  14304938
14500976  4989902
14501233  4813909
14503891  11922383
14504191  408405
14507335  13447891
14509321  1206073
14509321  1814095
14510436  5055746
14510743  14508880
14511579  2588149
14514044  729577
14521332  4623800
14521882  14048382
14524647  1415140
14524647  2787506
14525133  12763684
14525676  918294
14525683  10553597
14529084  2973202
14533157  14514094
14536029  14535629
14536658  3280729
14536658  5016117
14540709  3911966
14542045  1515489
14545932  13065649
14547747  14547312
14548654  3609596
14550512  1465394
14553713  9297899
14553713  12082196
14555449  2407113
14557657  12573816
14561951  7226406
14562058  5545020
14564952  2108042
14565645  12373738
14567774  13825515
14568796  4838263
14568796  12939600
14574219  7774770
14574219  8716714
14575998  3271249
14577177  14572554
14578456  5799096
14579799  2545103
14580292  8661653
14582707  10449366
14582707  11563154
14585208  8870121
14589402  3083112
14590488  3564153
14591574  2019417
14592517  8028957
14592660  2166512
14594096  11747155
14606121  14580565
14611887  14611625
14612773  9132062
14613459  60848
14614009  14612377
14616281  2733907
14619375  14618718
14620175  7958416
14621704  4447477
14625098  14605796
14628635  1173963
14628885  14617953
14632343  613881
14632829  68624
14638495  1363509
14644525  461203
14645654  11456312
14645654  13373994
14647976  11412483
14650584  4455076
14651899  5099604
14653978  4792142
14655307  2768293
14657143  629798
14659294  8464620
14659601  326205
14660587  9971369
14660830  600079
14660830  1618025
14662252  2422468
14664574  10501473
14666646  2936782
14670290  2973202
14670483  8574356
14672712  616532
14672712  9452285
14674677  3335737
14674691  1464099
14675470  6056934
14677049  6394735
14681822  4429043
14684387  14685118
14685287  4919969
14688867  12785607
14691596  3397907
14695669  13002424
14695733  1673265
14697312  8439233
14699084  513832
14705686  3479116
14708987  9693647
14711066  5846900
14712438  5691054
14713860  2434445
14716589  8444862
14720076  7762594
14725442  9564045
14729643  142003
14730436  257005
14733001  14660091
14735995  4355524
14736452  2341837
14737174  348614
14737174  409999
14739303  12218591
14745555  14744927
14749399  3052308
14749649  12084566
14754393  2004820
14756958  7451442
14757137  513832
14759166  181095
14762467  1074660
14766204  14767675
14771005  14700770
14773420  9068710
14774099  6695496
14778779  14778364
14785788  9181294
14788339  164194
14789668  9692962
14790568  14784630
14796863  3820666
14799235  12718044
14799392  14794537
14800328  3029584
14801757  9493988
14807916  5283572
14809288  141291
14817876  14579283
14818226  14816964
14823735  166944
14825407  13174666
14826457  14825757
14827979  1541981
14828022  3011600
14828279  14577659
14828529  309615
14829458  10805745
14833352  4122298
14835524  4773157
14836160  5978482
14843055  487258
14852122  5284912
14853058  1457525
14857252  3655316
14857702  10076011
14857838  3505701
14862425  14170041
14870406  169511
14870663  1215980
14870663  3873187
14871256  12433271
14876765  6400632
14879337  5466496
14881052  1834753
14885096  2176126
14897435  469357
14897435  3736982
14898257  11699882
14898371  5876045
14901065  12770980
14906752  2751076
14907295  8010040
14910053  14908468
14914783  14220321
14915669  24551
14916255  1738966
14916255  1805486
14919056  3127429
14919470  14919300
14919699  805107
14922264  7028242
14923589  4777165
14913621  4004313
14922840  8276784
14911745  14911572
14901285  5569794
14915214  6929975
14918936  14918240
14930745  6651809
14929309  1912902
14913202  7843150
14931117  4322314
14929995  14919280
14930307  7741770
14916160  850341
4861774  613022
14930021  5360846
14926556  3902044
14928721  201718
14929638  5838711
14755939  285120
14929630  14786279
14931179  13332002
14932556  3577641
14930531  8010996
14933319  381542
14927102  4493697
14931769  12986272
14930328  3049790
14932034  2883140
14930414  4306369
14931282  9350095
14928135  5997027
14928135  7666331
14931874  129178
14910296  14910008
14930407  9513431
12712866  54566
14932262  757418
14932196  11966252
14927435  14913568
14928833  14124354
14931280  760301
14931280  6240950
14934927  3448372
14935432  14934676
14935861  14028959
14933647  1328223
14934469  2629748
14937220  1052818
14937220  4810664
14937105  3068534
14928080  14175708
7342966  49478
14933523  278189
14937443  8138232
14932296  6852756
14938379  949433
14938379  4706404
3773403  419019
14933444  8818290
14934096  13968680
1349491  419019
14932463  8235532
2483732  885009
14935458  14730921
14937728  591094
14930696  10025569
14938198  14725750
5884268  885009
14930592  12222324
14770748  14765947
14936664  4353739
14940859  10842665
11064336  3742239
10778396  1626285
14936991  903203
14939740  12669314
14941598  9736141
14766508  8550124
14927328  13001792
14939344  5249537
14941740  10627905
14942732  14220321
14942520  3430315
14939861  596481
4293756  8853865
7531990  5249537
14941224  4537914
14941878  1228875
14943393  3981832
14943748  1757065
14939857  1937056
14944183  8009882
14940147  610245
14944460  2547355
14918386  11145333
14941234  12498888
14941637  2038535
14941637  5986763
14928714  12101989
14890480  4072349
14945463  240212
14898583  14897476
14929045  6613110
14941532  8946810
14936771  4858100
14943491  4233461
14945814  1912902
6470977  2308091
14947335  8028957
14942269  5795263
14944386  5083846
14924738  603856
14948076  4642672
14947996  5966647
5923069  14909774
14853673  7853136
14935673  309786
14946206  1917576
14948222  14376906
2277166  6675066
14943254  5331008
14403696  13724063
14948651  5956240
14945547  2661536
14842889  4239685
14777382  5853014
14805175  1606854
14875044  9758260
7231763  7025909
14945526  1732348
14815791  575196
14883717  9765784
14883008  1116123
14902429  177506
14888401  578406
14809683  8911440
14937523  5303118
14941393  6118311
14949724  3080655
14907471  231767
14949029  8721569
14947017  279170
14948257  7548291
14945465  13670374
3232274  885009
9827072  8617696
6908171  1472303
14947949  9777122
14949126  4172722
14946769  14943082
14951312  495021
14942248  5374311
14948144  14947361
14948120  5521387
14952397  2053830
14949215  1059101
14942013  14941629
14944312  14945458
14949873  6635803
14934512  8637460
14950321  8191064
14952892  3737139
14949597  5585957
14950255  911537
14944824  14857431
14948546  4205478
14945218  7810360
14952853  97984
14952853  3354242
14948429  990625
12987907  6090732
12987907  12373733
12707808  10423143
14936304  14879391
14947589  10588291
14946043  9929585
