15405430  1015242
15405430  4216858
15389338  1348046
15390957  14985552
15353635  11638657
15404319  15378628
15402482  8028957
15397049  1200188
15376034  495021
11843222  9513997
15402887  1993070
15394305  6201469
3826580  3377655
15400727  4338305
15402416  12396570
15407327  456713
15407226  8977441
15405370  3046889
4261265  6045262
4685022  276292
15386871  3245429
15388186  588004
15378914  1793484
15377026  15396858
4656184  961717
8451426  739993
2300794  739993
15409938  3446216
15406152  11444238
15402976  11341931
15409719  4795385
15409719  12174104
15407099  1816144
15388846  11589642
15410604  7656943
15410515  4632322
15408869  1092463
15409011  2073913
15409011  6862768
15396697  2162182
15396697  12436190
15410829  513832
15410339  15362368
14600416  15382378
15400318  5008115
15409080  2832126
15412553  8267159
15411061  6161322
15409474  2504334
15410896  4378004
15409229  7191635
15405565  11373361
15413019  3737139
4263900  4256222
15411049  11846088
15407756  4707756
15407571  109383
15412628  1958417
15413200  4526273
15400895  2280064
15402204  8828202
15403015  13626659
15399447  15401353
15402947  2902427
15405158  15263975
15414250  813710
15402028  1499967
15412658  4246077
15402101  6178585
15415375  15414364
15412537  3518903
15403253  11809973
15405458  2070293
15415839  2620146
15410336  6841605
5395339  4114745
15410752  8665781
14988582  10942739
15409326  11608160
15402058  3512603
15398037  13266352
15400499  4681959
15414805  5721056
15417770  12859942
15375951  3803581
15389453  15370833
15416497  1508081
15418542  901115
15418247  7401432
15418247  8962374
15395183  3309242
15416249  153877
15414033  1466287
15418561  113655
15415804  5854047
15416333  333737
15417143  3043859
15407057  14616261
15341717  1680528
15336602  7479808
15416762  8735466
3581190  641754
15419708  10380197
15393120  3489520
15419312  11620151
15419250  66066
15419600  3167240
15419422  4575689
15419422  4739483
15420114  15419684
15383525  15373579
15392602  3349121
15413157  4550505
15406686  851336
15421098  15420654
13669597  6335730
13697954  14373517
14617301  12321991
15406666  15407691
15421429  1452649
13395385  7847189
15420747  362059
15200659  15158240
15421051  362059
15421051  15420747
15382926  1117463
15364461  7843355
15366821  725043
15415940  3076414
15392544  11735821
4962871  5357900
15417394  4121378
15411574  13072532
15419416  4532486
15419416  4591329
13220460  11338521
15419546  2384167
15421915  8326465
15422548  958908
15419628  15194835
15415376  2150287
15419101  7851035
15417593  10428158
15421871  7876502
15399123  14523037
15422711  15422542
15391268  5486789
15423677  3221972
15416113  1060551
15419774  3434278
15423381  8028957
15423001  6009038
15414268  8615422
15421896  3389264
15423350  6373621
15420865  3021195
15419973  14667088
15424013  4202244
15422675  4397672
15418238  45004
15425448  512720
15421269  5832094
15420611  5768380
15422202  6431101
15422404  7442597
15422361  2798215
15423832  2175066
15419262  5541253
15420835  15329558
15424679  14246081
15424962  202813
15423103  4672150
15420918  12346445
15424776  14972171
15424975  6364289
5649323  14611721
15424250  5832541
15428155  784929
15427426  3455172
15427426  4663855
15425460  6251051
15429221  1343890
15406326  7531650
15407940  10132847
15422725  15394534
15427029  1279382
15425256  8362094
15425313  6689967
15424381  15400398
15430402  3602323
15429042  2382326
15424248  4374709
15430739  495021
15430445  15428233
15427747  4446088
15415270  8951965
15427321  912811
15429257  9655181
15429487  4152862
15429487  8012419
5885383  74879
15431345  3272363
15431133  13483443
15431534  971954
15431630  15430964
15429065  6965081
15431588  8028957
15405111  2069961
15426839  15288244
15431477  2320069
15431712  4414383
15431800  5947661
15419704  3176515
15428794  15427450
12758505  10716642
15421504  15428542
15426144  10302894
15420241  5587784
15426759  285717
15428826  2807127
15375349  9300722
15431970  15428521
15431367  134845
15431413  414891
11359580  9016914
15402103  12893499
15359083  15355811
15405796  306924
15427847  1109022
15405817  802175
15406285  15382962
15418124  6251937
15434666  1221512
15434666  10040069
15433371  3814500
15417851  3243348
15420504  7804335
15433015  884289
15433624  1747777
15435313  4850473
15413197  637921
15418390  27928
15423983  2653566
15433326  15421507
15411674  3702461
15405667  311696
15431888  8088473
15429847  2009400
15429847  3165409
1074321  156395
15434050  260408
15436205  11543198
15437122  8927558
15434701  401656
15434701  6781931
2536829  1710476
9607579  9615666
15438231  1556387
15429851  15428252
15438728  3737139
15438972  2150108
15434300  4057440
15435757  11703673
15439269  354097
15434541  5786646
15438794  949433
9745421  6080093
15432367  13905741
15433323  15431380
15438026  15424577
15434492  10673585
15423745  13780471
15428857  15427194
12558526  938521
15429557  1396340
5162775  671382
15438623  1970698
15198621  2812122
15436973  3957360
15441939  9725299
15440387  6164507
14956717  9628793
15441632  11308367
15425377  1710476
15432499  1149513
15428327  1035340
15439919  2973202
15437372  491154
15440404  14028959
15437087  15430204
15441003  289076
15437012  6493605
15440547  5297170
15424865  8367001
15433771  15411330
15441580  5310407
15439087  4056682
15433894  168214
15441861  1431094
15434930  13846050
15440477  12003660
15433057  4574665
15441864  7532886
15424354  7817926
15440827  15439234
15420319  3413793
15437411  3309048
15441134  7989020
15441134  9837381
15429895  5229906
15439801  4112575
8120551  685176
15369001  3720222
9070724  6178507
15369689  7053837
15373792  5728259
15374301  4668040
13284729  1498727
10198510  964433
15444425  22358
15401907  13323237
15436481  15434360
15444016  1607336
15446920  15446454
15447081  272900
15440893  15440401
15432826  336057
15437598  8028957
15445141  1538935
15445141  13216749
15419493  14488188
6222999  2492909
15445699  3961278
15445539  3149192
15443516  12184828
12667061  4125821
15447167  15446466
15442094  5650785
15431440  3420629
15416064  6609091
15447611  2447458
15433047  15432138
15447865  1158348
15447984  2591098
15447761  8028957
15448066  246801
15448268  15446454
15448268  15446920
3441748  3369090
7381661  12769982
15445561  1058826
15446773  179355
15439354  15437860
8799419  477816
15447320  15445833
15448542  15438095
15446837  2983248
15446089  8725715
15447346  2749406
15200510  15199085
15447599  27857
15447203  15380243
15416973  4331448
15443157  3371697
15422691  7780091
15449035  826948
15448324  13583742
15424183  11599069
8466915  8202048
15426318  11061355
15442332  513832
15441173  15440759
14768545  14504304
15380311  504947
15423721  10209941
15449564  15426862
6204748  4038479
15430787  4038479
15414349  10182893
15449255  10977992
15449613  7553247
15450061  8900558
8083430  2117290
15440956  1748634
15450519  6219263
4886042  4929813
5618903  822487
6006501  1139390
2064339  787212
430266  153420
4952152  2927047
15446163  1619396
15433579  15340002
15449682  3367843
15420152  4165414
15447953  1540673
15446539  1988275
15427410  15389107
15450873  949433
15445970  15445807
1795933  5607292
15451524  15450605
12527655  11649601
15444981  860940
15366557  15378023
15448722  4419785
11622675  4068984
9368764  52353
8974656  52353
15449959  14889393
3097265  1146759
15366142  15389181
15391362  15396370
15398416  1387149
4606301  1033898
8911211  200469
15404157  12915050
15405618  3365352
15406731  833392
15452380  15452341
15453098  1334376
15453098  7428358
15453534  3232009
15451243  6964011
15450369  11966454
15405542  3076414
15406851  4920014
15408147  1067340
15407041  13640559
15410281  9860399
15411153  7567181
15411153  15408839
15410903  2108616
15393782  15392160
15408257  13021636
15453025  2495915
15414610  14976931
8867876  8352121
15415146  15395889
7221183  7216569
5136122  4366533
15415826  9584247
15454334  7021725
6375137  6343379
15428565  15417370
15447706  1703546
9083158  8771413
15447966  482594
2178311  3015261
8658059  8794519
15454073  513832
15455272  240178
15454101  15453567
15450663  6343166
15455673  2150108
15455952  4040001
15455952  15454010
15450427  4825365
15452645  12640190
15445921  8193414
15454343  9164347
10684469  2459916
15456288  3100319
6539781  2459916
4677980  2459916
15452013  15440893
11111707  2459916
15434882  15433964
15454324  2679193
15454324  15443693
15455837  6343166
10243520  5526960
15418883  14113164
3433792  2305395
15436448  10225098
15454481  6693493
15447608  12652312
15431506  15284431
8009590  5526960
15454511  2989288
15454702  4387580
15450244  11627344
15455468  4196448
15458774  6853865
15458774  13149282
15458687  4223980
15456887  620137
15458101  8043027
15458257  1415140
15456337  14547986
15458526  15323269
15457938  2134
15459741  187983
15459741  9232291
11248333  10572269
15453041  5398451
8427044  5600145
15451301  15433666
15458152  3729808
15453227  4717668
15458735  3422407
15445227  5510972
15431103  15408414
15419227  57168
15422847  1004845
15456352  2613091
15457429  13382571
9006249  7513142
15456879  8704137
5469954  3374061
15392897  13872773
15393533  3703283
7924862  5199811
15331174  15339472
15298100  3551821
15458988  365191
15460052  7925962
15460173  10054633
15461049  4417070
4440500  99132
15455731  145337
15374004  15325487
6846156  6808018
10531454  3684666
15462279  589549
15462279  5938221
15456579  15456459
15461808  3577641
15461417  5618925
15290910  44205
15323792  2677698
15461834  14928693
15457086  8640521
15457668  298503
15462416  336859
15458692  15452518
15458239  14345919
15458870  1395707
15459455  6967738
6101286  3368810
15462201  8823906
15457654  7295223
15456583  15455657
15463062  12475269
15463062  14220321
15464554  4808612
15464563  4625002
15465036  8028957
10659760  128796
15461832  13699596
15463927  513832
15463635  2213340
15465760  11323596
15465615  495021
15463688  14188216
3084716  1314434
15465433  277569
15465992  15458088
15466919  2973202
15465559  15464291
14052690  13956288
15050119  2068344
14918081  2068344
15465199  2612598
15451358  4330111
15465586  849813
15460879  7592758
15336350  9066904
4499781  690748
9309345  6690752
15467460  15396551
15449022  3777146
15449022  8469097
15462316  15461846
15458405  2345903
15467730  13705519
15453826  873809
15467937  4026021
15445293  513832
15445321  5716095
15458155  5275174
15455682  12132880
15462082  2987876
15460117  171480
15450356  1679421
15468130  15457438
15466629  6978241
15468589  3404301
15467608  15466734
15453842  2318020
15466785  6933891
15419664  4464892
15445506  9999618
15469057  8602395
15461992  15461675
15376585  1348199
15448057  4066029
15467174  2329978
15463428  2973202
15465886  5848045
15462118  8263371
15467752  15467214
15470646  4033625
15470646  9698260
15467303  15288244
15470792  6182565
15468250  15467306
15466614  15454665
15470340  5286046
15453679  8943502
15471664  215110
15471664  765408
15471551  5605125
15471551  6512173
15471440  5298421
15461179  255312
15471330  1362884
15471432  541487
13079508  12251150
15465959  1319903
15469253  728972
15461285  9073912
15465505  2769510
15470541  2003895
15466749  119123
4793380  355089
5088059  5087790
4012613  79165
6140941  5150778
15471603  8662976
15472571  11952309
15462444  4324441
15471583  15470884
10436489  5816134
15463712  11605835
15463516  2987958
8036143  13242669
13242669  7633727
15471056  3483223
15471392  15471029
15461915  231229
15464619  15460751
15456627  15245167
15472107  12938972
15466167  11149143
15476025  671703
15474010  10526630
15413547  1041344
15434509  12409697
15453569  2566101
15453569  7764129
15470631  8093099
15451874  6086389
15428287  9312896
15413953  13277537
2716886  2381718
15459581  15268504
15474141  8779700
15475285  3541811
15473545  10683554
15471584  10154893
15470867  1492401
15470441  5084036
15467335  2279647
15464851  12854824
15459518  10229332
15476907  106508
15476907  8706192
14853015  3481828
15467165  750310
15286072  5800613
15454502  5854859
15458488  837582
15435253  162896
15432773  6093012
7565407  2711297
15476199  15473192
15460501  2320069
15450070  5995776
15430605  4735156
15446881  7229907
15446849  2612835
15474926  12203003
15477704  14658961
15478402  2949916
15478731  8803480
15475718  3076414
15471290  6690604
15472031  15472361
15450992  15096662
15478868  1138769
15476902  1408289
4120107  4011002
15461809  15428085
15477171  6315422
4654815  3620646
15361733  12856393
15479335  1296843
15477368  11086916
15476597  492384
15478628  3277717
15475160  5394116
15480438  2973202
15477358  8028957
15477078  4260481
15462675  6893165
15429587  6104663
15454634  244882
15427540  13620011
15415840  9628590
14965496  9628590
13516971  2489453
15453781  11757229
15448352  3584113
15479416  981954
15475508  10148454
15481373  15480653
15478142  3211461
15477232  981954
15462145  1124753
15480712  11922383
15480324  4831408
15480324  15090942
15481496  15225835
15481174  6160146
15474367  2672900
15481832  40480
15476085  1597736
15481222  12312123
1182452  742764
1459924  742764
15475792  8155462
15482049  134099
15478775  2313895
15462783  4794121
15482412  4066666
15482469  625465
15459293  3878672
15449063  4137835
15460169  400130
15482155  13036745
15483126  661561
15478109  421573
15306073  4804732
15479454  9015317
15477946  11186444
15484088  949433
15474255  7141860
15484294  895971
15483340  116650
15480843  1528237
15474787  2208443
15484587  2613338
15484637  15484178
15484059  18524
15480013  4952554
15480201  4850473
15484773  10045147
15485147  3844482
15485147  14864075
15483525  6476289
15379034  6751185
15466618  15466209
15478298  9021849
15480488  15465447
15482972  3542243
2917496  1208442
15483551  14778419
15486018  6705955
15286934  11599365
15477344  5169468
11312155  1208442
11737308  6510550
15455657  15455240
15472454  15467206
15482689  33978
15482689  449560
15483230  4698493
15487049  1296843
15477054  2131948
15484128  12315920
15476607  15376551
15461110  15376551
15476041  2025585
15403762  15376551
15364626  15376551
15346391  15376551
15485984  9508518
15468389  11321491
15467807  3126972
15487035  1167086
15481927  8898182
15482655  11722438
15488052  911391
4980534  3445494
2985167  1393486
15473666  3398568
15465712  9274259
15484505  10895969
15473549  267892
15489774  1451342
15489774  1793999
11359247  4827344
15491109  4597690
15474693  5137497
15460691  14188534
15491478  2860879
15485375  15444379
15491264  15482113
15480395  46898
15473556  2265572
15489063  6270004
15493330  2543172
15486283  2176686
15477635  4347367
15490085  15489700
15259059  959063
15464338  12080552
14830044  5133703
15244029  6322084
15487833  3069574
15494115  3698553
15494078  11635
15491372  236129
15492955  1143262
15491234  10341556
15493471  1051379
15411190  5655674
15464958  15464433
15031969  62605
15484369  10762824
15490491  15490418
15490768  6470267
15495063  6882189
15495192  3737139
15408125  6755192
15477209  7372038
15407638  2126522
15495323  3257889
15269407  45004
15269407  1014861
15472072  221294
15465656  2009402
15448644  7119616
15369891  291871
15369891  10858719
15495586  15493272
15469914  15465827
15494190  5271448
15473320  15470917
15475741  10162057
15496293  242822
15496293  517107
15495004  3720872
15487874  6822518
15494785  9508518
15484929  11632416
15473797  416548
15497286  359494
15496873  2319683
12583261  7544759
15495488  5182292
15497121  11769599
15486022  2568243
15493877  4405761
15494453  11870419
15498586  7870498
15476339  11697451
15425817  15425159
15424920  15425159
15424920  15425817
13153939  901982
15494826  15484202
15467665  10089869
15469882  13212625
15496469  965178
15467896  14601030
15471338  6989051
15472307  13920906
15465629  15465025
5396933  2275129
15476537  308122
15495414  11772368
15497400  6376889
15496550  15494938
15496278  6343166
15493485  1555109
15492304  3757229
15492244  11722885
15492178  15491935
12363432  7386452
15489494  15452205
15495489  1038727
15495489  6850164
15482955  3316562
15482955  14441979
15483770  6142308
15468572  117900
15500100  7696392
15476949  15440559
7573529  2536181
15493478  11782552
15482619  9702376
15284461  2033914
15271552  2537238
15267278  12382558
15494174  492384
15496047  14437406
15493911  10336630
15478076  8280190
15498219  8263371
15500976  7576223
15499252  8258483
15500621  922358
15499150  360751
15498655  3721158
15498655  8201463
15409437  11771710
15501566  211345
15502549  1817792
15502850  1532461
4954435  8028957
15309887  15288346
15500280  15288346
15503100  15502311
3109141  8028957
15500347  3836272
14921888  8028957
15484052  5748619
15499146  1484641
15498597  15497253
15501337  2973202
15500857  1558291
15489964  3725857
15504228  3577641
15502345  2747791
15491133  1470898
12258964  155609
15502026  1731384
15502026  4732737
15503375  715432
15504314  8973847
15503994  2308786
14161669  13757948
15505436  15504881
15502477  15480801
15505632  513832
15499126  4669061
15499126  8672246
15498666  11061355
15503423  15485323
15505927  3146942
15505927  4245970
15503487  1858304
15489549  13193293
15477382  15478116
15506602  15506232
15496899  3966747
15506881  724391
15506864  6575482
15507117  8718905
15507310  15075570
15504128  86513
15504468  1019076
15506954  592396
15493602  1126726
15506796  15469356
15508148  12517983
15508148  15355257
15504559  8972518
15504539  658395
15506415  7691854
15507814  362740
15509099  513832
15504886  14220321
15503995  8813248
15487560  11318279
15507518  15506710
15509707  1387560
15506645  3040894
15510219  2042095
15510219  2147333
15497412  819416
15503594  4185334
15472906  5292162
15503891  795746
15503891  3698740
15507119  4855447
15495395  4357920
15509238  41948
15508421  10826784
2025607  1082580
15509528  15209034
15510474  3123259
15502435  2937227
15512558  14024660
15505304  6049207
15512765  3961278
15504394  758488
15494068  14170778
