15510466  7826715
15511699  9947435
15510479  254732
15506783  5041494
9554707  13589707
15512380  15510717
15513370  5004233
15512278  5237304
15512278  6270004
15505557  5130074
15511325  15439919
15514041  2089590
15506600  12328026
15503086  15406093
15465776  15479281
15479281  15474440
15488985  349918
15514294  3681784
15490789  5855811
15514519  7202616
15489147  5346926
15414460  1380087
15099003  5163763
15204305  3023029
15436531  2452656
15429908  3889916
15505515  3001836
15433188  1761051
15509963  13140606
15327793  15294902
15515136  1975128
15514956  6783000
15508878  1415483
15514509  15514163
15515031  15514163
15407479  8956331
12568658  88235
15509380  12635283
15512543  15465799
15513656  12829963
15505275  5035547
15501245  15492961
15514953  15492961
15512459  12557566
15511296  8886139
15512619  478387
15516257  3748
15512293  7417552
15512484  13269729
15510361  10229716
3379720  1134894
15509917  36701
15512938  3768602
15500990  7067303
15514720  7476692
15514720  7874727
15513638  124167
15506709  12860595
15513668  7631740
15513930  4660142
15515069  2031990
212808  5407814
15515317  7690994
15518143  6942733
15516277  2650177
15517415  1480550
15518418  299304
15514907  8628059
14411033  701802
15518958  10494563
15518010  14910431
15516866  4065052
15519681  43589
15518190  15516797
15515643  15491876
15519781  11098626
15519893  8954971
15519723  3537706
15519723  5479728
15512316  1905019
15508067  2928383
15518845  161738
15514841  10257401
9383308  1156759
15520502  3319161
15516367  672702
15512123  3885795
15520512  2268887
15518107  2435156
15515444  15491598
15517966  9776015
15517980  1061334
15521417  13348031
15518431  179123
15519668  7704290
15519067  10460028
15519067  15081893
15522242  6616136
15518916  6942733
15518916  15518143
15519304  14448008
15467932  2973202
15521589  4412449
15517417  15517015
15494755  5700806
15494226  6857780
15494899  2943222
15491885  2084490
15497055  4557509
15496595  1175645
15445760  5265692
15498462  637118
15438636  15436830
15494452  10682901
15495731  14511340
15481068  14216053
15497438  901115
187453  147454
585268  147454
1553909  147454
15492853  8486403
15497896  1126028
15491727  7064745
15489048  6541999
15493183  166340
15491596  2718873
2141144  147454
15523008  1334204
15516893  15511511
15521273  15519733
5423316  3615401
15520291  5387623
15523387  897935
15499764  1864180
15499656  3823357
15499535  5210535
15523762  15523133
15517364  12453913
15496465  14401008
15521777  2545910
15524465  949433
15524729  2908363
15524820  571945
15525468  7802201
15525234  13532784
15525378  68113
11224256  15502408
15524499  15524754
15524647  949246
15500455  7406021
15487242  2107845
9975122  7900201
15438362  15482402
15500502  3076414
15525727  886955
9169137  3010071
15525170  1846900
15522964  15076294
15524182  934191
15527369  9994093
15524843  15524317
15502652  1986608
15524122  9053175
15513285  11034941
15520788  6308310
15521888  1430708
15521888  2755304
15520975  15502538
15467720  15487651
15527946  15527869
15503818  15376551
15503730  109383
15528308  11279331
15518053  14425962
15499769  11443262
15521133  12863897
15528742  3894119
15526571  8689330
7960714  3311039
15523562  12166786
15521215  13826283
15526472  15511087
15521049  15517670
15520839  11073423
15516987  6008470
15529905  15529227
4524698  8028957
15372256  12395200
15373055  5513307
15529005  5807411
15358245  5858647
15524108  1609637
15528008  901115
15530018  891696
15511142  9201699
15530797  15529284
15530253  15518786
7801146  8028957
7988441  8028957
15506537  5743328
15527775  9580226
15527819  3203966
15507110  2134784
15531830  7809997
15532102  4685450
15529988  14505301
12703560  8028957
15527534  3514784
15531869  3464194
15531534  15530930
15528737  4570366
15528737  6441218
15533501  767999
15519626  520328
15531669  9558638
15531221  6125862
15530174  11312316
15526222  9280965
15533794  208105
15533794  921789
15533794  11922383
15527300  2400840
15530310  15528923
15527436  15062957
14444478  13438657
13488014  3395729
15488942  14172654
13414448  6421108
15523372  4336762
15521388  12622078
15521024  8599978
15520264  15516291
15495754  15491876
15321083  15314877
15508160  4930398
15533493  4785967
15535956  7966837
15536381  15509461
15536124  1125968
15536723  255517
15526204  6963894
15105405  15517822
15535372  750486
15535734  5489685
15536397  5768380
15532588  790542
15535205  509211
3908948  8028957
3908948  12769982
9593451  8028957
15530780  11605835
11198323  8028957
4241973  8028957
4241973  12769982
15533913  1283327
15521512  2106419
15534710  13087092
815626  3748
4442486  2869749
11815026  4382178
11624567  4382178
15535513  1721279
13975541  10203158
15530441  11320998
15260718  10786042
15259774  3904579
15260438  9605913
15259099  5963535
15249081  6432796
15537958  1793999
15523886  9778665
15537855  15536906
15537040  2973202
15518827  15516574
15537764  1210080
10452592  10447202
15529491  11058571
15444085  15356766
15506402  15356766
15538958  1527803
15536422  2226611
15536607  591969
15534623  15500166
15538778  12434992
15539798  2005828
15537610  9921963
15521320  3361207
15524407  4011781
15540011  927807
15534663  9423488
15510107  15356766
15541427  444798
15541427  10797309
15541126  513832
15537840  15537539
15537709  5758499
14686760  8028957
15540295  6256492
15542216  287085
15477883  15436112
15500778  15436112
15503951  15436112
15507608  15436112
15533721  7077331
15531531  4981232
15527031  14537896
15536109  2325884
15539472  2154992
13106907  13107801
15542920  1493617
15542270  1474538
15544105  8065305
15539776  1676632
15509329  999172
15542656  7520432
15543442  1258360
15543442  1398305
15543442  4627646
13655452  13647820
6328213  4580088
15541436  353180
15540215  985890
15538927  1806286
15538360  160218
10279593  4580088
15518925  15475315
3467763  4525089
15515827  15515169
15521939  10459418
6201116  7397988
15518072  15516893
15545898  133379
15511283  1885525
15516578  3279524
3729801  211383
15519927  5018253
15518466  930438
15514876  276660
15542327  15529361
15542780  15544228
15530901  15509672
15545379  2078146
15545379  7109352
6343308  6199706
15541752  3075696
15545537  5435351
15537906  1923259
7165954  4599010
6199306  6199706
15545629  6215722
15528585  15492300
15545575  9477336
15545048  2610587
4344349  2182578
15540790  15540449
15547183  2256884
15544853  525212
15547079  541487
15014465  13987353
9853220  8999591
15535523  57803
15546904  5183251
11989468  10611081
15533752  10203158
15523273  15520218
15523896  5716042
15547102  15545319
15548691  588004
15521768  5444328
5895571  9330733
15539457  7764482
15546494  4216745
15547254  495021
15547254  3749099
15547254  5612791
15541277  1410080
15533534  338206
5612791  495021
15546957  8028957
15547926  10917532
8662517  495021
15546327  15256942
2599107  8028957
15547255  4261133
3749099  495021
15550398  154136
15550398  3766827
15550130  15549487
15550520  8028957
15547712  1019076
15550840  2113094
15550840  2496710
15510137  6423079
15546291  12204191
15551526  10917532
15547266  5298905
15547718  15546709
15544910  4851595
15552581  12573816
15551021  12596165
15552980  2683214
15543369  14527915
15474199  15475984
4874968  657073
15529456  15163869
15550973  653536
15539590  15519192
15554522  1543032
15549563  15475401
15554612  383947
15554612  1589813
15547185  14138258
15529671  584232
15554857  1925486
15544865  442404
15547667  9027205
15509485  15506618
15517290  15506618
15555342  15506618
15555342  15509485
15493810  15506618
15505586  15506618
9459035  7592129
15552550  3210453
15548655  3311903
15539584  2538786
15532044  121387
15554277  13514064
15504153  6291692
14969179  6291692
15557103  5279840
15553538  7301637
15556887  4911186
6756621  8028957
15557939  15434705
15540433  6916805
15529410  2129693
15084250  5951667
15556564  1555262
15556564  5351483
15553514  579374
15557438  8761123
15551902  1594805
15551779  6296013
15553138  228424
15552697  5074513
15551776  1130560
4608950  2781897
15211292  14756309
15558246  2197741
15558246  4711625
15541777  109383
15553697  8128
15554640  1357118
15559658  7627098
15559658  12262019
15548219  1793984
5933684  8285216
15538214  8028957
3834955  3834938
15552641  8289492
3529938  8028957
3387078  8028957
5814991  8028957
5814991  12769982
15559448  9025084
5675385  8028957
15532816  520236
15501883  15495967
15556910  2973202
15557312  12840881
15556825  369755
15530369  2621382
15532360  15527866
15552215  3330390
15559199  5444249
15555524  12573816
15559878  1169786
15559492  3792908
11932681  8028957
10788290  8028957
15555427  724086
5279985  8028957
13137147  8028957
1257488  3748
15530274  3617797
4911049  8028957
10529703  8028957
15521194  10283780
15560101  3688932
15560730  15559435
7642958  2752394
10621715  10142431
15530582  2204250
15530280  15529558
15559947  15554639
15557828  2803852
15555504  2091326
15557790  646644
15557790  8556076
15560483  1390685
15560012  2178240
5801385  1083701
15545685  11682164
15561693  1516876
6592725  5093398
15415277  5093398
15413359  8338996
15393394  2001281
15393394  3546320
15381991  10805745
15561967  2877295
15556040  3363052
15562359  3737139
15557981  5141312
15561879  1574009
15550203  7016861
15563233  31693
15563233  1208153
15556535  2973976
15556535  14212190
15562420  36707
15561338  15561109
14178484  14175913
15544192  4134276
15549745  13664615
15551504  15550596
9346174  6219837
15558746  295538
15537904  872565
6843150  8028957
15552825  610245
15539923  2928584
15555032  15532316
15552290  6352262
15564100  3727615
15562770  3126324
15562052  3901070
15565854  11839703
15564756  9359239
15562308  7721262
15562417  5778230
15561509  413086
15561409  2853977
10135829  8028957
15564451  1562610
8704743  8028957
15557956  5385524
15567641  60174
15567641  7673009
15545302  8889696
15565410  14725239
15561617  4109898
15561617  5377914
11543833  8028957
15566486  5755819
11781226  11762382
10638792  7381932
15560909  5704108
15555312  740658
15566303  970730
15548315  3334936
15566891  1009954
15558411  7473258
15561918  15546135
15563415  15544061
15547361  9318690
6981421  185967
15554941  1604091
15563738  7382984
15553472  14146148
15556138  6923537
15557053  15555316
13758035  13174862
15561907  2381149
15559557  6326720
14053366  2048408
15566498  10501975
14144642  1114557
15564614  2470870
15564614  4966486
15570463  15565930
15564500  2680827
15571410  1924939
15564056  1039725
15561359  6277154
15572373  15570972
15543551  11820718
15567170  3125296
15570609  15569993
15562478  12764222
15573213  15573006
15573885  15572624
15573180  4639047
15566533  1091372
15574422  9138790
15573513  3958735
15575128  742764
15571036  869033
15571324  2585836
15566784  15565310
15572466  1861527
15539146  4753100
15572082  4091765
15573762  1120109
15540829  13667288
5839704  5839553
15572625  8094524
15576595  15562176
15575061  9400843
15577185  1907565
15577185  3883004
15577185  9284644
15571722  7489606
12821292  6457108
15571831  8490533
15575299  1470768
10685595  3943801
15578331  10573915
15573688  13109
1920440  2504151
15576180  6083252
15579053  476679
15564956  6993325
7038876  1328638
15572636  2118656
15571443  1354924
15577371  15576861
15575209  4220917
8725567  6074376
15579844  1005476
12835744  8028957
12708187  8028957
12708187  12769982
12254596  8028957
12210759  8028957
12210759  12769982
10183923  8028957
8677901  8028957
8677901  12769982
8454792  8028957
7705275  8028957
7602683  8028957
7602683  12769982
15571329  4728777
7061984  8028957
6974691  8028957
6974691  12769982
6395526  8028957
6395526  10989327
6395526  12769982
4743807  8028957
4743807  12769982
4061306  8028957
3360514  8028957
3360514  12769982
3361302  8028957
3260600  8028957
3260600  12769982
2773015  8028957
2764385  8028957
2346827  8028957
2243087  8028957
506155  8028957
506155  12769982
15574221  3402148
15580334  5874652
15573184  12678781
11585055  245062
15579847  5664016
15178570  4719486
15580691  15580539
15577513  8028957
9792691  8028957
9916470  8028957
15573038  4068373
15581139  691168
15581139  13835817
15577572  4261133
15579898  60174
15570337  12004603
15578135  364946
15580000  13691815
15573815  6447848
15575432  10152904
4483166  2127286
15554664  3068929
9853239  1996122
9853239  5512712
15575929  10667929
15580682  60174
15581178  5352099
15560692  128035
15580244  10599209
15567734  4065052
15372968  4142177
15372968  6085080
15369561  851926
15369561  2341439
15581221  4663752
15578051  4654653
15566841  4547379
15566951  161738
15566951  307141
1941263  3631547
15570812  1009457
15572129  13504755
15578978  9380186
15562997  1329426
15580398  3422407
15580398  4367723
15563503  1591361
15563503  4295432
15583636  15572153
15563146  9217839
15584331  982963
15372886  860673
15372886  4893129
15584369  8900701
15551974  890128
15561825  2033912
15512354  15512074
15584142  15583048
15540458  8260562
15270425  659188
15559990  15543456
15584310  6709055
15577291  627504
15582882  2542410
15579355  2140208
15579333  15578548
15576291  890535
15581918  15581551
15548813  9025792
15567761  1034505
15567249  7194127
15579413  17333
15568943  15549359
15584732  10143125
15574594  3695224
15572732  9907387
15581503  13624752
15521517  15562518
15571731  2882706
15585256  513832
5978158  5976098
2819543  2511177
15586075  936687
15585858  495021
15585500  12709686
9199088  9829371
15583567  380952
15579655  15534270
15586689  3127838
15586909  3737139
15586573  15494891
15587818  1306727
15588005  799981
15588005  1795089
15588005  3430455
15588488  9243433
15585543  11183727
15588259  15564859
15585573  3612659
15588817  15580473
15587957  11243578
15588533  1173973
15587393  13106049
15582729  15582599
15589129  1274852
15588223  3069589
15564650  2002514
6108812  1789945
7241336  8028957
2658083  8028957
15587446  8028957
11083147  8028957
7783653  8028957
5948939  8028957
11946083  8028957
5761964  8028957
7857490  8028957
14893319  5191936
13705307  8028957
10452720  8028957
12448860  8028957
9124430  8028957
15578406  15545326
6908884  8028957
1891969  8028957
15544282  8028957
12481214  8028957
3285608  8028957
10834634  8028957
10558209  8028957
15548517  8028957
15584125  2637419
8411118  8028957
11183672  8028957
4248630  1789945
7734860  8028957
9056948  8028957
3081589  8028957
9745175  8028957
2703547  8028957
5115430  8028957
622192  8028957
15023003  8028957
15585594  1960939
3231040  8028957
4173740  8028957
15576764  9122
2984819  8028957
10717442  8028957
1222742  8028957
6053560  1789945
5038105  1789945
15589706  7846073
8669589  8028957
14597444  14579752
6166303  4100022
15588694  709187
15583730  1358626
15591204  7988203
15590741  15590469
15590902  9975848
3382954  180158
15590150  9207488
15314665  6918740
15589412  922476
15202444  7197919
15202482  12969127
5783505  2192721
15585531  15584750
15592774  9730635
15590994  750486
15591546  813477
15570084  9024696
15589813  15463470
15591507  513832
6663133  6693333
15587744  10245220
15588074  56974
15586437  15586540
15586507  2272325
13068471  1789945
15592683  81584
15587783  15292350
15592454  513832
15591431  2703984
15588578  7026283
4260014  8028957
5757984  8028957
15593462  60174
15590659  15590326
15591129  15591514
15589956  5392344
15589956  13750294
15594393  388242
15592759  2973202
5087550  8028957
15417310  7372124
15417310  7554462
7189043  4007572
7554462  7372124
15583703  315132
1968138  8028957
15592861  9978577
15590806  12133907
15350995  1677824
1481616  5026197
15591371  362441
15582521  15500013
15586526  14666219
15586123  957783
15594143  5285072
10019274  8028957
7432235  8028957
7964069  8447935
15589910  1261875
15593881  10769193
15589553  3466045
15596241  15596099
15596269  388242
15587777  6827245
15586193  593951
15593094  9642386
8708461  9829371
15593338  959063
15594917  1051004
15590832  4943958
15592360  8671366
15595913  520237
15595912  4247807
15594498  9650090
6804493  110259
15596477  1867191
15591062  7509295
15596836  817469
15596799  2987867
15591265  11707881
15593932  10884053
1380936  8028957
12551689  8028957
15592298  496052
15583110  2009402
15594534  11781639
15597858  15597637
15595592  6484307
15597940  5038280
15597940  14190433
2256765  1789945
15585134  14210604
14568182  7261732
15597528  134099
15594585  1634161
15576846  4363847
15597962  8697866
15597479  2264253
15596911  15597256
15537278  15537046
2118245  448673
15592299  6284396
15584400  6371632
15585950  3966174
15587816  15585480
15555113  885009
11536786  8028957
15202551  7220579
7200847  5675385
7200847  8028957
2603979  8028957
2104374  8028957
4295627  8028957
6007756  8028957
4808269  8028957
15165038  3061054
15599326  2068372
15103098  7827287
15098055  7303028
3354889  8028957
436034  8028957
1929026  8028957
15596826  9915610
7129173  8028957
15588718  1680528
15011114  8377182
8552660  8028957
14991810  9339936
14961864  6843796
14115696  6843796
14919943  14919731
14898280  10805745
14886546  8995467
15598830  8312820
15579899  1732348
15592071  7079752
15599731  49002
15586311  2572529
15586311  10245345
4622868  11468536
6069592  11468536
15596381  2145331
15600830  513832
15600830  767372
15597931  10055947
15601035  15598597
15596631  262156
15601255  949433
15593827  3728062
15593827  4233184
15600497  97097
15600465  1423777
15586321  12475269
15586321  14220321
15602163  11631711
15597719  8378960
15602343  2973202
15602391  513832
15600293  4146309
15600611  5537363
5108019  1001714
15602896  15602382
15530477  1205889
15601208  2683214
15597301  4702000
15603059  495021
15602500  11336031
15600232  448162
15594605  75175
15590288  15537172
15603616  1122785
15599908  8028957
14857142  7511543
14492267  5183251
15602665  1967119
15594760  15583933
15579339  15250168
15605001  9397664
15601334  4790746
