3189317  2260
3189435  1521501
3192750  1548116
3192750  2480933
3196587  295900
2581263  392094
2581263  951516
2587229  1354803
2590755  2590439
2594900  1653340
2595018  1304
2595018  876473
2597894  1239908
2955562  2841204
2956387  305611
2959161  2113115
2967751  2594321
2979290  1247486
2987850  2987687
2988552  2315948
2993096  2992801
2599030  1629269
2612280  2589969
2616024  1127773
2618750  1532618
2621975  93039
2630213  1664924
2233874  1903036
2241012  452902
2242798  2242695
3007536  858080
3008029  977071
3017253  490091
3048307  579687
3056536  2864342
2633339  649428
2644436  284740
2652073  121184
2652124  571799
2654114  236129
2654932  151005
3289087  1240852
3290173  269268
3290173  565150
3294618  3294599
3295754  131608
2886320  101070
2886320  130775
2888619  325046
2889921  862804
3066652  1880445
3067586  2661536
3075023  254291
2287523  196754
2288055  2287926
2297322  336859
2301734  448684
2302563  215255
2305278  2004416
3196980  14762
3197541  62503
3198059  2753701
3200992  362376
3207526  184618
3210559  11674312
2215974  1353973
2215974  1421485
2218650  1761771
2226488  31465
2226556  460519
2229564  2216666
2234426  2234419
2313234  198577
2315706  3232
2316199  1677880
2325632  2325506
2327197  2326943
2328976  758906
2328976  1889403
2336664  2483
2336664  2139798
3327616  2322779
3328586  484462
3329688  393462
3340669  2903385
3342358  263191
3343243  800747
3075695  1420896
3077748  849168
3082728  1518711
3083298  245956
3087642  150355
2536355  2426168
2536355  2438718
2537591  212528
2538093  212528
2539463  1677340
2539463  2535650
2575466  7571
2576884  616037
2591591  1274405
2591591  2480936
2592009  2572434
2593281  1894149
2597357  2597114
2896037  3579693
2900258  1000101
2900258  2690386
2914457  1984003
2915198  104475
2921650  1005539
2928002  477572
2248721  2234030
2256802  1185822
2257245  2257145
3296239  3121577
3297426  3165700
3297476  3244631
3298898  4721732
3301506  3161385
3308943  1342738
3313587  1604790
3060080  2250397
3060080  3011972
3060407  3058616
3062845  2895614
3066934  2946371
3082467  563549
2541101  472103
2541878  241134
2550625  496096
2566871  203302
3214696  147515
3214696  3154454
3215282  871
3215282  77485
3216861  61092
3216900  284797
3218997  1111869
3095099  5870330
3095601  179713
3096405  3110996
3102932  3110996
3105336  215255
2258810  63090
2258810  1714148
2263347  919244
2269170  537057
2269413  2187657
2270885  571985
2270885  1072884
3106540  1732348
3107710  457928
3107710  645237
3114155  1206019
3222459  458632
3230122  471199
3234216  20063
3235402  504904
3235952  19147
3235952  229565
919027  280713
920042  287022
923707  54566
925172  312443
2274143  3193072
2281002  105226
2286525  2274839
2295585  2212796
2295878  2506876
2342646  126583
2342646  296563
2343139  757424
2344250  2342363
2349466  2166372
2352708  701802
2301015  273313
2302730  3088
2302730  240525
2308460  738628
2309539  827454
2309539  1543522
2310575  53881
3314338  2116126
3315359  558304
3315809  727707
3321611  363681
2312340  48337
2315705  484462
2315705  1094872
2324265  1354012
2324265  2316753
2325158  86394
2328559  1995198
2934384  1969550
2934384  2794297
2943142  1995198
2943601  2943295
2943778  2537568
2948258  1373369
2337540  1057425
2337540  1128837
2340841  742115
2341970  2341967
2345521  39647
2345521  1299540
2348915  2337213
3124056  301018
3127655  3122642
3140568  13786
3142563  121203
3150630  6166
3158543  333889
3172179  727707
3351148  1398753
3351267  3351072
3368094  3172909
3375782  908257
3377556  2279030
2660633  377164
2660633  558474
2660880  2659721
2661884  2661849
3330449  3330188
3331085  1732348
3331085  3298293
3331735  3339788
3340409  116754
3345090  100420
3346076  180986
2236187  329289
2250577  1092027
2258758  47315
2271676  105014
2284873  872544
2284873  1778368
2301967  2261342
3236649  1957030
3240925  565696
3241754  380870
3243383  481179
3245337  2334410
2599829  105014
2602556  918682
2607636  401656
2610375  203493
2623462  2025471
3106628  634951
3106628  712017
3107664  2402888
3107664  3107316
3111308  859634
3112078  1524154
3115101  2954216
3119079  2236054
3124861  14490
3124861  58989
3125448  42934
3133985  3094819
3134757  5243269
2351194  1581975
2353252  2353043
2355374  11368
2357946  1372876
2357946  2072681
3381581  3382158
3392060  3241107
3392911  3391518
3394068  1097367
2356618  2215745
2363697  2348416
2370147  1256720
2372521  1147109
2372521  2226103
2376240  2394623
2951432  2112571
2963057  2013116
2964100  1143936
2964927  2964920
2965229  190396
3137763  2107354
3142109  1085498
3152903  909283
3155377  137038
3159421  1747990
3161193  38019
3161193  421965
3348233  931872
3348533  2262427
3359916  164926
3362038  2458519
3364259  3308280
3366531  462741
3369089  100420
2625470  610406
2627942  2624589
2635630  139926
2640110  4023185
2657172  1732348
3258266  2722060
3268444  2592137
3268494  3094906
3273324  3257263
3278411  30504
3287896  52753
2304818  4769
2304818  146840
2304954  506282
2304954  651291
2307251  2236197
2310327  101055
2310327  914941
2310327  2284295
2570581  2495830
2577233  1886090
2577633  949492
2577731  51032
2577731  1765686
2663237  32087
2663237  326775
2663237  1104886
2665810  1466408
2666964  144254
2667785  982295
2667785  2104876
2583449  2570850
2584283  500431
2587236  271347
2597887  2598333
2602167  850341
2364148  506282
2367606  6166
2372029  9481963
3173724  2714867
3198017  2732792
3212491  697977
3213491  446196
3215772  976003
3222090  697381
3222090  2064185
3394315  461260
3396221  42
3401786  3401298
3407070  2679815
3407070  2893525
3407453  3409065
3306105  92859
3316240  3309664
3316801  1994703
3324489  3322482
3332216  588866
3333631  515844
2968414  501943
2977004  805547
2996715  2996601
2997124  264307
2997124  850631
3000802  135234
2659661  2883189
2662001  2660078
2668536  795746
2673165  1703088
2685315  1711
3373820  334765
3374120  761376
3375005  1165107
3376141  1087031
3164301  3156344
3171087  3170785
3172825  2786946
2687320  75102
2687320  307934
2703499  880485
2703899  68675
2703899  738816
2706240  1827314
2707240  1072765
2392718  2393089
2396219  1372876
2412272  2397324
2415246  154132
2420955  215585
2712774  8676
2728900  2513547
2736388  40480
2741936  2741611
2742489  352113
2316450  72394
2336931  130965
2340468  78536
2345823  298607
2675256  24109
2676374  2662099
2677060  1047203
2691350  767694
2691350  2354436
2701510  2700058
3173446  869736
3178875  3178881
3194368  58024
3197376  1030736
3200920  1912813
2604305  2603576
2606620  213958
2608626  577795
3224621  1815367
3226493  3685714
3241746  242926
3245345  49564
3247094  1820815
3248523  950087
3001695  34249
3001695  494830
3001695  2338683
3005875  1405871
3005875  3003702
3008077  345187
3020822  858080
3024066  591892
3408223  620137
3411716  1851920
3426488  547791
3429164  1237707
3432372  92859
3343655  3326857
3347192  1011431
3361907  496096
3362993  1593221
3368323  83073
2372536  2372503
2387555  1762348
2387555  2244683
2400530  2192827
2400873  2400571
2401609  1643321
3027731  1094040
3039499  2018850
3040342  984484
3042873  3040868
3046217  2158395
2742922  1089018
2742922  1661273
2743926  1819416
2747016  536065
2750610  444245
2750610  2750539
2751163  2479087
2752031  2355139
3382643  3352664
3388274  3309396
3399755  767821
3401928  1710114
3411337  1409108
3202726  2899454
3203211  262141
3211852  3211262
3215979  1053592
3215979  2097294
3219489  453840
3221861  538056
2410683  1699057
2413648  287474
2421579  2421575
2422451  69539
2422451  759279
3052776  2486840
3059721  390703
3064242  551069
3064699  1732348
3065401  171407
3065401  1101584
3070015  3069757
2421462  2417099
2428409  366047
2433387  2433362
2435995  417142
2436361  553704
2438603  538906
3411823  2424084
3417940  562303
3417940  693210
3425241  2004843
3426999  287927
3427449  1669
2766790  357404
2772105  669742
2781176  2780987
2785388  1501514
2798909  113547
2347091  125367
2347309  241339
2347309  1184701
2347309  1186678
2358916  85892
2362324  145838
2365268  1377236
2710351  2648
2710351  1082059
2712606  855990
2713645  161942
2716950  184710
2716950  2657810
2742121  5833
3228847  2713308
3229349  2592137
3229834  621577
3231485  132798
3236499  3236108
3245925  271076
2800899  1063068
2801435  2800480
2805311  1741439
2809906  67299
2809906  2161298
2811995  111102
2812063  2811807
2616873  116581
2629082  2185872
2633728  81584
2635298  3767
2640507  1082216
3376415  277569
3390762  1813872
3395149  3394396
3404891  3395620
3413865  1029189
3253199  1326570
3253369  409046
3256152  5934050
3257152  356137
3258079  3110014
3414644  1104815
3416984  3416680
3421739  1939
3430552  130794
3434989  693880
3435632  24109
3070324  3074409
3072825  879860
3076276  817431
3083128  473758
3085191  3085178
3437852  3437618
3442651  2255982
3442800  2126607
3442915  242534
3447748  236129
2426659  2426304
2431818  11915
2434940  2427527
2438134  2369886
2444293  2444231
2447887  1924939
3264065  308816
3275370  37122
3277608  482574
3285321  2808888
2751514  486158
2752532  492994
2757194  1149460
2762696  800849
2763814  328329
2763814  928042
2763814  1125367
2772770  10848
3250054  1565887
3252026  2191406
3255685  3049934
3256155  437
3095696  171970
3096723  731832
3106013  17988
3115350  576267
3115350  2690272
3118515  484635
3119417  23886
3121289  620137
3431044  3430873
3434601  2973202
3437024  357404
3437995  194812
3441353  3441163
2816808  1827751
2819666  227731
2820033  1621916
2824746  65035
2824882  875686
3436511  3433797
3440723  3441163
3444349  1374273
3448279  1433345
3456304  3183495
3458176  666811
3482125  3343861
3482691  90924
3485150  2849832
3450883  3189100
3454870  108717
3457521  192206
3460300  5181056
3474526  2870992
3442275  2659661
3446969  139630
3446969  1772984
3447806  102669
3450563  2873536
3456293  298183
3461509  758736
2827554  2637945
2828175  995255
2839289  2838432
2839403  620137
2839403  1581763
1918974  21558
1918974  379053
1918974  419943
1919976  1919553
1933329  117561
1937760  81584
1937760  135029
1945931  1182025
3488809  600293
3493387  3458201
3501058  3501081
3504517  1962511
3504517  3488426
3505755  885908
3506674  3506602
3516383  3515918
3475458  81584
3482278  3475481
3485890  121108
3485890  155615
3485954  76364
2641080  1923706
2641909  72394
2644860  170164
2647089  1104274
2647089  1995953
2648938  80268
2648938  352113
2442747  2436154
2442990  1383
2444896  305654
2445330  1711990
2447559  1632810
2450459  177596
2459769  1331769
2459769  1582634
2460312  271561
2460312  1957836
2474509  2474554
2475202  210829
3486533  1139065
3488780  1588272
3492656  3386285
3496000  78125
3303378  36906
3329352  3329244
3339771  3339619
3348438  1822350
3498458  3553163
3510708  3510713
3520668  36432
3521254  822487
3521718  14987
3350599  1666224
3352182  69913
3356390  2737539
3358198  2246017
3361329  3361079
3380615  4360453
3121759  3121593
3126403  2692323
3130656  3123484
3137778  283465
3137778  566082
3142215  2140090
3465653  726761
3467240  2018263
3478086  795746
3482216  366317
3486009  98268
3486009  101055
3492225  537044
3147995  406230
3152977  9
3155047  3190034
3166388  448684
3184336  3184045
3184336  3185459
3517638  761194
3523237  3275323
3524960  1442066
3531610  3260513
3532865  143429
3538477  598552
2649704  2648367
2661529  93039
2663644  1384264
2664871  148908
2847091  2847192
2856516  495021
2859059  1125084
2865025  187983
2772805  2474018
2776514  4261133
2777467  321299
2778739  2778712
2785138  286061
2788567  1145217
3264930  3263825
3273620  628407
3276126  7405868
3280757  1136210
3281008  946189
3281008  3116513
3530946  1016544
3533486  332365
3538902  56867
3538902  1474249
3282644  119506
3293038  2973202
3293625  3326690
3299405  34571
3541199  365522
3541399  484462
3544425  137783
3556789  56947
3556789  588004
3305106  3278076
3311873  2571049
3311873  3285756
3314179  455700
3320312  3312935
3387269  893670
3388571  65512
3389907  6518574
3390477  3028384
1953934  1712172
1963745  1518711
1966840  17434
1966840  1145022
1968140  1075409
1968140  1671059
1973405  1973036
3498042  252185
3498042  1438371
3500099  1208793
3508637  39691
3508637  1245598
3511932  291513
2794312  2435580
2797005  2797195
2797941  20856
2798741  2071345
1976498  4264664
1983250  332039
1983250  1374660
1989232  127687
1991504  60784
1991504  81584
1995969  550574
3513717  388242
3513717  3504238
3515576  3514858
3515576  3515366
3516325  3497982
3520220  1732717
3539054  733243
2671430  2016249
2671566  434287
2676305  1394617
2676305  1672569
2681026  518083
2690750  2720327
3539875  21593
3543669  2939023
3543869  647412
3564876  3520417
3572528  3018683
3576422  2679022
3581138  3581025
3557700  1085417
3560826  645994
3563127  874556
3569068  1238613
3570747  3075174
3582043  3523670
3586073  2429979
2697438  9481963
2705092  2658673
2712737  2703478
2715143  512174
3583009  337704
3585331  146840
3588189  1037593
3588189  1788539
3588990  1301200
2808301  5727
2809806  2699180
2810559  2802729
2810878  2493994
2823145  2719311
2478846  2068804
2481454  1219607
2482147  107165
2482147  487258
2482147  1843131
2482933  1235371
2482933  2375971
2485155  2485086
2490235  10848
3589663  512022
3590799  459729
3592396  3075130
3594718  23886
3597301  2023111
3604589  3042896
2724403  46582
2726748  361635
2728847  2473559
2728847  2712005
2739552  240178
2750539  444245
2751082  679520
2751082  922248
2751082  2034916
2450971  601621
2450971  2436428
2451980  1077600
2453184  52276
2453184  205474
2453184  2379092
2456451  536691
2474835  158149
2474835  547292
3391958  482574
3394464  2575546
3396961  3129270
3417183  1082917
3420025  3419586
2759742  316243
2766951  52445
2766951  213460
2767560  257288
2767560  1005476
2770697  1924171
2486301  147181
2496359  2496354
2505826  710362
2506723  2506241
2507664  5849013
2513509  223918
2781498  411688
2783272  1688712
2783272  2158395
2788409  1140856
2799682  301586
2802726  394809
2875385  2764733
2889289  1677415
2889476  2347626
2899049  729314
2905319  2696812
2908209  1798552
2912054  541966
3539600  686470
3540298  500475
3540298  892631
3541204  1822223
3560741  218499
3563783  1666802
3186008  2950029
3193989  6786712
3194725  13014145
3201341  3201248
3564366  712220
3588868  889902
3593378  136880
3598811  1453333
3604342  1784786
3606236  974583
3607640  3599213
3611048  2805427
3612191  631187
3624577  3633408
3626138  3205900
3639528  3638941
3213173  60971
3218189  640022
3227992  2729438
3229619  3226710
3239388  368813
2503746  2503741
2506690  29155
2507097  365615
2507497  814878
2509605  961968
2517586  283128
3605848  1658476
3606333  2055029
3612630  849237
3622624  3589172
3632839  1400892
2830629  1653970
2839439  31867
2839789  302270
2841979  17333
2855547  1610543
2858756  2505328
3589976  2609315
3594806  3595049
3595578  1711
3420527  325933
3430628  8795283
3433729  1741820
3434529  565150
3438950  800674
3442719  3409363
3635894  2038414
3635894  3572753
3635894  3601602
3636013  147646
3636013  3598341
3637332  2018
3639455  3638952
3642833  717836
3641689  667555
3643629  267768
3644722  2842116
3649402  724380
3652053  3598341
3646777  3646605
3662136  3661367
3665978  3665757
3675904  2317281
3676121  1800033
3336309  180939
3342374  236073
3343310  3331043
3344697  1798477
3348692  2505067
2521372  2505435
2521372  2507844
2522299  2023032
2527154  363681
2527213  5428
2528413  2528379
2920359  683701
2930319  250824
2938058  1610543
2938476  271561
2938476  1957836
2938476  2398588
3597349  3597128
3598835  48701
3598835  2539954
3603715  2241991
3603715  2559194
3604987  1138460
2370198  2370208
2381873  728360
2381980  371460
2386867  2251714
2390011  2388058
2406473  1936919
3607859  295027
3608345  2973202
2810880  1751864
2827783  2827606
2829698  2829124
2831529  2568760
2833308  5234651
2839458  191556
3250611  3250393
3253728  1625234
3257229  795286
3266160  799867
3266253  2827744
3268059  133379
3273505  514420
3273505  3273993
2840787  90446
2847382  80646
2847382  589549
2850613  1567082
2858378  2852503
2858378  2853978
2863351  1047319
2867368  3058
3618691  1839668
3620664  2401976
3621164  380988
3652078  3652056
3656490  633780
3659473  1206141
3667050  257712
2537212  1162008
2541058  123559
