15590621  2816369
15599650  2176686
15605976  5898656
15602788  2157914
15603298  7709041
15601555  457453
15593850  979256
15597667  15604231
15600783  7294797
15606214  1869695
15605468  34913
15605468  5231845
15603691  9759720
14268952  9854810
15606088  870554
15606088  2941169
15538202  6270004
15606740  2406432
15600871  2718610
15579100  11173683
15600102  13014635
15603504  15593423
15573838  9944816
15598088  4006520
15603470  2392915
15600760  15513883
8573432  3011349
15594427  4234619
15600867  6284553
15570586  149055
15590755  3748
15596352  14202963
15540619  7860966
15533003  311408
15461081  3168238
15524145  2554410
15534369  4044574
15598597  1971201
4615953  1632497
15328281  12396545
15328281  12518879
15597922  4065052
15603138  5253160
15597601  7025174
15602682  2100490
15607179  4949335
15591819  7767102
15606766  10407159
15603993  6990093
15601956  15092965
15597436  11369360
15610193  15519176
15607398  88235
15578159  3878920
15605748  15603234
15609962  6313079
15609751  3001836
15607344  8893685
15605992  15355117
15601772  8675206
15608180  580593
6098217  8028957
15611073  5423211
15611107  15608072
15609511  15608185
15611369  15610776
15579982  11241635
15598851  5801087
15547749  4920398
15611906  767999
15612157  14161050
15608030  7388361
15605879  54566
15610703  942312
15610703  4151812
15606789  2183240
15609411  34413
15609411  11380681
15608447  4279722
15606395  2161468
15583415  4282708
15612022  345091
15612022  3216046
15593090  15593467
15601365  2314969
15612610  4121678
15614067  575819
15614067  613183
15614067  9001509
8075539  4975525
15603044  15040863
14798535  4015613
14793876  3533948
14785303  12511757
14711630  13185406
15572312  1547145
14697076  10805745
14553653  11677898
14527567  9394713
14285762  12624290
14134662  11135053
15612414  10922762
15613056  11377472
15612178  1195829
15611432  4427608
15606791  5970650
15606791  6343166
15614893  3774161
12501931  2542938
15602534  5661424
15615761  1018822
15605693  6047391
15613858  4636146
15604987  13699596
15614652  588004
15614269  1726630
15614269  7342957
15614126  3707974
15616984  65035
15616984  8864230
15615268  9825664
4103771  942312
15601851  11973470
15616162  329355
575819  613183
5408848  7169702
15608289  9744061
15616137  7382932
15613454  2844565
15617146  1515069
15618466  451415
15553771  15389227
15618191  3685716
15572493  2857463
15618678  222598
15610347  12038623
15607527  40814
5421295  4022313
15621497  12294071
15621215  1499156
1121548  942312
15614396  8015775
15623147  109399
15619332  95389
15623233  2306979
15623909  535464
15620997  1550901
15624176  8292953
15619665  6248291
15620096  611298
15620096  2557862
15623742  15623582
15623420  15623582
15621873  15618165
15620864  4508313
2443684  1517611
13967418  7137165
15401303  1089737
15625556  322749
13435235  9679116
15606618  4541619
15616177  1296843
15625266  119123
15623908  3550497
15621428  6370690
15622291  5619129
15041887  13546148
15621876  3263265
15622433  14220321
15625996  1220213
15625996  4694743
15624523  1510790
15550613  5951667
15622279  13169602
15595963  15595501
15626451  14220321
15626376  7950268
9190275  3677380
15618945  9643934
15622121  3164505
15612218  5430357
15625298  558981
15625298  11922383
15622730  14220321
15619264  2263975
15613502  1109061
15619134  3541378
15619053  460014
15619053  14967696
15616825  10386995
15617071  648196
15621817  5245915
15617998  3806874
15624790  11922383
15623427  15612965
15626141  5984600
15622937  1632080
15607318  15566213
15622079  8302290
15627508  15438429
15623773  10416643
11630023  1680718
15555191  988363
15589215  2776516
15052790  4800419
15602197  10744260
15625671  1917576
15625671  11029298
15624662  6092781
15567542  797251
15579946  8467072
14652265  7324822
15540901  1135809
15531055  1720932
15526257  3084261
15578733  1942421
15589509  5208344
15615864  1302168
15628443  8784099
15624395  2441225
15492154  1388025
14381921  6929115
15627889  8368157
15626538  11922383
15612591  2824435
15612591  5417414
15611786  1283045
15628101  15626262
15613946  5813077
15504310  200640
15627979  107726
15625796  3544758
15614398  8346100
15615637  566265
15615102  2275685
15627745  12658443
15630501  216313
15596316  2715973
15613369  1037598
15624388  873889
15563686  1166059
14587181  2569707
15624647  4803172
4424216  180601
15614267  12647220
6534992  3156434
15629222  13141123
15629618  12426810
15609321  7820511
11012109  1151422
15612469  3968557
15603017  2016169
15610907  15611761
15474194  12773822
15630535  631682
15628244  6448443
15612301  8028957
15625047  5129940
15617060  5551657
9466704  9484319
15628422  7266700
15630759  14903572
15629855  9864420
15629883  11125212
15632108  3859288
15627085  15627749
15634561  15631212
15634630  6510724
15631500  11369360
15630696  3034649
15630707  2824435
15571678  9580566
15560553  3105437
15626028  240178
15630420  5447498
15633352  4325094
15630936  2686946
15620211  786463
15547202  3011222
15633576  27509
15633576  2647867
15636113  8028957
15629353  15628865
15572779  15451112
15626175  4723220
15633547  427725
15622436  1787249
15634580  2833185
15623846  15018395
15635782  8151102
15608584  15534701
15633531  2773502
15634493  3219726
15631857  4999445
13415275  15637269
15633679  7886888
15619752  15613783
15638241  15637795
15637857  10955097
15638998  1230386
15638998  7050798
15639154  15638455
15638938  15568434
15639901  10650719
15637917  2686876
15637917  3076414
15639760  15637566
15639208  6343166
15638428  3438340
7506258  4811920
15638612  1174984
15638176  249760
15638176  2883576
15637055  530614
15638920  4601347
15636735  5563079
15641421  1889505
15641574  15641113
15641884  15640894
15629161  15628960
15589808  15586736
15550890  9900311
15640334  10461257
15642982  924285
15643067  732612
15643067  3793838
15643650  513832
11963818  1895110
15614355  10554405
15643643  3149192
15641411  6027995
15643948  5781268
15644163  1461432
1076750  150566
15644356  1375882
15639133  2128619
15642536  290884
15642536  4922145
15645705  359494
15638486  2603617
15645607  2405242
15646348  13341698
15645996  154204
2638897  1256887
15640552  128035
15647093  5612656
15647093  7792816
15643649  15640689
15646185  10768488
15644678  8907490
15622328  1987926
15641960  877096
15647856  993352
11848556  10550505
15638442  13806908
15646555  652037
15633942  14926402
15647437  10879302
15647631  2216250
15646170  4440626
15645285  3234256
15645881  7366363
15646905  1560165
15628347  6937760
15647883  1972712
15641746  3613186
15643126  187537
15642079  4979238
15644034  131303
15644023  15636776
5011645  1912434
15641701  3314579
15648890  2989284
15644970  1077668
15648952  10643626
15645242  12311869
15648996  15648564
15626673  1053928
15649487  3061
15649487  5488155
15638564  4945178
15646317  841226
15644846  9126122
15646188  2009228
15636350  10860569
15645441  12943230
15648273  740939
15643873  108699
15628431  1169539
15645706  8389222
15608900  419119
8676672  4999396
7939954  1912434
15650607  3230851
15649870  1568091
15650424  4660142
15635064  6993325
15650355  15649100
15645903  15650393
15647886  2842116
15647886  3443093
13454070  3184555
15650391  2086778
15650680  15612513
15647046  6343166
7687808  3531940
15640665  3413544
15592441  1555109
15585593  15501592
15585847  6238524
15649394  2455102
15635630  9347722
15648216  10805745
15613277  10805745
14185328  5093398
13796452  7292140
13755962  10724908
15649991  11312316
15647299  6175502
15635960  11974490
15648228  3716373
15636722  2486705
15647182  11874579
15651753  10848
15637080  5416548
15652050  15629099
15652050  15649841
15649535  10792401
15641610  4229998
15648915  2973202
15638455  4261133
15645897  3785736
15635802  128035
15651486  10575544
15631832  8744156
15635485  3213
15635485  554314
15651125  1520800
15651125  15610251
15513357  5199903
15509345  11637329
15590097  605630
15613412  15610933
15619096  339007
13572547  7101237
15449602  12648054
15600184  8512180
15652370  5581141
15636360  10738094
15652946  8028957
15622475  2788765
15526958  2316677
15634466  4176328
15634466  5473107
15634853  1017224
15653050  15630198
15653933  4380691
15631377  7397768
15651864  5178697
15650901  4806625
15646780  15646451
15633978  15632771
15607325  9786544
15651806  2973202
15652936  5907809
15654208  2810124
15651771  7184963
15652427  132988
15652427  7816363
15655356  3929448
15653180  4814668
15649979  9428087
15638725  10346546
15654800  13058458
15634497  7545561
15653028  3145089
15656446  15656014
15656765  2591098
15656765  6544389
15641987  6343166
15652685  1721802
15652885  8044675
15652594  8151300
15616779  5829487
15653492  12544510
15649841  15629099
15658121  117792
14372006  1331471
15653861  2558591
15628566  460583
15656434  5079325
15656434  13889467
15640344  4348912
15638179  5323268
15643710  3577641
5886352  1721279
1882890  946534
15613230  15599353
15653682  4399909
12997405  11786401
5473097  6014507
787075  769828
12250848  13845508
15627557  224714
15661039  1861682
15655380  10418461
15657876  4461996
15659292  4303513
15659292  14788261
15584561  9679116
15584561  13435235
15659512  122914
15658852  803540
15660889  60174
15629346  5602370
15662238  1328074
13135783  1658751
15659848  3601515
15658572  11486191
15659084  3606139
15658942  15643586
15662895  4732494
15665030  2440511
15660972  15658246
15652861  2832017
15659036  12123202
15662143  2488384
15665077  6336991
15665576  4547166
15665576  5529718
15662667  9438480
2202355  1176497
1928249  1176497
15660606  6970995
15656489  3087975
15661344  2378346
15663428  1124149
15663428  11188769
15665383  14881084
10101506  4988436
10168772  10169064
15599470  1134894
15611781  494594
15612405  11915610
15567416  14123580
15617970  9255279
15613788  2517558
15665065  2973202
15652982  586718
15640404  15655998
15668537  5041494
15665308  13537
15661382  1151464
15643636  6270004
15658867  4769313
15632665  1738020
15664864  6068803
15669972  14610624
10261014  9154800
14547315  9154800
15665801  1680528
10775168  2862590
15669995  7456477
15670413  336859
15670524  5117051
15314856  2004135
15662990  1796180
15656646  15655177
15670192  129178
15670796  9032856
15664374  3209233
15659402  4413590
15657429  496470
15662850  2826734
15522648  912830
15582968  447983
9029923  6894439
15619322  9824074
15637236  6596316
15667729  11152141
15670459  4358253
15649024  360141
1972298  1171344
15663570  469551
11963367  11963513
196876  36932
15649942  10611328
15634685  2438019
15632734  2414105
15669607  7602410
15671536  12530406
15523510  10392255
15665928  14324357
15670375  6692022
15668849  5847876
15669139  152975
15672008  13224206
15665774  15436352
15665044  2602612
15672712  14276220
15670581  8564833
15673370  477399
15551502  826948
15672116  3665188
15532856  867219
15667614  492809
15672660  3403909
15540152  1656113
15487391  10287197
15487391  10390406
15148127  15099054
15653345  1424510
15509953  15485735
15174267  454635
15174267  4009245
15436085  10843892
15664755  3914445
15323509  272900
15323509  8402960
15184010  4172615
15672161  6726799
15672043  15671493
15527985  7205541
15672925  7929013
15542930  10114224
15669553  10263094
15584318  15549201
15673680  12632285
13991368  4488035
15667962  11235748
15142236  15124560
11087195  54566
15674839  15493405
15528233  497343
15672507  10297168
15637175  14859002
15674216  3686879
15676859  15597557
15677048  1630631
15676618  9347722
15675556  8285228
15677930  15433781
15678116  7705929
15678362  4618403
15678362  5641202
15674799  6984368
15678406  20148
15678296  6060541
15665086  4458970
15678921  10102529
15593392  777346
15674386  4416228
15674386  14589938
15511867  240178
15677778  6427767
15678261  4811106
15666922  216212
15680297  268321
15676495  2818697
15672070  842926
15677507  9419263
15653527  15634929
15585309  9510030
15681088  6312342
15676925  11006539
15680202  2399104
2454713  391483
15677738  15455009
6408267  166138
15681105  390900
15675458  11499574
15678514  1768877
15678514  9484452
15678467  10759282
15682041  394882
15682200  3847736
15682200  4143741
15680323  9260303
15682135  4191492
15672950  90851
13610521  8279526
13458990  7375320
15682149  2567997
15682149  5594686
13419178  8475155
15290089  12188020
15677492  2101540
15677492  14621450
15683574  419019
15676893  6169146
15676893  10912741
13402944  5945720
13377282  8798697
13377282  10805745
15623837  5572849
15679011  2033914
15678407  14492734
3719958  1986292
13235627  9260303
15678386  5971521
15658699  4177102
15670799  15671568
15629393  15655953
15651174  12265235
13882266  11767484
5269657  6006689
15644682  15640384
15632381  15631115
15682281  3581926
15686614  724043
15686614  6198894
15686651  7844306
3337639  3268740
2963243  2701077
15680329  2531136
15681874  8098601
15680190  2976477
15687669  7605011
15688205  4063953
15644432  15608075
4507926  681120
10345171  9557049
15689951  15689711
15685515  51320
15682005  1720932
15684537  11001419
15691460  15670751
15691813  125619
15691813  7680795
15691813  12661004
15691901  3757343
15688802  5852305
15671537  15642276
15692418  3037655
15686549  9557049
15682182  11570356
15689054  2167916
15691427  8252779
15692519  3413920
15691304  1827058
15684717  8311463
15689842  15687201
15634794  750486
15693842  10942219
15681144  13474069
13563482  6839787
15689945  4581877
15662733  15661918
15687271  6588390
15682289  3700459
15693967  5805843
15693526  785091
15693424  3912765
15691799  3231616
15684705  3213205
15684705  5832368
15693725  4884050
15693496  2342114
15693353  15692877
15692576  1464109
15676393  1329426
15685806  696431
15687620  8003012
15689452  203126
15680707  2485963
15675091  15655070
15696004  1624803
15685288  3233702
15687079  91234
15687079  1337804
15680739  885009
15684694  479722
15690411  827294
15698549  119123
15698188  822487
15697166  11699324
15688900  2462919
15688900  10380149
15687206  979256
15568330  1890886
15679325  11770451
15684505  1998995
15645036  499405
15551337  15548393
15686466  289997
15679795  4878159
14812666  13848632
15449160  10299458
15700071  11544983
15698605  3783848
10704931  1168451
15696901  15696140
15700759  1665702
15699085  2794262
15698617  142003
15698617  10775367
15699824  5054484
13059665  10933244
15700186  3080192
12177596  255341
15699712  1014861
6353873  2576239
15698727  5655674
15699658  6167266
569877  268321
15701901  8960087
10354940  994855
10354940  8229551
15632970  15634423
15702170  1396668
15701980  1787939
15701980  6212305
12983578  9074184
15701148  5271448
15619520  48475
15700004  14860581
15702460  4954359
15692150  4261133
15699426  7962704
1227683  268321
15697470  13844209
15697757  1939318
15697638  9714384
15690965  6343166
6068672  867518
15699117  5793500
15680850  8037203
15681031  5813077
15694071  15305396
15693863  5587648
15651690  901115
15679271  930075
2168793  4951751
15703820  15703212
15704401  8244350
15698143  12273904
15705663  15702283
15705195  7889888
12358425  225772
15696881  10421915
15696881  10967622
15706584  2147099
15706584  15670878
15683904  4915474
2172820  4261133
15700887  1938921
5825763  4828094
15706872  4828094
15706872  8305754
15707353  388242
15706735  3872149
15657034  15402588
15703895  4573349
15703895  7016098
15681125  85978
15700403  330461
15681341  12619124
15692939  11585768
7710327  4261133
15702374  8598599
3642717  3609810
3496335  5988664
15709132  8028957
1724824  939032
1680072  938957
4195720  1802707
15709591  209840
15704819  734717
15710362  1394020
15706651  1800170
15708335  7027129
14156663  14233762
15710669  1884358
15690770  15693900
15709931  7056749
15706183  2511300
15701153  3994527
9764095  9756502
4412581  3480147
15711895  133973
15706935  13852279
15691729  11109859
15694212  5807694
15697089  9761953
15706637  919857
15692950  12087905
15693394  15655987
15687948  15666738
15100666  9299614
15704148  550716
15710997  4080745
15712640  4236854
15682528  2371436
4282227  4951751
15709818  15709296
15709585  4464208
15709585  6307584
15713212  7630388
15706112  354070
15706112  12400567
15675788  2292004
15705683  4202175
15704275  10631283
15711700  11238953
15698367  18932
15711986  5783750
15546028  4871895
15683076  3531432
15683076  6104498
15710132  11143363
893959  323200
15714014  823181
15707645  194397
6132010  3316402
15710637  824349
15705298  7792087
15707674  11959853
15701867  7250820
15708732  15708161
15709517  8696586
15701357  3076414
15707995  12293870
15705756  4825744
15706598  13178802
15709672  12982128
15705552  844195
15705097  6624239
13643811  12606660
15704904  310870
15707725  195149
2145914  950087
13739462  1337539
15708865  14107531
15681655  13036745
15709712  1024978
15711971  2332329
15713260  15710923
15710505  7113344
15710686  10031210
15713799  15702974
15716252  15704398
15705371  2214957
14346851  1445087
15716835  445235
15712201  1372127
15707296  1646698
15706013  8356842
14145101  557959
15717434  7627098
15708957  4181668
1322108  774136
15715501  13940443
15717413  448162
15718236  4061929
15715573  3595319
12556615  1817792
14073916  1014861
15714303  15713951
15718947  594518
15719107  4555079
15719107  14220321
15718565  447408
15716215  1799284
15716800  205853
15717262  1378671
15720173  1847789
12720494  10759282
4701727  1032912
15703042  9398869
15702764  1556987
8190993  7557265
15666950  1248292
15719831  278186
15716778  9201402
8715451  11739751
9592081  179439
15719604  11922383
15711180  1092219
15722433  7486085
7197579  3089706
15722608  14177567
9930839  3470436
14290976  8483034
15719446  8914878
15717770  15717586
3199611  2873949
15719518  4244896
15719518  9854995
15720074  456177
15723800  3339722
15723800  11197509
15700610  4636146
15608156  15714275
15715954  610458
15723292  7356043
3244582  1184418
15712698  11487184
15705900  155188
15723506  9449452
15722527  1395105
