16045555  16024087
16049591  9713058
16052238  6466083
16045237  1815606
16046200  4488716
16054093  5322632
16050099  12769982
16047125  279170
16039601  12398494
11100979  424752
16053179  936744
16048927  3531703
16032793  1555969
15655775  3252599
15676104  15151255
15951692  2484615
16046933  2142826
7344691  8028957
15643301  1238035
15871910  10382929
16045154  2850573
16036001  754684
16037751  5100299
16000050  3948846
16000050  11320631
15986232  5191472
15986232  5306346
15956969  10906715
15991712  14876221
16055506  1360183
11066081  11076645
16055586  3737139
16050460  15456699
12732614  6146778
16054464  2784262
16047941  16048440
16055321  14997799
16048819  6255641
16051877  391005
11172152  391005
16052163  4465872
16042614  16023579
16057523  16013401
16046771  185936
15974365  4165195
16050952  265960
12653016  12639431
16037289  4909019
16058773  477550
16031988  10596031
16033900  1720346
16029373  16003396
15794517  10285700
15967076  860339
15956992  1122381
16030418  1726630
16058848  588004
15282783  697366
15993457  354875
15971092  15969012
16035915  2666040
16007690  1630409
15970302  5451175
15985672  7175766
15838043  15973768
15984114  15872957
15875192  15965771
16031967  16029939
16033085  1795808
15978333  15964676
16033090  4622214
16052200  1911690
15877493  15942163
9974468  227236
15982327  2478434
15965249  15673837
8520062  2442248
6938953  1184983
15951537  3298147
15984622  194397
16004539  15454035
16054614  13484833
16053758  13679592
16060901  144530
16050418  9085113
16051317  1005153
11673117  520650
11635363  44509
15984284  10849449
11590750  11598337
16021052  16055949
11423883  746684
11423883  3826748
16061118  5996728
16061822  2114485
15984725  15986199
10796219  2943556
16059710  1231198
16065116  200640
16065116  1592865
16061607  9277661
16063433  16061851
9999009  5931900
16040311  12553117
5616871  5931900
16060682  770579
5150571  14220321
5381804  3755988
5381804  14220321
9270501  1859686
16065677  4611591
16063590  307650
16067688  5987969
16067815  588004
16067416  16065306
16063593  5395228
16066793  1685680
16065958  504052
16068728  541954
16053390  5271448
16063728  9502983
16051848  14681961
16057826  10799114
16069106  13387742
16070452  12955008
16068752  11105131
16070070  7885573
16057299  8077571
16065840  215497
7073002  7343487
16064704  4328711
16071399  2196641
16061782  3377537
16052618  13235130
15670717  5256002
16063976  16033800
4161104  191940
15657874  171205
16064884  10604007
15322993  164194
15322993  604391
16062450  3577641
6653266  3510649
16038442  1609894
16058756  16052820
16054696  2307688
10052097  3510649
14916815  15470367
16072516  8883974
16056879  7151145
16051856  8266849
16072661  3755606
16055439  16033481
15274847  15245880
16045444  8084525
16070563  1293817
16050165  14220321
16058789  15267539
16058175  8713110
15471493  10202245
16059201  12720400
16056471  7734118
16070454  12988685
16066913  7545524
1812961  792886
5553898  2731542
16073145  16072530
9601707  8107134
16073123  12769982
16070557  5440823
16070913  1860393
16051448  3201255
16059617  923885
15766814  4842684
16057213  246127
16052386  15510928
9376172  685062
16057353  7042272
16057353  7400564
16055981  1333527
16072404  401656
16069301  2973202
4381924  191940
16073704  1568091
16066524  5048638
16074877  3673998
16075223  5376970
3117422  942312
16074621  215497
16070315  10584596
16066775  278189
15586524  15559979
16071500  2620444
16064923  301450
16072843  235515
16072843  2347067
16073979  14381444
16067439  1732348
16075546  2870532
16018827  15966427
544574  398170
16073999  12652598
16075605  203198
16041107  16024635
16075966  15083119
12346384  8656089
16078273  8745297
16077734  154489
16077734  401232
16061641  2302315
16057689  1060090
16074032  14856180
16058014  10707959
16058683  16058065
16079461  7682659
16079814  2167916
2681281  920353
16065864  6594089
16075069  3798424
16079907  3737139
16060865  2077263
16060865  2973202
11931840  9262801
9262801  1456923
16059313  381596
16073327  7401888
16076435  6210154
16063941  1516085
14141585  2979369
16072872  10631473
16069691  15623347
16056574  2825364
16080356  1068284
16080823  16077732
16057433  3457040
16063595  16056838
16082306  16079759
16082118  9818386
16078002  8656089
16071774  10836078
16075623  6768793
16074519  12769982
16083586  1453043
16083586  14244689
16062293  10493025
16067615  10805745
16064764  2351649
4143580  14220321
16082792  2127473
16084595  901115
16084603  4907843
16082645  10056729
16078866  1126915
4772850  4292740
16082420  15179308
16071899  1207406
2043939  271347
16075260  381542
13586917  1359689
13586917  2793150
16076492  541487
16072574  7571326
16072574  8906722
16081666  4261133
16062651  13875786
16085055  3169014
16085055  11296010
16086086  2973202
16079475  13840429
3331794  1005073
16081463  851625
16079333  2275900
16086862  1108236
7171327  2959820
16080482  4261133
13563203  2822144
16061181  16042344
16068310  6165090
13145948  13001800
16077024  13366697
5329043  3888921
16076074  3127507
16076074  11876772
16076056  3362600
16080588  7446946
16088086  2776211
16088086  4886290
16060911  14269017
16052835  3888921
16055432  8403610
16083400  11472144
16084959  9840539
16084959  10815387
16087957  7860867
16084104  10699716
16085628  7260989
16063419  15555522
16076118  4605249
16087242  149055
2764334  672412
16090348  2336847
16057066  1731384
14680169  8754157
2812096  1713771
16090219  13209227
16067912  6993325
16089213  56947
16091102  826398
16091102  10831421
16083354  6530364
16090870  15370288
16087729  3446216
16090751  16068558
3230643  3068848
16091970  8065305
16085777  1713771
16091841  15519177
16090072  11272581
16086708  5555730
16075379  599405
14524304  15919457
16083666  1555397
16093263  8028957
13820693  8028957
16092068  2019362
16076031  16076905
16077584  16076905
16090540  4616202
16087886  12654394
16095003  7671503
16087559  386294
16094892  44917
16095468  3595515
16088324  279170
16089176  7288614
16088416  134379
16092472  7128057
16089387  3128758
13266469  756689
16090858  8028957
16092275  1019867
4736417  3448005
16051680  4736417
16068956  585234
4275652  2989101
16091711  3177733
16094311  5939412
16085901  5989739
16093654  179741
16094372  2488021
16089162  11922383
16091776  3577641
1147354  5696987
16092577  2163803
16086680  1387612
16060958  5125609
16097391  3835317
16097391  7885096
16079685  924679
9815703  5696987
16067149  6343630
5402924  48872
16082588  16056956
16092263  8214055
16094568  5089147
16092586  14874882
16099657  3568410
16099418  940905
16099418  3289445
16099775  3661125
16069334  16078231
16080084  14868668
16076466  1134290
12220614  975384
14690972  3919010
10878622  11467215
16073153  15325891
16097185  904928
16097185  4855406
16098756  1733507
16088282  3329541
16088282  5576217
16089178  10535235
16079321  14642013
16077490  4726047
16081692  7395542
15960478  9815383
16092407  16090532
16101836  1975128
16101836  5493281
16101836  7545428
16100843  16086160
16103003  3129899
16097583  1570759
16102780  1930459
16100420  924394
16100026  16099588
16103333  1031273
16101961  692438
16104548  392721
14179395  4635338
16104598  2937227
16088962  13606185
16083489  2935184
16098344  144283
16104993  2937227
9824435  191013
16097051  16055985
10800145  2021176
16102265  259026
16098647  6006614
16100898  5384168
16099638  16078578
16088636  10285695
16089223  6158726
16097271  1985260
16098296  6373826
16105703  16105270
16102280  672638
16074985  12730030
16105837  4690718
16099698  14635003
16104597  3713206
16102809  1700207
16094360  6371226
12434599  12400563
16099043  15138863
16090718  540066
6665832  7255991
14817960  15919457
16104629  12650346
16104734  1269568
16103323  5127991
8472829  9539410
8941553  191013
16107521  6693257
16107166  7803905
16107166  14650788
16108811  16046008
16104035  6344950
16108690  16105924
9851698  7238929
16098515  198199
16098515  2505451
16101989  16087131
16109480  9821211
5086401  3898130
16083081  2837854
16111008  495021
16110990  949433
16110990  13492043
16098937  995219
16106985  700523
16106985  2742814
16098318  15362582
16110684  1755408
1953014  1946232
16109819  16087984
16076276  350047
16099480  563406
16099480  6368153
16107482  187406
16103882  1865353
16105943  481144
16105943  7946187
16110787  3577641
16112629  2374377
16109267  8181699
16105026  1105815
16105026  6990726
13240404  12446990
11297972  6840231
16105410  15300819
4695551  2213879
16109985  532166
16110133  9270997
1973651  191013
3037604  191013
16104631  9032919
16102313  905969
15836660  15835165
16110804  705448
5174748  191013
16105072  1208288
16105072  1230351
16113839  2190161
16098550  1025674
16087444  448125
16113038  200422
16059141  16057039
16114282  16073283
16108783  10053358
16112126  16046008
16115039  7490577
8185238  7230544
16102765  899279
16108825  11776607
16096651  2246772
16109483  16109090
16101574  2070985
16093712  5696987
16115174  388242
16114424  6315750
16114145  14753395
3422078  529782
16059391  4813914
16100692  16037633
16115641  4099637
16115494  1337695
16102051  5720029
16116131  432443
16115044  1496180
16097972  2758604
206248  85649
16086908  10237460
16094096  13499467
16075640  5696987
16104018  12331800
16114488  11368339
11759090  529782
11759090  4518956
2608878  858080
2608878  2215745
16111303  1288718
3877773  858080
3877773  2215745
2766932  2215745
16107393  16019105
4813289  529782
4813289  4518956
16114117  13028715
7303948  270612
16117816  1975128
16117877  1838616
16117877  4348912
16110115  13206644
7635640  5748661
4087304  858080
4087304  2215745
5915840  648115
5915840  1972262
858080  75746
858080  828950
6137974  858080
5707889  858080
4424231  858080
4424231  2215745
16117028  5335899
9405135  648115
9405135  1972262
6507715  858080
6507715  2215745
16114378  12817018
16082254  214416
16111161  5417048
10850306  11467215
16111819  5757900
16116251  8000022
16114244  7861775
16108476  1445385
16105205  16096176
16108465  3829638
12440013  4518956
16086101  12175952
1114388  886060
16114794  10551922
16091261  16072455
14185681  2415655
12015469  10981174
6367239  5137874
14048563  12478583
16113431  10333409
16118706  7714973
16101965  16037494
16078007  4235480
16055785  134099
350500  104850
16120150  104850
16115290  1901139
14983505  1401317
16116012  4843640
16111900  60174
16117919  718229
16117887  680801
16120596  949433
16120614  16120428
16121020  5997027
2212206  14562176
16111486  4366597
16115068  16048535
16101913  4764932
16113466  7017281
16112869  920353
4573875  4391697
16115164  16076364
16096414  30062
16107008  5672472
16078707  16011573
16113126  10298354
16095304  8317022
16122915  10744651
16123316  1424510
7045016  5748661
16123109  1272673
16105833  1778368
16112054  10604409
14090828  193182
16114652  1291942
16123491  952914
16107925  13181948
16122359  16121934
1842636  1420581
16111502  860187
16122049  2074473
2079378  586370
16124133  12769982
16119689  7624502
16124040  4575643
16124040  12878655
16105224  2997168
13467636  6449386
16114538  7173033
16115011  9969236
16109013  7473842
4261037  3625716
15861616  11467215
16119602  16118052
16114397  9660778
16120771  2369624
16120051  5605965
16120950  2021831
14785678  75746
14785678  858080
2713900  2296288
16040931  15650800
16111861  11217674
16122346  16122615
16124555  1127738
15918158  15426144
16124376  7674786
16124745  10070232
16122512  9860538
16127406  3137598
15189747  8088473
16110025  7395542
16122337  492384
4187185  3441358
16124497  7523217
16124842  16121359
16127697  717725
14085300  187768
16123149  8028957
16119686  9912018
16127462  12769982
16127365  9709255
16128539  2281338
16111525  15080256
16121715  8839943
16128494  16125415
16103992  425095
16101702  9373082
13033050  15080256
16096992  8364787
16126725  16031775
16119104  1496682
16128676  5813077
16103601  16103137
16015984  16017415
16125830  328590
16122159  12634452
16125772  1132941
16124367  13058458
16123719  12726373
16103740  5614399
16119651  854128
16127646  7133574
16120135  10034917
16126828  231839
16117304  1616802
16102247  5020699
16129798  14909997
2348867  4348478
16130403  4348478
16132850  513832
16118829  246127
16098607  16051633
16132666  414891
16133305  46155
16133305  201323
16115715  3093622
16132190  8028957
16133304  60174
16131515  16131259
16130795  11188018
1478852  319249
16130366  16129402
5699911  1612653
10924929  6466719
16047300  10759282
16132597  16131109
16132777  13422642
16135692  2672936
16133884  401656
16094480  2261530
16099336  16093883
16129186  5503352
16131900  2802472
16134997  5855803
16136427  11336351
13332551  60174
13021200  14220321
1906619  1860490
16135654  16026000
16136556  4207134
16116954  2545103
16132387  767372
16133491  1034621
16134910  8744315
16136986  6399615
16135369  310870
16137164  9330733
16137379  16135686
16137409  6065374
16129759  6500573
16137767  11792207
16137777  3396088
16137089  16001545
16137924  3943772
16129062  5770341
16134434  16120644
16133615  79461
16129557  2416100
16118725  6918393
16130818  3431169
2501143  390578
16134923  729379
16132170  9780189
16124534  3622407
1622440  969290
4094884  3715338
16135213  16124095
16135814  9900311
16138091  6677035
16139572  9018584
16136413  16128979
12584443  2461852
16128436  16125626
16138973  14268156
16137295  9411128
1013385  336859
16140886  11227809
16099019  16097580
16141431  9552663
16141219  42
16141691  9
16141585  783662
16114099  14764130
16133859  502399
16142031  16103413
16134639  12887155
16134312  16133958
16140230  6627035
13865200  1120542
13865200  2540294
14442819  4634993
16129972  4634993
16139169  14685576
16140062  3353745
16142510  3577641
16142510  3711357
16132231  16080143
16128705  16128458
16131615  928072
13192089  5891410
16134074  83439
16143256  16098198
16133852  1583652
16140939  728325
16140939  4428267
16143371  10245510
16143915  6171128
15775469  7969088
16136337  1355004
16144163  16142284
16144378  5895842
16144378  16007435
15638463  15679577
16133870  2460582
9009692  405749
16142854  9721856
16139725  2523467
16138016  10546135
16136223  5465293
16129890  15081215
16143037  5939412
16146289  13109257
16143786  6521101
16146260  7563074
16143977  4011956
16137832  6833413
16142938  1587963
16144187  2474009
16144187  12781205
16139268  3363612
16139268  15521494
16103704  7162157
16145453  4737841
16144420  6978263
16147733  11939044
16143885  16101866
16143151  1789945
16143674  16141943
16146769  15631292
16145428  163887
16145428  16136858
3862871  437589
15834628  12372336
16148125  4793549
16149636  2003521
16149837  4303513
16145535  3523174
16073968  16050807
16150414  16149792
16149194  610208
16146298  16133318
16130608  6572672
16147622  11507028
16147592  16083816
16107246  16107568
16144614  7685547
16152957  19339
16152957  13149278
16152571  8722806
16153047  14711585
16153258  1472138
12717933  6692022
3084751  3083112
16153536  2042363
16151485  2985170
16072510  16070651
16154008  7208161
5336457  2253874
16154387  16154057
16154786  15194465
16155447  949433
16148429  4839981
16155937  9253244
16154731  15495281
16154588  7356352
16154588  11016371
16156752  16154687
16152421  11922383
16156970  1264709
16144380  11939477
16157407  9229645
16146116  9356929
11053169  854264
16128938  6399676
15925404  15923961
16154260  7831137
16153569  81180
16149740  2198680
2073112  476822
6991937  640885
16144038  1658683
16144671  13947650
16140627  6317033
16145567  13639464
16156760  4176328
3150157  895929
16143473  8989300
16152364  3687559
16142313  8360516
16138945  12016567
969290  457605
16146856  14896977
7493553  895929
16141463  4504442
3141692  895929
3141692  2253874
3204245  406121
16154552  13505253
16147419  8985872
16158986  262427
16142765  767999
16132872  743906
16155124  282451
16131946  5029821
13149278  19339
16143500  4269800
16149028  262891
16159590  466345
16093542  4029785
16093542  13540751
16147706  6434663
16141852  15555082
16150658  14220321
16153970  14719349
16157836  14220321
16157762  8906567
16153917  4635442
16131630  3503879
16161259  1062183
16156428  16155331
16139464  16129076
16160410  805547
16160410  3302222
16161636  904582
16163418  16163384
16163394  312443
16161011  1656808
16155573  16148585
16156019  8300331
12019999  4761648
11937326  2080927
16163786  381542
11759908  11740777
16164025  9239558
16164106  6716091
3187109  75175
3327596  840261
16160847  3077558
11081766  4181690
16165503  5536386
16162115  15810335
16161719  1568091
16165484  7705895
16165603  9029730
3014964  584538
16165897  11610731
16160885  5669905
6410340  840261
16162474  8972221
16161627  16163422
5590683  5304855
16167692  2973202
16149996  885009
16164582  9706429
16167983  201323
16148580  564320
3276443  375427
16168979  668286
16161001  972636
16164121  2973202
16159369  6009280
16164034  6961092
16169920  5723555
16163783  6009284
16169723  11011756
16169723  11290092
16170005  9748600
15977525  4417470
148576  65820
16100804  60174
16100804  795746
2169062  729295
16170296  15347303
16168936  81584
16171132  5140258
16167057  16166561
16169662  10382929
16169662  11783315
16171674  16170296
16170833  3558992
8109372  795746
16158702  3081916
16154911  15965073
16169105  9014337
16164855  9852753
16164056  7713973
16164056  11243709
15235561  795746
16168527  6458585
7303006  7356724
16168228  4474754
9913296  795746
16165004  5823772
16144397  8604286
16171631  363681
16171451  4758817
16169817  4514101
14905786  7356724
16168459  16148585
16172163  136097
16171955  4739483
16165388  5227215
16173347  9427163
10085789  7902259
12101151  7356724
16126372  6967463
16166303  7254596
16164771  3929781
9851737  795746
9161734  7356724
14392016  10706920
16130372  3433203
16175490  1654887
528208  121499
16174133  1107737
16172753  175532
