16308439  378247
16305466  12199668
16307538  881335
16308991  16304792
16300198  5316409
16308505  6130662
16307250  112503
16297295  16228018
16276279  11856192
16304469  4404577
16304469  13418776
16308214  14044100
16305252  4692977
16306024  16305650
16309509  194397
16289158  4857702
16300533  623104
16305068  16303802
16310207  14226575
16306391  16305941
16308179  2976477
9146242  424358
16310641  1044194
16306417  8479486
16306911  750172
16305929  11944681
16308283  5605125
16310601  4806310
16312327  7520432
16301789  612189
16306607  14998726
16312640  526125
16309889  12878812
16312955  2039140
14183361  9855155
16310467  12769982
16308852  57483
16312508  1204275
16310049  7360856
16310559  15802454
16313997  3430181
16310068  9280970
16310068  14983521
16312567  450520
16314059  2444867
16313873  3433778
16313873  13939852
16307127  326069
16311410  3665115
16310800  4484158
16313736  333537
16316049  1711990
16308276  1808108
16316014  4636146
16029579  6484670
16316201  578193
16316201  4902565
11890086  54566
16316822  16316811
16316680  406121
7203024  3744032
16315320  478838
16305322  1215208
16315189  3429510
16315189  10420464
8832803  3602026
16316813  3812850
16309729  1108
16309729  1071180
16306757  1881714
16306757  16302917
16308345  6270004
16313756  16308744
16315368  5741187
4143104  4001386
16314925  16314312
16319091  16318571
15321815  8263371
16318866  458304
16305437  10985487
15860258  3015586
16319510  1873983
16319510  7145514
16308935  16289134
16316282  16309223
16313132  12619124
3582464  17106
16318087  2150455
15708373  12175784
16312932  10411085
15045240  54566
16321790  2423396
16319067  5391786
12233354  7360856
16322322  7714677
11226685  5031230
16320838  14624776
16320838  16111663
16322588  16322185
16322773  16310070
16323179  12147631
16188168  6439140
16323974  16311321
16323996  9982338
16321690  3767365
16321690  4090834
16314672  9063453
16288497  16078015
2855087  230348
16317549  3368774
16285054  16285797
16301113  16297803
16325009  1873983
4962585  5669784
16324981  9508518
12147631  7911776
16325494  16322894
16321942  1434779
16316481  4906977
1605068  1150332
16321907  16309861
16190516  1051782
16325859  153633
838825  302839
16301409  3680463
16323770  5802467
16322614  5093398
16322966  2613511
16324211  2971097
10002596  4289096
7881585  1814589
8380386  2936467
16328194  3225891
10237230  10237028
10510098  11674312
10126833  4988425
10126833  11674312
6142035  11674312
11918010  283004
11918010  506705
12019727  3831151
12186099  4261133
12606000  1032161
12606000  3737139
16328271  2485963
16325168  1806816
16319112  2161433
16322930  16323649
16297302  11146381
16324897  7077710
16303424  16090069
16321379  4255472
2338408  230348
16288726  653714
16324965  2137755
16322652  6574394
16323432  7282747
14950145  15083607
16326707  4756039
16322208  16293994
16329300  1470488
13122907  11501623
16279384  16301168
16330340  4587642
16324951  5171789
16316476  16323012
16231643  9316437
16302957  591853
16323587  15905806
16323149  5843092
16329663  3445590
16331251  2053398
16324666  8028957
16324941  11313051
12778682  12779205
16327865  4795385
16322868  2582890
16328130  470339
4074070  275689
16331302  13701347
16325561  4996976
16331221  2619573
16327204  15439919
16318412  16306913
16331975  5364233
16330153  9081372
16321424  248320
16331881  2883355
16304679  14391959
16332513  2454961
16332513  10776391
1215618  544010
16329692  544010
16327680  4737609
16155008  16155371
16223221  16088502
16333003  1313390
16284682  3095861
3924995  1546694
16235059  5318088
16276373  1928431
16313374  16279826
16319813  8359201
16129214  16128831
3330963  719877
9295616  510012
16329021  9891260
16319955  12937946
16330940  3076414
16335552  7911776
16322885  5140785
16318075  8523453
16335871  4174941
16335704  3991766
16335516  7299991
16321298  16195611
16336368  949433
16335836  9146533
16330548  10742661
16330299  4351209
16318148  2821620
16318430  6672257
16321894  12332528
16337309  3558119
16337725  9340117
16336525  3577641
16319394  16285085
16338440  487073
16321800  3453915
16314008  16281489
16309289  1206203
16312741  2966515
16338807  6670360
16315042  1970514
16338716  3999998
16313419  4210042
16316359  4210210
16226237  16223044
15662327  4873712
16313053  3619046
16312196  5985839
16318028  2824157
16318059  4887300
16339472  3487689
12376582  9677193
11425559  6412032
16340063  3755606
16324243  134494
16339972  16337857
16332758  8657894
16329111  15938059
16338476  2973202
16340826  4850559
16251612  16288543
16318173  16318513
45004  1014861
16330020  10539790
10655374  6627111
11400479  409999
16336303  737151
16340935  1532693
16322047  10142491
16332896  142003
16319738  9932636
16335008  3111622
16343405  12136329
16316717  3610858
16333862  16294841
5123910  2941169
16343557  5416414
16343557  13600991
16341237  9122
16342291  16341710
16344601  1975128
16344343  2724020
16344343  3627107
15429288  15267207
1815576  1785741
16324362  5301996
5096243  3827926
5956384  1038746
16346487  16345464
16347373  5874652
16347859  7310109
16340931  6656358
16338696  28002
16346911  16342637
16345291  10612438
16339668  1887097
16336757  3523145
16342733  7494268
16346291  271171
2462387  2192612
16349338  8028957
16343492  2833281
16347614  4363665
16337456  16334630
16327153  4868815
16348343  182287
16348451  5676821
16349901  4872267
16350329  4748083
16345109  4203540
16342976  2652643
14554915  559296
16345113  14909997
16333880  4820017
12636135  2309558
16331464  4597866
16349061  5444249
16345095  1241432
16345095  3737139
8155343  2309558
16350518  776624
16350518  2524233
16350518  9506018
16351396  1686724
16350118  16349940
16337459  1657883
16345747  9510094
16340335  2262089
16352157  2466396
16352157  3493752
16340082  4905319
16351044  16350837
16332553  249467
16332553  6366954
16352349  12400289
16344842  6206152
16341420  5333368
16344191  1651759
15678115  3209647
16336880  5947661
16352816  4166966
16344762  12891689
16343006  16332739
4524731  516424
16352413  16333381
16352538  3338123
13572883  2667065
16346696  9888788
16344921  13840429
16343817  6845878
16351881  123559
15452784  4039748
16352256  5709034
16347617  4090712
16353670  3470990
16354074  12637083
16354227  3577641
16350209  16324868
16350449  850341
16348725  3680429
16335883  3523145
16354426  940905
16353204  16352272
16353472  11806601
11413689  2910205
16327246  11787833
16223531  155609
16354792  11251340
12048877  7998669
3423536  457153
16332779  13848333
16330932  1241347
16330932  6812137
2156213  2140090
16354265  6993325
16329734  11980151
16353980  1711990
16329930  513832
16329930  10539790
16355602  16299229
16332184  40480
16355645  15268341
16327791  8379193
16356208  22358
16353747  6884327
7511135  3774282
16356873  14919512
13306898  13272796
16358504  319279
16327792  16327315
16354635  321299
16354635  3180375
16330231  218384
16319057  16315341
16290462  2729027
16358257  1646698
16355114  25637
13310580  12074939
16324868  16180921
16358973  742764
16359019  3577641
12688994  12611213
16331757  16334491
16359116  14208930
16358625  1515399
16358625  16339207
16357943  16355684
16358629  5317061
16328520  1454629
16360215  10552838
16360215  14863751
16356230  9601816
16360529  2805427
3649841  3489071
16361056  5113016
16361056  5936501
16360838  1014861
16355808  16355312
13599404  12553897
12627235  11208729
16358541  16358022
16357093  430237
15216107  12536461
16360427  3827312
16359090  16355317
16342022  1583678
14156547  12074939
16356034  16333352
16360436  11812786
14654443  13372276
16326514  14853243
16351600  8028957
16351576  1518711
13797724  13372276
16363219  3316674
16363585  5649536
16363880  119123
16362349  305611
16348013  854128
16348013  16347629
16356899  8698682
16363635  6247035
16364575  5316697
16364587  12117024
16360069  2587345
16352112  5935087
16355998  394230
16364769  96759
16364735  7674786
16362111  8886375
16352756  4208253
16363462  16362303
16365047  11836492
16363756  11924445
16322679  16345589
16364939  16197355
16341763  10121693
16366477  890966
15284392  15292093
16366195  1403888
16360146  13220087
16352052  3948984
16347227  13350938
16356905  14354040
16340071  2003534
16349980  4142177
13142554  13372276
16349301  4334233
16350440  4261133
16352950  13050867
16339875  3917250
16366354  530539
16353101  1685956
16368030  513832
16368131  11777908
16351713  16167328
16367187  513832
16367187  14210235
16363938  16359707
16364385  5068480
16361028  14090687
16363947  845021
16362639  941272
16344888  9859719
16359292  14447693
16319053  54566
16348076  16161614
15133240  12074939
16363974  364253
16362607  3436257
16367968  12335733
16353549  10813737
16370398  1591723
16363576  9587751
16367028  13840429
16364182  1239095
16345152  6322084
4330124  76595
16364162  5055896
16370782  3841642
16363876  7199625
16360952  378498
16326262  8899204
16368731  649614
16370356  5248919
16371336  4810537
4936941  3720222
15390059  29482
16373044  16372664
8599356  1180115
2325097  505262
4793617  396913
16359666  16299502
16368177  16290731
16368904  1079164
16371381  12573816
16371758  1371964
16340568  16370249
16351664  16314115
16366402  9305751
909042  139384
16358974  6941943
16371479  16336028
16371479  16354919
16363013  406121
9223022  9212676
16363300  1499739
1799466  789239
16361248  1383315
16374290  336859
16370000  8198291
16365117  189549
16370839  7482922
2188750  1313907
16374658  992450
3223852  3224117
16374665  4691028
16370430  10421471
5915033  505262
16373525  1267869
16373525  1787249
16373525  2958684
16374268  2505681
16375480  16167328
16375480  16351713
16365418  52797
16375460  1052913
16374452  523104
16376060  312443
16376060  9475241
16361170  58730
685871  278259
3717685  3744592
15901871  3624280
16366227  3624280
16351407  8624763
16373732  16367443
16376098  1218905
16366399  16365894
16374194  16368934
16364334  7493287
16370488  15300819
16375752  692885
16368245  1496096
16369449  1972262
3931627  3888158
16375702  3323330
16374917  2442407
16373143  5712915
16370971  13317207
16378021  13809397
16371770  16362204
16374693  4784825
16377363  6346997
16378545  4176328
16373579  11316862
16376180  60174
16378328  16377832
16107881  1734334
16379382  16378297
16377679  16373738
16376010  9855818
16379189  12500860
16372882  13521833
16369998  5853879
10371046  10089062
16372355  4935632
16372355  11922383
16376389  1124788
16380420  1704407
16378414  3558048
10883283  342969
16379109  1568091
16375512  10683282
16360993  11419209
15058257  7372124
16356257  10629691
16374355  15582263
16364364  13058329
16378611  60174
16380039  16379908
16361929  16360418
16381414  1840121
16377660  16278468
16379039  3649574
16381629  13854425
15837118  14783680
14307592  9577611
16371871  610406
16371871  832257
16382340  388242
16372489  14339397
16380093  3830411
13401745  11553197
16256643  888
16379080  5176360
16379033  10807200
16354374  1080207
16369506  3880117
16380263  1043913
16382929  11320180
16377676  5356075
16379823  16379692
16347716  16348493
16383005  5069152
16380752  4793278
16380544  2663371
16383648  6827810
16369241  9709209
16382246  101754
16381421  3972038
4233323  5943929
12875547  6286733
4148866  1563191
16382761  14774860
16384283  495021
16384355  4286769
16368086  11922383
16380027  1218905
16384339  5622335
16339975  10930789
16364424  12685976
16370140  16348544
16385299  5141344
16385303  2100490
16385303  4306177
16380260  16360773
16383147  5865621
16385492  508269
16385492  3115360
16386485  7678528
15659015  6981916
15506949  15522308
16386349  2973202
16386289  5992268
16386159  4150991
16386077  11922383
16377935  2355133
16377935  6311779
16383221  19412
16376998  3563744
16383470  2440729
16383115  15855550
16383143  3577641
16387088  1014861
16387205  2213608
16388510  650162
11996903  3455021
16389272  10657315
16384968  16374850
16385894  11594104
16389131  16328946
16385711  16385056
16360691  4035538
16387647  4282552
16385023  1038192
16389818  16380472
16385185  16379509
16334876  16318480
16386754  16386428
16388924  1806421
16390527  2450954
16387108  5540792
16388868  88931
7352212  1987379
16383919  1348594
16384684  2799612
16384605  1176352
16384377  11232444
16386474  16385519
11657726  10706920
16356567  862880
16390406  2848289
16365874  16382991
16391072  2803351
16388528  3471461
16390824  5687600
16386631  604939
16356858  657131
16356858  12745783
16352276  5104141
16382556  2265401
16384914  11938380
16383910  5970093
16391566  10635369
12302376  8028957
15074215  8073278
16387264  1462719
16391447  16388452
16390885  13549214
11300079  10706920
16392081  1748856
16392620  4356289
15149641  3558119
16385321  2973202
16384690  452859
16298622  6677035
16373130  16342712
16391299  710542
16393306  31044
16393306  3373763
16392960  16371827
16393398  4979836
16394060  3932625
4638839  4635799
12503186  10706920
11030517  1657883
16391754  8774425
16392750  246193
14093958  10706920
16392232  8824255
16312322  16383530
16388423  45207
16392420  6238139
16387447  6323860
13038293  16384626
16393136  8021436
3635498  2981825
16390736  2015159
14647513  4215845
16394766  674474
16389703  3977069
16392525  9162933
5652515  4215845
10022289  2981825
16259797  1389736
16375035  10040069
16375000  2175502
6588135  10706920
16396724  7498794
16396648  2762061
16381286  9458258
16395943  3651725
16395708  6343166
16395708  14575293
16391531  2242136
16396394  1535246
16391642  6785136
16381281  740375
16393249  11959758
16397614  40480
16397756  9840885
16119729  7075141
16357505  16358481
16397837  16397385
16385135  15812446
16373981  16375348
16395905  5621907
16394193  6557516
16398334  14601016
16374747  16375030
16349263  14548707
16397400  5155333
16398975  513832
16398975  594604
16379673  743806
16397961  154136
16391680  9816079
12492444  3991182
16391011  3335505
16377453  100003
16395441  5550670
16384715  11843336
16385222  3646553
16395367  7730560
16390030  678822
16395748  10832902
16399986  1041623
16393928  9857553
16398802  16398193
16390870  945640
16390870  3801557
16395469  7520971
16395469  8190567
16397975  2534632
16384459  16382801
16395771  16394154
16402550  6524876
14058412  4215845
16389800  3349693
16384655  4269922
5523031  3442821
16391384  11041418
16397610  2366168
16397046  7807334
16392586  16392099
8644253  4215845
3637613  10062887
5106884  5664724
16376926  337704
16376926  2944511
16396076  3331043
16398142  10773424
16403141  8266314
5912897  10706920
16393582  16355878
16403395  6214094
10896715  7707687
16385892  16381641
16387319  16375681
16404575  625799
16404575  14909997
16402733  5478432
16404754  4991576
16402393  10543295
16393884  16392099
16387790  16364136
16255732  2952667
16396095  9046675
16405926  7395542
16406378  119123
16406378  4306186
16358070  2374354
16358183  15749008
16402689  16399869
16393759  16406656
16401893  6112848
16403308  16077947
16402586  1732348
14037754  557340
16406703  16406385
16400926  16394785
16400704  16386754
16407631  306583
16394161  2750580
1043755  557340
16408545  1555262
16396589  1951679
16399483  15255709
16395016  3512228
16389541  11034837
16404101  15441139
16399486  7459939
16408253  153724
16401131  198082
4056922  60174
1046450  557340
16406252  4660142
16403612  491595
5074754  557340
4039179  557340
8637320  557340
6612056  6614901
16403008  83073
15889898  4765461
16395229  8195095
16409747  6441218
16409973  2399744
16409973  5697328
16410085  558474
16395235  15238506
16408947  981954
16400641  2808368
16310955  1113270
16397158  4142177
16390519  16379908
16410677  6474104
16395561  5059224
16410789  10245220
16394681  10179444
16408901  8387974
16409893  1132912
16402044  16394785
16391044  15728330
16410360  14111159
6575482  845021
16408228  5808522
16408769  10016890
16411867  5701586
3613076  114165
16404814  2231783
16412150  271526
16412220  3132021
2079987  276382
16411296  7905520
16412802  65035
16360839  5070830
16405847  4432261
16413075  9605913
16413075  16412267
15133101  2044876
16413863  2979384
16413863  10877494
16412579  3687184
16406884  10758572
16412698  35167
16352066  226405
16353752  14140746
16207887  538996
16388970  513832
16285676  9338217
16345927  60174
15795051  4155254
16176099  1625234
16005199  8090398
16005199  11094268
16358440  15505208
16379753  13624503
8645674  6027097
16408405  6134249
10718667  4926027
16412904  1636280
16403319  1778088
16399264  541966
16396651  3544214
16407305  14940657
16412162  391979
16415008  6559996
16412221  6824895
16410642  164194
16400739  7766630
16416303  9514569
11359502  3577641
16394253  6388283
16412668  10469408
9763509  1778088
16411604  4465930
16417457  1368584
16414451  11217041
16414764  6203799
16411686  9292954
16414521  6343166
16414805  13174027
15691263  12573816
16415940  13416142
16412824  16412719
16417543  1976546
16418932  3772796
16419038  1082655
16414279  16410811
16419003  6534904
16418059  8560617
16418735  216542
16415713  780287
16415713  3554362
16419959  761194
16413301  485039
16419102  5341304
16270287  16186721
16421498  1041344
16420693  1837793
16416997  470542
16416827  5752575
16421734  2189723
16401107  950087
15243399  205736
16415868  6198986
16415746  3940179
14108966  8412851
5882818  145509
16421725  11711675
16415754  2389361
16414845  8897210
16416542  16413221
16417244  4131227
16390672  5114466
16423281  2420066
16416798  16167735
16407502  2344636
16415799  2761393
16423904  16421434
16423906  4668922
16423009  9820401
16418713  2427631
16423628  16422563
467202  7279108
12631338  4002508
16424810  6675066
16424697  16233593
16418635  679000
10648521  13461003
15654738  161738
16411343  16356669
16425994  3333665
16426567  169973
16426567  4279020
16426636  3453257
16419683  1184316
16426734  16421807
16406958  8416414
16426480  161813
16415255  1817524
16413511  15143931
16427022  1378619
16422190  14601729
16420024  785973
16426661  495021
