16410139  16411136
8322905  826777
16428234  1239938
16422928  2721927
16414956  9407430
16421096  7684968
16428955  858619
16428816  54566
16429052  1320139
16425775  1933969
16428644  5689152
16429451  7687884
16427627  16428145
16429578  16428145
16428903  14112515
16408105  16425657
16425046  5442910
16422057  8084687
16423499  1087246
16423499  2924935
16424226  276706
16414535  5922845
16422060  584738
16413825  15141762
16424659  2335124
16425778  1485770
16421560  15967157
16425708  16297933
16423196  203198
16429365  290884
16429365  14862306
16428836  285793
16428978  2120255
16427251  5167853
16408851  16401373
16422455  16360872
16430307  16303779
16430559  16429991
16424866  8838648
16431206  85190
9662541  7810074
14403414  1159168
16428487  1615792
16316949  588004
16194811  1563030
16207917  3330963
16297909  9656198
16353236  351409
16353236  1374126
16353236  1584370
16261570  16189208
16431731  14007236
16046868  15546273
16433213  16431240
16428459  925039
16413185  2745432
16433914  12573816
16429237  1652128
16432518  10480815
16434870  3422673
16432856  13194272
16434948  8542591
16427631  3729100
16431652  6309524
16435627  16435221
16433498  6353149
16434773  3955229
16435483  3430194
16432477  279507
16425124  2748974
16434834  241789
16433664  876473
7237473  3546539
16299881  11825514
16377661  325933
16414160  1789597
16430242  6569482
16429419  7770391
16437241  14220321
12473694  12690128
16435825  8261345
16438327  166221
16438327  4006520
16438469  3015319
4230420  3546539
16435322  13893095
16436330  5038398
16436330  11127764
12112739  6527762
16439014  137282
16437786  13244136
16438406  9777122
14770775  1268738
16415386  16413642
16406493  15913438
16411395  11788981
16410295  16350897
16437705  901115
16437846  157944
16440062  1251225
16437164  4079000
16427743  16426671
16434763  661561
16426610  1620423
16440569  5704350
16301513  4261133
16432061  16412296
1568360  1509513
16355133  14215690
16419308  3885817
16431847  168427
16438721  5176065
16441076  15849641
16426099  10600111
1787149  214441
13089834  12830278
6152215  214441
11582223  3546539
16439370  16438656
16443639  6343166
16443251  12496465
16442999  3076414
16442612  3361036
16443769  195951
9557026  5701263
16444378  663919
482202  13620
16438421  201323
16439435  3952571
16437960  11426093
15143905  15117516
16441668  16438743
4036903  5343068
16445094  1516843
16445485  1103994
16439309  5125814
16431633  633335
16444439  16445785
16419053  340151
16422720  16403211
16441970  6907114
16428345  16428552
15068919  15040409
16447129  6715403
16419518  14585286
16441681  14811579
16444454  170004
16440000  6438086
16445383  410221
16432139  54867
16440821  16433776
3454691  1783607
16440058  1315251
16442307  10143093
16444753  2381316
16427374  4114207
16449044  16447582
16449118  3652554
16449094  279170
16449451  7453269
16449489  2674417
16448995  6164167
16449768  6274339
16444923  8302579
16442329  12559788
16449987  16443913
16443873  16265993
16441838  16439052
16449170  58730
16449502  4641673
16451225  4523497
16442802  8632148
16439753  3626250
16452095  588004
16452599  2243993
16452599  5592325
16449847  10117026
16446098  4523363
16434163  8354786
16452949  2973202
16452744  2973202
16432955  10131966
16431051  9316233
16431051  11136690
16278102  9998490
16445594  9232498
16449093  11332684
3930817  3493441
16452301  2337928
16438854  3948206
16432664  12690128
16451187  7438324
16453800  13500902
16186160  469695
15951205  15944305
16303601  4678797
16325585  2716069
16063915  1953017
16376754  12417197
16334988  8533875
16089919  582336
16224934  5853014
16451529  3698200
16419615  9426979
16340871  1096148
16450972  16447597
16436803  16436036
16435251  201323
16432521  1650614
16435480  16433915
16426704  8703507
16447184  3324717
16434126  675952
16444451  513832
16226696  1025674
16226696  16095424
16441436  16415938
16452776  14257888
16261042  4152003
16440023  8028957
5686948  6183599
16442166  16443338
16438005  9261601
16440273  14792062
16452571  1672083
16449552  11982405
16425238  8945728
16441514  1299871
16440610  5800649
16405944  4775722
16455858  16441245
16441491  14220321
16453692  7360067
16432383  12810793
16440856  14341798
16444242  16041093
16455933  4865251
16452610  7087199
16452001  513832
16440819  12618489
16456965  1769489
16451318  16027480
16419639  13064679
16435383  16244006
16453846  1814953
178456  22623
16444383  7767811
3134696  10706920
2210841  22623
16443203  7911651
16456558  12233892
4574090  2062020
16396946  12659609
16455805  4930914
16439653  16437525
16451700  16447597
16336562  873175
16450120  16448885
16449785  14212155
16459631  2973202
16458646  14595995
16449008  8088665
16444993  16151673
16458522  4453477
16458423  8803181
16440629  16437059
16435151  238284
16451714  1400246
16461976  8028957
16461321  16460101
9553217  259140
9553217  520328
16462451  513832
16460135  16458196
16462802  5802467
16460522  1693634
16460779  1749571
16460779  3895954
16458082  6264249
16459836  1508302
16457140  16423883
16464633  15087339
16465066  9995432
16465085  298745
16444850  16445279
16459919  397692
16460468  8898765
16465006  16465444
16466069  490091
16461057  3776485
16461057  5072340
16465427  2528318
16460201  2973436
16447825  6343166
16447825  15944642
16466679  167106
16461400  10896749
16461400  15726850
11752352  487339
16458755  6343166
16460687  3671141
16461292  1554099
16467186  2279030
16467186  4062982
16467269  27581
16451727  4912092
16455455  5726032
16455958  13441973
16464392  5936768
16457079  6588934
16467478  6675066
16463638  5813344
16459636  16392728
16459946  2656059
16460315  5179798
16460315  8688115
16468641  16430971
16468428  812571
16458317  16459561
16459304  5277872
16469933  16469383
15778357  13527778
16465437  4055936
16468967  3737139
16454772  11026487
16470319  14220321
16470238  2439829
16446758  6300213
16470433  2096916
16394527  16393164
16468984  1986961
16448560  4066438
16466566  3850970
16468362  1262239
16468362  7348223
16449482  881085
16447051  16387745
16453655  4243910
16464919  3442448
16462264  1607933
16467170  3141716
16462367  3757763
14562738  11691775
16473004  510348
16388711  4646188
16472577  750486
16467047  5745447
16460112  1060008
16280229  1592665
16467220  5834624
16463339  2280394
16457504  12769982
16473728  401656
16460474  2118656
16468080  8591255
16462916  6225790
16460164  8404328
16466166  1735933
16472496  16469388
16474242  16473684
8385147  6289807
16458390  380813
16462288  4282413
16471953  16471699
16457252  16438963
16465128  597863
16449822  1349856
16475693  11607614
16220048  16451845
16454692  167343
16435346  16407271
16451567  16451065
16455443  8648794
16464965  310732
16469109  1431681
16471801  629240
16477031  279170
16469379  4459379
16476470  1489313
16476501  3885817
16478224  16477885
16478320  7423691
16471996  3577641
16474881  5330030
16474134  4920945
16478772  2893698
16462821  1302864
16472252  4616202
16473472  11024475
16464228  14393744
16473799  16454074
16475636  5683087
16478966  4172722
16407687  16396334
16476125  4181941
1455138  857420
16471795  498043
16480621  426258
16472538  7852873
16460444  16475317
16472289  1566595
16459155  12676746
16475179  4963980
16480666  7037929
16480666  11156310
16473838  4643227
16412467  6086912
16481494  3144940
16477924  16477439
16437570  12498256
16481841  1930459
16481841  14911997
16460607  11809973
16478289  13376471
16481944  916051
16482041  1096449
16472624  16470311
11219266  7949956
5360586  3921708
14020094  1544739
14020094  14020599
16483048  16482567
16474003  15360177
16192675  8519768
16475409  217776
16483610  11150112
16461492  2138200
16475291  4614114
1472078  503263
16471699  12094080
16483953  4645982
8699053  2742276
16477139  5604698
16472914  330737
16483235  4783404
16469651  15300819
16466262  11591662
16471239  9952499
16472360  16467219
16475668  7360861
16484662  154109
16484448  1563191
16484448  2539009
16480832  9294133
16449692  5369836
16484777  1017224
16484777  8120084
16482318  14220554
16472293  12111936
16476223  12304848
16484807  16198332
16013164  5199811
16475389  9081571
16477491  11566609
16479100  16479601
16478273  9664113
6733015  6732027
16467162  936249
534375  986006
16487342  5404941
4547320  1922204
16466342  147636
16480756  16479906
16486661  4983226
16484906  5291823
16487838  158914
16487838  13015676
8644037  3921708
16488019  495021
16488019  12573816
16474876  6993325
16484332  5290428
16488526  4236384
16462072  491267
16489208  3639861
16489375  1014861
16488589  2930033
16488589  11567318
16469126  5477597
16476270  2787245
16460346  4732807
16485958  1090098
16485958  7861724
16489852  3755606
16488104  3524862
2968597  2415239
16486077  697055
16488440  509211
16444574  1132941
16487226  1516249
16488872  16481156
16490841  398395
16490841  7799561
16489837  2124600
5991403  5991608
16468310  16469566
16487562  630045
567579  299068
16491530  241339
16483978  16446841
16487616  2421911
16481641  161738
16491714  9777880
1442608  1813881
1442608  10419577
16492268  659602
16492268  1105169
16479653  9300815
15192838  10706920
15192838  11695871
16479168  11277135
16480876  6802573
16489303  7607353
16491579  10378137
12381753  9939070
12381753  12384422
16488124  13039023
10419577  1813881
11993004  11206884
16485446  6680674
16480507  2415239
16480507  2968597
16465142  594720
16476359  273313
16476359  1287567
16488970  3737139
16479377  13581397
16480146  9035701
16473580  11092573
15062367  2261530
16485572  16461337
3090862  123559
16488278  1265665
16490489  3006407
16477589  16415060
16491586  16490581
16482998  13563042
2951417  2547446
16483625  231767
16481646  7585637
16475773  3927
16476190  210643
16481884  1752701
16473412  7996632
16038047  1575788
16492369  2524737
14064668  14065060
16493929  2973202
16479479  16477176
16489626  1986828
16465418  25238
16481245  3911167
16478646  13491253
16481376  13430120
4488549  1450499
16490160  6134039
16454207  151969
16492737  2973202
16479873  5190734
16495100  16413476
16488830  10255410
16493343  439630
16493343  15141762
16492596  588004
13626043  2991141
16495246  11715224
16486188  6343166
16495954  16495564
16492789  16466687
16495440  1109022
15537932  4290845
16376434  10617894
16496313  5546075
16391057  16389647
16496498  3820666
15367618  9529590
16490792  9252361
16477912  5777688
16490235  2569538
16495872  320078
16477868  9785189
16495605  2371178
16497395  6579844
16483009  6342236
16490227  6247117
13409201  1094445
16493141  2612802
16490977  4508198
16495980  16495685
16496172  3720362
16492963  7038446
16492910  739682
16480953  8797874
16476272  737520
16494078  2298165
16492731  2604022
2585059  1288291
16497914  4964274
16497681  8657894
16493480  11222042
16496359  4850149
16499520  3492302
16499825  1528320
16469776  10875971
16492200  12175387
16492703  9317725
16474128  2181034
16491535  1112035
16494732  4158646
16476844  6623354
16477722  16479367
16492237  14364272
16501246  2284860
16489662  1359018
16501331  1353309
14449272  7047735
16501806  200640
16498978  16495895
8303827  10706920
8992795  3726505
11695871  10706920
16492571  5166087
15144117  8028957
16496932  102398
16500455  6270004
16494996  15266367
16467997  16459102
16501511  16501255
16483841  16086874
16503468  949433
16503468  12529682
16488695  4431292
16458979  9239022
16477979  16478481
16497577  10765995
16495036  136168
16154444  3654144
16479795  5144835
16460077  5098688
16503006  2973202
16504051  16475229
16503352  9042498
16493207  974931
16492019  795830
16492019  3078584
16504694  16504560
16480085  16477924
16489179  926580
16490310  14830699
16469567  9534512
16496724  16496580
16504084  12565037
16498640  15990857
16491550  16463874
16488890  16474342
16504240  9
16505559  8900652
16505591  14010194
16496869  15323574
16478821  5228780
1835665  79693
1136565  79693
2318928  1315665
16494051  770238
16505442  15691977
16505858  5624728
16506325  513832
16505979  15745258
16473398  291847
16506147  5413548
14384716  7290086
16500777  3904135
15951772  15691977
16482607  12091059
16494202  142003
16505033  236478
16498992  6343166
16501589  5607551
3412446  233192
16505429  14131045
16503786  12459778
16504998  16411685
14511309  5951907
16497523  423379
16507439  1636938
16507787  10223677
16505253  5507005
16508004  10775787
16508004  14220321
16502622  8336779
16475814  11757542
8299531  8268782
16506385  4676433
16500542  360431
9728793  852064
16481030  10361831
16489107  16409966
16505803  16497077
16504452  3494593
16504219  16473798
16508987  949433
16509022  2557834
16500593  3780801
16509219  447048
5407381  4762972
16509638  4762972
16509638  5407381
12461330  11163297
16509770  14139721
16501681  334472
16509427  4606984
3353605  79693
16496227  2631001
574708  665668
16496733  10012534
5744077  779405
16510685  12357904
16510424  16474299
16506094  8887390
16504202  4357291
16501491  15893141
16497287  15936732
16507438  8451975
16511489  949433
16511763  401656
16509081  2881682
16402678  7230819
16506636  3391870
16509551  12632285
16510491  1667531
12216726  234330
16512658  15182496
16491705  1082605
16489207  14732505
16508909  137975
16503084  16499180
16489570  16472935
16509002  16486819
16508692  10059146
16512376  1295068
16505648  659887
14011518  3236305
16513470  11902791
16511255  11457931
13006615  2595611
16507747  4936180
16507628  160233
16477704  13372276
16509339  12322811
16508327  3117604
10750013  485525
16484549  10344553
15968680  5702188
16513655  1711990
16508390  5813077
4983226  2908822
16503607  1335830
16495360  16463874
2195161  14220321
16510546  1844688
16510546  5694385
16475918  2757832
16499838  15998882
16508993  3737139
16508993  5539669
16512203  406230
16510652  2006448
16508954  3369794
16249511  2746561
16510665  5268794
16510913  12359732
2099090  16507332
16507667  14626969
16511743  6273341
16509397  13621261
16510572  776893
16514889  1241819
16495829  743812
16511083  6635391
16513291  1600526
16512230  2346394
16512932  15300819
16511158  8980050
16510462  600207
16516690  1206203
6692022  6273341
7307230  1631754
16506974  4708511
16506429  1581895
16408472  121396
16514070  347535
16434309  6778499
16498974  5842991
16514774  4541936
16512380  16452676
16518085  16517751
16512388  16373345
16347055  3430181
292926  3577641
16514371  5624934
16517127  5712237
16517283  1334155
16516333  1053052
16515023  436198
16515023  6357361
16506574  680606
16518804  6641006
16517099  234774
16520138  209840
16516170  6821173
10228687  704636
16518020  2292416
16514594  10570904
16514594  12912830
16516136  15902464
16516013  1578062
16512077  1016896
16521025  1225667
16521025  14220321
16520811  9932678
16520130  4664850
16509693  5424716
16520439  14370989
16506184  16442044
16517668  12819531
16515262  1489932
16515135  8621649
16520297  10653903
16522168  12769982
16516888  5369682
16523040  16514298
16519874  16518895
15143546  4743845
16523855  6838353
16523855  7755815
16524168  197675
16524168  5415736
16458773  697519
16524343  5428676
7403689  1444770
16524373  253492
16524906  2332681
16522356  12737870
16497335  14510805
15738588  949433
15738588  5066713
16397237  7640618
16503939  5614562
15718907  5572304
16505762  5230545
16351551  16354549
16514796  7446073
15756136  16460012
16521302  6430299
16513881  17333
16519792  505230
16526756  5857429
16502861  3695673
16527263  338075
16504538  12550073
16507278  513832
16527295  4421042
16527187  16526038
16527805  7620401
16503664  513832
16527113  378829
16527838  8781022
16507308  4485128
16528187  1570416
16511008  253055
16463503  16489705
16521111  5376203
16506326  1564832
16525434  2622911
16506781  16512261
16519683  26369
16519683  453161
16527874  16524286
16528524  3951012
16457012  16457468
16529394  409784
16502238  16501354
16469525  16510379
16461552  16433377
16496839  16467855
16523569  853038
16519317  16518793
16530140  949433
16527499  5898656
16530994  495021
16527890  16527066
16530600  49002
16524404  13380908
16499344  16503039
16527219  6782109
6476155  1583482
16528050  16524961
16531108  16531055
16520046  9917787
16531840  641619
3892170  463299
16520882  14701233
16532761  334518
16495595  4323599
12458469  11916706
4514940  590580
16532888  2905867
16529941  6086852
16529579  513832
16529291  2434602
16529641  6338217
16529927  4315564
5458409  10861773
16531980  16523921
16529392  3726721
16517138  1825605
16530687  15997031
16514964  16513662
16530591  990817
16527356  723226
4368763  4307366
16530534  15003518
16521156  5412435
16531221  5884807
16532837  649428
16518788  14934514
16535838  9360826
16533907  332440
16531575  3177635
16530599  6343166
15957183  8331135
16527156  16525617
16525056  3577641
16531574  10473194
16523316  16524729
16497416  8028957
16536672  8781022
16534584  3405799
16534584  9003236
16536960  10214531
16520072  3328235
16537207  3374314
16537019  1103313
16531705  13650363
16537217  3456228
16534460  12426786
16535475  5757552
12077731  9898512
16509855  15159206
14293819  14294920
1524661  367706
16528615  1988170
16534896  6646413
16490708  217065
16490708  1817524
16490708  11166710
16534200  1826426
16534779  12573816
16538758  12154689
16538949  8028957
16536911  1221559
12157401  7315018
16535796  7052655
13433619  3220480
16537915  3513420
16540849  849168
16540849  4612273
16540817  287085
16536008  2570814
16513178  40480
16346428  16416145
16534030  400255
16535613  408101
2173107  1735035
16523580  6196413
1316626  436211
16537671  16535785
5028673  3170744
16542402  11639746
16542909  279507
4542536  6339602
12683228  2401957
16536177  8808590
16518837  1632234
16518837  8135899
11237056  11190485
16536522  4364823
5927657  3480529
16535653  8520732
16535653  15659779
16537168  9789723
16541777  8679538
16518145  1175675
16534952  2241875
16543250  20952
16544572  188688
16544572  898828
16533364  448271
16513561  14502513
16525220  851636
