16535290  16521797
16536254  1680528
16526643  11456410
16534259  712392
16537636  16515737
16545033  1143262
16544211  16542227
16522406  7050404
16523793  5701666
16545859  14840542
16516512  1100260
16546562  4038302
16546562  7973583
16546341  4244896
16546341  7202398
16546716  4832536
16546716  9040319
16540887  5009382
16543011  9039961
16543011  16486849
16544273  16522038
16546652  11149730
16519400  1475123
16541474  16539945
16542973  16539945
16542973  16541474
16548267  3577641
16548234  16546724
16548251  16547911
16548409  495021
15674815  5350342
15674815  5721831
16544223  9365083
16547946  6979276
16548744  491520
16548238  949433
16539395  16113850
16536353  16515923
16530472  1582499
16520890  525063
16549353  7270497
16542443  9733312
16549728  5133649
16523625  2615477
14542200  5713556
16550134  904001
16549887  63291
16547234  10833684
16535262  8700636
16506013  746181
16506013  7462154
16549666  542938
16550603  236129
16549651  3038026
16503991  280634
15801795  4824043
16470959  1588976
16470959  9970295
16549024  16545544
16552708  12714664
16551679  14956270
16548865  16535881
16542925  4918394
16551922  13082178
16549451  7783563
15271575  15269768
15271450  9057583
4929038  3393096
15278742  15415488
16549925  218808
16552025  7472408
16542994  15913417
4671610  16432
16556226  572768
16556226  4909228
16551128  5997027
16553523  2219982
16556700  3385
14622802  11171746
16553984  8381374
16555566  1299871
16553869  8002252
8252629  10706920
1084065  822872
16548872  12395200
16545872  3860280
16556785  8231068
16540189  1652522
16558302  4153517
16540116  4436055
16555119  5997027
16555119  16551128
16550731  3061277
16504280  6371226
16504280  15268504
16542204  7738439
16544920  6929115
16556915  1445385
16557963  2201216
16558912  6292753
14531427  10660775
16543829  8028957
16550425  6724544
16548351  16532865
16538981  16497159
16531252  13569
16549751  616645
3531377  244882
14232765  14174105
16552908  8190087
16558486  7286748
16555804  1268682
16553878  662379
16542762  1147681
16546373  16280160
16546772  6343166
16557721  16536889
16560594  5080826
16560411  9682641
16544362  912830
16552409  8321096
16551895  12013631
16554434  1949066
16544311  6682304
16558180  12338242
16547429  14853243
16549626  279170
16555134  13228185
16516069  16497159
16548668  971678
16549768  1132941
16548285  11279331
16563147  5235632
16563046  16562587
16560666  13744565
16556703  5475306
16542073  9908021
16546016  16544232
16559629  757232
16539584  6524528
16564202  12376461
16564227  7638775
16555315  6540906
16562441  3331992
16545512  3845423
16557712  2064880
16563235  54142
16563235  13209399
16562577  2906582
16563546  6401268
16557435  11025587
16564663  3737139
16551365  16544790
16565198  16552859
16561782  2403748
11753944  7896402
16565025  6841605
16554735  16554545
16560405  1475806
16566849  400212
16566714  8021436
16566895  3895271
7555906  1195030
10212879  7896402
16567057  201323
16565805  16560649
16560649  16560116
16562175  5803786
16549718  16549939
16567972  5413548
16538303  16543138
16562393  59309
8826097  8816557
16536907  16536083
16553174  3646914
16559041  16031092
16557526  16558734
16568920  11801301
16569133  11165485
16546300  182060
16569462  2040560
15101667  9764495
16569445  14220321
16569671  3592357
16569671  6061648
16547702  3945382
16570061  986006
16566400  12573816
16541339  16525963
16565560  7678469
16570696  101806
16570696  4446728
16570451  858980
16529535  5967232
16570883  1680528
11706071  1061727
16569032  2973202
7209377  1311425
16570464  16553823
16565682  5597760
16565682  11469432
16566258  13897246
16563063  1535914
16565994  3108937
16550989  2187657
16571497  1347691
16547299  1075770
16571112  7827601
16552007  12535101
16547723  14102793
16560989  16462751
16571641  2046205
16560069  3413683
16570109  2815162
16570109  4492678
16567694  40480
16564208  16360588
16561013  11916706
16572772  2855629
16552472  16550465
16551035  15650371
14823518  15650371
16573257  1931126
16573257  14416676
16550700  3147898
16571971  13813007
16551097  15669683
16508287  4912092
16569409  14595169
16573464  14425497
16574309  3859239
5229310  323140
16528306  16543871
16543871  16522681
16571701  9062755
16573058  1051464
16569128  10600460
16575840  16575478
16564650  3702573
16570998  7047426
5590207  1061727
5965452  5216272
16574544  16574189
16552309  5803023
16561622  54566
16571119  16551413
16575869  40480
16573045  11611750
16573958  3617863
16526773  16530228
4494224  211348
5611134  211348
6415511  2083709
10841876  2083709
16569257  108971
7289753  700619
16572828  9245123
1250199  468879
16575961  2201216
5660279  1061727
3483442  3312134
16551685  3635411
16561538  5696381
16576531  2612784
16569502  268272
15904388  3356624
15904388  8748976
16571944  8766377
3590519  2333574
16564174  3577641
16579273  3472663
16579219  34510
16552664  6681798
16558808  4415519
16580020  56867
16568067  1620001
16499780  16479761
16561847  16541553
16576998  16576674
16577475  9948284
16580193  6343166
16576510  662191
16579567  4708539
16579342  5835063
14507174  7899415
16578436  2755945
16580320  489861
16576003  3213
16581358  16579710
16579818  8028957
16580411  840501
16579939  10919011
16577606  119123
16579029  3922739
16576501  5093398
16563460  2023032
16568258  7176657
16568101  2631975
3669239  4255859
16560816  16578036
16579591  1056728
16579913  7853130
16579452  1097522
16579452  1318076
16578551  16475355
16571227  218499
16579871  11922383
14596777  3922739
16571416  568564
4172809  1061727
16572603  7049502
2630281  1061727
16560856  16280310
16579045  1358626
16514210  60174
16514210  3421491
16570231  949844
1269452  304770
16583226  3485606
15691880  628236
16559552  5216272
16559552  6181997
16583457  16581793
16582159  11822719
16578577  598878
16564165  6286868
16571680  5781268
687626  31497
16577874  14592813
16577341  1537063
16560763  2240734
1573268  31497
16557111  12077690
16561015  11541244
13153697  5216272
13153697  5756748
16558898  1086396
16581551  1165028
16585278  40471
16585278  2601602
16585426  4292512
639320  31497
2019402  31497
16586122  766106
16562236  246801
16581703  4214369
16569047  3142495
491374  31497
2267936  31497
16559402  11103444
16581763  16574189
16581937  13367122
16586661  12423614
16558944  16557459
16586961  32145
6108037  1431359
16553477  14297322
16556008  5800649
8061186  31497
13209866  5216272
13209866  14080164
13791495  4554749
13791495  5216272
16555717  6201197
16587378  7538477
16570829  4660142
16588437  513832
3647868  3473418
16568829  4235731
16557456  1892765
16588712  1854556
16588874  2950332
16584868  5677716
12614541  20148
16588906  2167916
16588985  1839422
16588985  10334688
16351823  2729639
3480382  2729639
15869026  1061727
16582552  8208469
16582552  16516343
2804395  2168798
16568947  9336596
16582231  12573816
5391593  2729639
5391593  3480382
16553478  16555321
16589220  513832
16569693  2674417
16432799  16361612
16515822  16361612
16557830  16361612
16586894  16361612
16361085  16361612
16590511  1817985
4323558  4604486
16590769  1069415
16590769  1869753
16590947  4298656
16590947  11751691
16590862  16590582
3031110  2168798
16580553  9784118
16589813  595946
16590346  3445631
16581048  810129
16581600  1597736
16590246  2509679
16590246  3966809
16585325  7594508
16570414  11719202
16570414  14439471
16592158  12829963
16592231  85992
16489275  588004
16592694  2097982
16585836  16074190
16594707  949433
16594707  4176328
16594707  13492043
16575369  1716296
16595657  1043957
16592499  2403122
16590353  5593448
16593291  1017621
16537594  16535593
16596717  12573816
16590385  162897
16594880  10346390
16595083  4727480
16598248  388242
16598248  3278625
16577089  3397098
16598626  16577070
16598671  513832
16598881  57483
16598727  4190703
16516343  8208469
16599478  16598727
16588896  1601988
16586456  16581123
16599531  16574189
16600150  310870
16600150  4386708
16587014  1178736
3647505  1337539
16462465  6337897
16462465  11447537
16503428  4261133
5707309  1367110
16426412  1341233
16595351  9774182
16591831  14023810
15098527  12485427
16601187  57483
16576024  1009160
16591702  9114402
16588328  2568673
16584309  4488373
16599835  16599019
11157005  14028959
16590059  7605328
6782315  11436376
16597268  12031793
16600245  160890
16601064  884289
16587724  936969
16598869  14028959
16601468  1340224
16599923  12269374
16598005  16597256
16596904  2241513
16596887  10858935
16601005  25749
1687876  1676195
16593658  4212611
16601990  11180866
16586564  1889164
16601289  5439099
16574350  4379042
16599256  4154409
16593888  1642535
16587500  240178
16596490  16595742
16595991  4631183
16604515  3076414
16604515  14999573
9338029  5198245
16596358  2670084
16601260  16579448
16604519  1083955
16601816  1745990
16600178  16265642
16605528  3588315
16605967  14520309
16581072  1987506
16591527  16588064
16602640  16589821
16588045  2456344
16588045  11031043
16598189  16596971
16586630  5202533
16597216  16385589
16606432  13680844
16607084  3098881
16597827  1771627
16606529  16559957
16600121  2568673
16601510  455623
16605909  11511064
16608146  588004
16604936  8518279
3486760  1771627
16602584  16589821
16606596  16596453
15863889  16318059
16585589  2942788
3539242  5517217
4505853  335036
313652  212906
16608477  4872340
16605092  8767166
16605989  1649868
16604118  16604277
16608780  901115
16604141  8618206
16609525  15629550
16609628  16567650
16600950  2089271
16597022  16595950
7803033  6444625
16604970  15861222
16580058  16582148
16602186  5410815
16610616  7641876
16610814  204476
16607468  3727068
16598158  7577047
16593843  15704385
919963  2681878
16606659  16595950
16596520  16574189
16609029  16606832
16609523  103654
16609523  13259408
16607009  845622
16600561  1912905
16608819  8698889
16601842  16601239
16593017  16578750
16612575  4198906
16609891  3401156
16584460  2729639
16610285  6324732
16587397  414098
16590591  415375
16605819  14394805
16593899  7649357
16584378  8028957
16594988  12023858
16593392  2247998
1699026  5643635
16604762  16604277
16601585  6379975
16602161  5395672
16614863  1604091
16614795  16602488
16615898  306313
16614749  2095397
16615781  8904782
16616702  2345902
16610206  7676136
16617114  16132341
16617305  14470973
16592122  519106
16613231  2755945
16607799  16575988
16617377  2973202
16615904  54566
16617833  1140089
16600200  53849
16600200  236129
16614499  16612378
6840849  3653929
16616301  16614165
16602974  1996122
16614037  1543191
16617215  3555681
16601495  11911316
16594446  3627107
16615001  13201586
16617158  457629
16616194  3939361
16605492  12078061
16618639  2726300
10068781  2321469
16619352  8459231
16610499  3289151
16611413  4311783
16613470  533631
16576920  5005363
16594238  16316593
14987051  4052770
16609025  4477535
16608465  6343166
16620354  4802015
16589257  14646406
195802  97987
16615125  747101
16620517  784929
16614693  1664439
14823943  1570627
16612153  15371610
16619912  10836832
1071856  335971
16614334  11376368
16621341  13242412
16570572  16540903
16591898  8028957
16544960  2864303
16621245  9460260
16621456  3621067
8544886  54566
16617348  424292
16621584  3931329
16621812  119123
16617667  60174
16599847  16598560
16616279  356578
16618175  4795385
16603432  8413042
16611058  11114492
16615454  2774239
16602480  13751100
16614543  4380090
16622596  262427
16602684  6993325
16612867  16339268
16604251  2826711
16603697  130794
16482576  16480653
16623210  289456
16621055  60174
16621918  13840429
16622754  39086
16608348  7117488
16621040  14220321
16622120  8356358
16603029  4194207
16623996  16622674
4087076  54566
16624632  60174
16623700  8893959
14561948  8781434
16601300  60174
16623728  16621911
16622257  2478352
16622923  5645468
16622521  5102027
16622983  3504986
16626033  6893285
16626033  16625902
16621271  4886293
16621271  13957019
16615201  2104613
16600354  6106732
16626338  419163
16613463  5322917
16622685  4110893
16622993  6785442
16622623  11701328
16626627  949433
16626238  8696816
16617971  4119324
16625220  714108
16625220  10305153
16627052  13033037
16627140  789852
16620826  16616156
16620826  16618233
16621011  815103
16625865  2220366
16623430  5454235
16623430  7452942
16600573  16585127
16620724  4969171
12417353  2117046
16628123  1386620
16628123  3737139
16628250  6887828
16618233  16616156
16628572  4922145
16627535  1154571
16624763  9562505
16624763  9849109
12408189  6270004
16515833  15990857
16625314  5131729
16625501  9579049
16623852  758688
16548001  16619914
16626900  3804191
16623801  886722
16629834  16629594
16630109  857420
16630149  11968994
16626040  4534146
9001418  8401113
16630350  16629200
16616418  2022972
16630867  16630350
16625683  575196
16602627  5997102
16625454  3061
16625454  15855168
16627926  16627162
16626281  5218731
16621798  16621573
16630296  13241051
16612504  9614605
16630445  549689
16605397  2133936
16627637  3577641
16630129  13199989
16632133  4625045
16631225  896654
16624441  15186618
16632877  16632710
16625044  13450429
16632190  967557
16612399  16611613
16623124  1877524
16627804  16575988
16633078  168963
16630005  5034327
16633375  4176328
16414813  16591405
16633947  359494
16621030  9274494
16410481  16591405
16633981  2257597
16634072  6677035
16633972  16631904
16627641  10261380
16632719  5093398
16631101  16591405
16634560  4292468
16627435  10810848
16632860  6564212
16626439  8028957
16597965  2509966
16634207  10814096
16635517  16635161
16635113  3854748
16626124  68651
16636170  2390662
16633481  4306786
16631042  14220321
16633711  529085
3974388  2515477
16636494  1704407
16636689  42519
16632413  16631904
16628434  279170
16633232  5835312
16622143  16432866
3219755  729687
16621327  4492385
16634051  14141374
2923287  1669
16602305  315911
16636241  8318911
16621186  9274494
16630637  14961457
16621148  16608081
16626078  16624548
16627836  5570390
16637031  10143635
16631329  10669029
16624883  11122573
16624894  4795385
16635176  3311988
16633615  2745265
16639571  16639395
16633664  56692
16624448  1882692
16624982  9541196
8230063  4909973
16640173  16634239
16634915  16634239
16638006  4935632
16634130  2531336
603758  150479
791390  136035
1893209  136035
16628157  16555321
15619844  2098170
16597357  2098170
16632619  16632889
1666517  443466
16624185  3577641
16603120  16354155
16639531  1969096
16630770  16630176
16641353  8840567
16641353  14428402
16607033  16451503
16062403  16562600
16607889  15277284
16635685  5545020
4070919  1666517
5343383  1612887
16634617  2944932
16636441  16632620
16641337  10416553
9269475  54566
16618116  6343166
16640616  9583035
16588561  16605461
16622655  10455527
16619849  3577641
16615532  8657894
16217789  54566
16635050  5775452
16639034  2560946
16642535  566746
16642765  3115561
16642968  3593420
16618818  16617930
9181796  8641343
16601732  252519
16300179  11313051
16606772  6979813
16642145  3061
16472180  8331951
16641044  1416345
16450952  3705591
16452845  1132941
16363119  9153224
16556576  297465
16640677  10959154
2894542  2168798
16643572  40480
16641829  3900474
16638038  1841452
16633728  16631325
16637364  813493
16639173  5966005
1600553  150479
16630360  9083166
16643793  1525378
16634994  3577641
16635384  2861278
16639180  602345
13598539  251346
16644115  7641791
5631442  4448329
16641783  2958007
14578848  5709123
16631841  8675206
16636398  3049724
16610170  1732348
16633354  7672467
16644514  16631708
1193425  109859
16620606  3314140
16642783  6850932
16643767  7918571
16628863  6682451
16630097  16629201
16643318  2379527
16643260  12652798
16642173  205853
4690792  4448329
16644226  9090079
16615587  4679561
16639650  2417969
14470627  5037580
16645339  7364827
16631928  9406580
1421756  4448329
16643054  11994486
16604563  263151
16631264  6002528
16612701  13163166
16628927  8116808
16643432  665453
16627806  2855821
16642626  2389361
16643958  4935632
16645100  6078099
16645813  1583050
16629983  13332960
2699373  109859
16646310  4026021
16644475  3236370
16627241  7056963
16646367  1423696
16631587  2848087
16612117  273141
2072482  109859
16638750  210643
16642719  4073303
16647393  7339490
5758545  4517440
16646707  201705
16600840  16596969
16588905  87422
16645621  5649407
16645656  10916284
3706470  960431
16626020  10766492
16649294  626759
9849109  9562505
16628174  4615741
16628174  7137786
16648796  482392
16649530  3820666
16615235  1407380
16645008  60174
16646290  1846882
16650101  10764756
16644174  1987579
16641924  2094797
16641924  9536076
16650951  7882325
16643072  11220754
16651417  4639432
16651417  6115896
16651741  13840429
16651535  2973202
16651892  3319075
16628478  2659593
16648735  16642604
16629451  9927281
16651593  938095
16652282  8285228
16628278  5396778
16652397  3625387
16652617  3282578
16646028  1150559
16651204  5035547
16652949  3010647
16652974  10888582
16625520  1281641
16651346  15324143
16653207  695050
16653207  11043026
11046053  882420
14109648  4372197
16653752  495021
16653707  123999
16653707  487073
16626049  14793828
16628546  2390662
16628546  3437897
16654513  8047261
4561421  4561209
16650351  9798407
16649951  5387643
16629190  2784514
16639437  16636652
16653632  1361673
16647912  8740868
16626235  6118635
16649043  7675319
16655178  4685450
16655178  8669854
16655110  4066821
16649017  15439025
16647081  8298610
16655329  16641109
16655712  16652219
16655129  8271895
3498677  2676295
16655686  4697705
16649434  279170
16649384  16647928
16655826  16652114
16515960  6343166
16656158  16653730
16653636  7580809
16656535  1643431
16657124  2486191
16657171  16654890
16651693  1873995
16657631  16656922
16645491  6016979
16653240  5210535
16657886  12306252
16652836  8619505
16657565  8493195
16658511  7747868
16650780  13128648
16656679  2227292
16644533  3033407
16653538  7546285
16630359  529085
16630359  7810074
