16646747  6343166
16656289  13550882
16650282  399867
16656850  1053928
16658620  16658109
16655951  16598466
16587326  16596969
16657758  9464935
16658024  1488033
16655692  2973202
16655067  526125
16656100  11494483
16643552  201323
16655593  655792
16655593  13202964
16658363  615948
16658363  9716609
16660758  16659147
16658609  6494721
16659782  2973202
16654920  6741399
16659356  60174
16661233  11354214
16650960  14615350
16656904  1176352
16641906  2526522
16659110  12395200
16661605  5493281
16659895  5005363
16655654  7242006
16661911  1551966
16167631  5368196
16643348  860966
2710079  8028957
16650566  73947
16662781  3067409
16662627  7074
16655501  311052
16662811  444798
16663043  2486235
16663043  13703029
16653581  8475144
16662681  8976627
16662681  11961474
16657851  630453
16650787  13551042
16660718  845021
16660718  2710079
16659458  12272581
16661133  676824
16656940  7946699
16661971  1555262
16626938  337293
16663892  11078487
16661614  757675
16655673  4222690
16662853  16661103
9542682  5653533
16654771  16662048
15215846  14483917
10630442  5653533
16661263  12553274
16639118  10706920
16658982  1141848
9404946  2342023
16657190  1197575
16654375  3059044
16656744  12262019
16646360  13059157
16665593  582331
16665714  168214
16652861  3115388
13963059  13874981
16653926  8657894
16653926  11377472
16654492  5874652
16644507  16580855
16662276  7825055
16668560  2973202
16668560  10201232
16668560  10912741
16659881  5150637
16659881  6343166
16638154  1917576
16665509  5454779
16426009  279170
1836175  567705
16583120  16574189
16566772  8328908
5139859  2189189
16471443  3597577
16229860  2883925
16554839  10233890
16509956  14028959
16562855  317001
16564355  751522
16571482  6830904
16386603  4793604
16434481  813238
16665669  2090080
16666208  591446
16667043  16403424
16668710  16523789
16668313  447197
16668715  2084949
16660150  7772591
16659998  491595
16669130  920353
16669426  2566394
16670184  16632592
16670184  16643157
16670790  11516657
10659086  567705
12661494  941104
16669481  4645960
16618221  1328223
16649695  16609085
7644590  6717493
7944252  344503
16648029  16254574
16666861  3783892
16648670  16648649
16650599  1241178
16659787  736533
4271548  941104
16648691  10029089
16672314  40480
16672314  457629
16662411  5653533
10657545  567705
16673830  20346
16672329  5467246
16648812  719788
16648812  1235013
16659560  6131059
16674881  1104975
16675633  10427713
16666125  628526
16666125  5211961
16674032  11020658
5596338  941104
16673305  8423768
16672466  1982624
16434623  12631853
13683324  1904782
16677858  1335786
16677858  10186765
16672167  95800
16674370  11779042
16677756  16456187
16676313  92396
16678853  1650505
11138062  5653533
16658004  5918451
16678651  4228864
16441646  11107592
10811881  344503
16654491  810829
16606656  8028957
16679916  3394835
16680092  4570366
16680092  6441218
16680775  3309188
16680037  1952725
16680037  8533619
5638001  567705
16665461  9985320
16678992  2068344
16678827  2973202
15917204  11370344
16678917  8028957
16678587  2582057
16537801  4809194
9615986  567705
16651476  4660142
16678715  1732348
16672910  2552086
16678798  7570652
16680333  2133652
16446637  11139538
16676947  16677392
16625787  12599637
16606953  273946
16676558  9132162
16662222  6015476
16668924  12573816
16643804  16619773
16681927  2973202
16654112  2340566
16672645  16656716
16674257  1186213
16664699  7105890
16683465  342772
16683465  3287933
16655623  6740344
16666366  1072848
16679175  5103356
16678513  14220321
16674429  4239809
16684313  10851273
16673133  2803321
16684514  16669386
16681238  2051833
16681604  14220321
16684737  51224
13200701  5471556
16680851  249578
16685318  498970
16684131  4771844
16679173  13993750
16680541  5320439
16658258  7947998
16673375  6343166
16654387  3026542
16663161  2468100
16676025  2822951
16684255  3024197
16661895  16641643
16680421  1582534
16677159  16677757
16684772  16581271
16679320  394616
16596064  11366054
16678645  826777
16681718  16679408
16673106  314593
16684512  4741646
16686696  91817
16682941  16676873
16685882  16642604
16659951  16619953
16687026  9593765
16677116  2212776
16672644  5150637
16672644  6343166
14360469  16511611
16682471  2973202
16684258  4970204
16688450  222557
16678676  3152138
16688354  16666834
16688717  405953
16688264  9551058
16687090  519107
16680811  513832
16687835  16558087
16684556  1873794
2673827  2942636
16689589  5073350
16680125  6352681
16690326  26158
16690326  106298
16690374  154577
16685351  33746
16686861  12037709
16690243  122641
16690243  15955646
16690818  16688403
16687108  2868047
16687108  10445157
16686438  7273338
16690957  15135859
16689643  1007481
16677531  16659582
16688113  5821120
16691731  6688223
547347  4015324
16686876  9566069
16685829  6004343
16679486  6270004
16677186  11980458
16675412  10641144
16669578  6343166
16679746  944610
16691129  7946770
16659651  16655286
16686738  3239207
16686124  60174
16375776  1900197
16686640  3818193
15767724  4820067
16655264  4178695
16668005  13217884
16681473  1639213
16687477  16686738
16686517  279170
16689141  12210571
16666866  7569444
16690761  3688747
16670447  389470
16692887  3638851
16692887  16677015
16670887  5862490
16673999  878200
16665331  2371118
16663794  27998
16689606  272361
16669826  2683679
16694269  8191064
16694269  9198771
9119479  5730815
7779697  14220321
16693992  6816448
16694175  9003263
16671377  10625879
16686570  7058102
16679793  607264
16671872  2442314
16696255  3513947
16696255  10532473
16689511  186588
16689511  12189147
16679138  11820266
6784627  5303217
16698198  2896013
16698198  16627813
16695712  7622562
16698710  3422673
16691998  4616202
16698933  1474489
16699767  3737139
16696830  4294579
16697528  3599908
16661347  6972999
1707139  1293308
16700280  16696802
16699339  16698679
16697459  9308779
16697459  10035954
16689622  1262786
16701373  25637
16697428  9392365
16697428  10434326
16703001  1138742
5454120  444591
16663916  5803015
16700393  320542
16699170  9289148
16703872  4660142
16674324  8804830
16698618  8306963
16338315  319965
16682342  5824755
16682342  7255392
16693026  16186748
16389480  782511
15555625  3344704
16688370  9539877
16704168  3940333
3089925  2010892
16641361  16004920
16673918  9945691
16689588  995183
16703509  3063165
16703509  3301694
16469892  2980830
16622668  12417066
16622668  15169410
16679239  3253329
16701323  9397944
16631375  16622509
16702515  509211
16644325  3096953
16191974  1207190
16704861  16704087
16704831  3735092
16702369  11407943
16704902  5552462
16704040  11102358
16704048  1732348
16704575  5747645
16704688  7604980
16690767  7534184
15707732  14570271
16677771  16591034
3357553  2010892
16703206  3333564
16699426  2287164
14532959  13948951
16706016  16705798
16706813  2784075
16695958  3181211
16699572  12573816
16685081  6152519
16704834  16413832
16684352  16649846
16684263  4991366
15216502  8602939
16706510  658395
16700612  495021
16708078  2025282
16692728  1518317
16707313  16585964
16707313  16608524
16706636  709035
16700423  7895105
16700398  6246082
16696448  78536
16706952  2609037
16690547  9174515
16439587  6343166
16693552  3567558
16689398  4168073
16708118  5028673
16689330  10607547
16706282  12573816
16691248  1033260
16689989  1732348
16692084  16610190
16698481  342409
16695846  1986316
16707397  179427
16690220  576431
16689868  13300463
16689608  4340074
16705262  4006520
16710900  16709638
16711374  1233448
16699772  3735095
10111747  3480201
16707560  6584938
10877450  14352342
16709020  16706935
16708527  13840429
16708189  4585086
16692875  7074234
16696441  1981395
16705902  364952
16690168  9740565
9716468  18082
16712418  9237246
2467609  419235
16711681  16599690
16714241  9432226
16712529  3508605
16690204  536636
16697275  8672472
16691599  16681764
16716337  11284549
16701724  16705367
16717340  10721884
16714753  16665909
16696112  16672727
16699315  13078175
16709026  646628
16709879  15547217
16717786  19122
16713712  758083
5605404  4535330
16714039  16713108
16712337  16636039
16716693  5046429
16696259  9442048
16704623  166221
16488126  16488449
16698289  16636039
16719750  513832
16716648  16699519
16715484  8005114
16718418  12506655
16720361  1132941
16711713  10222524
16720983  1064121
16721160  16720534
16718383  5757242
16716630  16715858
16718018  165975
16710756  16685368
16718725  16680383
16719503  12318861
16712125  16596969
16712125  16636039
16722337  35988
16713436  368813
16713436  8100351
16722419  1923795
16723042  6912584
16701394  234723
16699400  16697709
16636039  16596969
16718115  9470931
16701433  4980610
16723120  5316311
16717850  9958035
16702497  61212
16719443  60174
16711966  5583137
16711966  9019249
16722158  5805843
16724494  1219607
16704093  3182840
16715766  561245
16720316  4858022
16725021  949433
16719936  11160948
16725026  2253110
16713474  697270
16692063  6646052
16716037  3140305
16716888  10111420
16724581  5497524
16723739  1085045
16718638  7626364
16722643  7709450
16722643  8076160
16372801  8076160
16724143  16705364
16723805  726334
11163126  6490513
8633060  5233090
15909077  6231351
16726390  799981
16700091  12686738
16726972  1470488
16726639  843632
16726639  3074248
15915244  15911869
12370851  80084
1886995  11198486
16724940  16700894
16720136  15200796
1476826  1294779
16713531  3660774
5940963  2777139
16712439  16355421
16710539  11054728
16710539  15381188
16725009  16724460
16712541  111945
16714604  1025674
16726976  1483002
16727784  2505681
16720146  16713634
16695917  16679140
16725913  5349504
16723325  2908822
16724788  4178249
16723215  5034067
16724002  14220321
16727936  4515944
16709880  588004
16696281  15992387
16711507  16710990
5577120  4834199
7495952  2736784
10668226  775648
16720611  775648
16725101  6677035
16723985  14220321
16723944  3346450
16720364  13604630
16727033  942481
16714905  706655
16728857  387937
16668238  581950
16723568  1068834
16727919  15625447
16724212  8328824
16729383  113829
16716673  3471973
16724389  6122401
16717923  15869374
16721396  15547033
16723494  16259729
16717928  4150776
16717928  5974186
16727694  2371436
16724386  5507109
16729715  6503946
16727947  6502759
16703591  12060865
16721526  3548095
16726880  4727895
16719345  670563
16722250  5721437
16716157  16696417
16717572  16596969
16727627  3630203
16729015  12958931
16712031  687948
16731351  570960
16715789  4660291
16705732  3131179
16716422  7542517
16717706  2736389
16709976  16596969
16704268  7077258
16718022  6219152
16732066  15416437
9120857  833811
16692301  605630
16725043  10406807
16728281  50605
16732582  4343868
16724413  14946947
16733339  8851670
16728290  16684511
16731712  12446990
16733363  12475269
16733363  14220321
16734391  5305634
16734391  5395252
5269757  500504
16728295  2851420
16730345  275411
16734777  588004
16714476  6316937
16716613  1716667
16723501  5349718
16705933  1470488
16729010  10646833
16735280  9405478
12714560  111341
16733839  7357950
16734614  11967419
16725872  1788214
16726913  10876123
16731090  12596165
16732464  16297892
16733236  1066758
16706578  16705468
16720885  400212
16737113  767999
16709171  16704991
16701641  13294952
16732746  16277000
16737801  14220321
16728133  5784084
16724727  14130527
4135967  150033
16721099  8028957
16738180  1443886
16737222  440262
16735720  4931304
16714761  499879
16717687  653714
16717687  1492411
16728957  940905
16738371  80476
16712754  2942485
16712754  7695962
16710526  16596969
16739317  16719051
16730084  14565548
16738399  2269840
16738399  15990857
16727119  8028957
16723262  16596969
16714535  16596969
16714535  16636039
16739249  9353293
16740050  7379915
16740386  5838029
16718243  7389035
16720130  16596969
16742694  9505857
16734420  7146990
16743785  72899
16742060  9671620
16734371  7843355
16743697  4935584
16744697  16744319
16721482  4165131
16741401  3577641
16687646  992901
16742367  2013728
16743354  12825617
8393849  924394
16733242  728295
16738619  2508215
16737120  1445385
16740895  11708188
16744284  16742737
12172620  824349
16742437  368603
16726916  5902822
16745775  271526
7449798  4689497
16725904  16733054
16740694  11922383
16728013  3779202
16745207  4436401
16745207  12270954
16746715  11398205
16746751  7868936
16745945  16726638
2219868  1575965
16747110  113829
16747394  3577641
16739969  16046246
7383782  2214194
16730292  7171140
16746087  2883576
16747557  523482
16747840  10563613
16745149  14926763
16745301  5263239
16635019  16634821
16747755  16596969
16746103  16745595
10573159  4477660
16748219  3343913
16744876  744226
16744876  6816951
16540176  16520969
16748451  16748253
16730647  2977663
16747329  4153841
16748422  1565600
16748400  14887703
16747798  1960473
16737118  5064822
16743181  16509120
16748555  8205102
16722031  256700
16722031  529259
16747501  699065
16746298  5201138
16749717  4163858
16750485  2354609
16746817  2774960
16588283  16520969
16732409  16596969
14457183  8488758
2439984  1354186
16750705  16634239
16734869  16596969
16747157  22358
16745875  16162886
16743199  4088999
16752524  2744264
16752524  6441218
16752524  8743411
16749572  16748951
16752612  526125
16752612  4458169
16753452  285793
16753452  441196
16752243  12314483
16750731  255616
16751972  2435133
16744950  3970219
16754152  8028957
15268533  10376725
16736154  4233988
16744129  14187963
16747691  1079949
16749414  129677
16751313  3159121
16752111  344380
16752871  4230000
16751651  6862102
5430388  256222
16751019  4551175
16746070  2444734
16750311  6969638
16748255  5060835
16744665  336859
16750326  1346470
16749635  613183
16755066  4665782
16548824  10552665
16744900  11767305
10694329  1653891
16754898  11298251
16728723  513832
16727268  6656565
5284139  4750470
16756594  332030
16755536  5827809
8221587  7053666
10360037  198577
16756811  13130708
16730319  4416618
16749373  2658738
16730635  4510778
16755655  6666907
16755386  2645452
16754265  355167
16754265  1673841
16752731  1882224
16752756  6180896
16755917  6182315
16756102  2019914
16754780  7992684
16753802  5052311
16746110  10181729
16739555  100732
10482385  5822830
16720315  16026007
16758358  12564077
16747606  3419997
16757865  5184815
16757508  3630969
16756158  1809494
16644291  201323
16644291  5708107
16752823  1222752
16570709  16577189
5783750  1371016
13246533  2689284
16759118  142003
16751234  10549270
16757172  4276207
16755542  54566
16759428  3669970
16757993  12799094
16756596  2546314
16759631  620137
16734841  7780756
16757345  1645843
16760007  7535317
16756729  880885
16758027  4530504
16760276  495021
16759955  11605835
16759543  8338121
16759543  15736282
4632795  253789
12542394  11407943
16744962  7539199
16760699  369602
16760263  10305634
14376906  5990654
13813586  10272699
16744963  16596969
16748857  8071916
16744612  1702186
16761618  407255
16761618  982963
16730490  16709439
16736690  6343166
16729822  6496351
16750762  8818290
16762038  12801671
16762010  3321547
16758807  743164
16752082  13020757
16757657  954454
16756132  10646465
16123874  3923202
16757447  7480499
13471559  12454324
16016806  15913781
16763573  7571326
16762452  2616906
3527865  3790935
16733314  2741857
16764109  5178092
16764109  5245093
16727955  16729673
16759628  840781
16759628  1960473
14557231  1774644
14557231  5529934
14557231  14766951
16732166  6831918
16743485  16496014
16743485  16508668
16727804  2134249
16738686  310870
16745603  7690059
16764568  1644370
16738656  1299871
16763620  16763484
16756403  16741212
16764812  949433
16764812  4176328
16723056  6352681
16756744  6836409
16765299  5245093
14135140  14119785
16740402  121387
16760219  10797794
1774644  5529934
16741899  3232943
16742969  476436
16742969  6439579
16762083  495021
16765541  7233218
4106026  1949688
16763605  3299951
16763908  6936277
16761596  3559063
16761759  15597685
10479724  2436160
16766320  16766152
16767316  865042
16766200  16596969
16761021  11919400
16764057  16698358
16762799  14140746
16765539  9357296
16765356  7143120
16761003  1347791
16755402  15990857
16761832  12548264
16759720  15637133
16761889  14564370
16767210  9838583
16763162  16762654
16765770  12861329
16767042  59670
16764567  1251300
2310103  1222935
16765555  10615339
16761665  16646460
16761969  1059559
16763327  14997799
5287660  4434378
16761895  2539796
10727151  1682231
16769619  949433
16769619  4176328
16769619  11990591
16765912  16343285
11115619  1218891
16731400  1352426
16767852  8028957
16768955  4259681
16758656  2145804
16743010  135448
16769596  14110621
16764944  12573816
16766615  5645058
1890203  840781
16771019  12380759
16771074  3446216
16771177  11407160
1593221  521298
16771828  562303
187438  2964307
12420199  1160977
16760471  4957988
16764164  14363444
16764338  16639932
16769192  2397106
10857577  10210338
16771879  13889467
16756827  9109438
16773749  7241993
16773528  12892814
15260389  15247235
16772883  16044701
16773897  4261133
16773897  16646460
16772559  9437981
2453193  377030
16775366  16774187
5430855  45604
16582148  9022967
16582148  16580058
16542558  10084606
16772459  10207038
16773689  4665957
16768020  16583613
16776726  4706199
16776726  16506147
16771266  6214725
16756700  16748433
16770681  4684454
16777301  561245
16777414  16764247
16767794  2369226
16777451  8117566
16770451  13284083
3491279  2455654
16776647  709961
16774633  13569
16774633  2190737
16779727  4282151
16758840  16671629
16111882  16739966
11607313  13306898
16738850  16695634
16717593  16701659
16776222  3132302
16768857  4935632
824555  700086
1278624  700086
8745688  700086
16781433  14220321
16781431  513832
16768938  3577641
16779535  7341481
16781085  408820
16781620  1196586
16776295  16775873
16712692  16770933
6077555  6308000
9257237  6308000
16777754  639531
16776357  3674490
16778667  14687725
16780585  11501268
16777110  14711655
16768708  16767909
16781521  1903838
16779365  3307292
16719774  1812244
