2541292  141498
2543364  2538720
2549839  378331
3627629  415953
3632145  150849
3632145  2896727
3633632  208193
3635503  3572463
3654287  3285756
3446170  3561493
3455462  880885
3455462  2065282
3457368  1098175
3458470  3457287
2517650  991578
2520451  767372
2523416  214741
2525781  7034
2527896  1928002
3655710  3655717
3658781  3658403
3662375  1231484
3666155  201323
3677902  2158296
2408838  1453209
2414668  2414695
2415229  2415096
2415722  1110409
2416140  355168
2870055  62333
2870055  464001
2872928  2107398
2885296  2232228
2888354  2344118
2416876  2416614
2417880  3589
2421581  2421575
2422449  2422201
2423253  151974
2426168  22358
2426168  113547
2440347  1881652
2442773  2032001
2442773  2301064
2443734  225011
2461539  263400
2532376  774181
2534398  2533951
2538542  910253
2540521  336859
2552339  24901
3688748  3688625
3693428  9304
3694763  122784
3694763  662956
2578017  2184613
2588513  2246901
2597069  8676
2610280  1529068
2618670  2202455
3350447  1114287
3351464  3350681
3352485  110390
3354021  2785485
3360858  205853
3360858  2880926
3361043  3353184
2464322  172266
2482906  11674312
2501626  5317783
2541216  1623378
2541816  584714
3687889  3695498
3687940  2631269
3692501  3414337
3692918  261573
3703665  734600
3710617  929276
2945377  886540
2945377  1042902
2945377  1510124
2946163  398299
2946513  2650895
2957110  2955618
2961889  183532
3274375  3274114
3279357  2896623
3280400  315146
3280400  2483023
3281034  2995340
3282406  3282401
3461605  2503376
3465422  3465096
3468859  4715762
3480832  297037
3483372  3483276
3678750  3196011
3692829  2109173
3693058  724391
3693476  2138658
3706426  148648
3732859  3726197
2868931  2648
2871405  67794
2871712  10848
2873318  186523
2876319  1108008
2880570  16233
2966419  1006979
2972103  311165
2973789  1131630
2986275  2986297
2986825  1232176
3283106  165999
3287052  628320
3287052  1759613
3297939  113928
3305534  3305127
3318004  3317627
2886981  838724
2890066  2648
2910345  496096
2911022  2680548
2915332  818665
927651  387707
927694  287920
938826  26452
938826  147339
943027  107165
943027  133008
3328091  2041879
3333778  3798424
3359852  1854246
3361381  3360953
3364589  124886
3370239  3131691
3382271  499010
2929306  23250
2929306  1562540
2935722  2935293
2946241  2778109
2953036  2145034
2559884  713341
2566886  97984
2566886  1581610
2567772  107569
2570237  1001307
2570237  2531515
2573545  2002770
2584377  586363
2962094  2228735
2963289  3072353
2964166  2509679
2965002  56867
2968210  114149
2893234  687
2894473  10848
2915797  1445233
2919706  521957
2930070  2929653
2933764  2933697
2584827  185158
2589750  394601
2592322  2590782
2597138  130965
2600253  332030
2971620  2648968
2973928  2482848
2974555  531329
2976834  611304
2977672  960430
2978665  125319
2545385  2521463
2547993  600268
2565598  2565521
2569410  522862
2578102  2578671
2624150  2630925
2626953  295224
2647541  364625
2652162  733219
2660743  2571816
2661011  4670
2661011  1598759
3733541  2646154
3745884  4721449
3746095  1294660
3761996  22358
3761996  113547
3384052  588004
3384052  3049101
3384843  5103384
3386651  201323
3392033  4616202
3714120  2911915
3715306  614818
3717242  2195382
2936236  2173811
2939162  36707
2944009  679822
2949254  1989487
2950407  590822
2950407  2930314
3361579  13987408
3364015  2673855
3367795  3431933
3373141  3366760
3488277  3473562
3488511  3488506
3490017  68282
3490017  2709821
3504398  3489543
3505861  3423948
3530236  388242
3541123  1936682
3376534  73663
3376534  543309
3385843  3385533
3388653  3354533
3393633  1163761
3396756  101579
3396905  651619
2988530  1181491
2996636  2619155
2998708  2125716
3000830  3859
3000830  1309536
3017909  245062
3018296  1080247
2615329  698493
2617851  2597857
2619373  1195675
2619473  543877
3405999  2615196
3411479  349418
3414338  3276149
3416895  1964193
3417831  2114819
3719658  3719502
3727095  1137575
3728116  93472
3739999  90924
3740233  3740144
2034257  2014698
2034623  1711
2042881  545062
2042881  708213
2047327  2026530
2047327  2040476
3742739  3721043
3746530  1025332
3752750  3662412
3759434  3759467
3763846  222557
3773857  91362
3774091  3773917
2950658  760262
2952480  2785964
2958096  2953027
2958682  2685854
2960235  2541683
2986887  2976505
2990797  4666487
2993103  55641
2993948  702195
2996256  2995642
3418384  17988
3423798  3422738
3433643  1644372
3434660  194397
3434660  599911
3722322  6685027
3725266  681833
3734189  901545
3744286  295994
3744971  128389
3751452  3741440
3763720  789659
2582396  2973202
2583893  61559
3547748  2280298
3549879  1539385
3553534  359494
3565991  90924
3576989  1101380
2665296  482574
2665296  649789
2687424  75538
2687424  192479
2708977  2265574
2712253  252785
2712730  1166385
3019513  2872966
3019967  2987599
3029442  2950029
3031081  2948409
3031714  3031614
3046457  4736
3393403  11831
3393403  86582
3393403  1392315
3394546  101579
3394546  3333138
3405101  3404976
3411817  3308900
3411817  3402512
3414995  3414998
3415138  3414641
3047826  3046264
3052455  874576
3057067  744699
3075533  3075474
3082153  1643321
3087684  1817985
3776750  3534070
3777031  1201593
3779422  1770211
3780358  184683
3788429  222561
3792458  1405048
3796704  2105858
3437953  2623118
3438923  1660060
3439040  588004
3450857  1661262
3461351  56867
3461351  1474249
3089942  3089764
3094972  224059
3094972  390605
3094972  994905
3094972  1035229
3116363  2277352
3116513  946189
2985771  3390396
2993910  1849490
2996336  1939
2999075  160890
3002701  167179
3002701  356137
1996220  1994287
2004708  171952
2018648  4091536
2020184  24901
2027370  1083701
2028742  416331
2028742  1755587
3765011  1619604
3767751  446835
3771445  191153
3772781  2344524
3781141  3761908
3782541  574463
3793616  3434346
3769722  125619
3776088  2395661
3776188  3776047
3785797  151472
3791950  2785260
3795158  2823848
3795893  1644619
3000793  297037
3002763  222029
3003308  957038
3004971  747101
3009824  636829
3421611  3429001
3428508  737022
3430780  2084169
3435458  893162
3438166  40730
3440104  365826
3440104  3328763
3442803  1479489
2623610  212321
2632548  993112
2632677  1485841
2639236  15496
3577096  1913098
3582171  3581692
3597186  3597185
3605967  2206335
3605967  2221167
3612094  296499
3798172  3846338
3802069  3800163
3802086  121203
3806230  3806155
3819768  3819764
2597354  200850
2601055  2598287
2611726  70159
2611726  109684
2611726  1324222
2617878  2648
2626005  3969475
3801304  1382646
3802265  101268
3804430  3797788
3807009  234231
3808256  1911577
3810178  3720720
3826704  1049722
3834928  145657
3125005  2481543
3125838  421965
3131122  263400
3131136  3130311
3132940  3004210
3618174  257288
3623892  628145
3626164  367884
3628529  2691611
3635422  3195060
3635422  3621674
3642135  3721963
2714959  2071990
2718503  2718124
2726634  328465
2726634  2070122
2735951  2735417
3463104  2242553
3468054  419959
3796308  1634268
3796479  1499939
3798651  102558
3806540  1234283
3817786  3817637
3820793  3627583
3823844  47639
3828205  3608957
3837816  2102401
3837816  2732432
3845521  307343
3845521  920731
3846070  2996986
3846070  3568106
3846338  3725501
3837605  2931061
3844893  250001
3845043  1447715
3845830  572547
3845830  1665250
3846080  129178
3846715  3234790
3854553  3850921
3470711  2835791
3480401  12649572
3482824  3482750
3485966  845355
3485966  1085490
3497147  205411
3005109  3004971
3013533  99406
3020617  3020352
3023543  5490549
3029156  234231
3032449  2570679
3032750  63671
2740704  2337126
2744984  1366277
2748758  97392
2750064  305654
2751727  1143874
2755310  2375291
2659756  16367
2659756  434647
2662114  913417
2665951  2348443
2674396  2657629
2674396  2666351
2675711  292820
3444384  1711
3449757  438938
3458379  2548181
3465567  2177687
3472985  681440
2755535  2218254
2760326  43649
2765538  2765397
2767635  1108008
3477442  2457792
3477442  3316246
3487266  3486942
3497628  283537
3497755  72394
3644884  2611246
3649330  201323
3651959  3283730
3659422  3043179
3661753  3659412
3869429  3869347
3871451  1549685
3874124  1102590
3878954  1843451
3879740  200237
3511668  3513888
3512204  3512021
3519290  2420689
3522064  130475
2770111  47605
2772124  2771966
2773451  2772132
2798021  1415205
2800034  2815194
2809151  154577
2809151  2223386
3678874  499010
3682677  1192606
3687766  1942644
3688770  2419556
3692105  1386275
3698721  184618
3709426  886903
3709426  2279719
3709426  2521352
3144958  449101
3149452  1770765
3153650  620137
3154132  35301
3180522  477748
3180990  3177926
3846491  3846369
3850316  253314
3866245  3865716
3868917  2127612
2627302  6319546
2628813  2619771
2640420  1038907
2645768  1703100
2647890  556133
3884578  2361857
3887735  1885630
3909327  2973202
3909327  11674312
3918070  2471347
3923316  3922989
3923784  1518711
3843470  3858086
3845031  2228619
3879789  1043666
3884234  605797
3884533  1995113
3886342  1634268
3890450  881778
3896802  949433
3498170  1764878
3501644  3501873
3506409  3130311
3510351  1064089
3521013  471448
3713561  3298707
3715544  3633439
3717582  554960
3717582  717854
3728410  3718125
3731754  89275
3521413  1490505
3538795  3538611
3542741  1409225
3013425  2987599
3028208  2880988
3031143  590822
3033860  2932909
3035623  1224364
3044620  672857
2679419  477550
2692623  2692628
2694145  2692152
2695524  78955
2713429  505167
2723439  210460
2725011  3014089
3044847  11
3053337  160608
3061759  211143
3064976  162941
3064976  1322517
3071092  292265
3075265  325085
3733992  1323410
3743586  2337126
3743586  2893356
3747598  1821311
3763935  6068803
3775572  3775520
3779745  808961
3035057  383692
3035575  136946
3047207  3047013
3049429  2268515
3051169  315146
3054960  2321805
3182493  3176411
3185083  3245261
3930838  75886
3931706  140270
3935165  6301
3935250  3009380
3938641  3824613
2650984  271561
2650984  2398588
2669593  2668439
2673912  250001
2679246  1949066
3064537  3062188
3086197  1573782
3092246  397933
3096007  356137
3096007  614310
3099433  542856
3102560  2339782
3102560  5963423
3787608  369498
3792279  13699
3792279  65820
3792279  3751169
3796755  907340
3803516  3802208
3939143  3009380
3945410  678379
3949286  671516
3958110  3965613
3958897  3477422
2054662  974583
2060895  2973202
2065256  1807530
2065256  2044229
2072544  484113
2072544  1032242
2682561  17988
2682561  726912
2687441  1857646
2691435  2690505
2697980  348410
2711684  268903
2711684  555968
3108725  3100525
3110329  3109991
3111652  1652123
3121693  2090820
3121693  2218841
3122280  422476
3812735  3812968
3822095  3821755
3824801  3824608
3960518  3641519
3961522  2751870
3962458  5394251
3970546  3963185
3554022  896123
3555424  1000195
3557381  1912029
3557381  3560612
3562076  2759228
3563248  3562997
2730291  586370
2750597  448023
2756842  2384461
2756892  952318
2757049  2742420
2762315  13537
3896951  137868
3903689  135234
3907983  421280
3917243  676721
3925281  1680898
3925531  525194
3186641  2691235
3192236  2228376
3200009  1768343
3200260  76595
3200260  1368014
3208066  203369
3847707  24409
3849082  3741440
3851158  3689721
3852801  3778428
3861075  193182
3525965  1092331
3528173  41479
3528780  34413
3533194  2413661
3535332  3535327
2815201  1746136
2815201  1960075
2816712  2816996
2824795  1740834
2825838  5120402
2834117  1827314
2834117  1912029
3563312  1118198
3578288  177189
3578288  1482474
3580543  746309
3585323  2035567
3598491  3103490
3600114  3445938
3212559  283645
3213445  1236550
3213445  2986324
3217039  3216800
3217358  3220444
3219780  1219596
3861986  132445
3862347  827454
3870942  3838887
3873100  3872652
3873725  170394
3875915  3384504
3080509  2016901
3083596  56867
3127814  2528318
3129988  1471654
3130515  3115893
3131015  2341879
3143183  3140992
2032286  746809
2032552  746809
2036260  1925898
2041110  2040887
2046305  2046387
2779477  10072
2779520  2160920
2782964  392932
2788844  55984
2788844  277010
2793081  2771847
2793081  2793091
2796682  477748
3834102  37702
3845564  92859
3847197  54566
3852077  3817011
3536802  215255
3541982  567561
3554909  3004501
3577580  176989
3580088  233030
3583859  3464898
3596264  93326
3970763  1498927
3984318  3982046
3988496  2286639
3993274  3993027
2797618  743858
2798947  164847
2809100  949433
2810129  2802459
2811665  311882
3143749  121351
3157830  503218
3157830  521349
3159325  637287
3161074  280658
2812115  2727834
2815559  649428
2836251  1967458
2838880  885955
2839359  1245632
3999073  1256925
4000877  124886
4005642  4005097
4012960  4012952
3602352  2056
3604109  1732348
3604743  3510781
3605530  244226
3609740  3276578
3890062  3894621
3895360  3102918
3903180  3220009
3904141  194397
3906081  363681
3611446  961188
3615356  3615205
3615892  3602493
3619583  3590041
3630866  188414
3634274  3634240
3123701  550905
3135397  1334072
3141264  2600581
3146798  871505
3146798  2669690
3862412  2165593
3865079  676824
3865079  2533909
3870661  2226615
3874001  1364361
3878324  436345
3149973  74326
3149973  614794
3160401  113547
3162388  54694
3165132  2731542
3929490  32586
3939350  484462
3951918  381621
3951918  3664272
3953840  804466
3955862  3943804
3174308  345883
3185174  2182578
3188982  3577641
3195191  3194372
3200014  3209129
3911747  3911201
3911765  3911732
3917938  152480
3927230  791447
3968330  24829
3969751  1219438
3971488  3971723
3975117  109859
3978625  2538562
3979361  2371463
3985828  11
3988286  3975821
2717950  330207
2718554  2202995
2719929  1164023
2726592  1426731
2733169  818203
2734155  2540
2734155  562303
4017508  1457103
4030276  4029923
4041040  3314944
4050681  3451020
4063785  588866
4065674  933367
2745469  1187611
2747048  2747042
2754736  2746569
2763024  1058427
2763385  1512271
2764628  1004295
3637582  46545
3642328  952318
3645055  2740994
3883034  491052
3883561  301330
3887705  1389881
3889177  3888409
3889845  9
3220047  110928
3220047  746853
3225613  1434842
3225996  2949226
3225996  3214136
3226650  1011431
3231812  913
3231812  394601
3892696  2485423
3896538  3814719
3900575  359494
3901418  1529068
3909467  3047932
3910944  3910839
2834355  37026
2836559  30373
2859755  1320295
2859755  1448804
2862163  214741
3605222  2685977
3609159  823181
3613146  45400
3615241  779423
3619121  353110
3645521  732864
3666798  3667260
3667700  634951
2878650  2878053
2886865  2475831
2887640  2307896
2887640  2329168
2892311  2892303
2892354  2891905
2895996  1995198
2896187  998838
2900467  1143262
2909427  2100490
2928352  3393918
2937737  6611
2937737  1304305
3201550  949433
3201550  1525187
3209397  1396229
3209397  1619731
3210710  77931
3214018  3212571
3225986  733243
3228651  1983564
3247974  2973202
3253939  504977
3256297  27516
3256297  993431
3258555  1054165
3262831  3262226
4081216  3081987
4087334  4086992
4090874  3520422
4093333  89332
4096073  4095918
2056516  2056369
2059409  2059760
2073900  2073889
2091782  100003
2093367  1108434
3929506  225987
3933400  3698319
3940759  3183240
3944028  3278932
3988821  1839422
3988821  2386772
4000889  3983261
4008142  295772
4008978  4010097
2843989  568835
2843989  1822921
2844646  2844152
2849562  432944
2849562  1939689
2858443  1700079
3234467  3235145
3237918  933165
3241785  1887070
3243457  234776
3243827  7980298
3244227  731526
3912841  3911389
3922712  105372
3927447  1304176
3936982  1410976
3946235  1132941
3946235  2639915
3269570  392643
3270463  191691
3270463  2865302
3274909  2919394
3275143  566610
2858886  218744
2862523  1110880
2862523  2858031
2863116  107936
2872483  1793482
2872483  2764385
2883236  177752
2891860  1653895
3672563  433895
3687505  391913
3695693  56149
3700171  3699879
3704315  1609356
3622172  2530
3623606  3623607
3627052  6166
3632666  2769007
3633266  551886
3633402  391005
3633761  3627967
3633761  3633708
3174270  1975128
3175241  1284381
3184401  222195
3192489  20059
3192489  596170
3192489  748252
2940954  1003241
2941890  261963
2941890  1390703
2949535  3698740
2953488  562303
2964920  2964823
2971068  1897712
4102008  879860
4110764  24901
4115342  4115096
4116963  4116833
4123162  846309
4125404  1209803
3199892  257288
3201228  2880988
3201964  3200857
3202414  3202243
3208434  107855
3208434  2050171
3213013  3210896
2974276  1056570
2974276  2912209
2983393  46586
2988384  390438
2990047  2973973
2997301  2864223
3000109  1258165
4130718  412101
4131301  3279091
4138338  2442966
4147983  4143629
