16741473  12573816
16674903  6109882
16684700  16684352
16718260  1757065
16719081  2202639
16722710  131303
7839333  9240984
16777043  511361
16781630  1730731
16782191  5993879
16778609  4727480
16760054  16753511
16766612  1836599
16781230  1274743
16773120  7739987
16769789  16727309
3408044  1852837
16780983  4507518
16778301  2516599
16781884  845021
16781769  7764887
16778814  2707790
16776007  12475269
16777988  1225667
16777988  14220321
16782786  1722334
16706595  4495789
14595519  15097114
16779757  1551389
16779757  5651933
16766671  4471389
16778311  195951
16588325  359541
16779871  18082
16784601  1897940
14454512  5093398
16779023  9246438
16783812  16777504
16778211  12184133
16783552  4460384
16780240  3342941
16757845  346365
16783381  1423777
16771472  16768062
16784364  7887568
16786761  36901
16786761  3394835
16786761  5239856
16782967  336181
16786658  1961030
16786658  5473325
14817396  2398661
16787090  594325
16787239  411316
16784641  14801928
16784199  16139977
16787031  1265282
16760490  13438104
16785217  3354453
16770560  15800121
16788450  7778631
16783432  14588952
16788692  985280
16789524  3810570
16789776  434287
16788066  2832467
16787849  16085393
16789970  16432
16789970  4671610
16786832  8386904
16789201  16789174
16788644  8515936
16787918  3821423
16774201  2757107
16774201  16721585
16791483  8774425
16725285  11922383
16787929  1123683
16784098  3953645
14021986  1602035
16789684  3657587
16788177  1634268
16787453  16694185
16771904  5345762
16792456  7131858
16787173  249791
16792805  7242006
16787459  1132571
16784936  168214
16793416  7029353
16793416  10100088
16794101  16793315
16794024  3839691
16794024  9577179
16787138  1043339
16794551  4886632
16793433  2742814
16793486  1507619
16794644  3459282
14580416  1062272
16767237  8658443
16795701  11297774
16796004  832829
16795593  3201982
16795692  49755
16796647  13932704
16791214  16715768
16793586  16521167
16797275  14306048
16791074  2973202
16797357  7192524
16792666  3626250
16798272  10129680
16794979  336859
16793436  1732348
16793436  3577641
16798330  4579117
16793607  13086856
16797083  513832
16799548  40480
16800188  16799618
16800844  170921
5164977  4848884
16783040  14075382
16798297  4091765
16800950  15654967
16692976  1094888
16802376  3495926
16798301  9297899
16781829  2973202
16803218  4685450
10435609  10903481
16797668  2892691
16801102  4042434
16792051  203739
16790991  16685135
16802211  11911316
16695808  16685135
16802925  1544721
16800295  1235179
16800295  2804827
16796902  405161
16800985  5623689
11063484  3905219
16789274  7213911
16785333  2445335
16790201  16774892
16794276  13016610
16792806  16596969
16797516  15090942
16799073  10903481
16774946  4124900
16803692  1714515
16742189  6248787
16792723  16679897
16798865  5078239
16786186  10264947
16699748  2968642
16519835  4261133
16745368  5315946
16783400  4711064
16787880  1507931
16667016  1976152
16667016  3660844
16667016  8624871
16762760  5086439
16677328  11278114
16278282  1488851
16791173  847066
16770967  5874652
16805533  336859
16803987  4105420
16801643  3657023
16803996  13218404
16793526  3318625
16795541  16794831
16806369  6982692
16791722  3591434
16805172  4719407
16808052  949433
16808052  4176328
16788034  24551
16788198  16775556
15129296  3948971
16787805  7201341
16805524  16804658
16789336  332973
16790143  209199
16790143  5020584
12747117  3948971
16787201  363292
937928  442026
937928  584664
16790334  1151464
12756302  6498829
16801049  628565
16804897  825362
16803433  6843796
16808404  3106110
16781479  307305
16799792  6032049
16793385  232535
16793385  5218395
16802122  8559891
16787399  16241996
16807180  16417239
16788937  9276639
16797445  16775920
16803402  15592992
16792160  1083637
16786772  11561689
16790651  202011
16806112  1667153
16811933  16811108
16811108  941832
16811108  16809998
16811938  526125
16811755  11816937
16812267  1479776
16811994  4801242
16811753  1933501
16810943  8939136
12267280  299703
10316128  2459851
16811034  5117127
16810573  401656
16810573  4795385
16806745  50159
16813724  3934693
16814096  246559
16809420  5883571
16814824  16794536
16810287  2379224
16534543  12116641
16807419  14028959
16816096  2528318
16797520  4847850
16816386  9963080
16815465  4865561
16816344  16815823
16816806  3069901
6697181  194397
16810641  194698
16817516  7539125
16807439  8118054
16808575  9224404
16737827  13159156
16810788  4142313
16805414  6555154
9965151  2833057
16807706  11922383
16812618  2063603
16818291  3472980
13986359  4616159
16815296  2101524
16818812  5555730
16818812  6796896
16807199  3066586
16817036  16816200
16809718  1599031
16818164  64602
16818186  11379807
16806537  5327160
9963467  2833057
16819864  1746491
16819846  1448849
3011945  2833057
11300653  2833057
11926990  6343166
16807406  6658752
16817530  60174
13491788  2833057
16818771  6159074
16808084  10556404
16820683  1452721
16820848  1778368
16820848  11873046
16817099  2878184
16817099  3605214
9101587  9133818
16771300  16770466
16821253  12622137
16821763  3943352
16822234  513832
16721398  16815812
16822802  3255
16804400  16803753
16823392  8028957
16823525  7912971
16823682  4132289
16310416  310870
16820529  1544335
16818322  6908948
1069456  473401
16820223  5600143
16693182  13940273
16824904  6990726
16824880  610458
16584579  2973202
16821886  8707082
16824721  9648305
16818778  1028285
16825587  12046242
16824429  5983395
16821007  246559
16814404  279170
16815145  7256096
16825487  12632463
16804688  2375587
16820048  10003683
16821631  4769169
16825515  3252387
16822200  351409
16820286  16817377
16826616  80084
16826616  3127429
16783410  3470990
16788825  10874686
16824385  14220321
16820139  5362771
16824026  599288
16812251  1146153
16823412  149395
16704514  3422673
16826889  16826342
16814482  16812267
16314399  1448858
16698987  16708542
16579374  16578958
16758015  509211
16640492  11782566
16795813  14872486
16809602  157318
16823788  4936266
16828237  279507
16828237  8798403
16820435  4793604
8715654  3646930
2346798  596862
16820579  1910194
7743642  12157300
16824178  442704
16783416  11573164
16820742  4604239
16824485  16822280
16822062  1785008
16808218  123559
16815352  10719073
16821849  8713241
16804888  16789359
16819083  3917250
16797619  8653839
16806293  7417003
16815094  10930007
5840014  1740274
16809269  2078372
16831064  2901262
16807165  4191762
16829505  16829402
16824380  525063
16808627  1942903
16831410  3423394
16831410  7000851
16806005  8997522
16831046  1744310
16832052  12573816
16820521  5917203
16830653  2753732
16802320  6343166
16832213  7396919
1169299  355945
16810558  1308194
16810558  1479363
16810067  176379
8574275  8382536
16828028  1339599
16817199  16142078
16829803  10020099
16815944  4328947
16826103  7309098
16824716  1959398
5064904  596876
16828258  3921224
15682762  8574275
16831865  2518421
1339022  84855
16835282  1098534
16827443  1268673
8128625  2687942
16830793  181530
16829373  16829279
16831564  10188391
11057839  175381
16832566  7122609
16814630  1732348
8558861  5280479
16834753  182287
16837018  1051782
16832255  2861699
16820861  927358
16830983  5157337
2687942  411579
16816782  16723011
16828356  2353818
16826058  2731668
16829547  4255472
16418058  16551171
16832720  15460777
16833281  16832629
16799608  16566279
16838299  5756748
16838290  8098953
16838290  8898590
16826421  1759987
16838454  177506
16837686  15090942
10567137  8729921
16839415  2911215
16839415  11039591
16798339  11347971
13903119  10743517
16839970  46155
16839970  8792054
16839489  16703854
16828131  1512045
16837167  709801
16841209  159137
16838281  578190
16834843  4189618
16838984  272900
16838984  9282354
16838984  16841813
16842709  2592326
16842339  16164215
16840378  1547150
16839980  1005479
16839173  4172937
16843815  2011142
16843815  4383148
16844098  901115
16837083  16836499
16842306  403256
15924359  4077487
16836075  1962861
16839381  7880231
16840594  47177
7724999  4040001
9197478  2034712
16776615  8773687
16846963  194397
16839965  4861596
16835057  3104504
16846350  7050114
16846033  5717093
12051769  779379
16847162  11395378
16846489  6306973
16838457  16821342
16838606  10210645
13333139  4194207
16848125  13058458
16845316  10390479
6516478  4279435
16846025  16818293
16827847  8868604
16843431  2973202
16455413  194742
16456992  6352208
16355332  14532327
16811066  5076466
16842911  4660142
16835909  9791875
16831891  469695
7475297  4612255
16842708  3848132
16844338  5962108
8122604  16835750
16831310  421280
16848646  16848457
13945923  692742
16849629  16848666
16828176  668083
16840473  544010
16829093  12769982
4727233  4386446
16850333  15571801
16850817  2518127
16028857  1009808
16028857  4471582
16844418  16844139
16842764  1617630
3296110  3087267
16849201  12290402
16831519  445235
16822170  662859
14884934  5561742
16838710  374267
16841888  1253725
16851267  4212634
12518967  1087777
16829974  9990117
1830462  4386446
16848733  2673695
6325208  599842
16819751  13258746
16851492  13250679
16850223  16662358
16841078  2585313
16845549  14220321
10603553  1087777
11204164  1916350
16852599  1928909
16852599  13489139
16840268  5601777
16847551  267724
16835030  860656
16852923  1867383
13749596  3124126
16853338  70579
16851638  3105673
16841542  16789538
16842263  337704
16854298  16833405
16837085  704636
16852127  1584370
16848895  2813997
16848895  11633726
16851803  173868
16794186  8439052
16838782  4325267
16845962  11266441
16841688  12702564
16842139  16841748
16847700  10967451
16850349  16850332
16854395  7400317
7539697  7536363
11737110  4386446
16834499  1164004
16834499  4169976
16849909  1263042
16852137  10804852
16847271  16835979
16836623  16834737
16835590  8601831
16853331  14965718
16854822  16853684
16838035  8119526
16834886  3330855
16854007  9189522
16854007  12136156
16855023  6182925
7240520  190396
16339866  13051605
16856140  8211744
16830146  8018841
16857991  429470
16837320  446594
16842026  57483
16845275  16845950
16855876  534367
16842589  16823941
16859027  12769982
16857732  14889322
675612  164527
16858546  16839628
16859282  16848098
16853958  7549574
16857051  15607889
16859445  16856477
16814084  16818066
16807094  16812952
16806459  16807185
16836490  16825890
16833464  16832244
16807112  16665809
16809687  16774148
16808389  16808862
16800089  16739332
16858808  5403771
16858808  11200404
16844772  16451553
16860238  337704
16859477  12859942
16840679  1897727
16859440  956508
16860848  495021
16861084  164194
16861084  8269199
16861084  8957829
16861343  588004
16861274  9485981
16861485  11093943
16861357  333737
16861357  5626256
16851618  11716996
16838807  16835124
16861768  36707
16861768  16710263
16862300  513832
16862293  16861885
16852351  15521494
16860564  8028957
16861816  3058866
16860996  4068373
16853446  9619030
16861635  16859515
16862048  4867266
16862258  168409
16862258  4500564
16854383  14530113
4500564  168409
16864294  3577641
16861539  4870328
16377495  11055340
16863800  3981880
16865013  2980763
16864233  2419749
16864834  1204275
16865491  3495926
16864099  4306177
16864099  10221397
16865739  1870441
16852424  4501570
16860193  7093417
4876945  174664
4876945  355062
16852945  4997252
12828288  2784514
16862649  503093
10832587  1759316
16862111  606191
16860787  16859869
16845345  8028957
16864740  3556048
5399724  3733234
16863272  7775968
3146152  4009013
16867261  6476028
16864370  295833
16859135  16857793
16857314  16856491
16861104  7008608
16863263  10710193
2224130  492483
16846264  7448694
9932406  492483
16862038  726449
16856020  8988855
16856020  15445430
16864097  3748
16862001  7525171
16862001  9300815
16863693  6690752
16858406  750486
16868495  16868159
16859999  1432245
16868343  268048
16862836  168214
16853720  3247671
16861810  11084372
16834937  8832304
15533497  1660856
16851809  941584
16869351  6993325
16869351  13456996
16856164  3632075
4512689  784929
16843782  9869112
16851924  4862955
16864819  14274982
16864170  2130241
16849958  9515704
16866745  1567601
16856947  4907843
16856947  13965753
16866919  13635903
16854925  1484303
16870789  222175
16851645  16832552
16854849  1641507
16854849  10086216
16870819  22358
16856911  10087819
16856911  15141762
16870278  12604698
16852907  1823306
16871577  2445962
16866619  822322
16871689  1957732
16852629  6077555
16869301  14548526
16861658  195078
16861658  324080
16866345  10729276
16872124  5289613
16866371  8385619
16872552  1148805
16872552  9824053
16869482  2785485
5838918  333737
9795814  174664
16333994  4945178
16870092  3386973
2607798  174664
16863795  11135245
16857252  8689225
333737  234217
16871626  14416601
16871313  9534766
16870290  16015286
16850937  16468147
16869096  9419263
11768594  60174
16868079  10617894
16871712  9321131
16870865  3469107
16872828  11106584
16865413  2855245
16865871  213638
16873696  16873448
16870409  1279534
16868353  1267283
16875139  5229809
14952969  9190885
16872362  615948
16548096  875479
16867322  4080265
16867322  13416856
16873058  5413841
16873498  6964627
16873498  13840429
112523  321294
16866480  8864920
16872064  8128578
16875995  949433
16875995  7112282
16873451  8026866
16873256  6337431
16818279  6232240
16874935  2448666
16873689  492994
16873689  15470403
16873323  951021
16873191  14047895
16851105  190396
16851105  5428640
16875196  2306172
9869488  7792123
16874340  16868791
16874030  11127753
16874030  15343484
16867071  15986462
16874766  8945113
16872234  2154220
16874730  12961085
3380187  2941169
16859374  15804261
16873879  5789734
16878192  14347340
16878169  1741820
16878926  495021
16878973  9280057
16806199  1274743
16874961  5654447
4632579  1217228
16575268  60174
16575268  2993027
16871150  194397
11732900  14220321
16878878  1615469
16875900  10624031
16879496  8028957
7383881  287474
16879992  298753
16857628  2407330
927391  941584
16873194  16837194
16866261  196345
16879002  3061652
16870247  2670082
1589234  805107
16872646  639531
16877708  14777953
16871455  16871226
5778267  3137274
16852916  16697344
16880094  16873689
16880850  8036429
16880850  16880099
3802389  827310
16876371  3905013
16871236  6654958
16863297  6118737
16879623  16820270
16879932  16877088
16872075  3246928
16880660  5165895
16879252  13559489
16873324  2839321
16880607  8036429
16866624  12865196
16872880  4809702
12281252  8028957
16871586  279170
16880494  3947708
16873302  2013837
16881652  3737139
16879066  48249
16880336  246193
16876328  182287
16881801  41479
16865091  16808044
16880751  4352032
16880340  9293423
16869098  16876083
16880756  308683
1551781  1503479
7579738  1687445
16881955  1000900
16881220  1268942
16882337  16836694
16867770  4660142
15534878  2452417
15052415  834757
16883783  8028957
16883758  2013255
2544707  164527
16883262  3587942
16884065  8028957
16880499  16844676
16882684  1075534
16884000  4589237
16878629  618511
16883724  872544
16878209  16740808
16857915  5176803
7392521  6902361
16882489  1716013
16881332  3157522
16858307  7762114
16821925  168214
16881974  16741680
16880781  12004603
16883923  4385998
16873713  9049460
16877608  12356994
16885849  728360
16881214  1525784
16876442  6092110
16881984  6355893
16880913  4711247
16886059  513832
16884146  2750714
4101784  1606966
16875251  9443695
16882759  9977968
16882986  5832368
16883535  16241996
16886358  274626
5961816  4101784
16886750  1789945
7163823  3930335
16887044  8623495
16867474  2345903
16880347  16044377
16857016  7301825
16871860  5630441
16886443  1188129
16885540  5135884
16885540  10948803
16882134  7080374
7495790  174664
16872410  11936339
16886959  16813457
16861231  4009013
15108413  311165
16857656  2270614
8831273  174664
16877637  1091322
16879427  2834815
16862875  16248861
16862875  16668699
4016091  3929342
16866552  3577641
16888830  2708237
16882156  8215979
16888573  203336
16886117  4993213
16884343  11676472
16887889  6802410
16857650  12280154
16888740  6576109
16874344  13813673
16869027  16869200
8774914  3929342
16885752  16761315
16887660  5901400
16794074  12395200
16888724  1389605
16867803  7118178
16603312  7148778
16870968  16860254
16658928  5719182
16661727  12445190
16876549  16876311
16536400  401656
16864724  14220321
16813645  16793979
16860028  10252918
16875750  16826780
1207962  174664
16887128  3080402
16856693  13375575
1165761  803225
16871241  7352493
16885016  571945
16890229  16889945
16889838  306713
16877559  3947227
16890330  16763903
16890698  16371724
16891453  3755606
16891453  11915957
16890335  6528595
16890335  10063884
16891130  1249131
16884662  5504241
16862888  16862470
16892006  13854425
16880144  11921121
16883791  8963299
16863086  16305318
16891975  3595515
16881971  5214197
16889743  356371
16892190  753312
16892190  3350385
16890971  1922517
16885589  7597797
16891902  448162
16891902  8426518
16890415  917640
16890265  10813809
16890142  13931834
16882399  2269307
16888257  4543336
16888012  16879884
16891972  1755408
14896162  14159851
16890708  6315999
16892862  7320686
16887143  8587341
16889828  7215411
16589313  6815520
16891013  9005766
16890556  60174
16875593  14972199
16889879  2984844
16887989  16748454
16866987  9853096
16887531  5078808
16874289  9506627
16893510  2218999
2365272  93091
16894455  2717480
1568216  737781
1568216  1214629
1214629  737781
16888433  833032
16888117  10693845
16891767  2871181
16893807  16851055
1024070  4629
16867938  10816139
16841351  11382842
16861492  4796766
16849616  8721475
16848585  2163045
16880230  2808478
16827056  2589096
16845713  12604663
16878662  12636101
16869564  8708920
16374343  16374129
1122557  63447
16737822  7274268
16895621  5041494
16841136  15596749
16842249  1657883
16878648  7250659
10438118  8768368
16878640  13897731
16850029  59895
16877373  376278
16855174  12251664
16554464  6810886
9189522  12136156
16823579  11014002
16863732  1727923
