16846726  3536796
13220686  8716466
16853435  16837005
16855561  4454298
16851698  15930370
16080318  16079549
16860678  282198
15796521  6382997
16864224  16859559
16844127  16847400
16859489  995099
3808171  453793
16853999  16853338
16881506  563670
16862492  2068418
4798855  8022695
16851527  773078
16851527  1878712
16877582  5467395
9536686  4860708
16871677  16734615
16889229  7161301
16890677  3725501
16882881  10646833
16885295  14069421
16891727  9040890
16895357  5986980
16894614  7856959
16859192  16664562
16882514  6458793
12866834  11325415
16882979  254197
16857346  674628
16876628  9695016
7172038  3113226
16895793  2529743
16889180  885009
16897297  9828887
16898045  16896311
16896536  1324788
16894927  13717012
16883414  1006521
16887225  12240030
16899180  513832
9808141  9808344
16898453  645667
16899603  1412863
16896186  4778781
11421177  7559242
16816726  494143
16672578  3236020
16879943  6094403
16893571  11126067
16899158  16898546
16900495  2456344
16900495  5952626
16897598  94882
16892481  12573816
16899332  3033329
16901351  2036956
16881195  114180
16895458  16613857
16875666  2741088
16901843  6439140
16883622  1729051
16899257  15659809
16897841  2496455
16899662  10142662
16899953  3799677
16894464  4465541
16901163  4208530
16898606  114543
16895855  13818839
16901309  3619693
16895325  7650071
16903637  5560176
16891615  3150942
16903502  240178
16901990  1373423
16901990  3374622
16897565  1451009
16897565  6487366
16889752  14274982
16899698  2643715
16896636  6035071
16895697  1059459
16896257  3068534
16900928  7039130
16904821  2059255
16904821  3232965
16897007  241003
16905629  1732348
16905629  3577641
16900900  16898300
9396594  1024904
16905732  16886024
16892907  7856959
16906211  16905806
16905246  3314140
16901505  6089813
16907366  2973202
16907403  5410757
16907624  16906802
16904770  3649574
14845354  241003
16894554  6637341
16907401  6158163
16032380  15610906
5591875  412380
16905805  6368752
16906322  406121
16906322  952914
16904778  5781375
1976625  241003
16889145  1614772
10122157  4362722
16899055  28002
16899055  103512
16769961  454601
16859507  9428038
16885809  16596969
16862028  142003
16591755  13226284
16655438  13384653
11273001  7485493
16881351  2667065
16881351  16865294
16901346  16890250
16905158  5854317
16910983  400314
16910815  506282
16911166  2880563
16897043  16896026
16908363  7613274
16902359  6663765
16907431  15618309
16909164  223771
16910063  6343166
16912645  14253299
16909186  16907091
16910653  5844465
1256812  5143534
476021  355787
6655465  9304
6655465  4923630
16907845  2984786
16911616  3443606
16907226  6314733
16910359  3181217
16909458  2008592
16904905  191881
11165326  9304
11165326  174198
16908091  1012571
16912023  11166580
16908594  2602612
16912961  96759
16912486  5206888
4312801  1095034
16912474  3577641
16911908  1369801
2152014  271318
16914216  492994
16912824  183532
16909585  13532119
16911570  4244896
8347371  1568091
1545297  3310186
16911476  13840429
16912154  16895139
1056797  398037
16908573  16892710
730160  9304
16910265  165082
16915215  5965044
16913586  14598038
16915500  10320883
599419  1268591
16916319  14605440
16904787  15661289
12673666  7556194
16917310  250134
10422275  15678520
16909876  433895
16909876  8654837
16909302  2661766
16915800  2658083
16915819  355550
16916966  16912759
16914187  4532486
16911508  7366775
16882406  15363259
2554525  398037
10217315  398037
16907299  15824504
16895630  12166335
16892368  796476
16910535  3602827
16886557  886722
4126919  7190572
16892964  624137
16889498  4684697
16895050  6301492
16889615  3856274
16886431  2201925
16889060  6960678
16893675  2014619
16851290  11035850
1095034  629029
16886818  1056728
16890139  7217931
7522782  6450907
16893792  1968015
16894014  13198131
16891841  6351271
2366813  548541
16910305  13944216
16918609  1452261
16918609  1948506
16909060  16904846
16918713  12054818
13352496  2959567
12214333  2168484
16917432  5429390
16916742  14541458
734760  355787
11209885  9719993
16873639  15157031
16919145  1170756
16919145  1565100
16904662  1139390
16920435  3119075
16903350  1809347
16921548  1225667
16921548  14220321
16921803  3438670
16909179  3530780
16912063  16895626
16899979  10882543
16922325  949433
16922325  16757172
16918803  9942605
16920314  12144878
16836327  6491463
16919795  4074399
16920533  206997
16918366  13544236
16924626  3615147
16924098  949433
16923512  3911966
16921329  158706
16913905  307313
16925435  4535328
16925435  6194950
16925501  8779799
16925638  1084146
16919289  458550
16925787  13230292
16926319  1641957
16924830  8386987
16904333  5522097
16926174  1013239
16927891  2958684
16927464  679520
16928491  36932
16923903  1590831
16920157  14344248
16924456  5210535
16928895  7592129
16928004  1924464
16906111  2196869
16918321  9789282
16930055  16926144
4146538  5143534
16927321  1667630
16905641  16897701
16914860  1962247
16672659  10829734
16609285  11775692
16910345  16870097
16920412  9965224
16892523  901115
16784644  16786283
16580736  16538102
16458536  2150108
16930593  7584489
16922688  5339200
16925142  4484246
16908432  9984196
16923468  566922
16923468  3749231
16927153  16692344
16914958  16835038
16922102  8631743
16932466  3139633
2073159  1095034
16930279  2973202
16932670  92082
16904247  5574462
16932010  1094872
16932010  6457130
16927855  3577641
16930720  11927395
16927447  14028959
16924940  2338439
16926497  124462
16925584  3269186
16929958  6211613
16926648  4766205
16908143  2190236
16929134  11337838
16924524  16349476
16927499  4280235
16926757  1056728
16930099  16870038
16936053  949433
16932638  1617630
16932638  8554292
16929370  6929416
16935927  2690866
16932537  6625551
10846499  3773480
16899594  16857961
16920498  9706484
16936814  16934885
16927747  4616202
16936869  16841578
16934691  6877281
16938597  822810
16932581  16930647
1025906  1462528
16935942  234866
16915343  3533370
16891323  10984579
16914076  3510395
6387238  1525385
3292633  3806245
2811121  2592501
1998159  1525385
16896740  15596749
16917141  16913897
4348810  51438
16910525  5187741
5804617  4744187
16913466  32369
11564583  4427238
16913514  14911634
16937897  127001
5660874  626898
16917764  4456342
16908659  5356655
16940245  6997909
16940245  9606050
16939944  899539
16938537  858036
16937674  4114742
16941028  840781
16941028  1960473
16941025  105770
16927175  11822645
16941182  16939929
16940165  129677
16939544  16940875
16940338  8849518
16942334  248603
16942334  9988937
7790177  949433
16939380  7807360
14020786  271609
16932228  15629189
16932573  8976148
16942775  11874871
16937068  4659134
16538524  16020164
16774892  16769363
16921062  14405053
16939720  16933152
3327002  2233144
16924126  309424
2964315  1345293
9867855  3230225
16943952  2699086
16936963  7970331
16943363  60174
16943363  574805
16930494  16929738
16941059  11529397
16941059  14354040
3875103  2024179
16924426  166221
16942809  149055
16942809  2901102
16923109  16922509
16942416  14220321
16942043  11901427
16942901  845848
16945295  508509
16941515  4007616
16907836  16700035
16945101  1318467
16939651  6717514
16919980  16897605
16944809  1077600
16925026  4522447
16936055  16401704
16936406  16870198
16935301  2057146
16946905  2188199
16946234  6451781
16945902  5284147
16923022  3169825
16946397  1276764
16948279  180172
16943088  183791
3445370  3445678
16918884  6592602
16936391  6047117
16926741  9789333
16948995  2316610
12341507  380451
12341507  1154350
16949868  3445427
16940535  7853904
16950203  16862058
16941179  12589274
16950261  1359018
16943671  14443778
1154325  759966
6973586  759966
14304459  14335536
16947435  2933347
3232485  759966
6664562  380451
12464111  380451
8704525  1005264
16951921  16889732
16917840  16917321
16949618  4261133
16948202  3174092
7402104  380451
16934153  4614775
16952605  351409
16952605  614126
16952458  9252849
2024179  1582285
15513467  10722110
16946370  14048170
16951472  1183295
16948028  16888258
16951259  502960
3370721  2791503
16952569  3053057
2390723  1582285
16947925  2896600
16953753  1472048
16954097  605630
15661823  6051395
16941332  3951454
4352532  4148000
11608976  380451
16934521  5260314
16946033  7568072
1124221  759966
16954007  542938
16954007  1968167
7761959  1582285
16932850  4590490
16757370  9316637
16921505  1097155
16952258  3627107
16953747  1881716
9940932  380451
15457571  380451
7160343  759966
3497196  2902394
7109806  380451
16952316  16929991
2791503  2024179
12987799  759966
16947162  6450780
16935732  14971511
2545027  759966
12183035  759966
16956376  8028957
404557  308466
16952168  11321491
16956702  3106537
16956702  6961356
16956702  10901020
16956006  16917043
16952313  2113216
16957249  1244555
16956001  1372737
16957553  4623105
16941350  16636581
16944761  8662976
16956903  123181
16928787  60174
16954357  4293227
2066446  380451
16946149  3067913
16941290  16759796
16941977  16925550
16959792  5629111
16956522  6910002
16950560  10331305
13062890  11854514
16955448  8328908
16959476  503093
16959476  1226714
16959476  12508225
16949879  14568291
16959256  16958467
16933052  11922383
16960428  14950750
16958111  2680607
16948850  16220456
16959380  8456538
16957806  3626250
16938266  13668588
16929960  7577236
16957601  2360252
16961004  7188133
16959965  1039017
16959361  2442525
16959361  6552517
16921372  4350299
16959522  16933760
16956087  8325034
10905953  3973461
8165917  3973461
1096862  945691
7615783  6630770
16962094  3737139
16962094  4705838
16961725  625083
16961725  8609153
16916132  15702891
16958026  10324186
16941710  4325587
16957810  15207995
16953250  16953414
6724409  51438
1937903  51438
16932328  1518417
16937396  9008975
16936544  4261133
16962994  2361426
16958701  728295
9251111  7199940
16959127  12528049
16941232  7016632
16931232  6956325
16960613  16957749
16964115  409496
16933700  134845
16941556  7824730
16963808  14614306
16964029  16963409
16964456  5846125
16957686  11365791
16964282  537044
16960987  3532873
16931136  1827058
16938139  16881761
16966150  1483504
16958180  5875414
16939639  16878062
16966145  16965695
16964955  8236521
16964955  9955714
16966381  16963219
16934852  2755950
16967258  9815970
16966981  44917
16955379  1087061
16959267  5053834
16967187  6270004
16946571  1827058
16968076  1568091
16968233  3225891
16968233  4459821
16968493  1711990
16961835  922528
16965855  6607550
16968193  10468509
16968820  3860280
16965647  11796530
16970463  8410294
16970463  16637114
16949436  16870038
16969531  2487171
16968397  153724
16970447  1331779
16960704  664432
16971610  7641876
16971865  4417316
16971865  7426127
16971848  2786946
16971848  6230448
16969137  485525
16969768  315911
16970901  9922543
9885073  874363
1752372  1718415
16956509  12837965
16938700  27857
16972353  464864
16974810  3737139
16972369  4764347
16956720  10768170
16973444  3991182
3756036  1544979
16968854  9175857
5636218  3763037
16971948  1090458
16970488  10904911
16958115  4838400
16976355  441203
16976355  1556229
16961741  4619211
16973688  481900
6801486  874363
16971247  3583724
16975494  11148575
16969841  4074937
16933436  10744798
16970443  3963855
16975144  2973202
16969348  4287830
16977673  516399
6818342  1977934
16967828  6999845
16953897  676097
14374026  11893479
16965067  7578930
16975101  455476
16080098  4406524
16956623  1460892
16977852  16976981
2983820  874363
16972496  16849992
16973466  8369379
16965860  1267869
16973896  5280645
16974704  776807
16968294  16950016
16977592  1358510
16965552  1985067
16975978  2292004
16969595  16969252
16971158  1665511
16974114  16920693
16942627  16940017
16978985  4885306
16959143  13250561
13784713  3038033
16977447  10444091
5628901  4754815
16978415  3723316
16976314  338206
16960357  14398756
3119155  3121957
16976810  1657282
16979603  253314
10797309  444798
16979959  16976150
16962480  16953998
16956907  5425627
16952398  4624811
16956482  9951045
4850053  4408104
16979997  16874836
16980158  4840802
16980343  279966
16979642  3948206
16977319  471432
16980421  203984
1230464  3776687
8243273  501906
16965613  8028957
16965318  4882307
16979934  16978286
16964293  279170
16965084  4868904
5692968  14478574
16979522  7559121
16982312  16779540
16976464  1049228
16977009  9043683
16984670  4772752
16984670  8269048
16960853  11755649
4408104  735554
16966330  1383469
16983739  11833504
16961481  16949060
16980375  1057867
16980870  10894122
16986066  16751946
2348910  1714405
16978276  4050925
16962550  9732912
16982012  4488035
13737794  13439278
16976796  16984983
16976908  16889814
16961987  14348586
16977459  493210
14750143  12395200
16987159  14539267
15885233  10694918
16972121  2513713
16987628  90871
16986496  186891
16986496  4812592
16987132  11992851
265619  233478
16987839  763579
16984462  14984664
16983912  5455256
16985359  373833
16985142  6483032
16988701  16305318
16987298  1941260
16908455  2353346
16986651  4831523
16989473  2615498
16989473  8514466
16989739  845058
16532679  9789733
16965929  10349206
16987742  1211212
16990689  949433
16990689  4176328
16988058  16970403
16989139  16970403
16989139  16988058
16990957  1822350
16990957  5747123
16989880  16988946
16989279  10475755
16988716  748491
16991280  40480
16948334  16966440
16966858  16967446
16953026  2364581
16897944  16896480
16991675  16964799
3622715  595946
16984611  9500240
16989215  16989704
16992435  2710300
16981676  1254570
16977469  16667072
16988118  16989876
16989098  501412
10860210  10849893
16992317  1132941
16993933  8377925
16994589  16983343
16988514  15129137
16985377  16935346
16991233  5432681
16969220  7342237
16994603  16991739
16995753  312443
16979252  2188049
16992144  1366837
16996228  60174
16996545  17434
16848259  11524356
16993126  16941330
16991719  14964024
16996600  6434970
16997042  1349542
3273315  261139
9035052  6851612
16996854  1530353
15803795  5327222
16993161  16966904
16997570  10711730
16995483  9281438
16995440  10943033
16995440  13904149
16998398  311165
16991516  11234842
13939137  8793246
16996858  2662778
16983788  217980
16997548  97459
16999874  9698816
16978431  2871558
16985218  8067115
16999264  3129899
16999911  60174
16970139  4224495
16987716  10556719
16999453  279170
6807788  7072989
3075620  7360849
16905718  4458696
16905718  15896493
16977228  14767629
17000265  3480320
17000265  11870508
16999666  13045692
16999797  12760229
16999797  14298710
16995317  12623651
16978216  5984690
16995778  509211
16997509  13826119
16982968  2720288
16991846  16331430
17001910  7509410
16988895  16944308
16992811  9152165
16995635  2045791
16998900  1960240
17002517  7026507
17003705  164194
16982013  4742637
17004254  1053592
16995608  4349982
17000103  13870982
16998202  2855857
17003238  17001263
17005095  17004128
16964696  1122418
17000576  513832
16992561  3903196
16992561  7810074
17001813  14237221
17004352  17002831
17004352  17004044
17003025  3106452
16982885  7787020
17000155  321239
17000155  13514932
16985132  6491463
2966796  822452
16981885  6131651
17000279  718554
6110076  5623652
15029366  6270004
16973283  16953896
16982409  3372380
16978287  4041927
17000100  898688
1415140  630803
16983463  5968559
16995868  13822927
17006186  1704407
6298008  630803
3422407  2787506
16983435  9626535
17005980  273908
17007601  3756323
17007601  16077299
17001008  8639191
17004053  16132341
17003536  6491463
10126925  2787506
10126925  3422407
17002775  9688870
9727111  822452
17003110  16510610
17005822  4908906
17000960  16173901
17006585  2883181
17004489  16990822
17007390  3413586
16998416  10304680
17008026  3729169
17007210  70689
17007210  5759596
8708612  6851612
16976904  126100
16975853  3057529
16991841  4238433
17007451  5667764
16990764  1056728
16989559  16989195
17004930  17003114
16988786  109086
17008133  3389501
16983774  2397534
16994400  4417749
16984846  6610300
17000663  1888765
17005725  5918451
17005160  920353
6063203  56107
17007233  17006662
17009890  16942334
17009418  1225667
17000271  436120
17000271  6307684
16902370  14028959
17007450  9922543
16979217  387707
17004678  9554636
16998618  5113016
17002101  17001808
17007051  180158
17011238  13195738
16999542  4600325
17006651  17001096
17011787  2207599
16085101  15762943
17011740  1682231
17007881  3504986
17001030  2979384
17012051  14220321
17007964  2157035
17012325  513832
17012353  513832
17012074  6343166
17007886  880530
17012434  2690544
17012434  9929585
10732105  17772
16983254  5357397
17000632  7604966
17011176  17009690
17012795  17012554
17013137  495021
16984959  55871
17012880  2851404
17013325  15261509
17001415  123999
17013603  1736833
16988299  439298
17005762  424800
16985202  1225667
16985202  14220321
16982040  1056728
16982040  8842329
17014032  3737139
17005371  5439529
17014426  4142809
17011895  2564258
17011895  5479822
17014682  3737139
17014682  4502587
17011026  12940431
16995467  1144783
17004976  16596969
17015095  1297299
17011212  10166878
17010224  4255472
17009586  6030087
17014003  12077669
16990620  8172338
17012711  2309970
17010077  13854425
16933333  3210755
17016110  9081479
17003592  1905846
17008757  1230854
16995308  2839508
17016616  3570687
17009812  2661536
16970519  3135569
17016154  1566595
16966903  4981891
16947683  9523197
16997343  2192700
16978227  1760525
16233890  3577641
16952901  1300088
16947932  9292529
16963659  3433387
17014757  513832
17009238  905355
17009238  14295426
17008414  1256331
16988347  16987619
17004612  16292498
17016323  5422028
17016323  8564833
16999011  4675728
17014770  9032856
17011749  5131897
17005684  7467183
17017497  2405771
17017606  3993759
17017716  16113848
10846945  2042222
17017759  3353745
17017759  10977812
17018062  3577641
17017836  10855908
17017836  12694588
17018330  125319
16986903  3635511
17012628  164979
16959441  10930007
17016801  6224830
