17263705  5422918
17253338  10250671
17252441  1385843
17105815  11534356
9226430  9171488
17253579  8578659
17250875  5207506
17259000  6178827
17251173  12382319
17247194  4520876
17264984  1662909
17265429  9268842
17261422  5863632
17265655  171970
17265655  3095696
8684395  2087103
9418952  2087103
17254187  12292035
17265658  9097994
17265658  9189172
15708638  1679559
17191964  388996
17265775  16724917
17253678  44917
17253678  1018822
16916055  13734431
16913044  1737627
17241243  1690642
17245842  356126
17265860  13232119
17262960  17232233
17259177  794598
17259177  2613310
17259177  10525582
17245821  1215260
17245821  11447598
17267668  1758142
11175568  8020947
17263520  836083
17252817  8576807
17250088  2565659
17264828  17255334
17262505  3005124
17076627  5399075
17255851  14081982
17264314  16924273
17129635  17125602
16806110  13176611
17148845  1732348
17048752  2820660
17048752  3191536
17246556  230348
16913820  4660142
17259779  2915748
17259779  8020947
17259916  1795109
17267834  4261133
15487386  9171488
17244008  9053687
17241862  400212
17257612  17254018
17263483  5543651
17255168  6766330
17265036  1372916
17257198  10406744
17198031  5404941
17269055  14845504
17267438  14220321
17258630  4609872
17268561  1207008
17268561  8036167
17269144  5518345
17259616  4318572
17270170  388242
17255752  3438111
17266169  15040955
17267864  12734178
17266208  508269
17269940  16305318
17260793  17032398
17266233  6800613
17267004  3404975
17261481  9872419
17268410  388483
17265505  17231675
17270490  7631048
17268808  17269441
17262319  708649
5167254  992348
17271520  8824587
17268519  7315498
17254018  237327
17267916  12312334
17268659  2021374
17272269  3381403
17259168  6892942
17271833  5758084
17264560  2339177
17266010  10579704
17264733  783897
17272094  4837399
17268029  453479
17251008  3439082
17272283  6343166
17272283  8706464
17271882  513084
17266406  1187970
17273777  704614
8399917  266015
2529181  116865
17263095  2757107
17266591  1151582
17260910  17258140
17274202  17272405
17274121  8021436
17274121  15090942
17251266  2141520
17273524  2126522
17252466  6558921
17267277  8365346
17274023  1359018
17274023  1525664
17274140  7446655
17275063  8028957
16358228  2620444
17271457  1091372
17272403  1281641
17275111  661562
17275111  1726630
17272019  549689
17272019  3822024
17272019  14305723
17274735  1443164
17274784  17274351
17273478  6932745
17275652  3726721
17271104  7911151
17274032  8649828
17275994  1771786
17275557  10360577
17265270  17057941
14951811  1319903
17265733  1001540
17276077  1118581
17231196  11235370
17276465  5552462
17268800  3482346
17259311  4858026
17274589  17268444
17274381  3207105
17268542  804951
17277339  8229136
17276331  6023548
17276331  17150697
12156970  748276
1885449  1879288
17274733  2255861
17274733  4510913
15059948  14581056
17251482  17251148
17276093  5618925
16941240  16859386
17260288  4976539
17260288  9041753
17257663  15921203
17278505  5464183
17277396  1433204
17271522  4244896
17276561  8224375
17278858  1441532
17278858  6160146
17278858  16985132
17263899  11831672
17275189  5431351
17279060  6111368
17220809  17221278
17279519  5113016
17275382  2448472
17276071  11922383
17276562  10309197
17251454  2973202
14472678  6882196
17280120  212321
17146244  17145327
17277035  3633262
3508995  1077481
17278339  4612255
16176446  10879820
17275418  9478262
17215952  2089184
17268447  13174568
419943  21558
17274383  4778113
17283857  17283533
17284495  4986756
17284891  152975
742964  744523
17235798  17227092
10233732  9691847
17285517  114983
4603133  2126522
17285727  93039
17286535  6259515
17284205  931113
17286650  3319586
17285183  13782201
17280519  17280132
17283915  17281477
17286548  17279347
17257791  4697220
17287107  8511035
17258150  726395
17287183  14914254
3876407  3060112
17283493  395401
17284863  17280809
17276296  106725
17103254  17102105
2803028  2706913
17286567  10359683
17289065  2793150
17289065  9954731
14331252  13386681
17271311  16912518
17279538  7076282
5432587  3895940
17278703  6051223
17289798  2149892
17289791  701078
17289994  5601222
17286065  3641920
17266098  16739300
17290295  5649248
17281497  4082966
17290718  339699
17289817  8249207
17291437  129178
17271488  11883768
17273567  17172760
17288958  603572
17275052  1052818
17290241  17289990
17290336  2151959
17245972  1656797
17262327  3929342
17290076  423379
17286463  9697916
17180396  1301935
17284774  513832
17283192  14858476
17182001  2690504
16813262  1604464
16993344  10378292
17288154  9820138
17288128  12298725
17289903  1957290
17291389  11408427
13662208  17252816
17288577  6682009
17292534  6982692
15182029  901115
17283041  279170
17267819  16777128
1642458  806000
17280281  6343166
17288778  16079588
17290296  17232136
17291758  6343166
17293193  8870639
17284770  85992
17291039  14220321
17287510  7217176
17293680  3542083
17292087  8574442
17281593  10399060
17292002  11515924
17287490  2214387
17291538  6684397
5182938  4997252
17290805  9047939
17291067  194397
17291067  2222355
17287125  2266646
17293370  14918237
17270701  17269318
17265428  6129825
17272380  17280145
17292682  2033914
17295015  2442314
4881352  2442314
17287100  400706
17294546  5490095
16702471  3076414
17294004  315717
17295526  7284344
17296321  2370732
17291106  481970
17292170  6123499
17292278  170686
17284865  2253586
17294646  6343166
17294646  9745859
17296426  2269840
17296714  3148937
17294662  17018748
17296374  2786303
17294579  1266176
17294579  11413846
17297132  6559996
17297203  3390396
5847598  100995
17292787  61552
17297912  3737139
17293015  3022358
17215015  10361074
17296585  2064850
17126726  13211812
17298172  17260242
17298159  13212624
17299073  8136788
17299073  16566069
17299538  274626
17297967  17289093
17298817  8274202
17279935  17098910
17286831  2079828
17297871  1885557
17288218  17130865
17292506  2842579
17295957  4343596
17296310  5548746
17296050  17296058
12019033  814086
17294629  6404856
17298269  4284986
17295550  8434918
17300799  1195030
17301401  5368744
17299288  1854
17295910  2150938
17288201  8547778
17288201  13866962
17300392  17293724
17293339  17293890
17293784  4333792
17302042  3253641
17302042  14033342
17293811  11231471
17297519  7483371
17297519  16174105
3876107  3875780
17298610  684672
17298610  1007981
17049828  844835
13866962  8547778
13866962  9634754
17302497  2184646
17301874  6950395
17299182  3265357
17302096  4445219
17283143  2225435
17303662  2464222
17303032  2212823
17303874  12475269
17303874  14220321
17297492  17294905
17301608  14334970
17294136  4290672
17303595  17244386
17303009  8842573
17305081  750486
17305799  17305445
17305478  2087682
17305113  2595392
17294343  4760285
17306428  704636
17290376  13618706
17306978  194852
17288112  11688171
17307048  2448203
17306764  17306484
17307249  4119324
17307205  3792766
3006708  2176246
17308264  17305696
17286295  11475423
17308376  17305429
17306920  11178673
17306920  8700870
17295523  1169571
17308313  202011
16447528  1401517
17307523  1151667
17299941  486757
17307958  6447045
17307540  4867559
10094738  17308921
5320885  1607336
3493193  1607336
11772498  1607336
17305165  17304875
2330302  1607336
17309631  1087920
17306830  1056728
17303814  12154689
17307036  1077600
17306098  7751348
17306532  11248363
17309199  11581543
10907763  2105044
17309001  123559
16918416  17208296
17309042  17307437
16801240  16716522
17269106  5117127
17236018  14104120
17310175  1127328
17310085  2016894
17196699  1882035
16855404  5376732
17087330  10492401
17227071  17204235
17092952  10428230
17092952  10687596
17307722  17292548
17305694  3755606
17311216  4589951
17309499  4459379
17304849  1217824
17304044  3464498
17304147  8000022
17304535  1732348
17309167  496702
17308422  4262081
5987746  43955
17312670  949433
17312826  2577305
17311541  12008580
17311002  3127429
17312103  149573
17312550  5458129
17313402  761194
17306317  17308011
17310786  30036
3487226  1354728
17303419  5965044
17311842  541487
17311638  2391780
17297202  9893667
17313786  7872356
17308888  14505331
17314700  1458724
17310596  1669645
17304455  5806101
17294968  17292492
17315124  15319926
17315343  2634123
17309091  2822962
17305731  15110484
17305780  6817479
17307479  17171148
17304265  1801197
17305432  16970840
17311976  5133567
17306228  6433790
17299424  2391660
17290133  5808788
17290133  12238635
17292811  7476853
17289128  9427056
17266332  1223340
17289771  1441106
17318505  10021565
17317345  224732
17316701  4675877
17316671  5917203
17319958  3577641
17292972  3118929
17297061  1839319
17301122  11850521
17301559  13359818
17302783  3737139
17304330  10623088
17305198  933331
17306277  3470098
17311382  8773048
17311382  10282787
17312336  12380758
17312377  11178434
17312891  639531
17314926  13840429
17318993  2512362
17320427  3572463
17320990  2170320
17316606  14337682
17320313  3044573
17320313  7789043
17304225  3764291
17320849  7457635
17317427  16373734
17321644  628950
17321644  3169372
17321872  9439240
17319718  8305288
17313761  17312935
17320138  249222
17312501  8103725
17317336  336859
17321012  761194
17321012  56867
17323296  5898656
17323164  57483
17323043  4624536
17323043  10076689
17321960  4983150
5685497  5685749
17318350  9966394
17314879  610995
17318170  7566238
17323790  9292954
17324319  17324323
17324319  4119672
12590480  4062022
17279110  17292636
17281051  17202810
17325772  7693315
17322124  5263385
17325805  9072688
17321845  11474430
14991377  14865726
17316070  17315060
17325788  2885637
17314066  17291623
17314280  446892
17315260  4716680
17321687  9825012
11790965  1592665
10903463  8615422
17325310  3434278
17322178  4896479
17328775  7637489
5183328  5378819
17327842  2846283
17322078  13868132
17308467  2446764
17329247  2676603
17316365  16132341
17324742  995914
17314264  1635116
17315693  11741836
17315267  10610282
17329701  498970
17330114  2426134
17330813  3720563
17331464  10092074
17331006  5926103
17331747  137975
17319251  17103925
17315467  2466975
17331667  5758084
17331667  15102499
17326990  9075159
17266398  17241170
17261405  17260851
17240681  17240250
17332403  876473
17327935  6394812
17312087  17241170
17312087  17287635
17327724  2767126
17300896  13507522
17308348  415602
8700870  11178673
17327554  17327021
17332267  881085
17311738  3921412
17312196  16458185
17312196  11467874
17334287  949433
17332744  8747439
17331117  950087
17331117  4634644
17324831  17315254
17334603  17334161
17334804  943795
17329027  7401967
17334643  17334448
17334302  5965044
17335112  8028957
17334980  10590526
10369373  2442314
16786778  1038070
16786778  6924195
11227859  5943555
17194625  12942225
17336186  15990857
17335888  195951
17329274  13840429
17329462  9959727
17334554  767999
17334172  161738
17326980  6626838
17328345  3300527
17315371  572897
17325821  14190877
17322365  10549327
17330702  2989284
17322163  1677824
17327609  10612380
17323713  6677035
17323019  9263744
17281125  13477970
17334226  8458256
17325248  10949440
17317452  14335757
17337686  4614114
17336930  1045316
17333862  235984
17337847  451426
17338533  17337372
17318672  17183803
17338229  513832
17313984  1088016
605070  3121596
17335120  3097244
17326762  11804332
17340483  1795244
17340483  96759
17340483  2699086
9983447  16889123
16397638  3962558
17333762  3078660
17326581  3404508
17336916  17324306
17328810  885009
17331440  5427467
17340539  513832
17341068  17341103
17330472  13798519
17330472  16145323
5518832  1069373
17341975  5481539
17339525  2415619
17341904  591094
17341920  2259476
13244001  4547484
15055153  3006407
17335266  17318380
15012821  13708496
17341913  4954814
17341293  279170
17342015  8898404
17325903  13679710
17342170  19412
17341819  123559
16644373  10352236
5046360  4396849
17344115  940905
17343777  12423614
17338951  6343166
17333806  8314310
17344457  492384
17320632  6288554
17337160  13708496
17343676  17326168
14864734  13886763
17333845  15797711
16147306  11081993
17346014  6501043
17337382  17336943
17345898  5752906
17345800  899539
17345800  1745166
17322682  5614735
17344708  17291602
17326987  2853483
17342987  2778597
17332340  4800512
17327178  17311105
17322679  827014
17342741  17325920
17326164  89228
17347233  8440816
17347233  9270092
17322294  2316764
17345545  4276061
17328307  2246655
17345921  2430578
11327653  5329648
17341836  13550864
17342950  1066589
17336054  312443
17348610  1771786
17348610  6259982
17326469  13775791
17347018  14155360
17347018  4892152
6900955  4576115
17336038  1880530
17348481  12019638
17340776  3976899
17329119  11109838
17349338  13900899
17344579  4876037
17349317  761194
17349608  3059232
17349608  5594139
16166258  81180
16272362  9287823
17349976  3057341
17348833  17065794
17348394  15161261
17348775  13514932
17350570  597720
17231721  16805825
17350299  1568337
17350299  7816244
16459444  5455872
17331495  3577641
17335463  4703060
17329731  17242282
17338026  6843030
17343701  17028478
17348164  370114
17351057  17350461
17352582  4902565
17323896  943113
17353005  2973202
17351571  13790475
17353299  15875013
17349764  13836772
17341099  9711489
17337232  11356911
17354428  17305306
4561097  5460129
17351009  2201216
17351009  4685146
17336269  14512936
17336269  17333626
17349921  12691876
17334786  9482912
17351427  5012886
17355571  3766827
17355571  154136
17350550  3879000
17356659  17355558
17356239  513832
17344990  17231721
17356792  2081932
17348438  4924864
17352754  1126726
17355799  15267423
17356101  13591983
17357525  2002174
17353191  1485138
17357528  1930459
17351613  8872511
17354816  5874652
17357574  16944886
17354609  4244896
17354018  1005153
17353505  17192051
17359320  2925223
17352873  9731521
17350617  10616746
17355977  10922888
17354758  6646052
17350242  8770958
17358536  17281073
17351266  11953348
17244720  12057748
17351622  2195904
17351622  13022834
17045524  16943910
17278079  3023264
17278079  11189374
4858618  3637858
17351832  11432556
17348226  8581766
17155357  17088361
17182950  3178350
17351841  13417011
6593980  3378234
17348448  10152904
17360957  1607336
17361012  1135841
17318598  17334919
17358311  17311429
9906923  9911443
17356770  1207008
17352430  518000
17357099  2901102
17345263  3619570
17357700  728196
17359484  10193253
17351513  48239
17354212  7833926
17352192  5218721
17359906  56107
17354691  17299581
17360854  3072356
17362898  5229809
17363597  391005
17348734  298745
17359370  17007721
17363942  96759
17364360  4546111
16256506  954834
17365509  659013
17365567  731649
17365262  203198
17365362  7582965
13931458  5233560
1527513  5706086
17366145  183831
17362782  16334860
17366284  2938476
17366284  10983573
17365135  2499176
17366597  9508518
17361984  5864228
17362665  16805825
15728330  15038252
9043325  4095946
17346286  1739804
17367569  17366936
17362571  13561189
17360683  7347203
17351239  1101750
17347322  6382526
17347013  16819470
17349707  14913441
17361285  12769982
2259382  82831
17360151  387736
17354756  4965159
17368678  17367656
17367812  4633177
17369238  17368374
17354098  8356845
17356362  2269840
17359693  2822962
17368753  17367683
17345669  1988804
17352867  4728607
17357727  4421706
17358525  17358083
17359781  4591915
17368985  17340966
17357607  376373
17368652  512528
17367695  1227286
17369098  9539513
17344716  409496
17372982  6937760
17360028  17358462
17372533  158174
17373157  859634
17355623  17373050
17363792  2100353
17364910  1711631
17371280  10793585
17369791  7856959
17369522  11578123
17373188  3480320
17373188  11870508
17361260  925377
12887761  16026145
17374275  3340511
17359832  4531218
17374277  2973202
17374539  11597515
17366719  8549757
17374463  5598668
17367149  14546742
17366890  203198
17374651  17223308
17374651  1923273
17366320  5666599
17366320  5680050
17351016  7943751
17364956  3898574
17375017  17351314
17369129  28637
17371688  85190
2170500  260666
17366495  9293423
17357464  12769982
17358201  2279662
17374465  16565995
5517953  76314
17377264  3847878
17371500  1910095
17240183  16113036
17227844  2808888
17227844  6066776
17375265  7167085
17368836  17368374
17370093  12336035
17360456  2300744
16850081  5370539
17123876  10503932
17179228  4023273
17145753  4364971
17265894  686439
17365747  7498658
17372256  11273353
17349360  17192226
17377141  1978456
17363121  16301735
17373861  7874727
17356530  6019778
17374387  9421797
17372756  6725223
17376825  44715
17377754  2069863
17375685  4614365
17360250  2086598
17360228  17377435
17355904  17324790
7308754  6074683
17369032  541966
17355478  15623347
10926903  410391
1297272  1199190
17372654  3661464
17376396  4093895
17370764  1243066
17362155  885009
17376027  10607760
17346363  17344092
17377838  3013449
17379437  10572643
17374796  7387937
17353310  525063
17364658  1574837
17379384  949433
17379966  17379687
17377354  17006239
17365385  17363844
17357769  17357468
17363216  6343166
17354573  8656447
17379977  15260945
17380125  310870
17379906  8228281
17294844  9605913
17381242  846585
17381446  1654444
17357060  2712967
17366968  14858979
17381819  2773824
17379024  17369855
17377651  513832
17331026  12452109
17380105  299802
17381624  1483504
17382301  15133626
16595009  10533917
17373496  7197919
16730102  11937256
17382587  2367398
17382755  1076348
17377774  6439579
17377774  15844213
17378602  7486085
17383970  3448777
17383970  6439140
8022477  192907
17369140  9790448
17369140  7244321
17377973  11722400
17379837  3339117
17381392  805107
17372257  14675201
17374114  8808751
17383876  5909223
17354071  17347024
17374604  17357326
17376474  5672697
17357717  17325881
17372916  2554531
17367987  14853243
2677000  1115001
17369637  16943968
17384960  16350550
4810349  1895476
17386794  3483156
3905718  788277
17384335  2135267
17384946  9544299
17374440  6260787
17341704  16305685
17384770  17384065
17378422  12476440
17363369  4595334
17385463  11079587
17384280  6289474
17355633  3254758
17383230  970850
