17383274  2239623
17385039  2785485
7405948  4096851
17382006  3844391
3615549  3288513
17382648  5901664
17388757  12829963
17387450  3873215
17386111  8028957
17133940  16683495
17381640  9605913
17168496  2335888
17389635  5187530
17388675  2982935
17388868  4133366
4447103  2499960
3521097  2499960
17388163  1179945
17387987  4176328
17385492  5112282
17389778  3577641
17388918  17388112
17357959  223918
17390196  17390713
17386488  8927727
17382251  16959576
17389851  538666
17136467  15101366
17387543  3442394
17387582  9387765
17362404  17344390
17374255  10976706
17386100  16959576
17381772  16959576
17390875  3650689
17391639  5812493
17391401  1586858
17390654  8538427
17392146  7090131
17392277  3820666
17390924  17390556
17392275  5531306
17392505  795286
17385148  6942150
17381058  10182387
17389661  279170
17389269  279170
17379156  11321491
17391991  2486329
17392353  1057431
17392353  17236895
17382342  17382029
17391375  308695
17391039  12432252
17390766  2627706
17391847  9745389
17392316  897366
17387603  17379190
17392776  1063474
17393826  132988
17391770  495021
17389942  1068834
17387272  2597142
17390169  3393961
17394044  13209796
17394362  14220321
17394526  2295290
17394525  133051
17392299  8104187
17394505  2838490
17388192  5913927
17388242  885009
17388242  4085959
17377611  17376855
17394677  3565615
17376051  1148928
17394168  910063
17394168  1734511
17393593  17301307
17393593  8021436
17393593  15090942
17393593  8191064
17394961  15298912
17395772  17395559
17395921  8555320
17382160  7449999
17396037  3424860
17386707  4644524
17395231  7954280
17394838  2068372
17392781  2599198
17396693  41045
17396693  5200663
17391929  17255368
17395158  4907843
17393411  12723818
17391971  11586577
17396998  4008871
17397424  3232883
17382396  6525245
17397689  16149212
1688337  1771786
17397145  17396222
17397621  29482
12537921  8205071
17390150  17351966
17382242  6694956
17344175  6379283
17382487  3514784
17392079  3056146
17397344  1400465
17398142  228164
16922938  240178
16906566  60174
16906566  845021
17065542  2832912
17343084  6171422
17385692  2455654
17395009  3565615
17175712  3810570
17394934  7311996
17395335  1531093
17385597  16053357
17385456  17338460
16924122  787722
16924122  9875223
17365856  4687615
16464117  3876435
16984539  9899066
16961876  2546314
17395476  16798452
17397955  2783268
17398605  415801
17398691  8084825
17398552  5990654
17394184  16959576
17393792  2745265
17395635  1706882
17391437  5290994
17399044  1579033
17400378  283456
17393455  11284194
17398265  16521692
17391647  5344040
17400939  17364127
17388410  3340797
17382090  9904080
17395074  17395367
17388485  6455536
17396716  16115027
17401069  16536881
3410765  349705
17401962  3403049
17402692  13840429
17402961  17402870
5290994  3249524
17403384  4166616
17401353  661028
17400870  17400490
17401301  11201532
17404035  6270004
17404157  5450748
17404157  7205541
17404252  9323279
14887167  992450
12933294  992450
2974114  1912240
2974114  992450
17399337  13153819
17402144  11429655
17394511  17393696
17384371  8028957
3400288  992450
14570756  3410520
17137684  17186253
17399535  17186253
17402932  8684975
17402932  14624295
17405899  584948
17383546  8719276
17404798  178325
16498332  8599225
17404875  16346961
17406533  2464959
17404588  14220321
5927820  494035
17405843  970597
13167128  14774230
15096125  13300399
17392932  17405013
10955934  479125
17405002  3150275
17404308  4729644
17407129  8191064
17400759  203493
17405767  179439
17403420  8608145
17402680  462537
17298292  17250624
17404637  10127001
17402323  749796
17403908  2145988
17406320  2364141
17405753  5360846
17408633  3225891
17408633  15095570
17408357  5910705
17405322  8451975
17403474  1449339
17402903  7765810
17409961  16749121
16215878  12374289
17409663  999172
17402074  17399934
17405165  6290261
17410648  5932499
17410648  129267
17411243  513832
17402281  1319903
17399409  9188998
17400018  1347146
17408655  17395516
5242522  2605017
17411933  588004
17411941  2668529
17408035  2093096
17404249  513832
6206511  2929487
9484935  734930
17407150  4810664
17411249  750486
17411249  6487366
1835940  1794219
17412863  16359978
17412863  13652320
17412437  822323
17409416  4843640
17412248  4459379
17410057  2114757
17412298  1787939
17413807  8028957
17413005  4504169
17397464  6659042
17414157  5853014
17414157  6005544
17409187  537554
17405213  8284167
17414421  5605125
17409529  3192916
17403731  6335438
17410180  2505681
17411106  742764
17415086  2361945
17384246  4129413
17410762  8189466
8191064  8021436
17124068  2716069
17124068  4650442
17417350  17416950
17406433  2788510
17406433  13233853
17417302  32664
17405326  1037471
17405326  2961745
17240052  17234681
17223210  911137
17025659  5909873
17027838  441309
17413740  17408147
17373045  4836862
17266797  8553464
17346558  8083469
17384472  203493
16893436  16062899
16138098  11589210
17400131  5259938
17415464  4737311
17416939  10204828
17411892  13058458
4060760  995719
17418761  454681
17413498  885009
17419257  40480
17418973  6791464
17419825  2872543
17419915  5553001
17412833  12876373
17408664  1347791
12665444  3737139
17204456  136899
17406754  6302282
17419214  6315269
17421108  6491598
17421108  1732348
17421016  3737139
17401777  6728259
17411846  6343166
17422164  2399544
17422033  1841006
17420534  426258
17415304  786142
17413445  3505701
17419312  7906804
17415328  13818701
17407097  750486
17341855  14288579
17423787  6343166
17413654  466972
17423218  57483
17421736  12758338
17424451  569252
17425372  4680431
17424412  150446
17422359  861346
17419328  17089641
17394182  9983296
17424643  13092128
17295499  12728255
17426081  927358
17412312  17405541
17426203  398395
11636797  14754828
17424760  765396
17424760  4764932
17427206  1726630
17239882  14754828
17423717  17407900
17414158  12034909
16917698  196345
17424357  2939332
17424357  937313
17427633  1846882
13265697  5228150
17410951  3151207
17425700  674106
15729323  14754828
11209725  14754828
17421948  13102045
17424008  46324
17424008  2856399
17430419  17428880
17431445  383551
6128622  919244
6072713  520645
17428812  7116889
17421560  6592219
17431674  9425406
16818000  17367247
17432371  17432222
17432371  17413252
17428917  13238273
17432192  2399262
17432829  17428629
17431106  14638018
17431106  1056728
9811261  157944
12292035  2241875
17433598  15646973
17433478  707335
17422396  16986202
17435205  1329967
17429557  9980608
8945113  7804335
17435903  2180391
17435845  194852
17437412  549
17437412  60174
17423584  509211
17434985  12829963
17434985  17301307
17431851  60174
6116474  237104
17436050  17432777
17365139  123559
17438469  826948
17437127  588004
17437127  7784784
17436879  8985872
17436879  6399365
17437843  1207457
17436371  166221
17436105  3846735
17436767  8541382
17435683  2073544
17431887  17434196
17434443  12861402
17439077  203493
17438947  312443
16515443  2322355
16453497  7313563
17437258  337664
17365328  845021
17440017  5170631
17431659  18932
17434473  473173
17440278  2655925
17439345  5041494
17439345  9166614
17439342  750486
17441414  4836534
17441414  9981009
17440587  2158395
17440553  4352561
17433132  10386344
17438875  2435569
17435540  2390232
17435540  17030889
17440869  2851420
17442300  1559786
17241588  4332319
17435258  9739518
17441137  426878
17438516  750172
17433113  8449040
17443290  5852444
17066256  14754828
17431213  9826792
17439017  6630121
17428180  14266776
17442241  14520447
17442706  15985875
17426658  17421900
17442968  2545508
17442574  17378599
17430256  2063480
17444339  1520360
17444582  17444111
17433745  3750804
17435931  17435980
17445529  8759868
17446289  9792664
17446289  1653970
17446389  238125
17446603  1671813
11538545  10874417
17443390  528241
17444267  2973202
2131289  3612320
9166614  5041494
5607820  2550763
5607820  1596158
4318084  2694392
17444384  2454956
17444384  17447224
17404862  16752759
17413354  2334712
9481193  4831741
17391832  17098708
17428052  715650
17421169  17402773
17435269  7830351
17428351  4433464
17446393  513832
17448812  3628425
17428771  6494721
17449120  15236733
17446420  802437
7307243  1535631
17450060  2082615
17450060  1228653
17450248  495021
17450248  456713
17433510  1403615
17437292  559150
17451400  11807115
7534696  3516129
17445995  15461157
17450157  16619450
17452205  4275071
17442389  9964371
17432769  17427996
17448481  995426
17449211  13207927
8756677  4600471
17452436  13534153
17417781  17410977
17450497  3767979
9820165  1139957
17448328  12704176
17447693  17186377
17449651  6428907
17448645  7316258
17448763  11923865
17448465  6103705
17451572  17451164
17452720  238547
17452720  2793150
17452595  8977333
17453885  2745265
7670306  2429655
17454691  17189251
17455020  7487918
17434934  17434527
17438339  15605483
17419547  2416206
17453811  3312611
17440117  949433
10197565  4587582
17455105  517970
17455546  4878159
17443526  17422630
17456785  3577641
17440808  649483
17457451  121680
17457641  2766932
17435047  17296965
17443088  442862
17458003  1925486
17396626  15849209
16117589  15502616
17452872  3398618
17380877  3577641
17459638  1376442
17457677  3210393
17457846  9748710
17460245  7463553
17457818  9669005
17433685  17432839
17408756  17400857
17437468  15788414
17453902  17452652
17353699  17358786
17428631  17427963
17443549  12489633
17454865  5458048
1047580  853370
17421839  14797810
17417745  7685221
17420878  7660545
17459929  248603
17459929  1022203
17459929  12077182
17407276  17395015
17135970  7727843
17461337  2589949
17461337  7943628
17455506  5612787
17459947  17084074
17459674  495741
17459353  13735745
17461479  3381614
17461396  4468962
17455415  3123776
17457589  330737
17437999  17437673
17461839  290548
17462913  739682
17461737  995593
17461737  5124930
17462956  17447842
17453791  4045293
17463862  500493
17460961  460586
17463429  2962987
5802426  4181861
17442912  7825055
17461911  10199355
17424657  6791464
17424657  17418973
17452760  5126704
17460783  12575555
16063394  4425318
17437606  9304723
17463995  2830510
17462555  901115
17456692  15489567
17463575  10197753
17464017  901115
16723015  8214303
17465943  4785952
17461469  194397
17457926  4534438
17420770  17417606
12452042  4181861
17464508  17463733
17456218  17455203
17464498  194397
17446683  5099604
17458430  16667093
17417369  17400053
10896207  724086
17452461  13058458
17459315  15535336
17449353  13355233
17465446  3506208
17463024  1197928
17463024  4342320
17468460  249760
17468276  261599
17454167  4624670
17464267  3786823
17450261  17410628
17453411  6190051
17453411  8697079
17468856  513832
12462723  1085749
11716308  4181861
17466941  8319939
17466749  11922383
17458952  1132941
17445180  2393179
12215086  3760803
4845211  2264083
17470451  6843030
17470297  441196
17468857  4716177
17471197  1328223
17471197  16661605
17466539  341175
17466301  15369884
10568641  4181861
17438906  16684346
17472179  4792035
17461237  5466329
17472426  15057821
17474734  3726721
17470595  798545
17469223  17464136
17475345  11265375
17475345  12009278
17466838  1964448
17459847  11499942
16700657  16822676
17466798  492519
17475995  6441218
17476357  2167916
17475977  10334688
5727821  949416
17475035  8822335
17477273  9762969
17471183  1962142
17455798  8028957
17473482  2430930
17472311  2004944
17473545  7841225
17466166  2011142
17475988  4261133
17459562  15966812
17477024  1029318
17476967  17281998
17478782  373388
17463487  1292586
17463487  2576610
17448091  9274027
17478386  13294952
17474733  14744746
15096779  10355989
14857359  15265476
15797832  62289
17480105  2973202
17471948  6468337
17471948  6027961
8013449  695645
17480735  7730695
17459748  316780
17479483  6479543
17467401  203198
17450342  5183171
17469205  2701877
17480616  9082395
17481593  113829
17468106  4322687
17467799  6906246
17467799  10389476
17460618  1314060
17469450  13698274
17464112  11805741
17481958  17467394
17461909  1371383
17478512  3275103
17461844  16357314
17457884  3822535
17145893  12697330
17460980  5210535
17472465  805547
17457305  7180552
17464081  1040522
17482679  17477495
17459697  1056728
17483557  312443
17483547  2803321
17483547  4746865
4746865  2803321
2548890  3014940
17483786  2158395
16649720  15424293
17485207  10209046
10209046  3880628
17483573  4282151
17485813  14428801
17483434  1056728
17484557  2256930
17486047  5298421
17486047  40480
17483195  3997748
17480831  14220321
17487559  2527231
17486204  542938
17486204  2627473
555118  4769615
17488173  57812
17488173  190253
17474254  10443325
17488505  4293775
17448615  9254928
17487974  8789661
17488761  17488125
17488821  1641957
819647  691663
17489293  6288812
17487590  1839702
17481663  2529184
17486032  2956601
17487453  10248909
17490796  10841511
17490922  663350
17489928  17489497
17491416  4872835
15378197  4665466
17487955  2368539
17483415  9546392
776434  743957
17479202  2973202
17479202  17478795
8379728  1596782
17492421  4216745
17492421  11446420
17491970  16959576
17490588  8229291
17489018  7728158
15960729  761194
17493263  6351949
17493902  1432245
17493902  10917878
17493601  1461907
17489266  17492888
17489842  13095607
9973681  14220321
17494342  5125404
17494342  1553909
17494587  17473440
17472048  17470663
17493471  575440
17494870  5376427
17493574  1085801
17494714  2581837
17481294  10649920
17440729  5283491
17221829  12524994
17496526  513832
17480715  17480549
16819256  16873117
17494717  225194
17495847  3737139
17490539  17491184
17497057  8617889
17497057  8617683
17497315  2075337
17487882  199761
17495550  14898928
17497494  85190
17391442  11589210
17452871  7318768
16303651  9080128
17494692  5329618
17491984  15134848
1865353  3014940
17492492  5405895
1110278  677530
17491216  2941116
17491216  16668685
17497986  4968406
17498210  4701659
17497923  17130382
17499160  5728062
17499160  9043643
17497859  8599994
17494419  9406030
17498095  6060107
12178830  8743390
17498837  14220321
17498818  8723241
180413  38181
6782190  6177719
17498177  15660969
13403265  12524771
6281017  1609467
17486081  12002179
17490074  4301794
17498135  1908387
11419516  11233180
17487774  13186908
17470756  8717506
17499730  6169291
17498341  11073863
17499846  54142
17499846  9101999
17497347  495021
4278473  1227059
17496763  15079783
17500448  7876931
17500458  767999
17500298  5519994
17500455  2386772
17500455  7011184
1730174  3577641
17500604  7011184
17378821  2359515
17499607  1594113
17499342  3460418
17501497  9229645
17501509  5287538
17491175  927358
17500099  11846758
17501359  15313418
17500075  14220321
17501926  6712108
17500882  12829963
17500882  17301307
17500670  4153517
17501969  1820025
14932195  11922383
17500536  496052
17502068  558978
17499912  7039976
17501238  4286827
17502518  1340867
17501736  17501587
17500499  15438410
17501125  13840429
17498926  12944109
17500525  2973202
17500525  4261133
17494331  3216013
17499336  11541754
17499583  9209228
17503006  949433
17503006  2397984
17501679  17501317
17496348  9760469
17501233  17500969
17495629  12912513
17498981  3010840
17497418  5902858
17485836  1090948
17495229  1200266
17502399  1643227
17485158  17474973
17496791  11105131
17499247  4055709
17478937  7464092
17420043  3820666
17490093  15015308
17504033  7011184
10960201  11348225
3936258  3014940
17066841  11113047
17504279  17493159
17504073  750486
17503043  51224
17503043  17093796
17493357  11922383
17502731  1716862
16031763  12838403
10520486  2471398
17504896  17504678
17505030  8470535
17505134  1839422
17504591  3403049
16696484  2471398
17505008  1268552
17505309  5206888
17500568  10066897
15076471  8177497
10925933  11113047
17485855  9274767
9699727  10545594
17497126  12843110
17165914  17179462
17483930  12741188
17494432  11973678
17494432  7588846
10008493  885793
17482671  10992339
17502057  2499332
17484327  7993516
17507386  3322129
17494139  8613737
17506102  11483663
17481468  6429494
17506204  14232931
17501289  4552412
17506976  203198
17507444  17497203
17507477  1975737
17508093  2531837
17508093  394816
17506972  12380758
17507870  540349
17508202  383947
17452553  11889485
17473095  8028957
17420028  12311840
17508451  409784
17381408  1339788
17508641  5528854
17508127  16239153
17508127  16221742
17504252  16622157
17508431  14028959
17508870  5772640
17506591  9576177
11694980  6284518
17508859  2489435
17508406  3321535
17507620  4652167
17509042  1698927
17508960  14220321
17509538  176264
17509601  16798452
17509123  1686699
17485884  3069339
17504433  887301
17339563  12436927
17509853  5447498
17492028  2299824
17509462  16678763
7527849  3394835
17509707  7312308
17499034  17228082
17509594  1696655
17509648  12772465
17509269  92720
17341712  1034621
10101372  941170
17511755  8742191
17511156  9327055
17512105  5121495
17505521  17228082
17507111  17499034
17511987  10186219
17511877  7738546
17510256  17470257
17395651  6675066
17508024  7222906
17509791  8767323
17511629  180172
17509864  298503
17513041  3717793
17513448  17503437
17513661  927945
17512222  16565567
17513832  4393189
17513277  9122078
17503611  4777272
17514186  2784514
17514420  2690473
17514443  2595392
8890081  7869970
17514717  768431
6629274  6145903
17511905  17514373
17515189  3975769
17514805  949433
17511920  4338538
17515128  242813
17514070  6993325
17514722  4371059
17514722  4703469
17512381  6441218
17512381  11876772
17510370  2064692
17513367  4868599
17504618  5723230
17515363  17513713
17515787  612328
17510852  13154066
17514395  3655250
17514395  7434640
17512531  4479960
17018182  16640566
17512279  8028957
17515096  5387643
17509521  13790460
17513629  15343895
17512157  17337532
17511028  12829963
17508384  2059743
15481557  4907843
12040594  941170
2444456  941170
17512372  12829963
17517229  925780
17517229  3204046
17517298  4940819
17510815  8593896
17514713  17512671
17508543  14986699
17516591  17516373
17509875  7610871
