17504436  12953704
17504345  3944878
17490095  5342440
13473620  2779600
8046460  2399544
17503842  17503089
17500818  17500229
17503753  17167784
17514178  2818204
7745952  3394835
17168083  1054405
17456177  17450818
17463346  14645011
17474642  190560
17478434  4261133
17483861  8690739
17513171  2502193
17443645  139592
17484429  1388602
17518300  2973202
17518558  779405
17518220  4463561
17517440  8538113
17518530  17518177
17519252  495021
17519252  1639797
17516994  8222893
17518266  17517406
17510841  10778550
17516071  15871986
17518461  3034874
17517463  6954610
17511448  17288044
6477604  9555403
17506735  4703152
17512167  689963
17516610  17516291
17514398  689746
17514398  10218252
17515912  15385482
17520425  17510073
17519292  222557
17515757  403256
17512095  17488077
17519965  3643548
17517433  3908140
17520145  396145
17518498  757435
17521543  588004
17520902  107936
17515881  10091590
17391184  12113025
17522286  1676938
17518602  1345561
17522354  604167
17522095  12829963
17519596  13860091
17519596  416064
17519596  1102244
17517111  750486
17517111  5040069
17520767  12684086
17514049  17513246
17516522  9699064
17520854  17442317
17519022  168214
17521970  4811536
17500336  17500510
17522491  280713
17516771  1527803
17522279  11431831
17516969  14330878
17522563  3561493
17516810  6291395
17515167  833032
17523077  8880088
17523077  559510
10523729  6536244
17524589  1151841
17518784  17518471
17516655  5721966
17522021  17458582
17511559  17323981
17522717  4538368
1334527  896487
17517967  2339371
17514106  17442399
17525902  423704
17525902  1570416
17525290  9605913
17523214  6370945
17522568  14615305
17513745  1518072
17522131  1465851
17494661  10487933
17491151  4397864
1640897  82128
17526535  17526151
17526494  3207749
17275233  17236956
17522666  6326720
17523026  11365791
17527128  856833
17524257  15397252
4345445  856833
13312264  10093156
17527343  113829
17527343  17526861
17527669  8427416
17519561  2156614
17527087  1296843
17524615  6962641
17524615  50467
17527351  21908
17526239  6362088
7063719  4166438
17526300  1125730
3643548  2088944
17521410  13798609
17523228  788277
3713541  758449
17527532  12769982
17526909  17521084
2371264  3577641
17529886  3577641
17529459  12769982
11580402  3577641
17530729  1791102
17493032  17477566
17527621  9046746
17425118  2485064
17527746  2973202
17527746  12769982
17531659  9507067
17529224  15201071
17526151  17526535
17529124  6394812
17529599  4907843
17529279  17466378
17520237  2973202
17523402  1412552
17532197  4478016
17532258  636829
17525889  340151
17532897  845021
17532920  1024651
17532770  8447222
17532604  17505070
17525323  2216739
17524524  383947
17531596  10382929
17532702  160890
17514348  1160030
1077113  858623
17533233  6709913
17529899  11726543
3115655  2413426
17534590  6343166
17535028  9307085
17535018  17534582
17534957  17534169
17535342  2902327
17534169  17533703
17532333  5680169
17536553  2770321
17531785  9131763
17531785  14131939
17535614  15837655
17535614  9138872
17535614  11966520
17537357  7798923
17537357  193896
17532394  14220321
17535710  17534521
13792974  298060
17531697  5858370
17532409  1066589
17532409  46898
17533622  2053313
17523981  2828255
17534193  1564832
17527764  335250
17527764  1732348
17519105  11838278
17535450  7466336
17531452  8028957
17516884  17527750
17537505  6167136
17522850  712046
17538720  3088059
17519962  4003823
17435541  6303767
17136361  16038072
7280586  432493
17424921  2151636
17430168  17419126
17507777  5052311
17509702  11874056
17517054  513832
17529196  12051012
17538847  8760431
17534948  13071669
17531072  5853014
17531072  4132477
17539502  513832
17539467  6658752
3448005  992450
17539786  3434278
17517156  17517696
17535479  4599626
17535158  9680037
17538072  5775469
17538289  7064998
17536593  317170
17536393  5036850
17456295  4705848
17535637  17002715
17534517  12829963
17539122  44834
17532088  11392637
17531568  15223884
17531568  439463
17526502  8751455
17520059  279170
17517032  441831
17520634  11701492
17518874  5858024
17525658  2557561
17501412  15185720
17541656  3649201
17541901  1215881
16793621  513832
17537063  15580405
9751299  7402713
17542531  3820666
17531837  17263967
17527378  11272864
17542815  1461432
17542815  5279082
17542706  2816358
17541283  12573816
17540081  9193363
17540481  6326816
17543454  5817526
17517457  5210535
17541262  15600499
17542431  5706437
17540909  13422909
11148635  11105058
17543711  5723789
17543711  10787341
17542378  4591206
17517792  17057941
8105480  992450
17542573  4968690
17543085  15842510
17531280  8163079
17544763  4634993
17544763  3665962
17543223  1028553
17543223  17542706
17544698  11808249
17519742  17519400
17544925  5746873
17544597  9532055
17543972  7844359
17530779  7381446
17540759  13571700
17544582  27509
17544582  858181
7405299  5270188
17545493  17340421
10968713  4790281
17543093  17497801
17543706  6059589
17495283  12916539
17540278  388180
17540278  11711229
17516175  8797367
17542943  10007029
17418978  15537320
17547068  1350313
17544981  2888508
17541983  4495241
17548289  202463
17532779  161813
17530974  17495394
17543859  2285533
17546758  10309588
17541620  10572010
17540942  227486
17549473  1425777
17549473  8043027
17529902  3467670
423710  38508
17544574  13455956
17541672  21908
17548582  17533770
17540752  12870537
17539207  17539040
17547731  17273359
17546001  17545374
17549180  54566
17548133  926580
17549568  17524586
17542648  4096169
17539067  2493431
3189582  238579
17544255  17543771
17204258  2973202
17544977  122102
17544977  728360
17549588  7330656
17551255  829667
17550084  6191339
17547912  3627107
17544989  9663375
17549990  4898250
17552792  513832
17547741  17449748
17551344  4353116
17551344  1128150
6070757  3645528
6070757  3850034
17553322  8803674
17553402  6844137
17553568  60174
17533347  15504667
17553657  12569370
17553487  20156
3116652  3185621
17549783  11668294
17541455  17530013
17544765  14854521
17552466  17467099
17552916  8403831
17553691  1520800
14464104  6833830
17552283  8508966
17553670  10955888
17553911  10861852
2630418  1520800
17548294  8473947
17556529  3578549
17551747  4241621
17550672  16299246
17552043  513832
17546894  4308249
17552269  1353081
12946036  3476646
17552525  9106209
4907000  3476646
6854991  3476646
2938395  2702259
2702259  3476646
16615477  7824730
14151287  7824730
16642604  7824730
14001974  7824730
17557737  992115
17557570  1132941
17558233  2167916
17558739  17533233
17558739  363681
17558112  17556301
17559335  1757260
17560253  303200
17544886  822487
8938944  4094520
17556508  6179537
17547162  10390406
17546496  17540340
17545557  21464
17548855  6548601
12487381  11710037
17560994  4397328
17546158  426258
17551325  167464
17541376  10431990
17561488  3877027
17554532  6008241
17554532  6231973
17536826  7735837
17551876  4207833
17483217  377102
17483217  15682164
17558480  423376
17112620  13614543
17299042  138422
17554339  16629935
17403527  13502601
3410520  1652128
17072375  5518345
17509781  686231
17517916  17498353
17556058  10450348
17561759  17085053
17562020  1661273
17560586  370620
16191287  1395105
17561884  6887183
8472866  3912849
17561839  11058211
17539329  15959325
17544861  4399611
17494457  3145237
17562096  12917990
17562331  15738267
17561678  1577475
17561678  10580982
17562125  5968559
17541732  16490032
17546826  401656
17562367  4481724
17563556  2236200
7323802  111341
17542907  12712137
17562588  504947
17563677  149055
17563677  2901102
17562836  10975312
17563903  9694834
17444655  12822762
17557130  14791023
17539835  13636464
17563929  444798
17562621  17428944
17564559  5458703
17564630  995719
17564455  3366895
5812236  7261680
17564299  15201071
17552105  9692660
17552231  11871042
17558274  17557942
6861324  1959062
17557942  1959062
17559486  1148928
17566408  126100
17566408  5223
17566422  4380599
17565686  17563612
17564683  12591457
17566024  54566
8856908  1959062
17563986  9250566
17564519  7152064
17564519  3191179
17564323  5657292
17560203  4789859
17560572  1430787
17564816  2598658
17567283  17075061
17564862  16201278
17564862  3770324
17561551  7742781
17564029  17483230
17566624  54566
17563303  4795385
12448967  7249138
17568081  221346
17568038  2633776
17568038  4380599
17568700  4455013
17560233  1459150
17568806  15823763
17568695  6162414
17566271  15541404
17568885  4905059
17565445  17405059
17568920  17566271
17568920  15541404
17569470  5235535
17566825  1732348
17565098  17564295
4286301  1758142
17559517  5017292
17559517  5486623
17442442  7587312
4766387  306252
17560276  492994
17560106  1470488
17567953  275004
17555079  10805745
4292021  1758142
17569395  16574646
17559532  5232862
17563509  3076414
17557307  8853727
17557783  310870
17571907  4937402
17570802  11181802
17569220  6270004
17569682  12573816
17566958  8644248
17571338  588866
17571615  7726034
17572700  5522164
1386080  3577641
17572873  1027224
17572720  17571735
17557497  2155453
17570287  2167916
17573514  12618424
17565257  10668456
10101333  17572300
17573762  1181575
17573784  14046637
16213730  9508747
17568597  11477420
2403179  1184624
17490060  12789004
12317092  377990
17569119  12168806
17570723  3104324
17544426  90838
17570937  17565541
17571800  16742060
17571800  9671620
16101298  9370294
17574977  7569904
17575481  3251934
17576003  17539310
17576003  193547
17576522  949433
17575412  2167916
17571465  5943149
17567244  4183948
11082981  9074189
17566166  17562379
17570046  2064973
17578158  1524356
17577645  5928225
17579091  1510124
17579091  2586596
17579432  8035822
17456271  3539523
17579372  949433
17561219  7278453
17568216  4902062
17568216  279170
17569478  17567184
17569969  8960918
17573297  6033371
17575119  5615695
17578318  940905
17578565  2811319
17580482  79923
17580204  1263636
17576792  3838336
17574411  4185340
17574411  11187148
17581296  101267
17578549  2075898
17579598  6225170
17573800  5208679
17582013  3553559
17579809  9402529
6687209  2664885
17574916  1536054
17575653  3726505
14526139  1846077
9205062  1678122
17097385  15550718
17147944  15550718
17573118  17537536
17574221  3312269
17578807  9863835
17582183  14220321
17578766  15618005
17580367  2239520
17578827  339699
13358635  5312350
17578190  734760
17580369  14691696
17578851  7766692
17573128  2141520
17568056  3953353
17583701  14175914
17584799  4389232
17566719  3760788
17576741  8771498
17578749  158070
17581621  204476
17556424  8254687
17539823  9803979
17559542  10025934
17559547  7967008
17582004  36901
17582004  287085
17584514  11771558
17584689  2522967
17585636  4481318
17586095  14220321
17586131  1300718
17585773  2973202
17586650  15660442
17586169  10815387
17585029  4912092
17587934  1132941
17586236  8400340
17587621  17586822
17587227  472282
17588929  8656089
17588888  17587326
17589201  2312881
17589615  2397984
17583181  4057440
17579922  415620
17579922  7877601
17586457  3737031
17588497  1756639
17578622  342409
17587500  12769982
17586085  731452
17473151  7931063
17590964  2503175
17590474  17590431
17588889  3621410
17577538  6398382
17587925  9938082
17584984  3243348
17588797  7694381
17582826  739574
17587474  1732348
17530940  161788
17592968  4255472
17578882  17130382
17591317  7109967
17589952  1181575
17593543  3131518
17589456  2655251
17593073  161790
17561872  17518372
17591565  8569039
17587241  17570750
17593438  17186970
17592025  3076414
12207431  824349
16960842  6572330
17469630  15327435
17592958  17588362
17595361  1726747
17595361  9196954
17595427  3737139
6045472  4017530
2708732  4017530
5019798  11250109
13018081  767258
16098439  16075213
17474959  16075213
17591396  9736737
17580364  4845410
17591255  12857129
17595516  529085
17595498  2831484
17591170  13354230
13978513  3788369
17595224  2279662
17525900  6969164
17589735  2973202
17597914  15112125
17589924  15816937
17587622  332079
17575036  992450
17591467  5415305
17591467  7453248
17599858  8610571
17599375  2186069
17597842  3470018
17598764  6174550
17600015  14220321
17600484  1892765
17600716  8430279
17591091  15566037
17587826  2936279
17600726  6260475
17600726  9316612
17602531  968347
17602531  11177676
17602545  1335710
1265379  1264406
17602060  2385203
17599180  9911459
17603044  2254263
17586291  16959576
17522356  13051167
17308330  14892556
17599078  9674714
17600030  5380568
17604135  359788
17452951  17536789
17575877  5284395
17602102  3737139
11035927  165779
17604479  816142
17604735  17510375
17589512  17587447
2227280  1642252
2865102  132478
17598350  63447
17598350  4809452
17601342  60174
17586451  3170821
17602111  9152446
17591217  7810001
17596350  1395591
17604071  7949752
17584924  1996122
17606030  5854317
17593312  8209686
17606579  5601752
17595203  13840429
17603496  3153969
17583403  2046037
17504421  1827058
17432310  1832156
17285994  12685591
17407380  16959576
17432423  5210535
17517810  9864513
17590036  14642013
17600247  941584
17583669  6359673
17584317  17436922
17606926  12591547
17607608  12573816
17600765  4890480
17607008  3268531
17595828  13747809
17607054  17600621
17591055  9010375
17582179  1347646
17578950  15514698
17580590  468990
17589135  6343166
17584947  7869592
17590204  17552701
17607888  981714
17606914  17606293
17606249  2422468
17585087  5079845
17608039  589284
17593542  1895492
17607850  4299728
17608135  1434937
17594109  17591475
17607685  2639943
17607844  2701077
17607772  2158395
17608791  1465455
17604901  3698740
17608777  553682
17608777  9059808
17607951  4704660
17608392  3504396
17608724  6185159
17607927  11587711
17607673  1567082
17609479  7996919
17607257  781443
17597672  16296166
17609634  111341
17609634  451415
17611354  669742
17608118  12648466
15519883  557340
17574060  1835177
9696545  992450
9696545  3448005
16980102  16238182
17596267  4994653
17590195  13274691
17597194  7232287
17612088  307650
17613064  24901
17612654  7011184
17613395  333829
17590479  17432801
17612565  2877417
17611546  16924347
17611546  8960381
17613656  3283209
17611691  12769982
17612364  161224
17563033  7441768
17611762  10259778
17611782  1126726
17610387  5532323
17614844  967096
17612320  8972221
17614191  404097
17606480  4176149
17574175  6306594
17400736  3015586
17613030  4190934
17614041  602537
17604618  2793150
17571735  17557077
16624861  1736828
17602722  4609412
17607776  6270004
17604192  2973202
17610508  177506
17402862  16737006
17607696  4986673
13617351  5490638
13029370  2182337
17598053  17578989
17617056  17616597
17614585  5541560
17614585  1458923
17609316  8180045
17605750  11321491
17602205  17601314
17617724  4825868
9394484  12731211
17616931  452859
17591147  1513485
17602693  6427098
17589473  16580530
9897808  11736658
17616978  17608700
17616747  12769982
17603872  17571735
17618243  6618515
14631765  14631727
17611842  3143657
17594909  16585869
12229226  12098267
17615472  15724698
17596766  4052770
17544622  1639988
17614345  1457305
17619810  1456930
17619919  6121271
17570435  9509138
17619620  17619365
17600232  10122853
17602191  16736452
17589912  16619450
17598889  121387
7904684  2555816
17599233  17575200
17594549  14350533
17621854  513832
17597703  6121276
9645512  2267950
17621553  8808159
17622576  4825868
9260184  3187444
17623217  2367398
17615783  1560827
17611769  4060703
17622514  6639725
17609284  192456
17620061  2784281
17623673  5231712
17615988  3990809
17617907  17490888
17622610  8028957
17616560  2449380
17616271  5921635
17623518  3076414
17619139  2662369
17626566  2279030
17626566  6867484
17597773  10805745
17618827  17618692
3333937  243298
17617909  5287253
17591355  17339980
17627468  1905289
17627468  15293393
17627676  949433
17627676  10999889
17627519  3124126
17584540  3719753
17625225  880230
17616239  619033
17624975  1164301
17622594  9402967
4436029  178479
7740458  6121271
1194888  1205610
17624132  6157645
17599880  3431184
17599098  17597974
17628841  7403595
4191489  3577641
1664362  742764
2815639  2778146
17612948  2077477
8224370  3130311
17629928  949433
17629928  12545976
17630293  588004
17494176  3130311
17494176  7464340
17625414  17625255
3127288  1626801
12544853  742764
16096518  3577641
17628279  10319289
17629936  1027656
17625046  101664
17626396  17607362
17619333  7446851
17628849  2054347
17628683  17392857
17625409  22115
17625409  13321395
17630960  1361758
17627146  13610953
8913669  742764
17629442  761194
17598801  17512884
17629755  9416095
17632542  8192185
17624367  279170
17630176  613183
17627953  4524066
4774291  2555816
17428689  17320469
460542  1991380
17621068  14479665
17628677  40480
17586265  7066874
17633779  440739
17634011  43775
17568639  17565456
17620722  3293257
17618680  2937585
17629327  5442640
17627446  68477
17615249  56642
2625370  173400
17622034  9366985
17630051  5591252
17630129  9006568
17537691  9412251
17545792  17543927
17625747  5397726
17625901  2972451
17630478  60174
17635434  3344816
17635728  805107
17635797  3584210
17634828  9290220
17635954  868568
14617034  9687037
17634482  5376431
17634915  2889871
17624241  15112514
17634748  2295496
17636296  17636179
17628478  5695331
17622259  13019402
17636319  13657426
17636602  6319146
17629037  7490542
9277813  3130311
9277813  7520432
17632517  599670
17622865  5467129
17615039  5905574
17634682  7966119
17633531  12876835
17567185  17566714
17632166  17557864
17632920  12271916
17253795  16724207
17635977  17625255
17635977  17625414
17637136  885009
17637843  1986249
17638603  13301793
17639083  3626958
17627916  85992
17639963  17639807
17640855  7932287
17632799  1925455
17637115  8464620
17640484  12691832
17642389  114180
17636620  9951188
17638372  1836173
17642633  12128221
17633447  4213379
15167704  3061054
17636819  14411137
17635780  17638276
2580170  541966
17644211  203198
17644211  12829963
17641769  545703
17642199  60174
17613947  13866622
2139740  524761
17644375  16642963
