17752528  7749172
17778227  317413
17772380  6362926
17780090  9335169
17778505  17165435
17781468  9709209
17735334  3577641
17781375  9991332
17781313  5202956
17781459  1303416
17782992  936242
17781416  17759856
17763038  17160162
17774863  1594667
17783633  8028957
17783631  513832
17783929  676078
17784070  5464919
17761666  15031694
17778753  54566
17776767  17768514
17785336  17784825
17785336  3094989
17780983  13075278
17783159  261638
17778335  17777432
17783083  857670
17785566  1272680
17786508  2190737
17776691  13811878
17684260  16645127
17774115  15848332
17050225  17772210
17787351  336859
17781397  6320113
17774114  17757972
17779300  17759300
17787445  13670991
17785125  8295986
17786891  1127257
17788701  175532
17788226  7203047
17786872  3536670
17787536  5464919
17787536  6147356
17786942  279170
17789265  273313
17787959  17771877
17789569  1348683
17789735  134845
17787042  1423804
17784789  2567883
17639449  4057665
17787696  5823770
17787696  1912023
17791063  17659303
17788903  17784476
17781677  223983
17443201  513832
17791225  8028957
4697255  80476
15609441  15217949
17676666  15831498
17791653  17790530
17791689  5874652
17781757  6270004
17786643  2311429
17791864  1162540
13971927  4729538
17691122  5042836
15062945  14704529
17791370  17785324
17788648  2571545
17763127  1016804
17783972  17783084
17787269  17601615
15515905  1160403
17793094  13840429
17793985  12222153
17794296  17793922
17785697  14921770
17788115  4423130
17793193  759663
17795485  4497086
17795722  8809292
7413234  118884
9427311  1933602
17796859  119123
17793077  5653207
14453389  5553490
17793962  9216783
15696992  15749486
17702306  15749486
17797396  6753008
17795245  17792929
17787948  3666007
17787788  10485696
17797305  9251117
17797964  628526
17795207  5404839
2293131  17797840
17796279  17791818
17795814  1335575
17799685  1704791
17794974  8387252
17794928  7994913
17793280  17791489
17794433  1846202
17796330  13840429
17287796  6305784
17740839  16862782
2166517  2165381
17800955  180172
17800574  843632
17800574  10701645
17768125  450520
17768125  5809339
17799110  1843395
17799110  17743900
17793587  60174
17787841  2852748
17787841  11474281
17801683  398395
17801683  2660633
17797231  7071757
17802263  751681
17233629  11532
17799799  15232532
17802258  6993325
17802467  6343166
17800544  12811299
17802649  1496682
15107222  1247945
555726  63918
17801375  518000
17668462  10003683
2946598  11532
17798837  966225
4856961  984270
17802160  2846050
17798440  3976129
17755515  3443576
17786839  17786316
17640239  17639246
17759415  4660142
17675974  3697990
17778544  2893525
17800099  17638087
17789355  10844064
17422111  12062946
17801344  100003
17802716  16638938
17804130  17260041
17802048  4068559
3871716  984270
17805401  4261133
17805268  1885557
17805268  11076067
17784557  4044812
17799721  1048592
17806864  2770321
17802957  2172647
17806505  1756285
17799976  6109896
17798124  7984508
17805479  3294656
12614533  260593
17764580  17719458
17803371  17738700
17804765  2262100
10086082  12769982
17808967  16959576
17800477  17799629
17795882  7449402
17809440  1435975
17809484  2582306
17809484  5089997
17809879  1555658
17807381  2781357
17805477  13870635
17808091  11980803
17806474  7791563
17809939  6675066
17810188  17809748
17800888  5450856
17810386  7288074
17796048  750486
17808490  4843212
16499489  2196654
17809013  2621682
17425686  1474081
11833266  172439
17317622  5171593
7720051  2646858
17809996  17720535
5207987  209840
17811022  12486977
17806405  15183576
17812062  15220411
17805196  9259989
17811075  1101380
17812506  9096025
17810480  5730815
15946505  8795617
17801595  2881827
3918083  3572463
17808827  16959576
17812713  922057
17814028  290884
17814289  359494
17813019  747296
17814293  5350950
17814457  4226734
17808096  1546226
17806394  6930295
17805107  111341
17807576  7403741
17804583  9474121
17815069  8412694
17815069  17684258
17814586  17814044
1585267  988228
17810576  5921173
17816118  27894
17808339  12027639
17811136  299086
17813455  10099449
17814505  3973994
17817146  584824
8823578  5533851
17817193  17815920
17741582  17736053
17818508  17792125
17818917  52353
17819447  559112
17819677  15291861
17818962  5423211
671394  647116
17815857  3453915
17820963  1858829
17818593  2275004
17810663  539034
17821231  10703072
17814947  7775195
17820747  2973202
17820666  2167916
17804042  8028957
17820792  17820339
17734018  15069953
17800224  2973202
17820110  4827538
17820110  12875930
17823665  1014861
17820514  3923904
17778818  5967564
17785715  17646091
17823230  1414755
17809290  7568935
17821242  8596451
17824082  2820660
17824412  3257090
17824688  17824266
17777193  11156754
17815223  17783602
4317020  166044
17819038  10589391
17819327  12715620
14411883  12030810
574730  730764
9243743  730764
17816131  205064
17824178  9211850
17819114  750486
17819114  15363417
17823636  2800514
17823132  3256713
17820962  1493050
17822937  9426993
17823101  16121649
17823241  1475297
17817091  7431823
14560869  14552680
17780616  17682436
15426816  2539264
17826642  3737139
17826642  6201134
17827053  8028957
17821389  11719019
17821001  1120674
17811416  1138460
17811110  1889602
17819788  2994758
17819788  4697705
17827828  14220321
17757591  885009
17823167  7080927
17824877  17824706
17821130  4558639
17822875  9324378
17828097  17066034
17828429  1014861
17822329  14115247
17821751  2594389
17823818  8583445
17822542  6343166
17828327  8549757
13717240  12117889
5520964  2973202
17828458  3918578
5175995  162032
17825682  2465111
17815722  6706980
17827733  3656723
17811232  3209898
17685336  1580185
17820039  494035
17807809  7197919
17821859  7620131
17822610  17730938
17828100  13775791
17824522  160930
17830794  574240
17640995  162032
17810462  17780797
17812346  17809937
17813641  6266872
17813641  14220321
17814484  16027528
17817951  13102045
17818282  12573816
17826163  1109995
17817853  1814292
17826732  8612921
17808783  1813881
3918578  1994218
17820992  6801942
16558347  15802278
17830764  17829744
17824211  3651725
17821382  6027097
17831927  3525003
17828250  14322984
17830844  842817
17830990  589575
17823920  513832
17823920  6819604
17818998  16959576
17826424  3014940
17832044  2559527
17810357  17500519
17813052  11201734
17811830  17809452
17833708  12769982
17833708  4261133
17802405  17715533
17831261  9605913
17683370  17594392
17835144  4168151
17833014  7239450
17826742  3930975
626765  12051
17835795  202463
10015341  15495756
17817423  3807715
17834800  17786246
17834488  597720
17834488  4648914
17836257  495021
17836257  12573816
17836442  3262409
17813672  1070497
17824817  11733483
17836603  8115722
17464717  6118708
17823458  16422847
17830650  2862528
17833740  3686210
17838143  7462750
17832501  14365848
17832501  17116354
15269767  11535772
12665673  10805745
17837326  14908147
17840192  8744113
17838071  9714831
17832856  8863269
17837100  497241
17836384  7602410
4644755  586370
17840000  17830778
17840990  392464
17841290  3468246
17841574  10072208
17841574  3607177
17833878  9608971
17832805  17829498
17829994  16143060
17833585  17827847
16397112  9547518
16235245  14145819
17825782  633780
17843163  1056728
17827267  12367496
2346763  2745265
17834372  529098
17843639  3354446
17843752  1328223
17843752  763861
17281915  3161204
17844414  4488035
17727827  3643555
17827945  363681
12436400  7537419
17762109  2146884
17845879  8028957
17846142  201323
17846142  12026842
17831979  8701307
17847074  17844543
17846691  17845533
529951  209133
17771125  17125843
17785437  17669858
17848610  1306778
17844822  4660142
17785265  8435343
17840865  17815670
17826107  4612573
17815728  16866174
17825586  1677831
17844409  11654562
17835228  1925486
17748834  949433
17840728  17838919
13709626  3210824
17813727  16236421
9472942  805547
9472942  9509138
14488299  6323244
4111393  4000169
13799805  13789239
6288371  2311421
17835797  4849115
17829227  16614915
17673564  9501604
17271769  1419580
17847375  11049066
13301600  586370
17844558  16889123
17843813  17847242
17830444  3531251
17851166  17824266
17852380  3422673
13608271  10094067
17838210  3272541
17846515  14035872
17844559  5901476
17848849  9853113
17842720  7694158
17851866  5292437
17850632  17849611
17811758  17787009
17845919  3847162
17847705  17847410
17849386  1089737
17853173  3577641
17854082  4922714
17843280  9248340
17842949  15857883
17541330  14950355
17848183  17847090
17849381  15931233
17839700  445067
17851552  2818542
17851808  2780402
17850761  3724874
17773700  12806506
17843940  2459851
17853592  5571646
7050717  5410757
17852125  7190571
17848328  4050766
17854907  8543449
17844684  15613187
17852254  11360905
17851862  17849677
17846747  1748977
17846339  8573796
17843508  2456344
17836363  15972990
17851748  17849321
17857600  6023195
17857600  671790
17857959  1032161
17853112  2950871
17853988  347949
17859445  2813241
17859802  3306568
17855899  17833820
17857597  14649798
17851859  16373522
17858240  8641008
17860658  13102045
17858415  2546314
13532643  13490063
17857026  10860569
17846551  5757293
17859806  1716296
17861551  4216745
6706566  3352664
17861906  1014861
17721658  17701693
17725688  17701693
17852805  6334141
17862896  8028957
17863010  13797279
17863281  12876866
17863221  767999
17840982  741814
17853302  17674311
17853303  2730706
17858184  1101380
17863043  12975341
17861565  1389605
12689739  11550797
17864058  637652
17861932  17623556
17864173  541487
17864141  2973202
17864274  6947413
17829317  17535424
17860930  4938170
17865736  1634268
17808261  7819092
17856367  2574431
17866141  7370593
17855315  746809
7714090  7284724
17859099  3586871
17866631  8028957
17866447  15831183
17866299  17864523
17852625  17783546
17867632  513832
14052561  4442518
17851371  15924660
13762392  9508518
17868387  12769982
17858488  2198950
17869494  17864824
17855816  3577641
17869529  7310460
17862748  3856979
17861302  17274073
17850025  9299030
17868795  13260864
17868890  4261133
17848371  2973202
17871430  519145
17865029  10507789
17853330  2973202
17870462  4261133
17871321  3254428
17871465  3664272
17866640  17865809
17735799  5471374
17871054  2851327
2961833  2634850
17858437  3333353
8439612  3583724
17857349  6690752
17871721  12769982
17866888  3583724
14791158  3583724
17868733  441018
17869955  1735972
17866718  16022668
17848051  2973202
17871490  17854688
17873198  92859
17873276  7901061
17862440  3963716
10356168  2517709
17870136  4165195
17864548  2757107
17869295  14220321
17870770  17870481
17874744  13652006
17874744  2709821
17874703  17874372
17874703  7940809
17873680  3548140
17875039  824349
17874946  484635
17875134  13252773
17875232  9244603
9053791  4449540
17819159  3515769
17868325  559415
17864466  5286541
17872711  2422468
3674508  3543454
17875179  801895
17876178  17802242
5818927  4449540
17851727  3394835
17865267  12335424
17863729  3672731
17873014  12631350
17867883  4162749
17877575  1700081
17875177  4374006
17870615  15186704
17861829  11943980
17868922  54686
17863780  8344393
17878156  10768169
17879295  14220321
17879295  1225667
17555265  256859
17879840  10673585
17874348  279170
17873890  4867500
17869572  2323617
17873171  582331
17877932  139076
17857937  17851551
17878351  3934111
17873879  2765024
17879868  3062946
5881873  3862310
17880801  7948717
17877622  3170412
17877622  14501233
17877622  4813909
17877315  11321491
17856860  13883277
17882086  17861660
17881409  17166074
17850261  14512792
17880093  1773550
17879459  8141180
17880998  368813
17880411  2422344
17883011  326069
17877535  10305392
17881354  113829
17883050  2662778
7574208  2313630
17874122  15296661
17816317  2320069
17879870  662649
17880723  197986
17883433  2267371
17864010  137182
17879104  3076414
17881091  1568091
17883784  10580866
17865346  8494291
17865437  9762956
17866051  6270004
17867810  17866916
17868857  6376702
17872094  3050298
17874373  96759
17874846  6069203
17886020  101268
17885361  190421
17886309  6650048
17881641  16321671
17886929  3577641
17887255  4361553
17883885  2100490
17884548  4421706
17883240  4125033
17883240  226465
17883239  433171
17881863  204476
17889558  5362901
17885480  7349689
17885096  17409617
17875325  3682049
17885762  6054066
17881771  14935205
17889526  12737113
17887155  14027179
17887155  12223337
17872696  17872877
17889100  2569768
17884378  6875553
17880503  17879956
17891229  16173514
17891239  7980030
17891501  1740700
17887605  3009745
12968635  126611
17892242  495021
17885746  2422468
4421736  940025
17889867  3677783
17881747  5726707
8647917  7691468
17891564  8959452
17892986  5720260
17890891  9481865
17893454  2439243
17886149  969866
17884843  2715118
17887661  2872222
17891073  1854556
17879958  1957406
17893149  513832
17880571  6265381
17893568  7477310
17779068  17775305
17878402  17828788
17887380  2080647
17894322  513832
17894346  513832
17858915  10278096
17893614  141525
17889248  2464637
17686576  8518390
17893213  12402092
17892383  2549701
17882446  94361
17893876  12723377
17877576  17856877
17885596  1178785
17888764  7352641
17891893  5522164
17894308  203198
17891384  1863399
17894757  5768380
17894757  4746249
17891475  2710861
17889635  14884523
17894262  41590
17889942  17840322
17896188  4869336
17890158  17837418
17860807  2716069
17860807  15153218
17892692  17892150
17890193  2973202
17894481  10646833
17895030  772461
17895595  16706935
17895539  17895438
4847632  2063461
17896542  574240
17890100  8388223
17888833  7485493
17888833  8466744
17888861  8729236
17888250  17887708
17892789  811424
17893118  17892529
17895233  403112
3672221  854683
17895177  142357
17889703  13755592
17889574  2935513
10251212  10165641
17893676  9954155
17889909  614671
17889909  2973202
17893000  4303513
17894913  11022672
17787117  17782605
17891830  9119347
7455168  7654690
17895707  5185230
17825391  3414424
17780100  15291112
17898886  1132941
17890548  14297633
17834984  5289350
17899906  15364114
17900022  57483
17899426  25749
17883350  9347722
17898521  4983392
17900535  1570416
17900535  564
17897356  804115
17900445  72552
17897774  145154
17891842  16609666
17900877  9671620
17901545  6284720
17891779  927358
17892479  8028957
17900059  2415193
17897692  2468804
17858730  17856976
17902411  2647
17902025  36
17902237  1304
17902237  626058
17902797  4137785
17903167  12026061
17902405  7038357
17900866  17475022
17901144  11722875
17898198  3797746
17903026  2380019
17903026  8378870
17899915  5419
17898266  3832592
17898266  8819738
17898140  8841738
17904187  78536
17889916  1461432
17889916  17850203
17898110  1207906
17898110  728233
17897926  11743272
17901724  8759595
17900024  242771
17889538  1330123
17899291  16447635
17896248  4324720
17904446  1912023
17900500  13826045
17901216  3505930
17850550  10853630
17897120  477572
17900359  17887924
17900612  5526998
17900165  3180741
17905662  513832
17904843  4967976
17903118  9466265
17905755  15295897
17906167  17848080
17905653  6721134
17843591  5543854
17886870  5533171
17904791  6632188
17881005  866769
17900373  17882316
17899992  3682649
17903292  1357727
17842277  6055112
17906372  15703992
17907246  1479489
17907190  217902
17905357  744319
17902102  17154707
17905903  7866684
17907992  1632080
17907992  17898186
17908620  1873983
16461061  3879162
17902685  1371964
17905896  13476267
17910183  11964130
17911057  510632
17911175  17911025
17905882  14425262
17881173  13379909
17898700  24929
17909215  288739
17909215  2509679
17906720  1504962
17912037  5094248
17911388  513832
17910620  7411677
17910424  17904580
17912493  11816424
17912462  949433
17912733  4353203
17912071  3126972
17912755  370366
17909961  6337897
6939470  20731
17910203  9100722
17912658  17912144
5105379  56107
17910881  5130720
17911564  11843888
17913815  10065407
17906126  9945691
17912314  4822638
17895992  7546620
17908923  3647453
17910315  8028957
17910542  1087600
17889673  17864202
17908319  2973202
17912666  789675
17907396  2993563
17894345  1850105
17906407  691663
17899734  1293330
17914138  5047355
17913161  15195220
17621541  17598112
17902217  8114276
17906243  4530746
17914752  2818542
17915305  513832
17814292  10302894
5845602  2757107
17902176  2200736
17907439  6179427
17912814  844001
17911859  3064227
17905260  57483
17858316  6160146
17911958  635851
4432793  3213954
17789304  11363401
17912810  17780469
17912810  5337038
17894229  15124904
17915247  5374311
17915247  9572795
17907178  13406574
17912838  9121376
17915410  590471
17916293  8525447
17895573  1878425
17908746  4309827
17914310  5267890
17916809  615948
12657383  12171317
17800907  3207749
17801535  17737482
17917066  4270167
17741119  16366759
17910885  13418669
17913846  457577
17915137  5746544
17848547  2509512
9745932  9050028
17917059  910912
17909386  8329826
17918173  5230255
17910086  13577706
17913337  6782732
17912065  6192781
17918461  41479
17918461  4030437
17910889  10364575
17917968  6867084
17913357  1428178
17914559  6244052
17916122  8564854
17905145  3294816
17915251  16585869
17909782  17907036
17919300  3538293
17918971  17917526
17901131  5739240
17918058  1694196
17919391  280634
17918557  6343166
17920151  7625324
17920238  3408616
17918635  2273146
17757823  6242955
17920070  2513534
17912049  7520971
17919464  27581
17917734  314553
17912066  17919295
17917183  9211771
17920411  11180866
17917147  153724
9050978  3882583
17917377  15081892
17918589  2949606
17919202  7219062
17881388  17882481
17920001  3392195
2653670  1359469
17917403  315760
17915586  11608133
17915586  11761381
17919241  4293669
17921104  6302185
17917611  9481213
17910388  15112214
17922906  1167062
17916878  17916475
17916753  8635909
17918307  9109313
17918108  8081214
17909638  17904050
17898214  797335
17878780  4126625
17779577  17723784
17757175  5034370
17744770  17744612
17737528  128035
17919525  11832131
17923689  739682
3779577  3397113
