17923339  5089043
17924292  2053830
17924292  1642698
17922213  931093
17825385  17897470
17849255  17897470
17909546  14202002
17916616  1395667
17911179  2973202
17918539  17884128
17924483  126100
17909596  10918523
17925299  1127905
17917773  270284
17923872  10164975
17916660  6083795
17919520  17916773
17918178  336859
17910277  1763508
17885899  17897470
17914244  572614
17925591  12573816
17925591  13318965
17925514  3127429
17914818  130794
17925690  13840429
17909492  16788731
17925899  333634
17925717  8825043
17914792  10887742
17922189  14677842
17691165  5653678
17913405  9509441
17829926  5982226
17916189  14684063
17926226  9628859
17913848  15639444
17914892  10209941
17918077  17916322
17910556  5103023
17923022  3778335
17926052  355089
17923051  4298117
17908408  279170
17924690  1765615
17922400  2138706
17928791  10814452
17928925  492994
17913759  992450
17926393  4716612
17925283  1059526
17925501  8776543
17896116  1611931
17896116  17896006
17930039  7368802
17930039  15313976
17930132  1395913
17928106  718477
17924104  274826
4973777  4664166
17432686  7004005
17923204  5383310
17907455  1133770
17913028  6865194
17920406  8808921
17927421  659887
17930117  13251083
17908471  14762694
17930509  1018822
17916144  2192442
17929845  215497
17907997  12664230
17924077  1656227
17931042  143485
17929377  4327873
17929377  1652128
17931288  1181575
17931288  8769022
17926773  1492411
17922901  5041494
17931469  203198
17902452  17902281
17921312  5972446
17923922  8114657
17927407  14614306
2977720  1823542
17852874  17922327
17931196  17921321
17917324  10186200
17932382  109232
17933413  2846283
17913523  1171035
17335105  5584976
17921569  17917526
17934157  11338382
17927541  166221
17923060  4664166
17933756  3245862
17933573  8570855
17934741  177506
17934741  5400565
4634013  951021
17041897  951021
3136786  951021
3845972  951021
7314466  951021
1141302  951021
17934806  13699075
9989133  2188469
17936009  11016262
17916827  17570399
17931917  4178175
17935436  188452
17929545  6212558
17916864  993352
17936199  1128723
17933996  4151840
17936802  5525795
6307321  17638154
17812777  17586987
17936382  2896013
17879605  17766665
17917198  649618
17917198  12328093
17937651  17937496
17937951  12030650
17937861  949433
17937861  5473107
17937813  446594
17936665  4051612
17938296  6002254
17938845  5510385
1732443  2576156
17927293  16471774
17932736  12240639
17938917  8759849
17939016  13840277
17938679  17854270
7910209  2958688
3172911  476227
17926416  14760466
17935723  6429494
17932258  11908044
7482009  415291
17936485  15266367
17936712  7837456
17925245  17921492
17940047  16158601
17939760  6343166
17930868  2809604
17929697  8366091
17933689  1732348
17932959  5582893
17916818  5443166
17919144  9944246
17922802  9814988
17935303  1085801
17935801  5321779
11264163  9252942
17938705  9605913
17918219  203198
17921138  844195
17938620  9933179
17940370  700523
17940370  2742814
17941093  4483540
17932398  574493
17940827  1017486
17941332  10349302
17923585  14771091
17942076  818828
17942076  1885868
17938565  2156634
17942014  142003
17937262  17936870
17940111  17936870
17937400  15689897
17939653  6661313
17937584  7215547
17939169  11665237
17943019  3511589
13117394  2600775
17937987  990529
17940528  7220681
17939556  320542
17939556  3153337
17923612  1793999
9688305  9371238
17943428  2206387
17934275  6824583
17937785  272900
17938560  4802335
17937755  328496
17940733  2080731
17940733  7798487
17944067  2486472
17944067  14295469
17940048  374267
17933520  17842667
17933354  1063843
17928096  1692487
17941778  17743906
17943426  17104102
6895017  2472273
17939697  17929790
17938295  14925302
17936630  4112686
17945229  9986520
17914237  17767817
17945962  3628425
17945962  376708
17945901  1869091
17938219  926227
17939892  12373722
17942427  1643067
7965132  109383
15341130  6282042
17942642  1097522
17940431  556153
17930912  1555109
17927705  3627322
17937970  10469913
17946717  8644428
17946874  12514357
17938293  9293423
17928372  11453658
17938708  4549490
17945985  12693273
17945985  12088436
17945905  2126607
17939043  9514376
17947800  1003644
17947800  17702982
17945828  16974267
17937623  13477281
17940285  2774343
17948433  588004
17948591  8216594
17948621  11922383
17948621  17947796
17947852  12769982
17948824  2710621
17946862  218680
17947533  12590801
17949421  513832
17935814  11592306
17946165  12377957
17946165  500431
17928165  4092962
17948606  17812158
17940600  3422673
17947625  5780099
10308425  9211298
17931536  13033037
17929020  153724
12055312  8373854
17950503  9975669
17949714  12769982
17945816  1328223
17945816  16618221
17950411  17705248
17939389  1099940
17949955  1231195
17939218  12017297
17951086  3127429
17950853  10371539
17950853  12008843
11176280  5755819
17951730  391005
17951731  2202995
17949359  1513972
17946346  3361637
17952147  481601
17937142  13607730
17946631  17089190
17947325  2902394
17952939  60174
17952939  3129899
17950742  3005963
17950245  3271249
17952497  142003
17953019  12769982
17952449  7027288
17953198  8552600
17952984  10354154
17953619  2440511
17951827  495021
17936892  3569793
17953940  17902492
17953940  13305089
17953909  13305089
17953216  3496318
17881701  17871124
17953335  17871124
17953410  3685285
17954272  2167916
17944897  3847736
17954498  834303
17954919  12274490
17948506  6245626
17934627  15045640
17945718  3408706
17898236  11180866
17956605  13566862
17954546  13318569
12721730  11764582
17950699  669764
17954902  4421706
17954342  3628895
17939120  15026244
17941281  2976829
17953249  263614
15443784  12838118
11180866  10045147
10045147  1881922
17958084  9804966
17953283  17936955
17958782  12769982
17958062  4772425
17948346  17089190
17942657  1692302
17948939  11653191
17955867  12004338
17955035  1354955
17952814  383822
17940945  17841912
2336081  2101694
17944963  17881582
17957867  757675
17957862  2167916
17956512  6257736
17956615  1917576
17956115  15534289
17949022  3907929
17946601  1555109
17953773  9728196
17959643  2463473
17956286  4592852
17957854  5328405
17949230  247455
17952824  360751
17959671  8872584
17958428  1731333
8034445  17732033
17954756  142003
17954756  11923865
17959517  3335187
17922288  12547490
17959545  12763733
17913785  4079115
17954033  7675774
17956189  4984647
7786231  1552069
17891879  17891622
17961367  2185320
17957956  4620672
17962249  5372279
17962253  446835
17959466  9871071
17959000  4544187
17962692  347949
17962534  8119386
17962534  7154742
17960259  15593759
17947981  1215368
17928180  17926573
17797867  13351363
17541136  12779489
17919025  739654
17952345  10871898
17924236  2528318
17959873  4109214
17801582  16228473
17845865  371
17964018  17939525
17959736  17959547
17938220  1914898
17963887  1181700
17941892  3728787
17947943  17927136
17950290  17501418
17956675  17927077
17958962  14964553
17961839  17945394
17964839  14330713
17965174  4176328
17962265  9468450
7000851  1063007
15996692  14604820
17965393  2716069
17937841  2422468
17957540  2787437
17965328  6358349
11142087  11698467
17966895  669742
17967018  12769982
16288499  11698467
15544377  11698467
9845929  7072159
17955016  349613
17962889  6256008
17963561  17962683
17963908  9665535
17966614  592862
17967251  949433
17967375  2973202
17967375  12769982
17967720  17784398
17967618  215548
17967618  7324033
17963108  8292032
17955762  4352895
17965074  5366285
17968525  9224537
17956262  22836
17969358  7081339
17966074  527513
17967802  1881922
17969671  1683417
17969671  17749100
17965598  3905180
17967074  16649467
17965956  3808808
17962686  2905838
5180746  1731333
17971185  995593
17971185  8506257
17961784  147181
17961784  2011664
17971707  952861
17972153  278668
1148038  278668
17960700  2662778
17961510  15081892
17963757  17958713
17964706  8930101
17971862  7236761
17967722  3779285
17971093  10758431
17967533  4262390
14700182  795219
4728872  1731333
17965260  17942283
17968574  2880304
17970846  1732348
17972901  3158730
16391532  3717793
2167310  703761
17845900  17854719
17965049  17653518
17969149  817216
17972930  9462641
17945997  16666472
17953643  12272679
9633982  4340445
17969950  2663371
17971623  1219860
17971623  1354064
17974497  5064806
17974497  2069863
17974913  5997594
17975477  513832
17972350  2991623
10485402  3034986
17971887  6051191
17913887  17891506
17976441  3013449
17976441  1247486
17975684  1043666
17976180  17968683
17976539  15122860
17977099  5367369
17975871  9056311
17974356  17960808
17972898  17025296
17972299  1568856
17978000  3839227
17975035  407523
17978107  14015824
17974072  3059044
17973985  3676388
17965258  12099684
17965258  9117109
17973161  91362
17975428  14220321
17975811  4930111
17978883  1873983
17979002  10084400
17974306  8537621
17974574  10206905
17974574  6921699
17968174  10477195
17972222  7478336
17979479  322597
8060665  8062298
17972422  17585649
17967369  799175
17980801  5881383
17978184  284325
17978184  392022
17981091  949433
17981091  4176328
17978552  12224508
17965432  6484500
17891981  17891669
17971544  6073221
17975191  4729474
17976057  10220069
14233867  15088938
17978044  719877
17966926  7822261
17982342  2370980
17982342  2419556
17963740  1120706
17963740  1788011
17977034  13634868
17962116  17968815
17982671  261638
17976990  1814692
17978326  13840429
17978326  1917576
17978326  17537306
17983477  154469
17980141  4880685
15938048  15867722
17979959  1828566
17980065  5020479
17980065  1340867
17983766  6301598
17983766  60174
17965282  5738470
17974739  829369
17977064  298745
17977064  3076414
17978729  8410830
17980463  15533212
17982799  946189
17980997  17979895
17985840  17975822
17890782  17869834
17981303  1129216
17975781  16494916
17986339  3375360
17889696  17880611
17983342  4760215
17525568  4753407
17525568  9172500
17979642  5822241
14629426  363681
17964080  14917943
17986646  1486723
17978375  8598836
17980040  6187739
17978596  10954194
17979644  17574076
17983173  1126726
17965966  7076305
17987250  6769464
17987953  7052360
17978566  17956122
17987884  6343166
17987704  587458
17986328  12395200
17979867  8962666
4709946  4706499
6769464  5762439
17970135  12008526
17970135  13012197
17976446  669742
17977834  6753008
17983906  13773770
17986552  1592702
8787505  10257370
8802543  2995391
17991180  13832864
17880166  1332624
17976998  2562658
17991492  1132941
17992088  4018114
17992532  13699075
17993035  17993032
17993035  949433
17985105  17903104
7016876  7022852
17969122  1345561
17990331  6631421
17992711  2188199
17992997  4660142
17987483  9648029
17990105  15766006
17963789  17987763
17991585  5155333
15291408  9507606
17967416  2786792
17990329  11434913
17993032  7911776
17993032  17993035
17991640  703396
17991873  3885937
17977106  8594022
17977775  750486
17977775  15170280
17981865  2094797
17988479  1796275
17990986  273238
17991174  9519841
17991174  11700985
17989726  2295496
17991160  9127246
17986248  56518
17986995  8287425
17993954  2460501
17994935  249760
17287813  14923301
17993506  4551618
17987262  13139970
17993729  4788596
17994355  3369794
17990753  17909062
17906753  14923301
17975692  3205900
17987527  17973436
17991422  11938961
17984859  13384510
17980172  65035
15986742  16203618
17991935  1597736
17991935  15476085
17977306  11290702
17977663  17965142
17978920  16144716
17980501  2654480
17985286  3975723
17991195  273238
17991952  10078211
17996822  5386536
17997019  3888902
17997019  520237
17998607  17998138
17975287  17951755
17808815  8668379
17999066  27581
17999011  17998006
4363547  142508
17999755  7436765
17999551  14223628
17999551  5763508
17977955  17940631
17997413  5906630
17997820  9784467
17991100  17989411
17998588  7216558
18002296  5909990
18002425  4643713
331279  249087
9656576  9282097
2566793  249087
18001221  6163169
18002916  312443
17989826  17985814
17997009  308695
18003287  17781855
14950861  15303283
17962097  487258
18002987  7301110
17996286  10353869
18000849  4276857
18004083  513832
5331827  513832
17994794  1162553
6071691  513832
17996057  3680221
17989840  15324040
17997990  5857990
18001822  1732348
18004037  336859
17932513  4489661
17944458  1145726
18000209  3737139
17988809  4205181
17998773  2722146
17998021  17984807
17998021  16743673
18005276  17984807
18005949  2279030
18005829  7208786
18006200  14220321
18004444  9249338
17999684  9500573
18000250  2900023
18006988  5828803
9371195  4541338
18007268  394809
17999768  782915
17999349  17976073
18006434  17980071
17989947  17982664
18006832  22358
18007848  480214
18002768  5104765
18007200  1993431
18008300  24853
18008300  1077026
17998109  3586871
17990334  2623086
17997725  11961685
17990017  16763495
18007550  3700352
18003567  4024544
17984134  10481738
18007490  8305669
17992375  7807159
18001505  3169372
13865571  7091126
18009635  3187444
18005438  1827058
17997775  7767533
18001677  5403161
18009082  18008839
18011352  1374468
18000610  1710248
17990464  13840429
18005268  18003831
18010907  11967019
17529869  1939364
18004743  621059
18004902  888533
18012586  3662079
17972356  12128990
17992879  4037841
17993982  5376529
18005071  2851015
18005501  51438
18005678  647769
18005678  9993390
18009013  16622979
18010103  3801557
18013302  563090
18013302  6027961
18014965  13100144
18013950  7841187
18014086  1299871
18005915  7208720
18014747  9529657
1054518  997779
17995407  409434
18012355  4142809
18016680  6393487
18008009  18008277
18006108  3738836
17994835  2620444
18018045  9426979
18013156  8135899
18018853  18016627
18011789  7089760
18015932  17698922
18015422  723195
18015422  11155012
18013031  1563038
18012340  12053075
18018343  171251
18019648  12475269
18019523  416266
18016227  7625089
18018521  2405771
18018521  4909167
18015015  16705340
18020077  421280
18012737  305244
18015193  4722198
18018559  5299669
17985533  937313
14376941  4969329
2898353  3019709
18021583  6311545
18009378  29482
1273439  703754
18012213  8475735
18018911  4424586
18021255  12829963
18022777  17755004
17997729  10004175
18023032  6121623
18020294  17888141
18023980  436411
18023748  312443
8287023  5018099
18017862  3203190
13522072  2392216
18022623  5346186
18010579  12829963
18024180  5117251
17940308  11979853
18024987  16870529
18025141  469597
17802658  17894667
18025586  4261133
18025903  12361924
17714700  8792042
18008191  4674849
15439501  14059657
15355931  8310317
16620697  14059657
18027201  14220321
18027513  513832
18027658  4897215
17103719  10206090
8611712  625083
18023221  2939218
18023221  10322506
18023221  10363069
18017828  2392216
18027600  11921489
18026035  1453410
1684854  3271798
18021079  11369360
18020517  14477581
13061382  12678920
18021394  17951137
18015279  5376427
18015279  4448467
18028224  10382929
18028544  1033898
18026225  9043683
18003341  5507605
18005938  14059657
18012352  2329868
18027771  307305
18028986  18028859
18025189  12553274
2624041  586829
18027036  8807141
18029110  4610232
18027641  6278405
18025873  1917576
18029444  12072665
18028818  365371
18028297  2894775
307305  260738
11030997  8234107
18022802  1096148
593709  96029
96029  40680
18028922  2792354
18019703  10971888
18019703  10090167
18030565  8809292
18019560  12145185
18026668  18012709
18024588  2145988
18024309  18024671
18030716  13567939
18030716  2476876
18022861  17980941
18024428  17953850
15740100  16943493
18005941  1157106
18029927  11405549
18030713  8045071
18031280  216875
18031280  9494448
18031465  93632
17721995  17713699
18030845  2091465
18031351  2265216
18031212  5431351
18031037  4255472
18017074  441831
18029657  18014861
18031877  8028957
18030599  7342957
18032327  2507608
18032301  18010637
18032153  14412099
18032456  3432358
18029201  13840429
18032521  4951448
18022192  16953009
18024644  10904911
18027554  14892384
18030573  17946105
18026450  5823312
18032987  13117106
17746609  3318229
18033039  2389925
15859445  2091465
18028811  4935632
18033710  8103999
18033710  1661273
18026726  8612631
18026738  3520688
18026866  5335237
17874387  17785351
17894109  9303291
18034805  42519
18034725  60174
18035541  949433
18035685  949433
18032899  2661536
18035728  147454
18031801  13176046
18036502  57483
18033655  8335096
3279578  2033914
18034065  12829963
18033529  18022609
17969694  17947378
18037289  11383597
17940698  17939565
18037211  3387320
18007264  13089747
17969450  123559
17868523  845021
17700454  2087103
18036864  14711654
18010069  2894775
18035017  822487
18037827  7207391
17825554  9789995
18036144  1206073
18036144  1814095
18036359  1759300
16545180  9327111
18034978  1680528
18036805  5546649
18037278  1661197
18037821  7335780
18038579  2037209
18036944  513832
18038756  3434601
18027350  1915746
18033116  18030692
18025631  2486191
18037141  2162783
18036458  2376938
18038307  8028957
18039464  18039366
18039334  18039256
18039550  236129
18035859  1596221
18039860  14107260
18039998  15752910
18038475  18036193
15562240  3945856
18039478  8028957
18036240  6376112
18038993  18036193
18037579  1680528
18040727  5290089
18040845  513832
18011067  197441
8850100  758449
18039160  1547145
18039625  5786448
18035490  1526688
18038084  13155461
18037644  8115896
18033427  4655810
18030736  10245375
18036292  6517113
18041126  335311
18014894  82875
18041360  12739743
18041360  859634
18031999  8555735
18008718  9053526
18030766  11493674
10868527  1020892
18018951  817087
16382917  16904755
18033938  3700448
18038843  142003
18042637  3277367
18042650  17645959
18035502  16328946
18043595  336859
18043379  369602
18043851  5938802
18043851  8774425
18044127  1700081
18043509  2979209
18043789  7936345
18042742  7222906
18039267  5965708
18024977  8926146
18044574  18043875
18043285  8028957
18025852  18044469
18040962  824349
18042218  1710490
18045836  12829963
17851221  8531926
18045953  5223
18042075  13286667
18042192  1129216
18046425  3492302
18046964  761194
18046062  18045341
18046062  1990658
18046571  1553382
